label,pixel_0,pixel_1,pixel_2,pixel_3,pixel_4,pixel_5,pixel_6,pixel_7,pixel_8,pixel_9,pixel_10,pixel_11,pixel_12,pixel_13,pixel_14,pixel_15,pixel_16,pixel_17,pixel_18,pixel_19,pixel_20,pixel_21,pixel_22,pixel_23,pixel_24,pixel_25,pixel_26,pixel_27,pixel_28,pixel_29,pixel_30,pixel_31,pixel_32,pixel_33,pixel_34,pixel_35,pixel_36,pixel_37,pixel_38,pixel_39,pixel_40,pixel_41,pixel_42,pixel_43,pixel_44,pixel_45,pixel_46,pixel_47,pixel_48,pixel_49,pixel_50,pixel_51,pixel_52,pixel_53,pixel_54,pixel_55,pixel_56,pixel_57,pixel_58,pixel_59,pixel_60,pixel_61,pixel_62,pixel_63,pixel_64,pixel_65,pixel_66,pixel_67,pixel_68,pixel_69,pixel_70,pixel_71,pixel_72,pixel_73,pixel_74,pixel_75,pixel_76,pixel_77,pixel_78,pixel_79,pixel_80,pixel_81,pixel_82,pixel_83,pixel_84,pixel_85,pixel_86,pixel_87,pixel_88,pixel_89,pixel_90,pixel_91,pixel_92,pixel_93,pixel_94,pixel_95,pixel_96,pixel_97,pixel_98,pixel_99,pixel_100,pixel_101,pixel_102,pixel_103,pixel_104,pixel_105,pixel_106,pixel_107,pixel_108,pixel_109,pixel_110,pixel_111,pixel_112,pixel_113,pixel_114,pixel_115,pixel_116,pixel_117,pixel_118,pixel_119,pixel_120,pixel_121,pixel_122,pixel_123,pixel_124,pixel_125,pixel_126,pixel_127,pixel_128,pixel_129,pixel_130,pixel_131,pixel_132,pixel_133,pixel_134,pixel_135,pixel_136,pixel_137,pixel_138,pixel_139,pixel_140,pixel_141,pixel_142,pixel_143,pixel_144,pixel_145,pixel_146,pixel_147,pixel_148,pixel_149,pixel_150,pixel_151,pixel_152,pixel_153,pixel_154,pixel_155,pixel_156,pixel_157,pixel_158,pixel_159,pixel_160,pixel_161,pixel_162,pixel_163,pixel_164,pixel_165,pixel_166,pixel_167,pixel_168,pixel_169,pixel_170,pixel_171,pixel_172,pixel_173,pixel_174,pixel_175,pixel_176,pixel_177,pixel_178,pixel_179,pixel_180,pixel_181,pixel_182,pixel_183,pixel_184,pixel_185,pixel_186,pixel_187,pixel_188,pixel_189,pixel_190,pixel_191,pixel_192,pixel_193,pixel_194,pixel_195,pixel_196,pixel_197,pixel_198,pixel_199,pixel_200,pixel_201,pixel_202,pixel_203,pixel_204,pixel_205,pixel_206,pixel_207,pixel_208,pixel_209,pixel_210,pixel_211,pixel_212,pixel_213,pixel_214,pixel_215,pixel_216,pixel_217,pixel_218,pixel_219,pixel_220,pixel_221,pixel_222,pixel_223,pixel_224,pixel_225,pixel_226,pixel_227,pixel_228,pixel_229,pixel_230,pixel_231,pixel_232,pixel_233,pixel_234,pixel_235,pixel_236,pixel_237,pixel_238,pixel_239,pixel_240,pixel_241,pixel_242,pixel_243,pixel_244,pixel_245,pixel_246,pixel_247,pixel_248,pixel_249,pixel_250,pixel_251,pixel_252,pixel_253,pixel_254,pixel_255,pixel_256,pixel_257,pixel_258,pixel_259,pixel_260,pixel_261,pixel_262,pixel_263,pixel_264,pixel_265,pixel_266,pixel_267,pixel_268,pixel_269,pixel_270,pixel_271,pixel_272,pixel_273,pixel_274,pixel_275,pixel_276,pixel_277,pixel_278,pixel_279,pixel_280,pixel_281,pixel_282,pixel_283,pixel_284,pixel_285,pixel_286,pixel_287,pixel_288,pixel_289,pixel_290,pixel_291,pixel_292,pixel_293,pixel_294,pixel_295,pixel_296,pixel_297,pixel_298,pixel_299,pixel_300,pixel_301,pixel_302,pixel_303,pixel_304,pixel_305,pixel_306,pixel_307,pixel_308,pixel_309,pixel_310,pixel_311,pixel_312,pixel_313,pixel_314,pixel_315,pixel_316,pixel_317,pixel_318,pixel_319,pixel_320,pixel_321,pixel_322,pixel_323,pixel_324,pixel_325,pixel_326,pixel_327,pixel_328,pixel_329,pixel_330,pixel_331,pixel_332,pixel_333,pixel_334,pixel_335,pixel_336,pixel_337,pixel_338,pixel_339,pixel_340,pixel_341,pixel_342,pixel_343,pixel_344,pixel_345,pixel_346,pixel_347,pixel_348,pixel_349,pixel_350,pixel_351,pixel_352,pixel_353,pixel_354,pixel_355,pixel_356,pixel_357,pixel_358,pixel_359,pixel_360,pixel_361,pixel_362,pixel_363,pixel_364,pixel_365,pixel_366,pixel_367,pixel_368,pixel_369,pixel_370,pixel_371,pixel_372,pixel_373,pixel_374,pixel_375,pixel_376,pixel_377,pixel_378,pixel_379,pixel_380,pixel_381,pixel_382,pixel_383,pixel_384,pixel_385,pixel_386,pixel_387,pixel_388,pixel_389,pixel_390,pixel_391,pixel_392,pixel_393,pixel_394,pixel_395,pixel_396,pixel_397,pixel_398,pixel_399,pixel_400,pixel_401,pixel_402,pixel_403,pixel_404,pixel_405,pixel_406,pixel_407,pixel_408,pixel_409,pixel_410,pixel_411,pixel_412,pixel_413,pixel_414,pixel_415,pixel_416,pixel_417,pixel_418,pixel_419,pixel_420,pixel_421,pixel_422,pixel_423,pixel_424,pixel_425,pixel_426,pixel_427,pixel_428,pixel_429,pixel_430,pixel_431,pixel_432,pixel_433,pixel_434,pixel_435,pixel_436,pixel_437,pixel_438,pixel_439,pixel_440,pixel_441,pixel_442,pixel_443,pixel_444,pixel_445,pixel_446,pixel_447,pixel_448,pixel_449,pixel_450,pixel_451,pixel_452,pixel_453,pixel_454,pixel_455,pixel_456,pixel_457,pixel_458,pixel_459,pixel_460,pixel_461,pixel_462,pixel_463,pixel_464,pixel_465,pixel_466,pixel_467,pixel_468,pixel_469,pixel_470,pixel_471,pixel_472,pixel_473,pixel_474,pixel_475,pixel_476,pixel_477,pixel_478,pixel_479,pixel_480,pixel_481,pixel_482,pixel_483,pixel_484,pixel_485,pixel_486,pixel_487,pixel_488,pixel_489,pixel_490,pixel_491,pixel_492,pixel_493,pixel_494,pixel_495,pixel_496,pixel_497,pixel_498,pixel_499,pixel_500,pixel_501,pixel_502,pixel_503,pixel_504,pixel_505,pixel_506,pixel_507,pixel_508,pixel_509,pixel_510,pixel_511,pixel_512,pixel_513,pixel_514,pixel_515,pixel_516,pixel_517,pixel_518,pixel_519,pixel_520,pixel_521,pixel_522,pixel_523,pixel_524,pixel_525,pixel_526,pixel_527,pixel_528,pixel_529,pixel_530,pixel_531,pixel_532,pixel_533,pixel_534,pixel_535,pixel_536,pixel_537,pixel_538,pixel_539,pixel_540,pixel_541,pixel_542,pixel_543,pixel_544,pixel_545,pixel_546,pixel_547,pixel_548,pixel_549,pixel_550,pixel_551,pixel_552,pixel_553,pixel_554,pixel_555,pixel_556,pixel_557,pixel_558,pixel_559,pixel_560,pixel_561,pixel_562,pixel_563,pixel_564,pixel_565,pixel_566,pixel_567,pixel_568,pixel_569,pixel_570,pixel_571,pixel_572,pixel_573,pixel_574,pixel_575,pixel_576,pixel_577,pixel_578,pixel_579,pixel_580,pixel_581,pixel_582,pixel_583,pixel_584,pixel_585,pixel_586,pixel_587,pixel_588,pixel_589,pixel_590,pixel_591,pixel_592,pixel_593,pixel_594,pixel_595,pixel_596,pixel_597,pixel_598,pixel_599,pixel_600,pixel_601,pixel_602,pixel_603,pixel_604,pixel_605,pixel_606,pixel_607,pixel_608,pixel_609,pixel_610,pixel_611,pixel_612,pixel_613,pixel_614,pixel_615,pixel_616,pixel_617,pixel_618,pixel_619,pixel_620,pixel_621,pixel_622,pixel_623,pixel_624,pixel_625,pixel_626,pixel_627,pixel_628,pixel_629,pixel_630,pixel_631,pixel_632,pixel_633,pixel_634,pixel_635,pixel_636,pixel_637,pixel_638,pixel_639,pixel_640,pixel_641,pixel_642,pixel_643,pixel_644,pixel_645,pixel_646,pixel_647,pixel_648,pixel_649,pixel_650,pixel_651,pixel_652,pixel_653,pixel_654,pixel_655,pixel_656,pixel_657,pixel_658,pixel_659,pixel_660,pixel_661,pixel_662,pixel_663,pixel_664,pixel_665,pixel_666,pixel_667,pixel_668,pixel_669,pixel_670,pixel_671,pixel_672,pixel_673,pixel_674,pixel_675,pixel_676,pixel_677,pixel_678,pixel_679,pixel_680,pixel_681,pixel_682,pixel_683,pixel_684,pixel_685,pixel_686,pixel_687,pixel_688,pixel_689,pixel_690,pixel_691,pixel_692,pixel_693,pixel_694,pixel_695,pixel_696,pixel_697,pixel_698,pixel_699,pixel_700,pixel_701,pixel_702,pixel_703,pixel_704,pixel_705,pixel_706,pixel_707,pixel_708,pixel_709,pixel_710,pixel_711,pixel_712,pixel_713,pixel_714,pixel_715,pixel_716,pixel_717,pixel_718,pixel_719,pixel_720,pixel_721,pixel_722,pixel_723,pixel_724,pixel_725,pixel_726,pixel_727,pixel_728,pixel_729,pixel_730,pixel_731,pixel_732,pixel_733,pixel_734,pixel_735,pixel_736,pixel_737,pixel_738,pixel_739,pixel_740,pixel_741,pixel_742,pixel_743,pixel_744,pixel_745,pixel_746,pixel_747,pixel_748,pixel_749,pixel_750,pixel_751,pixel_752,pixel_753,pixel_754,pixel_755,pixel_756,pixel_757,pixel_758,pixel_759,pixel_760,pixel_761,pixel_762,pixel_763,pixel_764,pixel_765,pixel_766,pixel_767,pixel_768,pixel_769,pixel_770,pixel_771,pixel_772,pixel_773,pixel_774,pixel_775,pixel_776,pixel_777,pixel_778,pixel_779,pixel_780,pixel_781,pixel_782,pixel_783,pixel_784,pixel_785,pixel_786,pixel_787,pixel_788,pixel_789,pixel_790,pixel_791,pixel_792,pixel_793,pixel_794,pixel_795,pixel_796,pixel_797,pixel_798,pixel_799,pixel_800,pixel_801,pixel_802,pixel_803,pixel_804,pixel_805,pixel_806,pixel_807,pixel_808,pixel_809,pixel_810,pixel_811,pixel_812,pixel_813,pixel_814,pixel_815,pixel_816,pixel_817,pixel_818,pixel_819,pixel_820,pixel_821,pixel_822,pixel_823,pixel_824,pixel_825,pixel_826,pixel_827,pixel_828,pixel_829,pixel_830,pixel_831,pixel_832,pixel_833,pixel_834,pixel_835,pixel_836,pixel_837,pixel_838,pixel_839,pixel_840,pixel_841,pixel_842,pixel_843,pixel_844,pixel_845,pixel_846,pixel_847,pixel_848,pixel_849,pixel_850,pixel_851,pixel_852,pixel_853,pixel_854,pixel_855,pixel_856,pixel_857,pixel_858,pixel_859,pixel_860,pixel_861,pixel_862,pixel_863,pixel_864,pixel_865,pixel_866,pixel_867,pixel_868,pixel_869,pixel_870,pixel_871,pixel_872,pixel_873,pixel_874,pixel_875,pixel_876,pixel_877,pixel_878,pixel_879,pixel_880,pixel_881,pixel_882,pixel_883,pixel_884,pixel_885,pixel_886,pixel_887,pixel_888,pixel_889,pixel_890,pixel_891,pixel_892,pixel_893,pixel_894,pixel_895,pixel_896,pixel_897,pixel_898,pixel_899,pixel_900,pixel_901,pixel_902,pixel_903,pixel_904,pixel_905,pixel_906,pixel_907,pixel_908,pixel_909,pixel_910,pixel_911,pixel_912,pixel_913,pixel_914,pixel_915,pixel_916,pixel_917,pixel_918,pixel_919,pixel_920,pixel_921,pixel_922,pixel_923,pixel_924,pixel_925,pixel_926,pixel_927,pixel_928,pixel_929,pixel_930,pixel_931,pixel_932,pixel_933,pixel_934,pixel_935,pixel_936,pixel_937,pixel_938,pixel_939,pixel_940,pixel_941,pixel_942,pixel_943,pixel_944,pixel_945,pixel_946,pixel_947,pixel_948,pixel_949,pixel_950,pixel_951,pixel_952,pixel_953,pixel_954,pixel_955,pixel_956,pixel_957,pixel_958,pixel_959,pixel_960,pixel_961,pixel_962,pixel_963,pixel_964,pixel_965,pixel_966,pixel_967,pixel_968,pixel_969,pixel_970,pixel_971,pixel_972,pixel_973,pixel_974,pixel_975,pixel_976,pixel_977,pixel_978,pixel_979,pixel_980,pixel_981,pixel_982,pixel_983,pixel_984,pixel_985,pixel_986,pixel_987,pixel_988,pixel_989,pixel_990,pixel_991,pixel_992,pixel_993,pixel_994,pixel_995,pixel_996,pixel_997,pixel_998,pixel_999,pixel_1000,pixel_1001,pixel_1002,pixel_1003,pixel_1004,pixel_1005,pixel_1006,pixel_1007,pixel_1008,pixel_1009,pixel_1010,pixel_1011,pixel_1012,pixel_1013,pixel_1014,pixel_1015,pixel_1016,pixel_1017,pixel_1018,pixel_1019,pixel_1020,pixel_1021,pixel_1022,pixel_1023,pixel_1024,pixel_1025,pixel_1026,pixel_1027,pixel_1028,pixel_1029,pixel_1030,pixel_1031,pixel_1032,pixel_1033,pixel_1034,pixel_1035,pixel_1036,pixel_1037,pixel_1038,pixel_1039,pixel_1040,pixel_1041,pixel_1042,pixel_1043,pixel_1044,pixel_1045,pixel_1046,pixel_1047,pixel_1048,pixel_1049,pixel_1050,pixel_1051,pixel_1052,pixel_1053,pixel_1054,pixel_1055,pixel_1056,pixel_1057,pixel_1058,pixel_1059,pixel_1060,pixel_1061,pixel_1062,pixel_1063,pixel_1064,pixel_1065,pixel_1066,pixel_1067,pixel_1068,pixel_1069,pixel_1070,pixel_1071,pixel_1072,pixel_1073,pixel_1074,pixel_1075,pixel_1076,pixel_1077,pixel_1078,pixel_1079,pixel_1080,pixel_1081,pixel_1082,pixel_1083,pixel_1084,pixel_1085,pixel_1086,pixel_1087,pixel_1088,pixel_1089,pixel_1090,pixel_1091,pixel_1092,pixel_1093,pixel_1094,pixel_1095,pixel_1096,pixel_1097,pixel_1098,pixel_1099,pixel_1100,pixel_1101,pixel_1102,pixel_1103,pixel_1104,pixel_1105,pixel_1106,pixel_1107,pixel_1108,pixel_1109,pixel_1110,pixel_1111,pixel_1112,pixel_1113,pixel_1114,pixel_1115,pixel_1116,pixel_1117,pixel_1118,pixel_1119,pixel_1120,pixel_1121,pixel_1122,pixel_1123,pixel_1124,pixel_1125,pixel_1126,pixel_1127,pixel_1128,pixel_1129,pixel_1130,pixel_1131,pixel_1132,pixel_1133,pixel_1134,pixel_1135,pixel_1136,pixel_1137,pixel_1138,pixel_1139,pixel_1140,pixel_1141,pixel_1142,pixel_1143,pixel_1144,pixel_1145,pixel_1146,pixel_1147,pixel_1148,pixel_1149,pixel_1150,pixel_1151,pixel_1152,pixel_1153,pixel_1154,pixel_1155,pixel_1156,pixel_1157,pixel_1158,pixel_1159,pixel_1160,pixel_1161,pixel_1162,pixel_1163,pixel_1164,pixel_1165,pixel_1166,pixel_1167,pixel_1168,pixel_1169,pixel_1170,pixel_1171,pixel_1172,pixel_1173,pixel_1174,pixel_1175,pixel_1176,pixel_1177,pixel_1178,pixel_1179,pixel_1180,pixel_1181,pixel_1182,pixel_1183,pixel_1184,pixel_1185,pixel_1186,pixel_1187,pixel_1188,pixel_1189,pixel_1190,pixel_1191,pixel_1192,pixel_1193,pixel_1194,pixel_1195,pixel_1196,pixel_1197,pixel_1198,pixel_1199,pixel_1200,pixel_1201,pixel_1202,pixel_1203,pixel_1204,pixel_1205,pixel_1206,pixel_1207,pixel_1208,pixel_1209,pixel_1210,pixel_1211,pixel_1212,pixel_1213,pixel_1214,pixel_1215,pixel_1216,pixel_1217,pixel_1218,pixel_1219,pixel_1220,pixel_1221,pixel_1222,pixel_1223,pixel_1224,pixel_1225,pixel_1226,pixel_1227,pixel_1228,pixel_1229,pixel_1230,pixel_1231,pixel_1232,pixel_1233,pixel_1234,pixel_1235,pixel_1236,pixel_1237,pixel_1238,pixel_1239,pixel_1240,pixel_1241,pixel_1242,pixel_1243,pixel_1244,pixel_1245,pixel_1246,pixel_1247,pixel_1248,pixel_1249,pixel_1250,pixel_1251,pixel_1252,pixel_1253,pixel_1254,pixel_1255,pixel_1256,pixel_1257,pixel_1258,pixel_1259,pixel_1260,pixel_1261,pixel_1262,pixel_1263,pixel_1264,pixel_1265,pixel_1266,pixel_1267,pixel_1268,pixel_1269,pixel_1270,pixel_1271,pixel_1272,pixel_1273,pixel_1274,pixel_1275,pixel_1276,pixel_1277,pixel_1278,pixel_1279,pixel_1280,pixel_1281,pixel_1282,pixel_1283,pixel_1284,pixel_1285,pixel_1286,pixel_1287,pixel_1288,pixel_1289,pixel_1290,pixel_1291,pixel_1292,pixel_1293,pixel_1294,pixel_1295,pixel_1296,pixel_1297,pixel_1298,pixel_1299,pixel_1300,pixel_1301,pixel_1302,pixel_1303,pixel_1304,pixel_1305,pixel_1306,pixel_1307,pixel_1308,pixel_1309,pixel_1310,pixel_1311,pixel_1312,pixel_1313,pixel_1314,pixel_1315,pixel_1316,pixel_1317,pixel_1318,pixel_1319,pixel_1320,pixel_1321,pixel_1322,pixel_1323,pixel_1324,pixel_1325,pixel_1326,pixel_1327,pixel_1328,pixel_1329,pixel_1330,pixel_1331,pixel_1332,pixel_1333,pixel_1334,pixel_1335,pixel_1336,pixel_1337,pixel_1338,pixel_1339,pixel_1340,pixel_1341,pixel_1342,pixel_1343,pixel_1344,pixel_1345,pixel_1346,pixel_1347,pixel_1348,pixel_1349,pixel_1350,pixel_1351,pixel_1352,pixel_1353,pixel_1354,pixel_1355,pixel_1356,pixel_1357,pixel_1358,pixel_1359,pixel_1360,pixel_1361,pixel_1362,pixel_1363,pixel_1364,pixel_1365,pixel_1366,pixel_1367,pixel_1368,pixel_1369,pixel_1370,pixel_1371,pixel_1372,pixel_1373,pixel_1374,pixel_1375,pixel_1376,pixel_1377,pixel_1378,pixel_1379,pixel_1380,pixel_1381,pixel_1382,pixel_1383,pixel_1384,pixel_1385,pixel_1386,pixel_1387,pixel_1388,pixel_1389,pixel_1390,pixel_1391,pixel_1392,pixel_1393,pixel_1394,pixel_1395,pixel_1396,pixel_1397,pixel_1398,pixel_1399,pixel_1400,pixel_1401,pixel_1402,pixel_1403,pixel_1404,pixel_1405,pixel_1406,pixel_1407,pixel_1408,pixel_1409,pixel_1410,pixel_1411,pixel_1412,pixel_1413,pixel_1414,pixel_1415,pixel_1416,pixel_1417,pixel_1418,pixel_1419,pixel_1420,pixel_1421,pixel_1422,pixel_1423,pixel_1424,pixel_1425,pixel_1426,pixel_1427,pixel_1428,pixel_1429,pixel_1430,pixel_1431,pixel_1432,pixel_1433,pixel_1434,pixel_1435,pixel_1436,pixel_1437,pixel_1438,pixel_1439,pixel_1440,pixel_1441,pixel_1442,pixel_1443,pixel_1444,pixel_1445,pixel_1446,pixel_1447,pixel_1448,pixel_1449,pixel_1450,pixel_1451,pixel_1452,pixel_1453,pixel_1454,pixel_1455,pixel_1456,pixel_1457,pixel_1458,pixel_1459,pixel_1460,pixel_1461,pixel_1462,pixel_1463,pixel_1464,pixel_1465,pixel_1466,pixel_1467,pixel_1468,pixel_1469,pixel_1470,pixel_1471,pixel_1472,pixel_1473,pixel_1474,pixel_1475,pixel_1476,pixel_1477,pixel_1478,pixel_1479,pixel_1480,pixel_1481,pixel_1482,pixel_1483,pixel_1484,pixel_1485,pixel_1486,pixel_1487,pixel_1488,pixel_1489,pixel_1490,pixel_1491,pixel_1492,pixel_1493,pixel_1494,pixel_1495,pixel_1496,pixel_1497,pixel_1498,pixel_1499,pixel_1500,pixel_1501,pixel_1502,pixel_1503,pixel_1504,pixel_1505,pixel_1506,pixel_1507,pixel_1508,pixel_1509,pixel_1510,pixel_1511,pixel_1512,pixel_1513,pixel_1514,pixel_1515,pixel_1516,pixel_1517,pixel_1518,pixel_1519,pixel_1520,pixel_1521,pixel_1522,pixel_1523,pixel_1524,pixel_1525,pixel_1526,pixel_1527,pixel_1528,pixel_1529,pixel_1530,pixel_1531,pixel_1532,pixel_1533,pixel_1534,pixel_1535,pixel_1536,pixel_1537,pixel_1538,pixel_1539,pixel_1540,pixel_1541,pixel_1542,pixel_1543,pixel_1544,pixel_1545,pixel_1546,pixel_1547,pixel_1548,pixel_1549,pixel_1550,pixel_1551,pixel_1552,pixel_1553,pixel_1554,pixel_1555,pixel_1556,pixel_1557,pixel_1558,pixel_1559,pixel_1560,pixel_1561,pixel_1562,pixel_1563,pixel_1564,pixel_1565,pixel_1566,pixel_1567,pixel_1568,pixel_1569,pixel_1570,pixel_1571,pixel_1572,pixel_1573,pixel_1574,pixel_1575,pixel_1576,pixel_1577,pixel_1578,pixel_1579,pixel_1580,pixel_1581,pixel_1582,pixel_1583,pixel_1584,pixel_1585,pixel_1586,pixel_1587,pixel_1588,pixel_1589,pixel_1590,pixel_1591,pixel_1592,pixel_1593,pixel_1594,pixel_1595,pixel_1596,pixel_1597,pixel_1598,pixel_1599,pixel_1600,pixel_1601,pixel_1602,pixel_1603,pixel_1604,pixel_1605,pixel_1606,pixel_1607,pixel_1608,pixel_1609,pixel_1610,pixel_1611,pixel_1612,pixel_1613,pixel_1614,pixel_1615,pixel_1616,pixel_1617,pixel_1618,pixel_1619,pixel_1620,pixel_1621,pixel_1622,pixel_1623,pixel_1624,pixel_1625,pixel_1626,pixel_1627,pixel_1628,pixel_1629,pixel_1630,pixel_1631,pixel_1632,pixel_1633,pixel_1634,pixel_1635,pixel_1636,pixel_1637,pixel_1638,pixel_1639,pixel_1640,pixel_1641,pixel_1642,pixel_1643,pixel_1644,pixel_1645,pixel_1646,pixel_1647,pixel_1648,pixel_1649,pixel_1650,pixel_1651,pixel_1652,pixel_1653,pixel_1654,pixel_1655,pixel_1656,pixel_1657,pixel_1658,pixel_1659,pixel_1660,pixel_1661,pixel_1662,pixel_1663,pixel_1664,pixel_1665,pixel_1666,pixel_1667,pixel_1668,pixel_1669,pixel_1670,pixel_1671,pixel_1672,pixel_1673,pixel_1674,pixel_1675,pixel_1676,pixel_1677,pixel_1678,pixel_1679,pixel_1680,pixel_1681,pixel_1682,pixel_1683,pixel_1684,pixel_1685,pixel_1686,pixel_1687,pixel_1688,pixel_1689,pixel_1690,pixel_1691,pixel_1692,pixel_1693,pixel_1694,pixel_1695,pixel_1696,pixel_1697,pixel_1698,pixel_1699,pixel_1700,pixel_1701,pixel_1702,pixel_1703,pixel_1704,pixel_1705,pixel_1706,pixel_1707,pixel_1708,pixel_1709,pixel_1710,pixel_1711,pixel_1712,pixel_1713,pixel_1714,pixel_1715,pixel_1716,pixel_1717,pixel_1718,pixel_1719,pixel_1720,pixel_1721,pixel_1722,pixel_1723,pixel_1724,pixel_1725,pixel_1726,pixel_1727,pixel_1728,pixel_1729,pixel_1730,pixel_1731,pixel_1732,pixel_1733,pixel_1734,pixel_1735,pixel_1736,pixel_1737,pixel_1738,pixel_1739,pixel_1740,pixel_1741,pixel_1742,pixel_1743,pixel_1744,pixel_1745,pixel_1746,pixel_1747,pixel_1748,pixel_1749,pixel_1750,pixel_1751,pixel_1752,pixel_1753,pixel_1754,pixel_1755,pixel_1756,pixel_1757,pixel_1758,pixel_1759,pixel_1760,pixel_1761,pixel_1762,pixel_1763,pixel_1764,pixel_1765,pixel_1766,pixel_1767,pixel_1768,pixel_1769,pixel_1770,pixel_1771,pixel_1772,pixel_1773,pixel_1774,pixel_1775,pixel_1776,pixel_1777,pixel_1778,pixel_1779,pixel_1780,pixel_1781,pixel_1782,pixel_1783,pixel_1784,pixel_1785,pixel_1786,pixel_1787,pixel_1788,pixel_1789,pixel_1790,pixel_1791,pixel_1792,pixel_1793,pixel_1794,pixel_1795,pixel_1796,pixel_1797,pixel_1798,pixel_1799,pixel_1800,pixel_1801,pixel_1802,pixel_1803,pixel_1804,pixel_1805,pixel_1806,pixel_1807,pixel_1808,pixel_1809,pixel_1810,pixel_1811,pixel_1812,pixel_1813,pixel_1814,pixel_1815,pixel_1816,pixel_1817,pixel_1818,pixel_1819,pixel_1820,pixel_1821,pixel_1822,pixel_1823,pixel_1824,pixel_1825,pixel_1826,pixel_1827,pixel_1828,pixel_1829,pixel_1830,pixel_1831,pixel_1832,pixel_1833,pixel_1834,pixel_1835,pixel_1836,pixel_1837,pixel_1838,pixel_1839,pixel_1840,pixel_1841,pixel_1842,pixel_1843,pixel_1844,pixel_1845,pixel_1846,pixel_1847,pixel_1848,pixel_1849,pixel_1850,pixel_1851,pixel_1852,pixel_1853,pixel_1854,pixel_1855,pixel_1856,pixel_1857,pixel_1858,pixel_1859,pixel_1860,pixel_1861,pixel_1862,pixel_1863,pixel_1864,pixel_1865,pixel_1866,pixel_1867,pixel_1868,pixel_1869,pixel_1870,pixel_1871,pixel_1872,pixel_1873,pixel_1874,pixel_1875,pixel_1876,pixel_1877,pixel_1878,pixel_1879,pixel_1880,pixel_1881,pixel_1882,pixel_1883,pixel_1884,pixel_1885,pixel_1886,pixel_1887,pixel_1888,pixel_1889,pixel_1890,pixel_1891,pixel_1892,pixel_1893,pixel_1894,pixel_1895,pixel_1896,pixel_1897,pixel_1898,pixel_1899,pixel_1900,pixel_1901,pixel_1902,pixel_1903,pixel_1904,pixel_1905,pixel_1906,pixel_1907,pixel_1908,pixel_1909,pixel_1910,pixel_1911,pixel_1912,pixel_1913,pixel_1914,pixel_1915,pixel_1916,pixel_1917,pixel_1918,pixel_1919,pixel_1920,pixel_1921,pixel_1922,pixel_1923,pixel_1924,pixel_1925,pixel_1926,pixel_1927,pixel_1928,pixel_1929,pixel_1930,pixel_1931,pixel_1932,pixel_1933,pixel_1934,pixel_1935,pixel_1936,pixel_1937,pixel_1938,pixel_1939,pixel_1940,pixel_1941,pixel_1942,pixel_1943,pixel_1944,pixel_1945,pixel_1946,pixel_1947,pixel_1948,pixel_1949,pixel_1950,pixel_1951,pixel_1952,pixel_1953,pixel_1954,pixel_1955,pixel_1956,pixel_1957,pixel_1958,pixel_1959,pixel_1960,pixel_1961,pixel_1962,pixel_1963,pixel_1964,pixel_1965,pixel_1966,pixel_1967,pixel_1968,pixel_1969,pixel_1970,pixel_1971,pixel_1972,pixel_1973,pixel_1974,pixel_1975,pixel_1976,pixel_1977,pixel_1978,pixel_1979,pixel_1980,pixel_1981,pixel_1982,pixel_1983,pixel_1984,pixel_1985,pixel_1986,pixel_1987,pixel_1988,pixel_1989,pixel_1990,pixel_1991,pixel_1992,pixel_1993,pixel_1994,pixel_1995,pixel_1996,pixel_1997,pixel_1998,pixel_1999,pixel_2000,pixel_2001,pixel_2002,pixel_2003,pixel_2004,pixel_2005,pixel_2006,pixel_2007,pixel_2008,pixel_2009,pixel_2010,pixel_2011,pixel_2012,pixel_2013,pixel_2014,pixel_2015,pixel_2016,pixel_2017,pixel_2018,pixel_2019,pixel_2020,pixel_2021,pixel_2022,pixel_2023,pixel_2024,pixel_2025,pixel_2026,pixel_2027,pixel_2028,pixel_2029,pixel_2030,pixel_2031,pixel_2032,pixel_2033,pixel_2034,pixel_2035,pixel_2036,pixel_2037,pixel_2038,pixel_2039,pixel_2040,pixel_2041,pixel_2042,pixel_2043,pixel_2044,pixel_2045,pixel_2046,pixel_2047,pixel_2048,pixel_2049,pixel_2050,pixel_2051,pixel_2052,pixel_2053,pixel_2054,pixel_2055,pixel_2056,pixel_2057,pixel_2058,pixel_2059,pixel_2060,pixel_2061,pixel_2062,pixel_2063,pixel_2064,pixel_2065,pixel_2066,pixel_2067,pixel_2068,pixel_2069,pixel_2070,pixel_2071,pixel_2072,pixel_2073,pixel_2074,pixel_2075,pixel_2076,pixel_2077,pixel_2078,pixel_2079,pixel_2080,pixel_2081,pixel_2082,pixel_2083,pixel_2084,pixel_2085,pixel_2086,pixel_2087,pixel_2088,pixel_2089,pixel_2090,pixel_2091,pixel_2092,pixel_2093,pixel_2094,pixel_2095,pixel_2096,pixel_2097,pixel_2098,pixel_2099,pixel_2100,pixel_2101,pixel_2102,pixel_2103,pixel_2104,pixel_2105,pixel_2106,pixel_2107,pixel_2108,pixel_2109,pixel_2110,pixel_2111,pixel_2112,pixel_2113,pixel_2114,pixel_2115,pixel_2116,pixel_2117,pixel_2118,pixel_2119,pixel_2120,pixel_2121,pixel_2122,pixel_2123,pixel_2124,pixel_2125,pixel_2126,pixel_2127,pixel_2128,pixel_2129,pixel_2130,pixel_2131,pixel_2132,pixel_2133,pixel_2134,pixel_2135,pixel_2136,pixel_2137,pixel_2138,pixel_2139,pixel_2140,pixel_2141,pixel_2142,pixel_2143,pixel_2144,pixel_2145,pixel_2146,pixel_2147,pixel_2148,pixel_2149,pixel_2150,pixel_2151,pixel_2152,pixel_2153,pixel_2154,pixel_2155,pixel_2156,pixel_2157,pixel_2158,pixel_2159,pixel_2160,pixel_2161,pixel_2162,pixel_2163,pixel_2164,pixel_2165,pixel_2166,pixel_2167,pixel_2168,pixel_2169,pixel_2170,pixel_2171,pixel_2172,pixel_2173,pixel_2174,pixel_2175,pixel_2176,pixel_2177,pixel_2178,pixel_2179,pixel_2180,pixel_2181,pixel_2182,pixel_2183,pixel_2184,pixel_2185,pixel_2186,pixel_2187,pixel_2188,pixel_2189,pixel_2190,pixel_2191,pixel_2192,pixel_2193,pixel_2194,pixel_2195,pixel_2196,pixel_2197,pixel_2198,pixel_2199,pixel_2200,pixel_2201,pixel_2202,pixel_2203,pixel_2204,pixel_2205,pixel_2206,pixel_2207,pixel_2208,pixel_2209,pixel_2210,pixel_2211,pixel_2212,pixel_2213,pixel_2214,pixel_2215,pixel_2216,pixel_2217,pixel_2218,pixel_2219,pixel_2220,pixel_2221,pixel_2222,pixel_2223,pixel_2224,pixel_2225,pixel_2226,pixel_2227,pixel_2228,pixel_2229,pixel_2230,pixel_2231,pixel_2232,pixel_2233,pixel_2234,pixel_2235,pixel_2236,pixel_2237,pixel_2238,pixel_2239,pixel_2240,pixel_2241,pixel_2242,pixel_2243,pixel_2244,pixel_2245,pixel_2246,pixel_2247,pixel_2248,pixel_2249,pixel_2250,pixel_2251,pixel_2252,pixel_2253,pixel_2254,pixel_2255,pixel_2256,pixel_2257,pixel_2258,pixel_2259,pixel_2260,pixel_2261,pixel_2262,pixel_2263,pixel_2264,pixel_2265,pixel_2266,pixel_2267,pixel_2268,pixel_2269,pixel_2270,pixel_2271,pixel_2272,pixel_2273,pixel_2274,pixel_2275,pixel_2276,pixel_2277,pixel_2278,pixel_2279,pixel_2280,pixel_2281,pixel_2282,pixel_2283,pixel_2284,pixel_2285,pixel_2286,pixel_2287,pixel_2288,pixel_2289,pixel_2290,pixel_2291,pixel_2292,pixel_2293,pixel_2294,pixel_2295,pixel_2296,pixel_2297,pixel_2298,pixel_2299,pixel_2300,pixel_2301,pixel_2302,pixel_2303,pixel_2304,pixel_2305,pixel_2306,pixel_2307,pixel_2308,pixel_2309,pixel_2310,pixel_2311,pixel_2312,pixel_2313,pixel_2314,pixel_2315,pixel_2316,pixel_2317,pixel_2318,pixel_2319,pixel_2320,pixel_2321,pixel_2322,pixel_2323,pixel_2324,pixel_2325,pixel_2326,pixel_2327,pixel_2328,pixel_2329,pixel_2330,pixel_2331,pixel_2332,pixel_2333,pixel_2334,pixel_2335,pixel_2336,pixel_2337,pixel_2338,pixel_2339,pixel_2340,pixel_2341,pixel_2342,pixel_2343,pixel_2344,pixel_2345,pixel_2346,pixel_2347,pixel_2348,pixel_2349,pixel_2350,pixel_2351,pixel_2352,pixel_2353,pixel_2354,pixel_2355,pixel_2356,pixel_2357,pixel_2358,pixel_2359,pixel_2360,pixel_2361,pixel_2362,pixel_2363,pixel_2364,pixel_2365,pixel_2366,pixel_2367,pixel_2368,pixel_2369,pixel_2370,pixel_2371,pixel_2372,pixel_2373,pixel_2374,pixel_2375,pixel_2376,pixel_2377,pixel_2378,pixel_2379,pixel_2380,pixel_2381,pixel_2382,pixel_2383,pixel_2384,pixel_2385,pixel_2386,pixel_2387,pixel_2388,pixel_2389,pixel_2390,pixel_2391,pixel_2392,pixel_2393,pixel_2394,pixel_2395,pixel_2396,pixel_2397,pixel_2398,pixel_2399,pixel_2400,pixel_2401,pixel_2402,pixel_2403,pixel_2404,pixel_2405,pixel_2406,pixel_2407,pixel_2408,pixel_2409,pixel_2410,pixel_2411,pixel_2412,pixel_2413,pixel_2414,pixel_2415,pixel_2416,pixel_2417,pixel_2418,pixel_2419,pixel_2420,pixel_2421,pixel_2422,pixel_2423,pixel_2424,pixel_2425,pixel_2426,pixel_2427,pixel_2428,pixel_2429,pixel_2430,pixel_2431,pixel_2432,pixel_2433,pixel_2434,pixel_2435,pixel_2436,pixel_2437,pixel_2438,pixel_2439,pixel_2440,pixel_2441,pixel_2442,pixel_2443,pixel_2444,pixel_2445,pixel_2446,pixel_2447,pixel_2448,pixel_2449,pixel_2450,pixel_2451,pixel_2452,pixel_2453,pixel_2454,pixel_2455,pixel_2456,pixel_2457,pixel_2458,pixel_2459,pixel_2460,pixel_2461,pixel_2462,pixel_2463,pixel_2464,pixel_2465,pixel_2466,pixel_2467,pixel_2468,pixel_2469,pixel_2470,pixel_2471,pixel_2472,pixel_2473,pixel_2474,pixel_2475,pixel_2476,pixel_2477,pixel_2478,pixel_2479,pixel_2480,pixel_2481,pixel_2482,pixel_2483,pixel_2484,pixel_2485,pixel_2486,pixel_2487,pixel_2488,pixel_2489,pixel_2490,pixel_2491,pixel_2492,pixel_2493,pixel_2494,pixel_2495,pixel_2496,pixel_2497,pixel_2498,pixel_2499,pixel_2500,pixel_2501,pixel_2502,pixel_2503,pixel_2504,pixel_2505,pixel_2506,pixel_2507,pixel_2508,pixel_2509,pixel_2510,pixel_2511,pixel_2512,pixel_2513,pixel_2514,pixel_2515,pixel_2516,pixel_2517,pixel_2518,pixel_2519,pixel_2520,pixel_2521,pixel_2522,pixel_2523,pixel_2524,pixel_2525,pixel_2526,pixel_2527,pixel_2528,pixel_2529,pixel_2530,pixel_2531,pixel_2532,pixel_2533,pixel_2534,pixel_2535,pixel_2536,pixel_2537,pixel_2538,pixel_2539,pixel_2540,pixel_2541,pixel_2542,pixel_2543,pixel_2544,pixel_2545,pixel_2546,pixel_2547,pixel_2548,pixel_2549,pixel_2550,pixel_2551,pixel_2552,pixel_2553,pixel_2554,pixel_2555,pixel_2556,pixel_2557,pixel_2558,pixel_2559,pixel_2560,pixel_2561,pixel_2562,pixel_2563,pixel_2564,pixel_2565,pixel_2566,pixel_2567,pixel_2568,pixel_2569,pixel_2570,pixel_2571,pixel_2572,pixel_2573,pixel_2574,pixel_2575,pixel_2576,pixel_2577,pixel_2578,pixel_2579,pixel_2580,pixel_2581,pixel_2582,pixel_2583,pixel_2584,pixel_2585,pixel_2586,pixel_2587,pixel_2588,pixel_2589,pixel_2590,pixel_2591,pixel_2592,pixel_2593,pixel_2594,pixel_2595,pixel_2596,pixel_2597,pixel_2598,pixel_2599,pixel_2600,pixel_2601,pixel_2602,pixel_2603,pixel_2604,pixel_2605,pixel_2606,pixel_2607,pixel_2608,pixel_2609,pixel_2610,pixel_2611,pixel_2612,pixel_2613,pixel_2614,pixel_2615,pixel_2616,pixel_2617,pixel_2618,pixel_2619,pixel_2620,pixel_2621,pixel_2622,pixel_2623,pixel_2624,pixel_2625,pixel_2626,pixel_2627,pixel_2628,pixel_2629,pixel_2630,pixel_2631,pixel_2632,pixel_2633,pixel_2634,pixel_2635,pixel_2636,pixel_2637,pixel_2638,pixel_2639,pixel_2640,pixel_2641,pixel_2642,pixel_2643,pixel_2644,pixel_2645,pixel_2646,pixel_2647,pixel_2648,pixel_2649,pixel_2650,pixel_2651,pixel_2652,pixel_2653,pixel_2654,pixel_2655,pixel_2656,pixel_2657,pixel_2658,pixel_2659,pixel_2660,pixel_2661,pixel_2662,pixel_2663,pixel_2664,pixel_2665,pixel_2666,pixel_2667,pixel_2668,pixel_2669,pixel_2670,pixel_2671,pixel_2672,pixel_2673,pixel_2674,pixel_2675,pixel_2676,pixel_2677,pixel_2678,pixel_2679,pixel_2680,pixel_2681,pixel_2682,pixel_2683,pixel_2684,pixel_2685,pixel_2686,pixel_2687,pixel_2688,pixel_2689,pixel_2690,pixel_2691,pixel_2692,pixel_2693,pixel_2694,pixel_2695,pixel_2696,pixel_2697,pixel_2698,pixel_2699,pixel_2700,pixel_2701,pixel_2702,pixel_2703,pixel_2704,pixel_2705,pixel_2706,pixel_2707,pixel_2708,pixel_2709,pixel_2710,pixel_2711,pixel_2712,pixel_2713,pixel_2714,pixel_2715,pixel_2716,pixel_2717,pixel_2718,pixel_2719,pixel_2720,pixel_2721,pixel_2722,pixel_2723,pixel_2724,pixel_2725,pixel_2726,pixel_2727,pixel_2728,pixel_2729,pixel_2730,pixel_2731,pixel_2732,pixel_2733,pixel_2734,pixel_2735,pixel_2736,pixel_2737,pixel_2738,pixel_2739,pixel_2740,pixel_2741,pixel_2742,pixel_2743,pixel_2744,pixel_2745,pixel_2746,pixel_2747,pixel_2748,pixel_2749,pixel_2750,pixel_2751,pixel_2752,pixel_2753,pixel_2754,pixel_2755,pixel_2756,pixel_2757,pixel_2758,pixel_2759,pixel_2760,pixel_2761,pixel_2762,pixel_2763,pixel_2764,pixel_2765,pixel_2766,pixel_2767,pixel_2768,pixel_2769,pixel_2770,pixel_2771,pixel_2772,pixel_2773,pixel_2774,pixel_2775,pixel_2776,pixel_2777,pixel_2778,pixel_2779,pixel_2780,pixel_2781,pixel_2782,pixel_2783,pixel_2784,pixel_2785,pixel_2786,pixel_2787,pixel_2788,pixel_2789,pixel_2790,pixel_2791,pixel_2792,pixel_2793,pixel_2794,pixel_2795,pixel_2796,pixel_2797,pixel_2798,pixel_2799,pixel_2800,pixel_2801,pixel_2802,pixel_2803,pixel_2804,pixel_2805,pixel_2806,pixel_2807,pixel_2808,pixel_2809,pixel_2810,pixel_2811,pixel_2812,pixel_2813,pixel_2814,pixel_2815,pixel_2816,pixel_2817,pixel_2818,pixel_2819,pixel_2820,pixel_2821,pixel_2822,pixel_2823,pixel_2824,pixel_2825,pixel_2826,pixel_2827,pixel_2828,pixel_2829,pixel_2830,pixel_2831,pixel_2832,pixel_2833,pixel_2834,pixel_2835,pixel_2836,pixel_2837,pixel_2838,pixel_2839,pixel_2840,pixel_2841,pixel_2842,pixel_2843,pixel_2844,pixel_2845,pixel_2846,pixel_2847,pixel_2848,pixel_2849,pixel_2850,pixel_2851,pixel_2852,pixel_2853,pixel_2854,pixel_2855,pixel_2856,pixel_2857,pixel_2858,pixel_2859,pixel_2860,pixel_2861,pixel_2862,pixel_2863,pixel_2864,pixel_2865,pixel_2866,pixel_2867,pixel_2868,pixel_2869,pixel_2870,pixel_2871,pixel_2872,pixel_2873,pixel_2874,pixel_2875,pixel_2876,pixel_2877,pixel_2878,pixel_2879,pixel_2880,pixel_2881,pixel_2882,pixel_2883,pixel_2884,pixel_2885,pixel_2886,pixel_2887,pixel_2888,pixel_2889,pixel_2890,pixel_2891,pixel_2892,pixel_2893,pixel_2894,pixel_2895,pixel_2896,pixel_2897,pixel_2898,pixel_2899,pixel_2900,pixel_2901,pixel_2902,pixel_2903,pixel_2904,pixel_2905,pixel_2906,pixel_2907,pixel_2908,pixel_2909,pixel_2910,pixel_2911,pixel_2912,pixel_2913,pixel_2914,pixel_2915,pixel_2916,pixel_2917,pixel_2918,pixel_2919,pixel_2920,pixel_2921,pixel_2922,pixel_2923,pixel_2924,pixel_2925,pixel_2926,pixel_2927,pixel_2928,pixel_2929,pixel_2930,pixel_2931,pixel_2932,pixel_2933,pixel_2934,pixel_2935,pixel_2936,pixel_2937,pixel_2938,pixel_2939,pixel_2940,pixel_2941,pixel_2942,pixel_2943,pixel_2944,pixel_2945,pixel_2946,pixel_2947,pixel_2948,pixel_2949,pixel_2950,pixel_2951,pixel_2952,pixel_2953,pixel_2954,pixel_2955,pixel_2956,pixel_2957,pixel_2958,pixel_2959,pixel_2960,pixel_2961,pixel_2962,pixel_2963,pixel_2964,pixel_2965,pixel_2966,pixel_2967,pixel_2968,pixel_2969,pixel_2970,pixel_2971,pixel_2972,pixel_2973,pixel_2974,pixel_2975,pixel_2976,pixel_2977,pixel_2978,pixel_2979,pixel_2980,pixel_2981,pixel_2982,pixel_2983,pixel_2984,pixel_2985,pixel_2986,pixel_2987,pixel_2988,pixel_2989,pixel_2990,pixel_2991,pixel_2992,pixel_2993,pixel_2994,pixel_2995,pixel_2996,pixel_2997,pixel_2998,pixel_2999,pixel_3000,pixel_3001,pixel_3002,pixel_3003,pixel_3004,pixel_3005,pixel_3006,pixel_3007,pixel_3008,pixel_3009,pixel_3010,pixel_3011,pixel_3012,pixel_3013,pixel_3014,pixel_3015,pixel_3016,pixel_3017,pixel_3018,pixel_3019,pixel_3020,pixel_3021,pixel_3022,pixel_3023,pixel_3024,pixel_3025,pixel_3026,pixel_3027,pixel_3028,pixel_3029,pixel_3030,pixel_3031,pixel_3032,pixel_3033,pixel_3034,pixel_3035,pixel_3036,pixel_3037,pixel_3038,pixel_3039,pixel_3040,pixel_3041,pixel_3042,pixel_3043,pixel_3044,pixel_3045,pixel_3046,pixel_3047,pixel_3048,pixel_3049,pixel_3050,pixel_3051,pixel_3052,pixel_3053,pixel_3054,pixel_3055,pixel_3056,pixel_3057,pixel_3058,pixel_3059,pixel_3060,pixel_3061,pixel_3062,pixel_3063,pixel_3064,pixel_3065,pixel_3066,pixel_3067,pixel_3068,pixel_3069,pixel_3070,pixel_3071,pixel_3072,pixel_3073,pixel_3074,pixel_3075,pixel_3076,pixel_3077,pixel_3078,pixel_3079,pixel_3080,pixel_3081,pixel_3082,pixel_3083,pixel_3084,pixel_3085,pixel_3086,pixel_3087,pixel_3088,pixel_3089,pixel_3090,pixel_3091,pixel_3092,pixel_3093,pixel_3094,pixel_3095,pixel_3096,pixel_3097,pixel_3098,pixel_3099,pixel_3100,pixel_3101,pixel_3102,pixel_3103,pixel_3104,pixel_3105,pixel_3106,pixel_3107,pixel_3108,pixel_3109,pixel_3110,pixel_3111,pixel_3112,pixel_3113,pixel_3114,pixel_3115,pixel_3116,pixel_3117,pixel_3118,pixel_3119,pixel_3120,pixel_3121,pixel_3122,pixel_3123,pixel_3124,pixel_3125,pixel_3126,pixel_3127,pixel_3128,pixel_3129,pixel_3130,pixel_3131,pixel_3132,pixel_3133,pixel_3134,pixel_3135,pixel_3136,pixel_3137,pixel_3138,pixel_3139,pixel_3140,pixel_3141,pixel_3142,pixel_3143,pixel_3144,pixel_3145,pixel_3146,pixel_3147,pixel_3148,pixel_3149,pixel_3150,pixel_3151,pixel_3152,pixel_3153,pixel_3154,pixel_3155,pixel_3156,pixel_3157,pixel_3158,pixel_3159,pixel_3160,pixel_3161,pixel_3162,pixel_3163,pixel_3164,pixel_3165,pixel_3166,pixel_3167,pixel_3168,pixel_3169,pixel_3170,pixel_3171,pixel_3172,pixel_3173,pixel_3174,pixel_3175,pixel_3176,pixel_3177,pixel_3178,pixel_3179,pixel_3180,pixel_3181,pixel_3182,pixel_3183,pixel_3184,pixel_3185,pixel_3186,pixel_3187,pixel_3188,pixel_3189,pixel_3190,pixel_3191,pixel_3192,pixel_3193,pixel_3194,pixel_3195,pixel_3196,pixel_3197,pixel_3198,pixel_3199,pixel_3200,pixel_3201,pixel_3202,pixel_3203,pixel_3204,pixel_3205,pixel_3206,pixel_3207,pixel_3208,pixel_3209,pixel_3210,pixel_3211,pixel_3212,pixel_3213,pixel_3214,pixel_3215,pixel_3216,pixel_3217,pixel_3218,pixel_3219,pixel_3220,pixel_3221,pixel_3222,pixel_3223,pixel_3224,pixel_3225,pixel_3226,pixel_3227,pixel_3228,pixel_3229,pixel_3230,pixel_3231,pixel_3232,pixel_3233,pixel_3234,pixel_3235,pixel_3236,pixel_3237,pixel_3238,pixel_3239,pixel_3240,pixel_3241,pixel_3242,pixel_3243,pixel_3244,pixel_3245,pixel_3246,pixel_3247,pixel_3248,pixel_3249,pixel_3250,pixel_3251,pixel_3252,pixel_3253,pixel_3254,pixel_3255,pixel_3256,pixel_3257,pixel_3258,pixel_3259,pixel_3260,pixel_3261,pixel_3262,pixel_3263,pixel_3264,pixel_3265,pixel_3266,pixel_3267,pixel_3268,pixel_3269,pixel_3270,pixel_3271,pixel_3272,pixel_3273,pixel_3274,pixel_3275,pixel_3276,pixel_3277,pixel_3278,pixel_3279,pixel_3280,pixel_3281,pixel_3282,pixel_3283,pixel_3284,pixel_3285,pixel_3286,pixel_3287,pixel_3288,pixel_3289,pixel_3290,pixel_3291,pixel_3292,pixel_3293,pixel_3294,pixel_3295,pixel_3296,pixel_3297,pixel_3298,pixel_3299,pixel_3300,pixel_3301,pixel_3302,pixel_3303,pixel_3304,pixel_3305,pixel_3306,pixel_3307,pixel_3308,pixel_3309,pixel_3310,pixel_3311,pixel_3312,pixel_3313,pixel_3314,pixel_3315,pixel_3316,pixel_3317,pixel_3318,pixel_3319,pixel_3320,pixel_3321,pixel_3322,pixel_3323,pixel_3324,pixel_3325,pixel_3326,pixel_3327,pixel_3328,pixel_3329,pixel_3330,pixel_3331,pixel_3332,pixel_3333,pixel_3334,pixel_3335,pixel_3336,pixel_3337,pixel_3338,pixel_3339,pixel_3340,pixel_3341,pixel_3342,pixel_3343,pixel_3344,pixel_3345,pixel_3346,pixel_3347,pixel_3348,pixel_3349,pixel_3350,pixel_3351,pixel_3352,pixel_3353,pixel_3354,pixel_3355,pixel_3356,pixel_3357,pixel_3358,pixel_3359,pixel_3360,pixel_3361,pixel_3362,pixel_3363,pixel_3364,pixel_3365,pixel_3366,pixel_3367,pixel_3368,pixel_3369,pixel_3370,pixel_3371,pixel_3372,pixel_3373,pixel_3374,pixel_3375,pixel_3376,pixel_3377,pixel_3378,pixel_3379,pixel_3380,pixel_3381,pixel_3382,pixel_3383,pixel_3384,pixel_3385,pixel_3386,pixel_3387,pixel_3388,pixel_3389,pixel_3390,pixel_3391,pixel_3392,pixel_3393,pixel_3394,pixel_3395,pixel_3396,pixel_3397,pixel_3398,pixel_3399,pixel_3400,pixel_3401,pixel_3402,pixel_3403,pixel_3404,pixel_3405,pixel_3406,pixel_3407,pixel_3408,pixel_3409,pixel_3410,pixel_3411,pixel_3412,pixel_3413,pixel_3414,pixel_3415,pixel_3416,pixel_3417,pixel_3418,pixel_3419,pixel_3420,pixel_3421,pixel_3422,pixel_3423,pixel_3424,pixel_3425,pixel_3426,pixel_3427,pixel_3428,pixel_3429,pixel_3430,pixel_3431,pixel_3432,pixel_3433,pixel_3434,pixel_3435,pixel_3436,pixel_3437,pixel_3438,pixel_3439,pixel_3440,pixel_3441,pixel_3442,pixel_3443,pixel_3444,pixel_3445,pixel_3446,pixel_3447,pixel_3448,pixel_3449,pixel_3450,pixel_3451,pixel_3452,pixel_3453,pixel_3454,pixel_3455,pixel_3456,pixel_3457,pixel_3458,pixel_3459,pixel_3460,pixel_3461,pixel_3462,pixel_3463,pixel_3464,pixel_3465,pixel_3466,pixel_3467,pixel_3468,pixel_3469,pixel_3470,pixel_3471,pixel_3472,pixel_3473,pixel_3474,pixel_3475,pixel_3476,pixel_3477,pixel_3478,pixel_3479,pixel_3480,pixel_3481,pixel_3482,pixel_3483,pixel_3484,pixel_3485,pixel_3486,pixel_3487,pixel_3488,pixel_3489,pixel_3490,pixel_3491,pixel_3492,pixel_3493,pixel_3494,pixel_3495,pixel_3496,pixel_3497,pixel_3498,pixel_3499,pixel_3500,pixel_3501,pixel_3502,pixel_3503,pixel_3504,pixel_3505,pixel_3506,pixel_3507,pixel_3508,pixel_3509,pixel_3510,pixel_3511,pixel_3512,pixel_3513,pixel_3514,pixel_3515,pixel_3516,pixel_3517,pixel_3518,pixel_3519,pixel_3520,pixel_3521,pixel_3522,pixel_3523,pixel_3524,pixel_3525,pixel_3526,pixel_3527,pixel_3528,pixel_3529,pixel_3530,pixel_3531,pixel_3532,pixel_3533,pixel_3534,pixel_3535,pixel_3536,pixel_3537,pixel_3538,pixel_3539,pixel_3540,pixel_3541,pixel_3542,pixel_3543,pixel_3544,pixel_3545,pixel_3546,pixel_3547,pixel_3548,pixel_3549,pixel_3550,pixel_3551,pixel_3552,pixel_3553,pixel_3554,pixel_3555,pixel_3556,pixel_3557,pixel_3558,pixel_3559,pixel_3560,pixel_3561,pixel_3562,pixel_3563,pixel_3564,pixel_3565,pixel_3566,pixel_3567,pixel_3568,pixel_3569,pixel_3570,pixel_3571,pixel_3572,pixel_3573,pixel_3574,pixel_3575,pixel_3576,pixel_3577,pixel_3578,pixel_3579,pixel_3580,pixel_3581,pixel_3582,pixel_3583,pixel_3584,pixel_3585,pixel_3586,pixel_3587,pixel_3588,pixel_3589,pixel_3590,pixel_3591,pixel_3592,pixel_3593,pixel_3594,pixel_3595,pixel_3596,pixel_3597,pixel_3598,pixel_3599,pixel_3600,pixel_3601,pixel_3602,pixel_3603,pixel_3604,pixel_3605,pixel_3606,pixel_3607,pixel_3608,pixel_3609,pixel_3610,pixel_3611,pixel_3612,pixel_3613,pixel_3614,pixel_3615,pixel_3616,pixel_3617,pixel_3618,pixel_3619,pixel_3620,pixel_3621,pixel_3622,pixel_3623,pixel_3624,pixel_3625,pixel_3626,pixel_3627,pixel_3628,pixel_3629,pixel_3630,pixel_3631,pixel_3632,pixel_3633,pixel_3634,pixel_3635,pixel_3636,pixel_3637,pixel_3638,pixel_3639,pixel_3640,pixel_3641,pixel_3642,pixel_3643,pixel_3644,pixel_3645,pixel_3646,pixel_3647,pixel_3648,pixel_3649,pixel_3650,pixel_3651,pixel_3652,pixel_3653,pixel_3654,pixel_3655,pixel_3656,pixel_3657,pixel_3658,pixel_3659,pixel_3660,pixel_3661,pixel_3662,pixel_3663,pixel_3664,pixel_3665,pixel_3666,pixel_3667,pixel_3668,pixel_3669,pixel_3670,pixel_3671,pixel_3672,pixel_3673,pixel_3674,pixel_3675,pixel_3676,pixel_3677,pixel_3678,pixel_3679,pixel_3680,pixel_3681,pixel_3682,pixel_3683,pixel_3684,pixel_3685,pixel_3686,pixel_3687,pixel_3688,pixel_3689,pixel_3690,pixel_3691,pixel_3692,pixel_3693,pixel_3694,pixel_3695,pixel_3696,pixel_3697,pixel_3698,pixel_3699,pixel_3700,pixel_3701,pixel_3702,pixel_3703,pixel_3704,pixel_3705,pixel_3706,pixel_3707,pixel_3708,pixel_3709,pixel_3710,pixel_3711,pixel_3712,pixel_3713,pixel_3714,pixel_3715,pixel_3716,pixel_3717,pixel_3718,pixel_3719,pixel_3720,pixel_3721,pixel_3722,pixel_3723,pixel_3724,pixel_3725,pixel_3726,pixel_3727,pixel_3728,pixel_3729,pixel_3730,pixel_3731,pixel_3732,pixel_3733,pixel_3734,pixel_3735,pixel_3736,pixel_3737,pixel_3738,pixel_3739,pixel_3740,pixel_3741,pixel_3742,pixel_3743,pixel_3744,pixel_3745,pixel_3746,pixel_3747,pixel_3748,pixel_3749,pixel_3750,pixel_3751,pixel_3752,pixel_3753,pixel_3754,pixel_3755,pixel_3756,pixel_3757,pixel_3758,pixel_3759,pixel_3760,pixel_3761,pixel_3762,pixel_3763,pixel_3764,pixel_3765,pixel_3766,pixel_3767,pixel_3768,pixel_3769,pixel_3770,pixel_3771,pixel_3772,pixel_3773,pixel_3774,pixel_3775,pixel_3776,pixel_3777,pixel_3778,pixel_3779,pixel_3780,pixel_3781,pixel_3782,pixel_3783,pixel_3784,pixel_3785,pixel_3786,pixel_3787,pixel_3788,pixel_3789,pixel_3790,pixel_3791,pixel_3792,pixel_3793,pixel_3794,pixel_3795,pixel_3796,pixel_3797,pixel_3798,pixel_3799,pixel_3800,pixel_3801,pixel_3802,pixel_3803,pixel_3804,pixel_3805,pixel_3806,pixel_3807,pixel_3808,pixel_3809,pixel_3810,pixel_3811,pixel_3812,pixel_3813,pixel_3814,pixel_3815,pixel_3816,pixel_3817,pixel_3818,pixel_3819,pixel_3820,pixel_3821,pixel_3822,pixel_3823,pixel_3824,pixel_3825,pixel_3826,pixel_3827,pixel_3828,pixel_3829,pixel_3830,pixel_3831,pixel_3832,pixel_3833,pixel_3834,pixel_3835,pixel_3836,pixel_3837,pixel_3838,pixel_3839,pixel_3840,pixel_3841,pixel_3842,pixel_3843,pixel_3844,pixel_3845,pixel_3846,pixel_3847,pixel_3848,pixel_3849,pixel_3850,pixel_3851,pixel_3852,pixel_3853,pixel_3854,pixel_3855,pixel_3856,pixel_3857,pixel_3858,pixel_3859,pixel_3860,pixel_3861,pixel_3862,pixel_3863,pixel_3864,pixel_3865,pixel_3866,pixel_3867,pixel_3868,pixel_3869,pixel_3870,pixel_3871,pixel_3872,pixel_3873,pixel_3874,pixel_3875,pixel_3876,pixel_3877,pixel_3878,pixel_3879,pixel_3880,pixel_3881,pixel_3882,pixel_3883,pixel_3884,pixel_3885,pixel_3886,pixel_3887,pixel_3888,pixel_3889,pixel_3890,pixel_3891,pixel_3892,pixel_3893,pixel_3894,pixel_3895,pixel_3896,pixel_3897,pixel_3898,pixel_3899,pixel_3900,pixel_3901,pixel_3902,pixel_3903,pixel_3904,pixel_3905,pixel_3906,pixel_3907,pixel_3908,pixel_3909,pixel_3910,pixel_3911,pixel_3912,pixel_3913,pixel_3914,pixel_3915,pixel_3916,pixel_3917,pixel_3918,pixel_3919,pixel_3920,pixel_3921,pixel_3922,pixel_3923,pixel_3924,pixel_3925,pixel_3926,pixel_3927,pixel_3928,pixel_3929,pixel_3930,pixel_3931,pixel_3932,pixel_3933,pixel_3934,pixel_3935,pixel_3936,pixel_3937,pixel_3938,pixel_3939,pixel_3940,pixel_3941,pixel_3942,pixel_3943,pixel_3944,pixel_3945,pixel_3946,pixel_3947,pixel_3948,pixel_3949,pixel_3950,pixel_3951,pixel_3952,pixel_3953,pixel_3954,pixel_3955,pixel_3956,pixel_3957,pixel_3958,pixel_3959,pixel_3960,pixel_3961,pixel_3962,pixel_3963,pixel_3964,pixel_3965,pixel_3966,pixel_3967,pixel_3968,pixel_3969,pixel_3970,pixel_3971,pixel_3972,pixel_3973,pixel_3974,pixel_3975,pixel_3976,pixel_3977,pixel_3978,pixel_3979,pixel_3980,pixel_3981,pixel_3982,pixel_3983,pixel_3984,pixel_3985,pixel_3986,pixel_3987,pixel_3988,pixel_3989,pixel_3990,pixel_3991,pixel_3992,pixel_3993,pixel_3994,pixel_3995,pixel_3996,pixel_3997,pixel_3998,pixel_3999,pixel_4000,pixel_4001,pixel_4002,pixel_4003,pixel_4004,pixel_4005,pixel_4006,pixel_4007,pixel_4008,pixel_4009,pixel_4010,pixel_4011,pixel_4012,pixel_4013,pixel_4014,pixel_4015,pixel_4016,pixel_4017,pixel_4018,pixel_4019,pixel_4020,pixel_4021,pixel_4022,pixel_4023,pixel_4024,pixel_4025,pixel_4026,pixel_4027,pixel_4028,pixel_4029,pixel_4030,pixel_4031,pixel_4032,pixel_4033,pixel_4034,pixel_4035,pixel_4036,pixel_4037,pixel_4038,pixel_4039,pixel_4040,pixel_4041,pixel_4042,pixel_4043,pixel_4044,pixel_4045,pixel_4046,pixel_4047,pixel_4048,pixel_4049,pixel_4050,pixel_4051,pixel_4052,pixel_4053,pixel_4054,pixel_4055,pixel_4056,pixel_4057,pixel_4058,pixel_4059,pixel_4060,pixel_4061,pixel_4062,pixel_4063,pixel_4064,pixel_4065,pixel_4066,pixel_4067,pixel_4068,pixel_4069,pixel_4070,pixel_4071,pixel_4072,pixel_4073,pixel_4074,pixel_4075,pixel_4076,pixel_4077,pixel_4078,pixel_4079,pixel_4080,pixel_4081,pixel_4082,pixel_4083,pixel_4084,pixel_4085,pixel_4086,pixel_4087,pixel_4088,pixel_4089,pixel_4090,pixel_4091,pixel_4092,pixel_4093,pixel_4094,pixel_4095,pixel_4096,pixel_4097,pixel_4098,pixel_4099,pixel_4100,pixel_4101,pixel_4102,pixel_4103,pixel_4104,pixel_4105,pixel_4106,pixel_4107,pixel_4108,pixel_4109,pixel_4110,pixel_4111,pixel_4112,pixel_4113,pixel_4114,pixel_4115,pixel_4116,pixel_4117,pixel_4118,pixel_4119,pixel_4120,pixel_4121,pixel_4122,pixel_4123,pixel_4124,pixel_4125,pixel_4126,pixel_4127,pixel_4128,pixel_4129,pixel_4130,pixel_4131,pixel_4132,pixel_4133,pixel_4134,pixel_4135,pixel_4136,pixel_4137,pixel_4138,pixel_4139,pixel_4140,pixel_4141,pixel_4142,pixel_4143,pixel_4144,pixel_4145,pixel_4146,pixel_4147,pixel_4148,pixel_4149,pixel_4150,pixel_4151,pixel_4152,pixel_4153,pixel_4154,pixel_4155,pixel_4156,pixel_4157,pixel_4158,pixel_4159,pixel_4160,pixel_4161,pixel_4162,pixel_4163,pixel_4164,pixel_4165,pixel_4166,pixel_4167,pixel_4168,pixel_4169,pixel_4170,pixel_4171,pixel_4172,pixel_4173,pixel_4174,pixel_4175,pixel_4176,pixel_4177,pixel_4178,pixel_4179,pixel_4180,pixel_4181,pixel_4182,pixel_4183,pixel_4184,pixel_4185,pixel_4186,pixel_4187,pixel_4188,pixel_4189,pixel_4190,pixel_4191,pixel_4192,pixel_4193,pixel_4194,pixel_4195,pixel_4196,pixel_4197,pixel_4198,pixel_4199,pixel_4200,pixel_4201,pixel_4202,pixel_4203,pixel_4204,pixel_4205,pixel_4206,pixel_4207,pixel_4208,pixel_4209,pixel_4210,pixel_4211,pixel_4212,pixel_4213,pixel_4214,pixel_4215,pixel_4216,pixel_4217,pixel_4218,pixel_4219,pixel_4220,pixel_4221,pixel_4222,pixel_4223,pixel_4224,pixel_4225,pixel_4226,pixel_4227,pixel_4228,pixel_4229,pixel_4230,pixel_4231,pixel_4232,pixel_4233,pixel_4234,pixel_4235,pixel_4236,pixel_4237,pixel_4238,pixel_4239,pixel_4240,pixel_4241,pixel_4242,pixel_4243,pixel_4244,pixel_4245,pixel_4246,pixel_4247,pixel_4248,pixel_4249,pixel_4250,pixel_4251,pixel_4252,pixel_4253,pixel_4254,pixel_4255,pixel_4256,pixel_4257,pixel_4258,pixel_4259,pixel_4260,pixel_4261,pixel_4262,pixel_4263,pixel_4264,pixel_4265,pixel_4266,pixel_4267,pixel_4268,pixel_4269,pixel_4270,pixel_4271,pixel_4272,pixel_4273,pixel_4274,pixel_4275,pixel_4276,pixel_4277,pixel_4278,pixel_4279,pixel_4280,pixel_4281,pixel_4282,pixel_4283,pixel_4284,pixel_4285,pixel_4286,pixel_4287,pixel_4288,pixel_4289,pixel_4290,pixel_4291,pixel_4292,pixel_4293,pixel_4294,pixel_4295,pixel_4296,pixel_4297,pixel_4298,pixel_4299,pixel_4300,pixel_4301,pixel_4302,pixel_4303,pixel_4304,pixel_4305,pixel_4306,pixel_4307,pixel_4308,pixel_4309,pixel_4310,pixel_4311,pixel_4312,pixel_4313,pixel_4314,pixel_4315,pixel_4316,pixel_4317,pixel_4318,pixel_4319,pixel_4320,pixel_4321,pixel_4322,pixel_4323,pixel_4324,pixel_4325,pixel_4326,pixel_4327,pixel_4328,pixel_4329,pixel_4330,pixel_4331,pixel_4332,pixel_4333,pixel_4334,pixel_4335,pixel_4336,pixel_4337,pixel_4338,pixel_4339,pixel_4340,pixel_4341,pixel_4342,pixel_4343,pixel_4344,pixel_4345,pixel_4346,pixel_4347,pixel_4348,pixel_4349,pixel_4350,pixel_4351,pixel_4352,pixel_4353,pixel_4354,pixel_4355,pixel_4356,pixel_4357,pixel_4358,pixel_4359,pixel_4360,pixel_4361,pixel_4362,pixel_4363,pixel_4364,pixel_4365,pixel_4366,pixel_4367,pixel_4368,pixel_4369,pixel_4370,pixel_4371,pixel_4372,pixel_4373,pixel_4374,pixel_4375,pixel_4376,pixel_4377,pixel_4378,pixel_4379,pixel_4380,pixel_4381,pixel_4382,pixel_4383,pixel_4384,pixel_4385,pixel_4386,pixel_4387,pixel_4388,pixel_4389,pixel_4390,pixel_4391,pixel_4392,pixel_4393,pixel_4394,pixel_4395,pixel_4396,pixel_4397,pixel_4398,pixel_4399,pixel_4400,pixel_4401,pixel_4402,pixel_4403,pixel_4404,pixel_4405,pixel_4406,pixel_4407,pixel_4408,pixel_4409,pixel_4410,pixel_4411,pixel_4412,pixel_4413,pixel_4414,pixel_4415,pixel_4416,pixel_4417,pixel_4418,pixel_4419,pixel_4420,pixel_4421,pixel_4422,pixel_4423,pixel_4424,pixel_4425,pixel_4426,pixel_4427,pixel_4428,pixel_4429,pixel_4430,pixel_4431,pixel_4432,pixel_4433,pixel_4434,pixel_4435,pixel_4436,pixel_4437,pixel_4438,pixel_4439,pixel_4440,pixel_4441,pixel_4442,pixel_4443,pixel_4444,pixel_4445,pixel_4446,pixel_4447,pixel_4448,pixel_4449,pixel_4450,pixel_4451,pixel_4452,pixel_4453,pixel_4454,pixel_4455,pixel_4456,pixel_4457,pixel_4458,pixel_4459,pixel_4460,pixel_4461,pixel_4462,pixel_4463,pixel_4464,pixel_4465,pixel_4466,pixel_4467,pixel_4468,pixel_4469,pixel_4470,pixel_4471,pixel_4472,pixel_4473,pixel_4474,pixel_4475,pixel_4476,pixel_4477,pixel_4478,pixel_4479,pixel_4480,pixel_4481,pixel_4482,pixel_4483,pixel_4484,pixel_4485,pixel_4486,pixel_4487,pixel_4488,pixel_4489,pixel_4490,pixel_4491,pixel_4492,pixel_4493,pixel_4494,pixel_4495,pixel_4496,pixel_4497,pixel_4498,pixel_4499,pixel_4500,pixel_4501,pixel_4502,pixel_4503,pixel_4504,pixel_4505,pixel_4506,pixel_4507,pixel_4508,pixel_4509,pixel_4510,pixel_4511,pixel_4512,pixel_4513,pixel_4514,pixel_4515,pixel_4516,pixel_4517,pixel_4518,pixel_4519,pixel_4520,pixel_4521,pixel_4522,pixel_4523,pixel_4524,pixel_4525,pixel_4526,pixel_4527,pixel_4528,pixel_4529,pixel_4530,pixel_4531,pixel_4532,pixel_4533,pixel_4534,pixel_4535,pixel_4536,pixel_4537,pixel_4538,pixel_4539,pixel_4540,pixel_4541,pixel_4542,pixel_4543,pixel_4544,pixel_4545,pixel_4546,pixel_4547,pixel_4548,pixel_4549,pixel_4550,pixel_4551,pixel_4552,pixel_4553,pixel_4554,pixel_4555,pixel_4556,pixel_4557,pixel_4558,pixel_4559,pixel_4560,pixel_4561,pixel_4562,pixel_4563,pixel_4564,pixel_4565,pixel_4566,pixel_4567,pixel_4568,pixel_4569,pixel_4570,pixel_4571,pixel_4572,pixel_4573,pixel_4574,pixel_4575,pixel_4576,pixel_4577,pixel_4578,pixel_4579,pixel_4580,pixel_4581,pixel_4582,pixel_4583,pixel_4584,pixel_4585,pixel_4586,pixel_4587,pixel_4588,pixel_4589,pixel_4590,pixel_4591,pixel_4592,pixel_4593,pixel_4594,pixel_4595,pixel_4596,pixel_4597,pixel_4598,pixel_4599,pixel_4600,pixel_4601,pixel_4602,pixel_4603,pixel_4604,pixel_4605,pixel_4606,pixel_4607,pixel_4608,pixel_4609,pixel_4610,pixel_4611,pixel_4612,pixel_4613,pixel_4614,pixel_4615,pixel_4616,pixel_4617,pixel_4618,pixel_4619,pixel_4620,pixel_4621,pixel_4622,pixel_4623,pixel_4624,pixel_4625,pixel_4626,pixel_4627,pixel_4628,pixel_4629,pixel_4630,pixel_4631,pixel_4632,pixel_4633,pixel_4634,pixel_4635,pixel_4636,pixel_4637,pixel_4638,pixel_4639,pixel_4640,pixel_4641,pixel_4642,pixel_4643,pixel_4644,pixel_4645,pixel_4646,pixel_4647,pixel_4648,pixel_4649,pixel_4650,pixel_4651,pixel_4652,pixel_4653,pixel_4654,pixel_4655,pixel_4656,pixel_4657,pixel_4658,pixel_4659,pixel_4660,pixel_4661,pixel_4662,pixel_4663,pixel_4664,pixel_4665,pixel_4666,pixel_4667,pixel_4668,pixel_4669,pixel_4670,pixel_4671,pixel_4672,pixel_4673,pixel_4674,pixel_4675,pixel_4676,pixel_4677,pixel_4678,pixel_4679,pixel_4680,pixel_4681,pixel_4682,pixel_4683,pixel_4684,pixel_4685,pixel_4686,pixel_4687,pixel_4688,pixel_4689,pixel_4690,pixel_4691,pixel_4692,pixel_4693,pixel_4694,pixel_4695,pixel_4696,pixel_4697,pixel_4698,pixel_4699,pixel_4700,pixel_4701,pixel_4702,pixel_4703,pixel_4704,pixel_4705,pixel_4706,pixel_4707,pixel_4708,pixel_4709,pixel_4710,pixel_4711,pixel_4712,pixel_4713,pixel_4714,pixel_4715,pixel_4716,pixel_4717,pixel_4718,pixel_4719,pixel_4720,pixel_4721,pixel_4722,pixel_4723,pixel_4724,pixel_4725,pixel_4726,pixel_4727,pixel_4728,pixel_4729,pixel_4730,pixel_4731,pixel_4732,pixel_4733,pixel_4734,pixel_4735,pixel_4736,pixel_4737,pixel_4738,pixel_4739,pixel_4740,pixel_4741,pixel_4742,pixel_4743,pixel_4744,pixel_4745,pixel_4746,pixel_4747,pixel_4748,pixel_4749,pixel_4750,pixel_4751,pixel_4752,pixel_4753,pixel_4754,pixel_4755,pixel_4756,pixel_4757,pixel_4758,pixel_4759,pixel_4760,pixel_4761,pixel_4762,pixel_4763,pixel_4764,pixel_4765,pixel_4766,pixel_4767,pixel_4768,pixel_4769,pixel_4770,pixel_4771,pixel_4772,pixel_4773,pixel_4774,pixel_4775,pixel_4776,pixel_4777,pixel_4778,pixel_4779,pixel_4780,pixel_4781,pixel_4782,pixel_4783,pixel_4784,pixel_4785,pixel_4786,pixel_4787,pixel_4788,pixel_4789,pixel_4790,pixel_4791,pixel_4792,pixel_4793,pixel_4794,pixel_4795,pixel_4796,pixel_4797,pixel_4798,pixel_4799,pixel_4800,pixel_4801,pixel_4802,pixel_4803,pixel_4804,pixel_4805,pixel_4806,pixel_4807,pixel_4808,pixel_4809,pixel_4810,pixel_4811,pixel_4812,pixel_4813,pixel_4814,pixel_4815,pixel_4816,pixel_4817,pixel_4818,pixel_4819,pixel_4820,pixel_4821,pixel_4822,pixel_4823,pixel_4824,pixel_4825,pixel_4826,pixel_4827,pixel_4828,pixel_4829,pixel_4830,pixel_4831,pixel_4832,pixel_4833,pixel_4834,pixel_4835,pixel_4836,pixel_4837,pixel_4838,pixel_4839,pixel_4840,pixel_4841,pixel_4842,pixel_4843,pixel_4844,pixel_4845,pixel_4846,pixel_4847,pixel_4848,pixel_4849,pixel_4850,pixel_4851,pixel_4852,pixel_4853,pixel_4854,pixel_4855,pixel_4856,pixel_4857,pixel_4858,pixel_4859,pixel_4860,pixel_4861,pixel_4862,pixel_4863,pixel_4864,pixel_4865,pixel_4866,pixel_4867,pixel_4868,pixel_4869,pixel_4870,pixel_4871,pixel_4872,pixel_4873,pixel_4874,pixel_4875,pixel_4876,pixel_4877,pixel_4878,pixel_4879,pixel_4880,pixel_4881,pixel_4882,pixel_4883,pixel_4884,pixel_4885,pixel_4886,pixel_4887,pixel_4888,pixel_4889,pixel_4890,pixel_4891,pixel_4892,pixel_4893,pixel_4894,pixel_4895,pixel_4896,pixel_4897,pixel_4898,pixel_4899,pixel_4900,pixel_4901,pixel_4902,pixel_4903,pixel_4904,pixel_4905,pixel_4906,pixel_4907,pixel_4908,pixel_4909,pixel_4910,pixel_4911,pixel_4912,pixel_4913,pixel_4914,pixel_4915,pixel_4916,pixel_4917,pixel_4918,pixel_4919,pixel_4920,pixel_4921,pixel_4922,pixel_4923,pixel_4924,pixel_4925,pixel_4926,pixel_4927,pixel_4928,pixel_4929,pixel_4930,pixel_4931,pixel_4932,pixel_4933,pixel_4934,pixel_4935,pixel_4936,pixel_4937,pixel_4938,pixel_4939,pixel_4940,pixel_4941,pixel_4942,pixel_4943,pixel_4944,pixel_4945,pixel_4946,pixel_4947,pixel_4948,pixel_4949,pixel_4950,pixel_4951,pixel_4952,pixel_4953,pixel_4954,pixel_4955,pixel_4956,pixel_4957,pixel_4958,pixel_4959,pixel_4960,pixel_4961,pixel_4962,pixel_4963,pixel_4964,pixel_4965,pixel_4966,pixel_4967,pixel_4968,pixel_4969,pixel_4970,pixel_4971,pixel_4972,pixel_4973,pixel_4974,pixel_4975,pixel_4976,pixel_4977,pixel_4978,pixel_4979,pixel_4980,pixel_4981,pixel_4982,pixel_4983,pixel_4984,pixel_4985,pixel_4986,pixel_4987,pixel_4988,pixel_4989,pixel_4990,pixel_4991,pixel_4992,pixel_4993,pixel_4994,pixel_4995,pixel_4996,pixel_4997,pixel_4998,pixel_4999,pixel_5000,pixel_5001,pixel_5002,pixel_5003,pixel_5004,pixel_5005,pixel_5006,pixel_5007,pixel_5008,pixel_5009,pixel_5010,pixel_5011,pixel_5012,pixel_5013,pixel_5014,pixel_5015,pixel_5016,pixel_5017,pixel_5018,pixel_5019,pixel_5020,pixel_5021,pixel_5022,pixel_5023,pixel_5024,pixel_5025,pixel_5026,pixel_5027,pixel_5028,pixel_5029,pixel_5030,pixel_5031,pixel_5032,pixel_5033,pixel_5034,pixel_5035,pixel_5036,pixel_5037,pixel_5038,pixel_5039,pixel_5040,pixel_5041,pixel_5042,pixel_5043,pixel_5044,pixel_5045,pixel_5046,pixel_5047,pixel_5048,pixel_5049,pixel_5050,pixel_5051,pixel_5052,pixel_5053,pixel_5054,pixel_5055,pixel_5056,pixel_5057,pixel_5058,pixel_5059,pixel_5060,pixel_5061,pixel_5062,pixel_5063,pixel_5064,pixel_5065,pixel_5066,pixel_5067,pixel_5068,pixel_5069,pixel_5070,pixel_5071,pixel_5072,pixel_5073,pixel_5074,pixel_5075,pixel_5076,pixel_5077,pixel_5078,pixel_5079,pixel_5080,pixel_5081,pixel_5082,pixel_5083,pixel_5084,pixel_5085,pixel_5086,pixel_5087,pixel_5088,pixel_5089,pixel_5090,pixel_5091,pixel_5092,pixel_5093,pixel_5094,pixel_5095,pixel_5096,pixel_5097,pixel_5098,pixel_5099,pixel_5100,pixel_5101,pixel_5102,pixel_5103,pixel_5104,pixel_5105,pixel_5106,pixel_5107,pixel_5108,pixel_5109,pixel_5110,pixel_5111,pixel_5112,pixel_5113,pixel_5114,pixel_5115,pixel_5116,pixel_5117,pixel_5118,pixel_5119,pixel_5120,pixel_5121,pixel_5122,pixel_5123,pixel_5124,pixel_5125,pixel_5126,pixel_5127,pixel_5128,pixel_5129,pixel_5130,pixel_5131,pixel_5132,pixel_5133,pixel_5134,pixel_5135,pixel_5136,pixel_5137,pixel_5138,pixel_5139,pixel_5140,pixel_5141,pixel_5142,pixel_5143,pixel_5144,pixel_5145,pixel_5146,pixel_5147,pixel_5148,pixel_5149,pixel_5150,pixel_5151,pixel_5152,pixel_5153,pixel_5154,pixel_5155,pixel_5156,pixel_5157,pixel_5158,pixel_5159,pixel_5160,pixel_5161,pixel_5162,pixel_5163,pixel_5164,pixel_5165,pixel_5166,pixel_5167,pixel_5168,pixel_5169,pixel_5170,pixel_5171,pixel_5172,pixel_5173,pixel_5174,pixel_5175,pixel_5176,pixel_5177,pixel_5178,pixel_5179,pixel_5180,pixel_5181,pixel_5182,pixel_5183,pixel_5184,pixel_5185,pixel_5186,pixel_5187,pixel_5188,pixel_5189,pixel_5190,pixel_5191,pixel_5192,pixel_5193,pixel_5194,pixel_5195,pixel_5196,pixel_5197,pixel_5198,pixel_5199,pixel_5200,pixel_5201,pixel_5202,pixel_5203,pixel_5204,pixel_5205,pixel_5206,pixel_5207,pixel_5208,pixel_5209,pixel_5210,pixel_5211,pixel_5212,pixel_5213,pixel_5214,pixel_5215,pixel_5216,pixel_5217,pixel_5218,pixel_5219,pixel_5220,pixel_5221,pixel_5222,pixel_5223,pixel_5224,pixel_5225,pixel_5226,pixel_5227,pixel_5228,pixel_5229,pixel_5230,pixel_5231,pixel_5232,pixel_5233,pixel_5234,pixel_5235,pixel_5236,pixel_5237,pixel_5238,pixel_5239,pixel_5240,pixel_5241,pixel_5242,pixel_5243,pixel_5244,pixel_5245,pixel_5246,pixel_5247,pixel_5248,pixel_5249,pixel_5250,pixel_5251,pixel_5252,pixel_5253,pixel_5254,pixel_5255,pixel_5256,pixel_5257,pixel_5258,pixel_5259,pixel_5260,pixel_5261,pixel_5262,pixel_5263,pixel_5264,pixel_5265,pixel_5266,pixel_5267,pixel_5268,pixel_5269,pixel_5270,pixel_5271,pixel_5272,pixel_5273,pixel_5274,pixel_5275,pixel_5276,pixel_5277,pixel_5278,pixel_5279,pixel_5280,pixel_5281,pixel_5282,pixel_5283,pixel_5284,pixel_5285,pixel_5286,pixel_5287,pixel_5288,pixel_5289,pixel_5290,pixel_5291,pixel_5292,pixel_5293,pixel_5294,pixel_5295,pixel_5296,pixel_5297,pixel_5298,pixel_5299,pixel_5300,pixel_5301,pixel_5302,pixel_5303,pixel_5304,pixel_5305,pixel_5306,pixel_5307,pixel_5308,pixel_5309,pixel_5310,pixel_5311,pixel_5312,pixel_5313,pixel_5314,pixel_5315,pixel_5316,pixel_5317,pixel_5318,pixel_5319,pixel_5320,pixel_5321,pixel_5322,pixel_5323,pixel_5324,pixel_5325,pixel_5326,pixel_5327,pixel_5328,pixel_5329,pixel_5330,pixel_5331,pixel_5332,pixel_5333,pixel_5334,pixel_5335,pixel_5336,pixel_5337,pixel_5338,pixel_5339,pixel_5340,pixel_5341,pixel_5342,pixel_5343,pixel_5344,pixel_5345,pixel_5346,pixel_5347,pixel_5348,pixel_5349,pixel_5350,pixel_5351,pixel_5352,pixel_5353,pixel_5354,pixel_5355,pixel_5356,pixel_5357,pixel_5358,pixel_5359,pixel_5360,pixel_5361,pixel_5362,pixel_5363,pixel_5364,pixel_5365,pixel_5366,pixel_5367,pixel_5368,pixel_5369,pixel_5370,pixel_5371,pixel_5372,pixel_5373,pixel_5374,pixel_5375,pixel_5376,pixel_5377,pixel_5378,pixel_5379,pixel_5380,pixel_5381,pixel_5382,pixel_5383,pixel_5384,pixel_5385,pixel_5386,pixel_5387,pixel_5388,pixel_5389,pixel_5390,pixel_5391,pixel_5392,pixel_5393,pixel_5394,pixel_5395,pixel_5396,pixel_5397,pixel_5398,pixel_5399,pixel_5400,pixel_5401,pixel_5402,pixel_5403,pixel_5404,pixel_5405,pixel_5406,pixel_5407,pixel_5408,pixel_5409,pixel_5410,pixel_5411,pixel_5412,pixel_5413,pixel_5414,pixel_5415,pixel_5416,pixel_5417,pixel_5418,pixel_5419,pixel_5420,pixel_5421,pixel_5422,pixel_5423,pixel_5424,pixel_5425,pixel_5426,pixel_5427,pixel_5428,pixel_5429,pixel_5430,pixel_5431,pixel_5432,pixel_5433,pixel_5434,pixel_5435,pixel_5436,pixel_5437,pixel_5438,pixel_5439,pixel_5440,pixel_5441,pixel_5442,pixel_5443,pixel_5444,pixel_5445,pixel_5446,pixel_5447,pixel_5448,pixel_5449,pixel_5450,pixel_5451,pixel_5452,pixel_5453,pixel_5454,pixel_5455,pixel_5456,pixel_5457,pixel_5458,pixel_5459,pixel_5460,pixel_5461,pixel_5462,pixel_5463,pixel_5464,pixel_5465,pixel_5466,pixel_5467,pixel_5468,pixel_5469,pixel_5470,pixel_5471,pixel_5472,pixel_5473,pixel_5474,pixel_5475,pixel_5476,pixel_5477,pixel_5478,pixel_5479,pixel_5480,pixel_5481,pixel_5482,pixel_5483,pixel_5484,pixel_5485,pixel_5486,pixel_5487,pixel_5488,pixel_5489,pixel_5490,pixel_5491,pixel_5492,pixel_5493,pixel_5494,pixel_5495,pixel_5496,pixel_5497,pixel_5498,pixel_5499,pixel_5500,pixel_5501,pixel_5502,pixel_5503,pixel_5504,pixel_5505,pixel_5506,pixel_5507,pixel_5508,pixel_5509,pixel_5510,pixel_5511,pixel_5512,pixel_5513,pixel_5514,pixel_5515,pixel_5516,pixel_5517,pixel_5518,pixel_5519,pixel_5520,pixel_5521,pixel_5522,pixel_5523,pixel_5524,pixel_5525,pixel_5526,pixel_5527,pixel_5528,pixel_5529,pixel_5530,pixel_5531,pixel_5532,pixel_5533,pixel_5534,pixel_5535,pixel_5536,pixel_5537,pixel_5538,pixel_5539,pixel_5540,pixel_5541,pixel_5542,pixel_5543,pixel_5544,pixel_5545,pixel_5546,pixel_5547,pixel_5548,pixel_5549,pixel_5550,pixel_5551,pixel_5552,pixel_5553,pixel_5554,pixel_5555,pixel_5556,pixel_5557,pixel_5558,pixel_5559,pixel_5560,pixel_5561,pixel_5562,pixel_5563,pixel_5564,pixel_5565,pixel_5566,pixel_5567,pixel_5568,pixel_5569,pixel_5570,pixel_5571,pixel_5572,pixel_5573,pixel_5574,pixel_5575,pixel_5576,pixel_5577,pixel_5578,pixel_5579,pixel_5580,pixel_5581,pixel_5582,pixel_5583,pixel_5584,pixel_5585,pixel_5586,pixel_5587,pixel_5588,pixel_5589,pixel_5590,pixel_5591,pixel_5592,pixel_5593,pixel_5594,pixel_5595,pixel_5596,pixel_5597,pixel_5598,pixel_5599,pixel_5600,pixel_5601,pixel_5602,pixel_5603,pixel_5604,pixel_5605,pixel_5606,pixel_5607,pixel_5608,pixel_5609,pixel_5610,pixel_5611,pixel_5612,pixel_5613,pixel_5614,pixel_5615,pixel_5616,pixel_5617,pixel_5618,pixel_5619,pixel_5620,pixel_5621,pixel_5622,pixel_5623,pixel_5624,pixel_5625,pixel_5626,pixel_5627,pixel_5628,pixel_5629,pixel_5630,pixel_5631,pixel_5632,pixel_5633,pixel_5634,pixel_5635,pixel_5636,pixel_5637,pixel_5638,pixel_5639,pixel_5640,pixel_5641,pixel_5642,pixel_5643,pixel_5644,pixel_5645,pixel_5646,pixel_5647,pixel_5648,pixel_5649,pixel_5650,pixel_5651,pixel_5652,pixel_5653,pixel_5654,pixel_5655,pixel_5656,pixel_5657,pixel_5658,pixel_5659,pixel_5660,pixel_5661,pixel_5662,pixel_5663,pixel_5664,pixel_5665,pixel_5666,pixel_5667,pixel_5668,pixel_5669,pixel_5670,pixel_5671,pixel_5672,pixel_5673,pixel_5674,pixel_5675,pixel_5676,pixel_5677,pixel_5678,pixel_5679,pixel_5680,pixel_5681,pixel_5682,pixel_5683,pixel_5684,pixel_5685,pixel_5686,pixel_5687,pixel_5688,pixel_5689,pixel_5690,pixel_5691,pixel_5692,pixel_5693,pixel_5694,pixel_5695,pixel_5696,pixel_5697,pixel_5698,pixel_5699,pixel_5700,pixel_5701,pixel_5702,pixel_5703,pixel_5704,pixel_5705,pixel_5706,pixel_5707,pixel_5708,pixel_5709,pixel_5710,pixel_5711,pixel_5712,pixel_5713,pixel_5714,pixel_5715,pixel_5716,pixel_5717,pixel_5718,pixel_5719,pixel_5720,pixel_5721,pixel_5722,pixel_5723,pixel_5724,pixel_5725,pixel_5726,pixel_5727,pixel_5728,pixel_5729,pixel_5730,pixel_5731,pixel_5732,pixel_5733,pixel_5734,pixel_5735,pixel_5736,pixel_5737,pixel_5738,pixel_5739,pixel_5740,pixel_5741,pixel_5742,pixel_5743,pixel_5744,pixel_5745,pixel_5746,pixel_5747,pixel_5748,pixel_5749,pixel_5750,pixel_5751,pixel_5752,pixel_5753,pixel_5754,pixel_5755,pixel_5756,pixel_5757,pixel_5758,pixel_5759,pixel_5760,pixel_5761,pixel_5762,pixel_5763,pixel_5764,pixel_5765,pixel_5766,pixel_5767,pixel_5768,pixel_5769,pixel_5770,pixel_5771,pixel_5772,pixel_5773,pixel_5774,pixel_5775,pixel_5776,pixel_5777,pixel_5778,pixel_5779,pixel_5780,pixel_5781,pixel_5782,pixel_5783,pixel_5784,pixel_5785,pixel_5786,pixel_5787,pixel_5788,pixel_5789,pixel_5790,pixel_5791,pixel_5792,pixel_5793,pixel_5794,pixel_5795,pixel_5796,pixel_5797,pixel_5798,pixel_5799,pixel_5800,pixel_5801,pixel_5802,pixel_5803,pixel_5804,pixel_5805,pixel_5806,pixel_5807,pixel_5808,pixel_5809,pixel_5810,pixel_5811,pixel_5812,pixel_5813,pixel_5814,pixel_5815,pixel_5816,pixel_5817,pixel_5818,pixel_5819,pixel_5820,pixel_5821,pixel_5822,pixel_5823,pixel_5824,pixel_5825,pixel_5826,pixel_5827,pixel_5828,pixel_5829,pixel_5830,pixel_5831,pixel_5832,pixel_5833,pixel_5834,pixel_5835,pixel_5836,pixel_5837,pixel_5838,pixel_5839,pixel_5840,pixel_5841,pixel_5842,pixel_5843,pixel_5844,pixel_5845,pixel_5846,pixel_5847,pixel_5848,pixel_5849,pixel_5850,pixel_5851,pixel_5852,pixel_5853,pixel_5854,pixel_5855,pixel_5856,pixel_5857,pixel_5858,pixel_5859,pixel_5860,pixel_5861,pixel_5862,pixel_5863,pixel_5864,pixel_5865,pixel_5866,pixel_5867,pixel_5868,pixel_5869,pixel_5870,pixel_5871,pixel_5872,pixel_5873,pixel_5874,pixel_5875,pixel_5876,pixel_5877,pixel_5878,pixel_5879,pixel_5880,pixel_5881,pixel_5882,pixel_5883,pixel_5884,pixel_5885,pixel_5886,pixel_5887,pixel_5888,pixel_5889,pixel_5890,pixel_5891,pixel_5892,pixel_5893,pixel_5894,pixel_5895,pixel_5896,pixel_5897,pixel_5898,pixel_5899,pixel_5900,pixel_5901,pixel_5902,pixel_5903,pixel_5904,pixel_5905,pixel_5906,pixel_5907,pixel_5908,pixel_5909,pixel_5910,pixel_5911,pixel_5912,pixel_5913,pixel_5914,pixel_5915,pixel_5916,pixel_5917,pixel_5918,pixel_5919,pixel_5920,pixel_5921,pixel_5922,pixel_5923,pixel_5924,pixel_5925,pixel_5926,pixel_5927,pixel_5928,pixel_5929,pixel_5930,pixel_5931,pixel_5932,pixel_5933,pixel_5934,pixel_5935,pixel_5936,pixel_5937,pixel_5938,pixel_5939,pixel_5940,pixel_5941,pixel_5942,pixel_5943,pixel_5944,pixel_5945,pixel_5946,pixel_5947,pixel_5948,pixel_5949,pixel_5950,pixel_5951,pixel_5952,pixel_5953,pixel_5954,pixel_5955,pixel_5956,pixel_5957,pixel_5958,pixel_5959,pixel_5960,pixel_5961,pixel_5962,pixel_5963,pixel_5964,pixel_5965,pixel_5966,pixel_5967,pixel_5968,pixel_5969,pixel_5970,pixel_5971,pixel_5972,pixel_5973,pixel_5974,pixel_5975,pixel_5976,pixel_5977,pixel_5978,pixel_5979,pixel_5980,pixel_5981,pixel_5982,pixel_5983,pixel_5984,pixel_5985,pixel_5986,pixel_5987,pixel_5988,pixel_5989,pixel_5990,pixel_5991,pixel_5992,pixel_5993,pixel_5994,pixel_5995,pixel_5996,pixel_5997,pixel_5998,pixel_5999,pixel_6000,pixel_6001,pixel_6002,pixel_6003,pixel_6004,pixel_6005,pixel_6006,pixel_6007,pixel_6008,pixel_6009,pixel_6010,pixel_6011,pixel_6012,pixel_6013,pixel_6014,pixel_6015,pixel_6016,pixel_6017,pixel_6018,pixel_6019,pixel_6020,pixel_6021,pixel_6022,pixel_6023,pixel_6024,pixel_6025,pixel_6026,pixel_6027,pixel_6028,pixel_6029,pixel_6030,pixel_6031,pixel_6032,pixel_6033,pixel_6034,pixel_6035,pixel_6036,pixel_6037,pixel_6038,pixel_6039,pixel_6040,pixel_6041,pixel_6042,pixel_6043,pixel_6044,pixel_6045,pixel_6046,pixel_6047,pixel_6048,pixel_6049,pixel_6050,pixel_6051,pixel_6052,pixel_6053,pixel_6054,pixel_6055,pixel_6056,pixel_6057,pixel_6058,pixel_6059,pixel_6060,pixel_6061,pixel_6062,pixel_6063,pixel_6064,pixel_6065,pixel_6066,pixel_6067,pixel_6068,pixel_6069,pixel_6070,pixel_6071,pixel_6072,pixel_6073,pixel_6074,pixel_6075,pixel_6076,pixel_6077,pixel_6078,pixel_6079,pixel_6080,pixel_6081,pixel_6082,pixel_6083,pixel_6084,pixel_6085,pixel_6086,pixel_6087,pixel_6088,pixel_6089,pixel_6090,pixel_6091,pixel_6092,pixel_6093,pixel_6094,pixel_6095,pixel_6096,pixel_6097,pixel_6098,pixel_6099,pixel_6100,pixel_6101,pixel_6102,pixel_6103,pixel_6104,pixel_6105,pixel_6106,pixel_6107,pixel_6108,pixel_6109,pixel_6110,pixel_6111,pixel_6112,pixel_6113,pixel_6114,pixel_6115,pixel_6116,pixel_6117,pixel_6118,pixel_6119,pixel_6120,pixel_6121,pixel_6122,pixel_6123,pixel_6124,pixel_6125,pixel_6126,pixel_6127,pixel_6128,pixel_6129,pixel_6130,pixel_6131,pixel_6132,pixel_6133,pixel_6134,pixel_6135,pixel_6136,pixel_6137,pixel_6138,pixel_6139,pixel_6140,pixel_6141,pixel_6142,pixel_6143,pixel_6144,pixel_6145,pixel_6146,pixel_6147,pixel_6148,pixel_6149,pixel_6150,pixel_6151,pixel_6152,pixel_6153,pixel_6154,pixel_6155,pixel_6156,pixel_6157,pixel_6158,pixel_6159,pixel_6160,pixel_6161,pixel_6162,pixel_6163,pixel_6164,pixel_6165,pixel_6166,pixel_6167,pixel_6168,pixel_6169,pixel_6170,pixel_6171,pixel_6172,pixel_6173,pixel_6174,pixel_6175,pixel_6176,pixel_6177,pixel_6178,pixel_6179,pixel_6180,pixel_6181,pixel_6182,pixel_6183,pixel_6184,pixel_6185,pixel_6186,pixel_6187,pixel_6188,pixel_6189,pixel_6190,pixel_6191,pixel_6192,pixel_6193,pixel_6194,pixel_6195,pixel_6196,pixel_6197,pixel_6198,pixel_6199,pixel_6200,pixel_6201,pixel_6202,pixel_6203,pixel_6204,pixel_6205,pixel_6206,pixel_6207,pixel_6208,pixel_6209,pixel_6210,pixel_6211,pixel_6212,pixel_6213,pixel_6214,pixel_6215,pixel_6216,pixel_6217,pixel_6218,pixel_6219,pixel_6220,pixel_6221,pixel_6222,pixel_6223,pixel_6224,pixel_6225,pixel_6226,pixel_6227,pixel_6228,pixel_6229,pixel_6230,pixel_6231,pixel_6232,pixel_6233,pixel_6234,pixel_6235,pixel_6236,pixel_6237,pixel_6238,pixel_6239,pixel_6240,pixel_6241,pixel_6242,pixel_6243,pixel_6244,pixel_6245,pixel_6246,pixel_6247,pixel_6248,pixel_6249,pixel_6250,pixel_6251,pixel_6252,pixel_6253,pixel_6254,pixel_6255,pixel_6256,pixel_6257,pixel_6258,pixel_6259,pixel_6260,pixel_6261,pixel_6262,pixel_6263,pixel_6264,pixel_6265,pixel_6266,pixel_6267,pixel_6268,pixel_6269,pixel_6270,pixel_6271,pixel_6272,pixel_6273,pixel_6274,pixel_6275,pixel_6276,pixel_6277,pixel_6278,pixel_6279,pixel_6280,pixel_6281,pixel_6282,pixel_6283,pixel_6284,pixel_6285,pixel_6286,pixel_6287,pixel_6288,pixel_6289,pixel_6290,pixel_6291,pixel_6292,pixel_6293,pixel_6294,pixel_6295,pixel_6296,pixel_6297,pixel_6298,pixel_6299,pixel_6300,pixel_6301,pixel_6302,pixel_6303,pixel_6304,pixel_6305,pixel_6306,pixel_6307,pixel_6308,pixel_6309,pixel_6310,pixel_6311,pixel_6312,pixel_6313,pixel_6314,pixel_6315,pixel_6316,pixel_6317,pixel_6318,pixel_6319,pixel_6320,pixel_6321,pixel_6322,pixel_6323,pixel_6324,pixel_6325,pixel_6326,pixel_6327,pixel_6328,pixel_6329,pixel_6330,pixel_6331,pixel_6332,pixel_6333,pixel_6334,pixel_6335,pixel_6336,pixel_6337,pixel_6338,pixel_6339,pixel_6340,pixel_6341,pixel_6342,pixel_6343,pixel_6344,pixel_6345,pixel_6346,pixel_6347,pixel_6348,pixel_6349,pixel_6350,pixel_6351,pixel_6352,pixel_6353,pixel_6354,pixel_6355,pixel_6356,pixel_6357,pixel_6358,pixel_6359,pixel_6360,pixel_6361,pixel_6362,pixel_6363,pixel_6364,pixel_6365,pixel_6366,pixel_6367,pixel_6368,pixel_6369,pixel_6370,pixel_6371,pixel_6372,pixel_6373,pixel_6374,pixel_6375,pixel_6376,pixel_6377,pixel_6378,pixel_6379,pixel_6380,pixel_6381,pixel_6382,pixel_6383,pixel_6384,pixel_6385,pixel_6386,pixel_6387,pixel_6388,pixel_6389,pixel_6390,pixel_6391,pixel_6392,pixel_6393,pixel_6394,pixel_6395,pixel_6396,pixel_6397,pixel_6398,pixel_6399,pixel_6400,pixel_6401,pixel_6402,pixel_6403,pixel_6404,pixel_6405,pixel_6406,pixel_6407,pixel_6408,pixel_6409,pixel_6410,pixel_6411,pixel_6412,pixel_6413,pixel_6414,pixel_6415,pixel_6416,pixel_6417,pixel_6418,pixel_6419,pixel_6420,pixel_6421,pixel_6422,pixel_6423,pixel_6424,pixel_6425,pixel_6426,pixel_6427,pixel_6428,pixel_6429,pixel_6430,pixel_6431,pixel_6432,pixel_6433,pixel_6434,pixel_6435,pixel_6436,pixel_6437,pixel_6438,pixel_6439,pixel_6440,pixel_6441,pixel_6442,pixel_6443,pixel_6444,pixel_6445,pixel_6446,pixel_6447,pixel_6448,pixel_6449,pixel_6450,pixel_6451,pixel_6452,pixel_6453,pixel_6454,pixel_6455,pixel_6456,pixel_6457,pixel_6458,pixel_6459,pixel_6460,pixel_6461,pixel_6462,pixel_6463,pixel_6464,pixel_6465,pixel_6466,pixel_6467,pixel_6468,pixel_6469,pixel_6470,pixel_6471,pixel_6472,pixel_6473,pixel_6474,pixel_6475,pixel_6476,pixel_6477,pixel_6478,pixel_6479,pixel_6480,pixel_6481,pixel_6482,pixel_6483,pixel_6484,pixel_6485,pixel_6486,pixel_6487,pixel_6488,pixel_6489,pixel_6490,pixel_6491,pixel_6492,pixel_6493,pixel_6494,pixel_6495,pixel_6496,pixel_6497,pixel_6498,pixel_6499,pixel_6500,pixel_6501,pixel_6502,pixel_6503,pixel_6504,pixel_6505,pixel_6506,pixel_6507,pixel_6508,pixel_6509,pixel_6510,pixel_6511,pixel_6512,pixel_6513,pixel_6514,pixel_6515,pixel_6516,pixel_6517,pixel_6518,pixel_6519,pixel_6520,pixel_6521,pixel_6522,pixel_6523,pixel_6524,pixel_6525,pixel_6526,pixel_6527,pixel_6528,pixel_6529,pixel_6530,pixel_6531,pixel_6532,pixel_6533,pixel_6534,pixel_6535,pixel_6536,pixel_6537,pixel_6538,pixel_6539,pixel_6540,pixel_6541,pixel_6542,pixel_6543,pixel_6544,pixel_6545,pixel_6546,pixel_6547,pixel_6548,pixel_6549,pixel_6550,pixel_6551,pixel_6552,pixel_6553,pixel_6554,pixel_6555,pixel_6556,pixel_6557,pixel_6558,pixel_6559,pixel_6560,pixel_6561,pixel_6562,pixel_6563,pixel_6564,pixel_6565,pixel_6566,pixel_6567,pixel_6568,pixel_6569,pixel_6570,pixel_6571,pixel_6572,pixel_6573,pixel_6574,pixel_6575,pixel_6576,pixel_6577,pixel_6578,pixel_6579,pixel_6580,pixel_6581,pixel_6582,pixel_6583,pixel_6584,pixel_6585,pixel_6586,pixel_6587,pixel_6588,pixel_6589,pixel_6590,pixel_6591,pixel_6592,pixel_6593,pixel_6594,pixel_6595,pixel_6596,pixel_6597,pixel_6598,pixel_6599,pixel_6600,pixel_6601,pixel_6602,pixel_6603,pixel_6604,pixel_6605,pixel_6606,pixel_6607,pixel_6608,pixel_6609,pixel_6610,pixel_6611,pixel_6612,pixel_6613,pixel_6614,pixel_6615,pixel_6616,pixel_6617,pixel_6618,pixel_6619,pixel_6620,pixel_6621,pixel_6622,pixel_6623,pixel_6624,pixel_6625,pixel_6626,pixel_6627,pixel_6628,pixel_6629,pixel_6630,pixel_6631,pixel_6632,pixel_6633,pixel_6634,pixel_6635,pixel_6636,pixel_6637,pixel_6638,pixel_6639,pixel_6640,pixel_6641,pixel_6642,pixel_6643,pixel_6644,pixel_6645,pixel_6646,pixel_6647,pixel_6648,pixel_6649,pixel_6650,pixel_6651,pixel_6652,pixel_6653,pixel_6654,pixel_6655,pixel_6656,pixel_6657,pixel_6658,pixel_6659,pixel_6660,pixel_6661,pixel_6662,pixel_6663,pixel_6664,pixel_6665,pixel_6666,pixel_6667,pixel_6668,pixel_6669,pixel_6670,pixel_6671,pixel_6672,pixel_6673,pixel_6674,pixel_6675,pixel_6676,pixel_6677,pixel_6678,pixel_6679,pixel_6680,pixel_6681,pixel_6682,pixel_6683,pixel_6684,pixel_6685,pixel_6686,pixel_6687,pixel_6688,pixel_6689,pixel_6690,pixel_6691,pixel_6692,pixel_6693,pixel_6694,pixel_6695,pixel_6696,pixel_6697,pixel_6698,pixel_6699,pixel_6700,pixel_6701,pixel_6702,pixel_6703,pixel_6704,pixel_6705,pixel_6706,pixel_6707,pixel_6708,pixel_6709,pixel_6710,pixel_6711,pixel_6712,pixel_6713,pixel_6714,pixel_6715,pixel_6716,pixel_6717,pixel_6718,pixel_6719,pixel_6720,pixel_6721,pixel_6722,pixel_6723,pixel_6724,pixel_6725,pixel_6726,pixel_6727,pixel_6728,pixel_6729,pixel_6730,pixel_6731,pixel_6732,pixel_6733,pixel_6734,pixel_6735,pixel_6736,pixel_6737,pixel_6738,pixel_6739,pixel_6740,pixel_6741,pixel_6742,pixel_6743,pixel_6744,pixel_6745,pixel_6746,pixel_6747,pixel_6748,pixel_6749,pixel_6750,pixel_6751,pixel_6752,pixel_6753,pixel_6754,pixel_6755,pixel_6756,pixel_6757,pixel_6758,pixel_6759,pixel_6760,pixel_6761,pixel_6762,pixel_6763,pixel_6764,pixel_6765,pixel_6766,pixel_6767,pixel_6768,pixel_6769,pixel_6770,pixel_6771,pixel_6772,pixel_6773,pixel_6774,pixel_6775,pixel_6776,pixel_6777,pixel_6778,pixel_6779,pixel_6780,pixel_6781,pixel_6782,pixel_6783,pixel_6784,pixel_6785,pixel_6786,pixel_6787,pixel_6788,pixel_6789,pixel_6790,pixel_6791,pixel_6792,pixel_6793,pixel_6794,pixel_6795,pixel_6796,pixel_6797,pixel_6798,pixel_6799,pixel_6800,pixel_6801,pixel_6802,pixel_6803,pixel_6804,pixel_6805,pixel_6806,pixel_6807,pixel_6808,pixel_6809,pixel_6810,pixel_6811,pixel_6812,pixel_6813,pixel_6814,pixel_6815,pixel_6816,pixel_6817,pixel_6818,pixel_6819,pixel_6820,pixel_6821,pixel_6822,pixel_6823,pixel_6824,pixel_6825,pixel_6826,pixel_6827,pixel_6828,pixel_6829,pixel_6830,pixel_6831,pixel_6832,pixel_6833,pixel_6834,pixel_6835,pixel_6836,pixel_6837,pixel_6838,pixel_6839,pixel_6840,pixel_6841,pixel_6842,pixel_6843,pixel_6844,pixel_6845,pixel_6846,pixel_6847,pixel_6848,pixel_6849,pixel_6850,pixel_6851,pixel_6852,pixel_6853,pixel_6854,pixel_6855,pixel_6856,pixel_6857,pixel_6858,pixel_6859,pixel_6860,pixel_6861,pixel_6862,pixel_6863,pixel_6864,pixel_6865,pixel_6866,pixel_6867,pixel_6868,pixel_6869,pixel_6870,pixel_6871,pixel_6872,pixel_6873,pixel_6874,pixel_6875,pixel_6876,pixel_6877,pixel_6878,pixel_6879,pixel_6880,pixel_6881,pixel_6882,pixel_6883,pixel_6884,pixel_6885,pixel_6886,pixel_6887,pixel_6888,pixel_6889,pixel_6890,pixel_6891,pixel_6892,pixel_6893,pixel_6894,pixel_6895,pixel_6896,pixel_6897,pixel_6898,pixel_6899,pixel_6900,pixel_6901,pixel_6902,pixel_6903,pixel_6904,pixel_6905,pixel_6906,pixel_6907,pixel_6908,pixel_6909,pixel_6910,pixel_6911,pixel_6912,pixel_6913,pixel_6914,pixel_6915,pixel_6916,pixel_6917,pixel_6918,pixel_6919,pixel_6920,pixel_6921,pixel_6922,pixel_6923,pixel_6924,pixel_6925,pixel_6926,pixel_6927,pixel_6928,pixel_6929,pixel_6930,pixel_6931,pixel_6932,pixel_6933,pixel_6934,pixel_6935,pixel_6936,pixel_6937,pixel_6938,pixel_6939,pixel_6940,pixel_6941,pixel_6942,pixel_6943,pixel_6944,pixel_6945,pixel_6946,pixel_6947,pixel_6948,pixel_6949,pixel_6950,pixel_6951,pixel_6952,pixel_6953,pixel_6954,pixel_6955,pixel_6956,pixel_6957,pixel_6958,pixel_6959,pixel_6960,pixel_6961,pixel_6962,pixel_6963,pixel_6964,pixel_6965,pixel_6966,pixel_6967,pixel_6968,pixel_6969,pixel_6970,pixel_6971,pixel_6972,pixel_6973,pixel_6974,pixel_6975,pixel_6976,pixel_6977,pixel_6978,pixel_6979,pixel_6980,pixel_6981,pixel_6982,pixel_6983,pixel_6984,pixel_6985,pixel_6986,pixel_6987,pixel_6988,pixel_6989,pixel_6990,pixel_6991,pixel_6992,pixel_6993,pixel_6994,pixel_6995,pixel_6996,pixel_6997,pixel_6998,pixel_6999,pixel_7000,pixel_7001,pixel_7002,pixel_7003,pixel_7004,pixel_7005,pixel_7006,pixel_7007,pixel_7008,pixel_7009,pixel_7010,pixel_7011,pixel_7012,pixel_7013,pixel_7014,pixel_7015,pixel_7016,pixel_7017,pixel_7018,pixel_7019,pixel_7020,pixel_7021,pixel_7022,pixel_7023,pixel_7024,pixel_7025,pixel_7026,pixel_7027,pixel_7028,pixel_7029,pixel_7030,pixel_7031,pixel_7032,pixel_7033,pixel_7034,pixel_7035,pixel_7036,pixel_7037,pixel_7038,pixel_7039,pixel_7040,pixel_7041,pixel_7042,pixel_7043,pixel_7044,pixel_7045,pixel_7046,pixel_7047,pixel_7048,pixel_7049,pixel_7050,pixel_7051,pixel_7052,pixel_7053,pixel_7054,pixel_7055,pixel_7056,pixel_7057,pixel_7058,pixel_7059,pixel_7060,pixel_7061,pixel_7062,pixel_7063,pixel_7064,pixel_7065,pixel_7066,pixel_7067,pixel_7068,pixel_7069,pixel_7070,pixel_7071,pixel_7072,pixel_7073,pixel_7074,pixel_7075,pixel_7076,pixel_7077,pixel_7078,pixel_7079,pixel_7080,pixel_7081,pixel_7082,pixel_7083,pixel_7084,pixel_7085,pixel_7086,pixel_7087,pixel_7088,pixel_7089,pixel_7090,pixel_7091,pixel_7092,pixel_7093,pixel_7094,pixel_7095,pixel_7096,pixel_7097,pixel_7098,pixel_7099,pixel_7100,pixel_7101,pixel_7102,pixel_7103,pixel_7104,pixel_7105,pixel_7106,pixel_7107,pixel_7108,pixel_7109,pixel_7110,pixel_7111,pixel_7112,pixel_7113,pixel_7114,pixel_7115,pixel_7116,pixel_7117,pixel_7118,pixel_7119,pixel_7120,pixel_7121,pixel_7122,pixel_7123,pixel_7124,pixel_7125,pixel_7126,pixel_7127,pixel_7128,pixel_7129,pixel_7130,pixel_7131,pixel_7132,pixel_7133,pixel_7134,pixel_7135,pixel_7136,pixel_7137,pixel_7138,pixel_7139,pixel_7140,pixel_7141,pixel_7142,pixel_7143,pixel_7144,pixel_7145,pixel_7146,pixel_7147,pixel_7148,pixel_7149,pixel_7150,pixel_7151,pixel_7152,pixel_7153,pixel_7154,pixel_7155,pixel_7156,pixel_7157,pixel_7158,pixel_7159,pixel_7160,pixel_7161,pixel_7162,pixel_7163,pixel_7164,pixel_7165,pixel_7166,pixel_7167,pixel_7168,pixel_7169,pixel_7170,pixel_7171,pixel_7172,pixel_7173,pixel_7174,pixel_7175,pixel_7176,pixel_7177,pixel_7178,pixel_7179,pixel_7180,pixel_7181,pixel_7182,pixel_7183,pixel_7184,pixel_7185,pixel_7186,pixel_7187,pixel_7188,pixel_7189,pixel_7190,pixel_7191,pixel_7192,pixel_7193,pixel_7194,pixel_7195,pixel_7196,pixel_7197,pixel_7198,pixel_7199,pixel_7200,pixel_7201,pixel_7202,pixel_7203,pixel_7204,pixel_7205,pixel_7206,pixel_7207,pixel_7208,pixel_7209,pixel_7210,pixel_7211,pixel_7212,pixel_7213,pixel_7214,pixel_7215,pixel_7216,pixel_7217,pixel_7218,pixel_7219,pixel_7220,pixel_7221,pixel_7222,pixel_7223,pixel_7224,pixel_7225,pixel_7226,pixel_7227,pixel_7228,pixel_7229,pixel_7230,pixel_7231,pixel_7232,pixel_7233,pixel_7234,pixel_7235,pixel_7236,pixel_7237,pixel_7238,pixel_7239,pixel_7240,pixel_7241,pixel_7242,pixel_7243,pixel_7244,pixel_7245,pixel_7246,pixel_7247,pixel_7248,pixel_7249,pixel_7250,pixel_7251,pixel_7252,pixel_7253,pixel_7254,pixel_7255,pixel_7256,pixel_7257,pixel_7258,pixel_7259,pixel_7260,pixel_7261,pixel_7262,pixel_7263,pixel_7264,pixel_7265,pixel_7266,pixel_7267,pixel_7268,pixel_7269,pixel_7270,pixel_7271,pixel_7272,pixel_7273,pixel_7274,pixel_7275,pixel_7276,pixel_7277,pixel_7278,pixel_7279,pixel_7280,pixel_7281,pixel_7282,pixel_7283,pixel_7284,pixel_7285,pixel_7286,pixel_7287,pixel_7288,pixel_7289,pixel_7290,pixel_7291,pixel_7292,pixel_7293,pixel_7294,pixel_7295,pixel_7296,pixel_7297,pixel_7298,pixel_7299,pixel_7300,pixel_7301,pixel_7302,pixel_7303,pixel_7304,pixel_7305,pixel_7306,pixel_7307,pixel_7308,pixel_7309,pixel_7310,pixel_7311,pixel_7312,pixel_7313,pixel_7314,pixel_7315,pixel_7316,pixel_7317,pixel_7318,pixel_7319,pixel_7320,pixel_7321,pixel_7322,pixel_7323,pixel_7324,pixel_7325,pixel_7326,pixel_7327,pixel_7328,pixel_7329,pixel_7330,pixel_7331,pixel_7332,pixel_7333,pixel_7334,pixel_7335,pixel_7336,pixel_7337,pixel_7338,pixel_7339,pixel_7340,pixel_7341,pixel_7342,pixel_7343,pixel_7344,pixel_7345,pixel_7346,pixel_7347,pixel_7348,pixel_7349,pixel_7350,pixel_7351,pixel_7352,pixel_7353,pixel_7354,pixel_7355,pixel_7356,pixel_7357,pixel_7358,pixel_7359,pixel_7360,pixel_7361,pixel_7362,pixel_7363,pixel_7364,pixel_7365,pixel_7366,pixel_7367,pixel_7368,pixel_7369,pixel_7370,pixel_7371,pixel_7372,pixel_7373,pixel_7374,pixel_7375,pixel_7376,pixel_7377,pixel_7378,pixel_7379,pixel_7380,pixel_7381,pixel_7382,pixel_7383,pixel_7384,pixel_7385,pixel_7386,pixel_7387,pixel_7388,pixel_7389,pixel_7390,pixel_7391,pixel_7392,pixel_7393,pixel_7394,pixel_7395,pixel_7396,pixel_7397,pixel_7398,pixel_7399,pixel_7400,pixel_7401,pixel_7402,pixel_7403,pixel_7404,pixel_7405,pixel_7406,pixel_7407,pixel_7408,pixel_7409,pixel_7410,pixel_7411,pixel_7412,pixel_7413,pixel_7414,pixel_7415,pixel_7416,pixel_7417,pixel_7418,pixel_7419,pixel_7420,pixel_7421,pixel_7422,pixel_7423,pixel_7424,pixel_7425,pixel_7426,pixel_7427,pixel_7428,pixel_7429,pixel_7430,pixel_7431,pixel_7432,pixel_7433,pixel_7434,pixel_7435,pixel_7436,pixel_7437,pixel_7438,pixel_7439,pixel_7440,pixel_7441,pixel_7442,pixel_7443,pixel_7444,pixel_7445,pixel_7446,pixel_7447,pixel_7448,pixel_7449,pixel_7450,pixel_7451,pixel_7452,pixel_7453,pixel_7454,pixel_7455,pixel_7456,pixel_7457,pixel_7458,pixel_7459,pixel_7460,pixel_7461,pixel_7462,pixel_7463,pixel_7464,pixel_7465,pixel_7466,pixel_7467,pixel_7468,pixel_7469,pixel_7470,pixel_7471,pixel_7472,pixel_7473,pixel_7474,pixel_7475,pixel_7476,pixel_7477,pixel_7478,pixel_7479,pixel_7480,pixel_7481,pixel_7482,pixel_7483,pixel_7484,pixel_7485,pixel_7486,pixel_7487,pixel_7488,pixel_7489,pixel_7490,pixel_7491,pixel_7492,pixel_7493,pixel_7494,pixel_7495,pixel_7496,pixel_7497,pixel_7498,pixel_7499,pixel_7500,pixel_7501,pixel_7502,pixel_7503,pixel_7504,pixel_7505,pixel_7506,pixel_7507,pixel_7508,pixel_7509,pixel_7510,pixel_7511,pixel_7512,pixel_7513,pixel_7514,pixel_7515,pixel_7516,pixel_7517,pixel_7518,pixel_7519,pixel_7520,pixel_7521,pixel_7522,pixel_7523,pixel_7524,pixel_7525,pixel_7526,pixel_7527,pixel_7528,pixel_7529,pixel_7530,pixel_7531,pixel_7532,pixel_7533,pixel_7534,pixel_7535,pixel_7536,pixel_7537,pixel_7538,pixel_7539,pixel_7540,pixel_7541,pixel_7542,pixel_7543,pixel_7544,pixel_7545,pixel_7546,pixel_7547,pixel_7548,pixel_7549,pixel_7550,pixel_7551,pixel_7552,pixel_7553,pixel_7554,pixel_7555,pixel_7556,pixel_7557,pixel_7558,pixel_7559,pixel_7560,pixel_7561,pixel_7562,pixel_7563,pixel_7564,pixel_7565,pixel_7566,pixel_7567,pixel_7568,pixel_7569,pixel_7570,pixel_7571,pixel_7572,pixel_7573,pixel_7574,pixel_7575,pixel_7576,pixel_7577,pixel_7578,pixel_7579,pixel_7580,pixel_7581,pixel_7582,pixel_7583,pixel_7584,pixel_7585,pixel_7586,pixel_7587,pixel_7588,pixel_7589,pixel_7590,pixel_7591,pixel_7592,pixel_7593,pixel_7594,pixel_7595,pixel_7596,pixel_7597,pixel_7598,pixel_7599,pixel_7600,pixel_7601,pixel_7602,pixel_7603,pixel_7604,pixel_7605,pixel_7606,pixel_7607,pixel_7608,pixel_7609,pixel_7610,pixel_7611,pixel_7612,pixel_7613,pixel_7614,pixel_7615,pixel_7616,pixel_7617,pixel_7618,pixel_7619,pixel_7620,pixel_7621,pixel_7622,pixel_7623,pixel_7624,pixel_7625,pixel_7626,pixel_7627,pixel_7628,pixel_7629,pixel_7630,pixel_7631,pixel_7632,pixel_7633,pixel_7634,pixel_7635,pixel_7636,pixel_7637,pixel_7638,pixel_7639,pixel_7640,pixel_7641,pixel_7642,pixel_7643,pixel_7644,pixel_7645,pixel_7646,pixel_7647,pixel_7648,pixel_7649,pixel_7650,pixel_7651,pixel_7652,pixel_7653,pixel_7654,pixel_7655,pixel_7656,pixel_7657,pixel_7658,pixel_7659,pixel_7660,pixel_7661,pixel_7662,pixel_7663,pixel_7664,pixel_7665,pixel_7666,pixel_7667,pixel_7668,pixel_7669,pixel_7670,pixel_7671,pixel_7672,pixel_7673,pixel_7674,pixel_7675,pixel_7676,pixel_7677,pixel_7678,pixel_7679,pixel_7680,pixel_7681,pixel_7682,pixel_7683,pixel_7684,pixel_7685,pixel_7686,pixel_7687,pixel_7688,pixel_7689,pixel_7690,pixel_7691,pixel_7692,pixel_7693,pixel_7694,pixel_7695,pixel_7696,pixel_7697,pixel_7698,pixel_7699,pixel_7700,pixel_7701,pixel_7702,pixel_7703,pixel_7704,pixel_7705,pixel_7706,pixel_7707,pixel_7708,pixel_7709,pixel_7710,pixel_7711,pixel_7712,pixel_7713,pixel_7714,pixel_7715,pixel_7716,pixel_7717,pixel_7718,pixel_7719,pixel_7720,pixel_7721,pixel_7722,pixel_7723,pixel_7724,pixel_7725,pixel_7726,pixel_7727,pixel_7728,pixel_7729,pixel_7730,pixel_7731,pixel_7732,pixel_7733,pixel_7734,pixel_7735,pixel_7736,pixel_7737,pixel_7738,pixel_7739,pixel_7740,pixel_7741,pixel_7742,pixel_7743,pixel_7744,pixel_7745,pixel_7746,pixel_7747,pixel_7748,pixel_7749,pixel_7750,pixel_7751,pixel_7752,pixel_7753,pixel_7754,pixel_7755,pixel_7756,pixel_7757,pixel_7758,pixel_7759,pixel_7760,pixel_7761,pixel_7762,pixel_7763,pixel_7764,pixel_7765,pixel_7766,pixel_7767,pixel_7768,pixel_7769,pixel_7770,pixel_7771,pixel_7772,pixel_7773,pixel_7774,pixel_7775,pixel_7776,pixel_7777,pixel_7778,pixel_7779,pixel_7780,pixel_7781,pixel_7782,pixel_7783,pixel_7784,pixel_7785,pixel_7786,pixel_7787,pixel_7788,pixel_7789,pixel_7790,pixel_7791,pixel_7792,pixel_7793,pixel_7794,pixel_7795,pixel_7796,pixel_7797,pixel_7798,pixel_7799,pixel_7800,pixel_7801,pixel_7802,pixel_7803,pixel_7804,pixel_7805,pixel_7806,pixel_7807,pixel_7808,pixel_7809,pixel_7810,pixel_7811,pixel_7812,pixel_7813,pixel_7814,pixel_7815,pixel_7816,pixel_7817,pixel_7818,pixel_7819,pixel_7820,pixel_7821,pixel_7822,pixel_7823,pixel_7824,pixel_7825,pixel_7826,pixel_7827,pixel_7828,pixel_7829,pixel_7830,pixel_7831,pixel_7832,pixel_7833,pixel_7834,pixel_7835,pixel_7836,pixel_7837,pixel_7838,pixel_7839,pixel_7840,pixel_7841,pixel_7842,pixel_7843,pixel_7844,pixel_7845,pixel_7846,pixel_7847,pixel_7848,pixel_7849,pixel_7850,pixel_7851,pixel_7852,pixel_7853,pixel_7854,pixel_7855,pixel_7856,pixel_7857,pixel_7858,pixel_7859,pixel_7860,pixel_7861,pixel_7862,pixel_7863,pixel_7864,pixel_7865,pixel_7866,pixel_7867,pixel_7868,pixel_7869,pixel_7870,pixel_7871,pixel_7872,pixel_7873,pixel_7874,pixel_7875,pixel_7876,pixel_7877,pixel_7878,pixel_7879,pixel_7880,pixel_7881,pixel_7882,pixel_7883,pixel_7884,pixel_7885,pixel_7886,pixel_7887,pixel_7888,pixel_7889,pixel_7890,pixel_7891,pixel_7892,pixel_7893,pixel_7894,pixel_7895,pixel_7896,pixel_7897,pixel_7898,pixel_7899,pixel_7900,pixel_7901,pixel_7902,pixel_7903,pixel_7904,pixel_7905,pixel_7906,pixel_7907,pixel_7908,pixel_7909,pixel_7910,pixel_7911,pixel_7912,pixel_7913,pixel_7914,pixel_7915,pixel_7916,pixel_7917,pixel_7918,pixel_7919,pixel_7920,pixel_7921,pixel_7922,pixel_7923,pixel_7924,pixel_7925,pixel_7926,pixel_7927,pixel_7928,pixel_7929,pixel_7930,pixel_7931,pixel_7932,pixel_7933,pixel_7934,pixel_7935,pixel_7936,pixel_7937,pixel_7938,pixel_7939,pixel_7940,pixel_7941,pixel_7942,pixel_7943,pixel_7944,pixel_7945,pixel_7946,pixel_7947,pixel_7948,pixel_7949,pixel_7950,pixel_7951,pixel_7952,pixel_7953,pixel_7954,pixel_7955,pixel_7956,pixel_7957,pixel_7958,pixel_7959,pixel_7960,pixel_7961,pixel_7962,pixel_7963,pixel_7964,pixel_7965,pixel_7966,pixel_7967,pixel_7968,pixel_7969,pixel_7970,pixel_7971,pixel_7972,pixel_7973,pixel_7974,pixel_7975,pixel_7976,pixel_7977,pixel_7978,pixel_7979,pixel_7980,pixel_7981,pixel_7982,pixel_7983,pixel_7984,pixel_7985,pixel_7986,pixel_7987,pixel_7988,pixel_7989,pixel_7990,pixel_7991,pixel_7992,pixel_7993,pixel_7994,pixel_7995,pixel_7996,pixel_7997,pixel_7998,pixel_7999,pixel_8000,pixel_8001,pixel_8002,pixel_8003,pixel_8004,pixel_8005,pixel_8006,pixel_8007,pixel_8008,pixel_8009,pixel_8010,pixel_8011,pixel_8012,pixel_8013,pixel_8014,pixel_8015,pixel_8016,pixel_8017,pixel_8018,pixel_8019,pixel_8020,pixel_8021,pixel_8022,pixel_8023,pixel_8024,pixel_8025,pixel_8026,pixel_8027,pixel_8028,pixel_8029,pixel_8030,pixel_8031,pixel_8032,pixel_8033,pixel_8034,pixel_8035,pixel_8036,pixel_8037,pixel_8038,pixel_8039,pixel_8040,pixel_8041,pixel_8042,pixel_8043,pixel_8044,pixel_8045,pixel_8046,pixel_8047,pixel_8048,pixel_8049,pixel_8050,pixel_8051,pixel_8052,pixel_8053,pixel_8054,pixel_8055,pixel_8056,pixel_8057,pixel_8058,pixel_8059,pixel_8060,pixel_8061,pixel_8062,pixel_8063,pixel_8064,pixel_8065,pixel_8066,pixel_8067,pixel_8068,pixel_8069,pixel_8070,pixel_8071,pixel_8072,pixel_8073,pixel_8074,pixel_8075,pixel_8076,pixel_8077,pixel_8078,pixel_8079,pixel_8080,pixel_8081,pixel_8082,pixel_8083,pixel_8084,pixel_8085,pixel_8086,pixel_8087,pixel_8088,pixel_8089,pixel_8090,pixel_8091,pixel_8092,pixel_8093,pixel_8094,pixel_8095,pixel_8096,pixel_8097,pixel_8098,pixel_8099,pixel_8100,pixel_8101,pixel_8102,pixel_8103,pixel_8104,pixel_8105,pixel_8106,pixel_8107,pixel_8108,pixel_8109,pixel_8110,pixel_8111,pixel_8112,pixel_8113,pixel_8114,pixel_8115,pixel_8116,pixel_8117,pixel_8118,pixel_8119,pixel_8120,pixel_8121,pixel_8122,pixel_8123,pixel_8124,pixel_8125,pixel_8126,pixel_8127,pixel_8128,pixel_8129,pixel_8130,pixel_8131,pixel_8132,pixel_8133,pixel_8134,pixel_8135,pixel_8136,pixel_8137,pixel_8138,pixel_8139,pixel_8140,pixel_8141,pixel_8142,pixel_8143,pixel_8144,pixel_8145,pixel_8146,pixel_8147,pixel_8148,pixel_8149,pixel_8150,pixel_8151,pixel_8152,pixel_8153,pixel_8154,pixel_8155,pixel_8156,pixel_8157,pixel_8158,pixel_8159,pixel_8160,pixel_8161,pixel_8162,pixel_8163,pixel_8164,pixel_8165,pixel_8166,pixel_8167,pixel_8168,pixel_8169,pixel_8170,pixel_8171,pixel_8172,pixel_8173,pixel_8174,pixel_8175,pixel_8176,pixel_8177,pixel_8178,pixel_8179,pixel_8180,pixel_8181,pixel_8182,pixel_8183,pixel_8184,pixel_8185,pixel_8186,pixel_8187,pixel_8188,pixel_8189,pixel_8190,pixel_8191,pixel_8192,pixel_8193,pixel_8194,pixel_8195,pixel_8196,pixel_8197,pixel_8198,pixel_8199,pixel_8200,pixel_8201,pixel_8202,pixel_8203,pixel_8204,pixel_8205,pixel_8206,pixel_8207,pixel_8208,pixel_8209,pixel_8210,pixel_8211,pixel_8212,pixel_8213,pixel_8214,pixel_8215,pixel_8216,pixel_8217,pixel_8218,pixel_8219,pixel_8220,pixel_8221,pixel_8222,pixel_8223,pixel_8224,pixel_8225,pixel_8226,pixel_8227,pixel_8228,pixel_8229,pixel_8230,pixel_8231,pixel_8232,pixel_8233,pixel_8234,pixel_8235,pixel_8236,pixel_8237,pixel_8238,pixel_8239,pixel_8240,pixel_8241,pixel_8242,pixel_8243,pixel_8244,pixel_8245,pixel_8246,pixel_8247,pixel_8248,pixel_8249,pixel_8250,pixel_8251,pixel_8252,pixel_8253,pixel_8254,pixel_8255,pixel_8256,pixel_8257,pixel_8258,pixel_8259,pixel_8260,pixel_8261,pixel_8262,pixel_8263,pixel_8264,pixel_8265,pixel_8266,pixel_8267,pixel_8268,pixel_8269,pixel_8270,pixel_8271,pixel_8272,pixel_8273,pixel_8274,pixel_8275,pixel_8276,pixel_8277,pixel_8278,pixel_8279,pixel_8280,pixel_8281,pixel_8282,pixel_8283,pixel_8284,pixel_8285,pixel_8286,pixel_8287,pixel_8288,pixel_8289,pixel_8290,pixel_8291,pixel_8292,pixel_8293,pixel_8294,pixel_8295,pixel_8296,pixel_8297,pixel_8298,pixel_8299,pixel_8300,pixel_8301,pixel_8302,pixel_8303,pixel_8304,pixel_8305,pixel_8306,pixel_8307,pixel_8308,pixel_8309,pixel_8310,pixel_8311,pixel_8312,pixel_8313,pixel_8314,pixel_8315,pixel_8316,pixel_8317,pixel_8318,pixel_8319,pixel_8320,pixel_8321,pixel_8322,pixel_8323,pixel_8324,pixel_8325,pixel_8326,pixel_8327,pixel_8328,pixel_8329,pixel_8330,pixel_8331,pixel_8332,pixel_8333,pixel_8334,pixel_8335,pixel_8336,pixel_8337,pixel_8338,pixel_8339,pixel_8340,pixel_8341,pixel_8342,pixel_8343,pixel_8344,pixel_8345,pixel_8346,pixel_8347,pixel_8348,pixel_8349,pixel_8350,pixel_8351,pixel_8352,pixel_8353,pixel_8354,pixel_8355,pixel_8356,pixel_8357,pixel_8358,pixel_8359,pixel_8360,pixel_8361,pixel_8362,pixel_8363,pixel_8364,pixel_8365,pixel_8366,pixel_8367,pixel_8368,pixel_8369,pixel_8370,pixel_8371,pixel_8372,pixel_8373,pixel_8374,pixel_8375,pixel_8376,pixel_8377,pixel_8378,pixel_8379,pixel_8380,pixel_8381,pixel_8382,pixel_8383,pixel_8384,pixel_8385,pixel_8386,pixel_8387,pixel_8388,pixel_8389,pixel_8390,pixel_8391,pixel_8392,pixel_8393,pixel_8394,pixel_8395,pixel_8396,pixel_8397,pixel_8398,pixel_8399,pixel_8400,pixel_8401,pixel_8402,pixel_8403,pixel_8404,pixel_8405,pixel_8406,pixel_8407,pixel_8408,pixel_8409,pixel_8410,pixel_8411,pixel_8412,pixel_8413,pixel_8414,pixel_8415,pixel_8416,pixel_8417,pixel_8418,pixel_8419,pixel_8420,pixel_8421,pixel_8422,pixel_8423,pixel_8424,pixel_8425,pixel_8426,pixel_8427,pixel_8428,pixel_8429,pixel_8430,pixel_8431,pixel_8432,pixel_8433,pixel_8434,pixel_8435,pixel_8436,pixel_8437,pixel_8438,pixel_8439,pixel_8440,pixel_8441,pixel_8442,pixel_8443,pixel_8444,pixel_8445,pixel_8446,pixel_8447,pixel_8448,pixel_8449,pixel_8450,pixel_8451,pixel_8452,pixel_8453,pixel_8454,pixel_8455,pixel_8456,pixel_8457,pixel_8458,pixel_8459,pixel_8460,pixel_8461,pixel_8462,pixel_8463,pixel_8464,pixel_8465,pixel_8466,pixel_8467,pixel_8468,pixel_8469,pixel_8470,pixel_8471,pixel_8472,pixel_8473,pixel_8474,pixel_8475,pixel_8476,pixel_8477,pixel_8478,pixel_8479,pixel_8480,pixel_8481,pixel_8482,pixel_8483,pixel_8484,pixel_8485,pixel_8486,pixel_8487,pixel_8488,pixel_8489,pixel_8490,pixel_8491,pixel_8492,pixel_8493,pixel_8494,pixel_8495,pixel_8496,pixel_8497,pixel_8498,pixel_8499,pixel_8500,pixel_8501,pixel_8502,pixel_8503,pixel_8504,pixel_8505,pixel_8506,pixel_8507,pixel_8508,pixel_8509,pixel_8510,pixel_8511,pixel_8512,pixel_8513,pixel_8514,pixel_8515,pixel_8516,pixel_8517,pixel_8518,pixel_8519,pixel_8520,pixel_8521,pixel_8522,pixel_8523,pixel_8524,pixel_8525,pixel_8526,pixel_8527,pixel_8528,pixel_8529,pixel_8530,pixel_8531,pixel_8532,pixel_8533,pixel_8534,pixel_8535,pixel_8536,pixel_8537,pixel_8538,pixel_8539,pixel_8540,pixel_8541,pixel_8542,pixel_8543,pixel_8544,pixel_8545,pixel_8546,pixel_8547,pixel_8548,pixel_8549,pixel_8550,pixel_8551,pixel_8552,pixel_8553,pixel_8554,pixel_8555,pixel_8556,pixel_8557,pixel_8558,pixel_8559,pixel_8560,pixel_8561,pixel_8562,pixel_8563,pixel_8564,pixel_8565,pixel_8566,pixel_8567,pixel_8568,pixel_8569,pixel_8570,pixel_8571,pixel_8572,pixel_8573,pixel_8574,pixel_8575,pixel_8576,pixel_8577,pixel_8578,pixel_8579,pixel_8580,pixel_8581,pixel_8582,pixel_8583,pixel_8584,pixel_8585,pixel_8586,pixel_8587,pixel_8588,pixel_8589,pixel_8590,pixel_8591,pixel_8592,pixel_8593,pixel_8594,pixel_8595,pixel_8596,pixel_8597,pixel_8598,pixel_8599,pixel_8600,pixel_8601,pixel_8602,pixel_8603,pixel_8604,pixel_8605,pixel_8606,pixel_8607,pixel_8608,pixel_8609,pixel_8610,pixel_8611,pixel_8612,pixel_8613,pixel_8614,pixel_8615,pixel_8616,pixel_8617,pixel_8618,pixel_8619,pixel_8620,pixel_8621,pixel_8622,pixel_8623,pixel_8624,pixel_8625,pixel_8626,pixel_8627,pixel_8628,pixel_8629,pixel_8630,pixel_8631,pixel_8632,pixel_8633,pixel_8634,pixel_8635,pixel_8636,pixel_8637,pixel_8638,pixel_8639,pixel_8640,pixel_8641,pixel_8642,pixel_8643,pixel_8644,pixel_8645,pixel_8646,pixel_8647,pixel_8648,pixel_8649,pixel_8650,pixel_8651,pixel_8652,pixel_8653,pixel_8654,pixel_8655,pixel_8656,pixel_8657,pixel_8658,pixel_8659,pixel_8660,pixel_8661,pixel_8662,pixel_8663,pixel_8664,pixel_8665,pixel_8666,pixel_8667,pixel_8668,pixel_8669,pixel_8670,pixel_8671,pixel_8672,pixel_8673,pixel_8674,pixel_8675,pixel_8676,pixel_8677,pixel_8678,pixel_8679,pixel_8680,pixel_8681,pixel_8682,pixel_8683,pixel_8684,pixel_8685,pixel_8686,pixel_8687,pixel_8688,pixel_8689,pixel_8690,pixel_8691,pixel_8692,pixel_8693,pixel_8694,pixel_8695,pixel_8696,pixel_8697,pixel_8698,pixel_8699,pixel_8700,pixel_8701,pixel_8702,pixel_8703,pixel_8704,pixel_8705,pixel_8706,pixel_8707,pixel_8708,pixel_8709,pixel_8710,pixel_8711,pixel_8712,pixel_8713,pixel_8714,pixel_8715,pixel_8716,pixel_8717,pixel_8718,pixel_8719,pixel_8720,pixel_8721,pixel_8722,pixel_8723,pixel_8724,pixel_8725,pixel_8726,pixel_8727,pixel_8728,pixel_8729,pixel_8730,pixel_8731,pixel_8732,pixel_8733,pixel_8734,pixel_8735,pixel_8736,pixel_8737,pixel_8738,pixel_8739,pixel_8740,pixel_8741,pixel_8742,pixel_8743,pixel_8744,pixel_8745,pixel_8746,pixel_8747,pixel_8748,pixel_8749,pixel_8750,pixel_8751,pixel_8752,pixel_8753,pixel_8754,pixel_8755,pixel_8756,pixel_8757,pixel_8758,pixel_8759,pixel_8760,pixel_8761,pixel_8762,pixel_8763,pixel_8764,pixel_8765,pixel_8766,pixel_8767,pixel_8768,pixel_8769,pixel_8770,pixel_8771,pixel_8772,pixel_8773,pixel_8774,pixel_8775,pixel_8776,pixel_8777,pixel_8778,pixel_8779,pixel_8780,pixel_8781,pixel_8782,pixel_8783,pixel_8784,pixel_8785,pixel_8786,pixel_8787,pixel_8788,pixel_8789,pixel_8790,pixel_8791,pixel_8792,pixel_8793,pixel_8794,pixel_8795,pixel_8796,pixel_8797,pixel_8798,pixel_8799,pixel_8800,pixel_8801,pixel_8802,pixel_8803,pixel_8804,pixel_8805,pixel_8806,pixel_8807,pixel_8808,pixel_8809,pixel_8810,pixel_8811,pixel_8812,pixel_8813,pixel_8814,pixel_8815,pixel_8816,pixel_8817,pixel_8818,pixel_8819,pixel_8820,pixel_8821,pixel_8822,pixel_8823,pixel_8824,pixel_8825,pixel_8826,pixel_8827,pixel_8828,pixel_8829,pixel_8830,pixel_8831,pixel_8832,pixel_8833,pixel_8834,pixel_8835,pixel_8836,pixel_8837,pixel_8838,pixel_8839,pixel_8840,pixel_8841,pixel_8842,pixel_8843,pixel_8844,pixel_8845,pixel_8846,pixel_8847,pixel_8848,pixel_8849,pixel_8850,pixel_8851,pixel_8852,pixel_8853,pixel_8854,pixel_8855,pixel_8856,pixel_8857,pixel_8858,pixel_8859,pixel_8860,pixel_8861,pixel_8862,pixel_8863,pixel_8864,pixel_8865,pixel_8866,pixel_8867,pixel_8868,pixel_8869,pixel_8870,pixel_8871,pixel_8872,pixel_8873,pixel_8874,pixel_8875,pixel_8876,pixel_8877,pixel_8878,pixel_8879,pixel_8880,pixel_8881,pixel_8882,pixel_8883,pixel_8884,pixel_8885,pixel_8886,pixel_8887,pixel_8888,pixel_8889,pixel_8890,pixel_8891,pixel_8892,pixel_8893,pixel_8894,pixel_8895,pixel_8896,pixel_8897,pixel_8898,pixel_8899,pixel_8900,pixel_8901,pixel_8902,pixel_8903,pixel_8904,pixel_8905,pixel_8906,pixel_8907,pixel_8908,pixel_8909,pixel_8910,pixel_8911,pixel_8912,pixel_8913,pixel_8914,pixel_8915,pixel_8916,pixel_8917,pixel_8918,pixel_8919,pixel_8920,pixel_8921,pixel_8922,pixel_8923,pixel_8924,pixel_8925,pixel_8926,pixel_8927,pixel_8928,pixel_8929,pixel_8930,pixel_8931,pixel_8932,pixel_8933,pixel_8934,pixel_8935,pixel_8936,pixel_8937,pixel_8938,pixel_8939,pixel_8940,pixel_8941,pixel_8942,pixel_8943,pixel_8944,pixel_8945,pixel_8946,pixel_8947,pixel_8948,pixel_8949,pixel_8950,pixel_8951,pixel_8952,pixel_8953,pixel_8954,pixel_8955,pixel_8956,pixel_8957,pixel_8958,pixel_8959,pixel_8960,pixel_8961,pixel_8962,pixel_8963,pixel_8964,pixel_8965,pixel_8966,pixel_8967,pixel_8968,pixel_8969,pixel_8970,pixel_8971,pixel_8972,pixel_8973,pixel_8974,pixel_8975,pixel_8976,pixel_8977,pixel_8978,pixel_8979,pixel_8980,pixel_8981,pixel_8982,pixel_8983,pixel_8984,pixel_8985,pixel_8986,pixel_8987,pixel_8988,pixel_8989,pixel_8990,pixel_8991,pixel_8992,pixel_8993,pixel_8994,pixel_8995,pixel_8996,pixel_8997,pixel_8998,pixel_8999,pixel_9000,pixel_9001,pixel_9002,pixel_9003,pixel_9004,pixel_9005,pixel_9006,pixel_9007,pixel_9008,pixel_9009,pixel_9010,pixel_9011,pixel_9012,pixel_9013,pixel_9014,pixel_9015,pixel_9016,pixel_9017,pixel_9018,pixel_9019,pixel_9020,pixel_9021,pixel_9022,pixel_9023,pixel_9024,pixel_9025,pixel_9026,pixel_9027,pixel_9028,pixel_9029,pixel_9030,pixel_9031,pixel_9032,pixel_9033,pixel_9034,pixel_9035,pixel_9036,pixel_9037,pixel_9038,pixel_9039,pixel_9040,pixel_9041,pixel_9042,pixel_9043,pixel_9044,pixel_9045,pixel_9046,pixel_9047,pixel_9048,pixel_9049,pixel_9050,pixel_9051,pixel_9052,pixel_9053,pixel_9054,pixel_9055,pixel_9056,pixel_9057,pixel_9058,pixel_9059,pixel_9060,pixel_9061,pixel_9062,pixel_9063,pixel_9064,pixel_9065,pixel_9066,pixel_9067,pixel_9068,pixel_9069,pixel_9070,pixel_9071,pixel_9072,pixel_9073,pixel_9074,pixel_9075,pixel_9076,pixel_9077,pixel_9078,pixel_9079,pixel_9080,pixel_9081,pixel_9082,pixel_9083,pixel_9084,pixel_9085,pixel_9086,pixel_9087,pixel_9088,pixel_9089,pixel_9090,pixel_9091,pixel_9092,pixel_9093,pixel_9094,pixel_9095,pixel_9096,pixel_9097,pixel_9098,pixel_9099,pixel_9100,pixel_9101,pixel_9102,pixel_9103,pixel_9104,pixel_9105,pixel_9106,pixel_9107,pixel_9108,pixel_9109,pixel_9110,pixel_9111,pixel_9112,pixel_9113,pixel_9114,pixel_9115,pixel_9116,pixel_9117,pixel_9118,pixel_9119,pixel_9120,pixel_9121,pixel_9122,pixel_9123,pixel_9124,pixel_9125,pixel_9126,pixel_9127,pixel_9128,pixel_9129,pixel_9130,pixel_9131,pixel_9132,pixel_9133,pixel_9134,pixel_9135,pixel_9136,pixel_9137,pixel_9138,pixel_9139,pixel_9140,pixel_9141,pixel_9142,pixel_9143,pixel_9144,pixel_9145,pixel_9146,pixel_9147,pixel_9148,pixel_9149,pixel_9150,pixel_9151,pixel_9152,pixel_9153,pixel_9154,pixel_9155,pixel_9156,pixel_9157,pixel_9158,pixel_9159,pixel_9160,pixel_9161,pixel_9162,pixel_9163,pixel_9164,pixel_9165,pixel_9166,pixel_9167,pixel_9168,pixel_9169,pixel_9170,pixel_9171,pixel_9172,pixel_9173,pixel_9174,pixel_9175,pixel_9176,pixel_9177,pixel_9178,pixel_9179,pixel_9180,pixel_9181,pixel_9182,pixel_9183,pixel_9184,pixel_9185,pixel_9186,pixel_9187,pixel_9188,pixel_9189,pixel_9190,pixel_9191,pixel_9192,pixel_9193,pixel_9194,pixel_9195,pixel_9196,pixel_9197,pixel_9198,pixel_9199,pixel_9200,pixel_9201,pixel_9202,pixel_9203,pixel_9204,pixel_9205,pixel_9206,pixel_9207,pixel_9208,pixel_9209,pixel_9210,pixel_9211,pixel_9212,pixel_9213,pixel_9214,pixel_9215,pixel_9216,pixel_9217,pixel_9218,pixel_9219,pixel_9220,pixel_9221,pixel_9222,pixel_9223,pixel_9224,pixel_9225,pixel_9226,pixel_9227,pixel_9228,pixel_9229,pixel_9230,pixel_9231,pixel_9232,pixel_9233,pixel_9234,pixel_9235,pixel_9236,pixel_9237,pixel_9238,pixel_9239,pixel_9240,pixel_9241,pixel_9242,pixel_9243,pixel_9244,pixel_9245,pixel_9246,pixel_9247,pixel_9248,pixel_9249,pixel_9250,pixel_9251,pixel_9252,pixel_9253,pixel_9254,pixel_9255,pixel_9256,pixel_9257,pixel_9258,pixel_9259,pixel_9260,pixel_9261,pixel_9262,pixel_9263,pixel_9264,pixel_9265,pixel_9266,pixel_9267,pixel_9268,pixel_9269,pixel_9270,pixel_9271,pixel_9272,pixel_9273,pixel_9274,pixel_9275,pixel_9276,pixel_9277,pixel_9278,pixel_9279,pixel_9280,pixel_9281,pixel_9282,pixel_9283,pixel_9284,pixel_9285,pixel_9286,pixel_9287,pixel_9288,pixel_9289,pixel_9290,pixel_9291,pixel_9292,pixel_9293,pixel_9294,pixel_9295,pixel_9296,pixel_9297,pixel_9298,pixel_9299,pixel_9300,pixel_9301,pixel_9302,pixel_9303,pixel_9304,pixel_9305,pixel_9306,pixel_9307,pixel_9308,pixel_9309,pixel_9310,pixel_9311,pixel_9312,pixel_9313,pixel_9314,pixel_9315,pixel_9316,pixel_9317,pixel_9318,pixel_9319,pixel_9320,pixel_9321,pixel_9322,pixel_9323,pixel_9324,pixel_9325,pixel_9326,pixel_9327,pixel_9328,pixel_9329,pixel_9330,pixel_9331,pixel_9332,pixel_9333,pixel_9334,pixel_9335,pixel_9336,pixel_9337,pixel_9338,pixel_9339,pixel_9340,pixel_9341,pixel_9342,pixel_9343,pixel_9344,pixel_9345,pixel_9346,pixel_9347,pixel_9348,pixel_9349,pixel_9350,pixel_9351,pixel_9352,pixel_9353,pixel_9354,pixel_9355,pixel_9356,pixel_9357,pixel_9358,pixel_9359,pixel_9360,pixel_9361,pixel_9362,pixel_9363,pixel_9364,pixel_9365,pixel_9366,pixel_9367,pixel_9368,pixel_9369,pixel_9370,pixel_9371,pixel_9372,pixel_9373,pixel_9374,pixel_9375,pixel_9376,pixel_9377,pixel_9378,pixel_9379,pixel_9380,pixel_9381,pixel_9382,pixel_9383,pixel_9384,pixel_9385,pixel_9386,pixel_9387,pixel_9388,pixel_9389,pixel_9390,pixel_9391,pixel_9392,pixel_9393,pixel_9394,pixel_9395,pixel_9396,pixel_9397,pixel_9398,pixel_9399,pixel_9400,pixel_9401,pixel_9402,pixel_9403,pixel_9404,pixel_9405,pixel_9406,pixel_9407,pixel_9408,pixel_9409,pixel_9410,pixel_9411,pixel_9412,pixel_9413,pixel_9414,pixel_9415,pixel_9416,pixel_9417,pixel_9418,pixel_9419,pixel_9420,pixel_9421,pixel_9422,pixel_9423,pixel_9424,pixel_9425,pixel_9426,pixel_9427,pixel_9428,pixel_9429,pixel_9430,pixel_9431,pixel_9432,pixel_9433,pixel_9434,pixel_9435,pixel_9436,pixel_9437,pixel_9438,pixel_9439,pixel_9440,pixel_9441,pixel_9442,pixel_9443,pixel_9444,pixel_9445,pixel_9446,pixel_9447,pixel_9448,pixel_9449,pixel_9450,pixel_9451,pixel_9452,pixel_9453,pixel_9454,pixel_9455,pixel_9456,pixel_9457,pixel_9458,pixel_9459,pixel_9460,pixel_9461,pixel_9462,pixel_9463,pixel_9464,pixel_9465,pixel_9466,pixel_9467,pixel_9468,pixel_9469,pixel_9470,pixel_9471,pixel_9472,pixel_9473,pixel_9474,pixel_9475,pixel_9476,pixel_9477,pixel_9478,pixel_9479,pixel_9480,pixel_9481,pixel_9482,pixel_9483,pixel_9484,pixel_9485,pixel_9486,pixel_9487,pixel_9488,pixel_9489,pixel_9490,pixel_9491,pixel_9492,pixel_9493,pixel_9494,pixel_9495,pixel_9496,pixel_9497,pixel_9498,pixel_9499,pixel_9500,pixel_9501,pixel_9502,pixel_9503,pixel_9504,pixel_9505,pixel_9506,pixel_9507,pixel_9508,pixel_9509,pixel_9510,pixel_9511,pixel_9512,pixel_9513,pixel_9514,pixel_9515,pixel_9516,pixel_9517,pixel_9518,pixel_9519,pixel_9520,pixel_9521,pixel_9522,pixel_9523,pixel_9524,pixel_9525,pixel_9526,pixel_9527,pixel_9528,pixel_9529,pixel_9530,pixel_9531,pixel_9532,pixel_9533,pixel_9534,pixel_9535,pixel_9536,pixel_9537,pixel_9538,pixel_9539,pixel_9540,pixel_9541,pixel_9542,pixel_9543,pixel_9544,pixel_9545,pixel_9546,pixel_9547,pixel_9548,pixel_9549,pixel_9550,pixel_9551,pixel_9552,pixel_9553,pixel_9554,pixel_9555,pixel_9556,pixel_9557,pixel_9558,pixel_9559,pixel_9560,pixel_9561,pixel_9562,pixel_9563,pixel_9564,pixel_9565,pixel_9566,pixel_9567,pixel_9568,pixel_9569,pixel_9570,pixel_9571,pixel_9572,pixel_9573,pixel_9574,pixel_9575,pixel_9576,pixel_9577,pixel_9578,pixel_9579,pixel_9580,pixel_9581,pixel_9582,pixel_9583,pixel_9584,pixel_9585,pixel_9586,pixel_9587,pixel_9588,pixel_9589,pixel_9590,pixel_9591,pixel_9592,pixel_9593,pixel_9594,pixel_9595,pixel_9596,pixel_9597,pixel_9598,pixel_9599,pixel_9600,pixel_9601,pixel_9602,pixel_9603,pixel_9604,pixel_9605,pixel_9606,pixel_9607,pixel_9608,pixel_9609,pixel_9610,pixel_9611,pixel_9612,pixel_9613,pixel_9614,pixel_9615,pixel_9616,pixel_9617,pixel_9618,pixel_9619,pixel_9620,pixel_9621,pixel_9622,pixel_9623,pixel_9624,pixel_9625,pixel_9626,pixel_9627,pixel_9628,pixel_9629,pixel_9630,pixel_9631,pixel_9632,pixel_9633,pixel_9634,pixel_9635,pixel_9636,pixel_9637,pixel_9638,pixel_9639,pixel_9640,pixel_9641,pixel_9642,pixel_9643,pixel_9644,pixel_9645,pixel_9646,pixel_9647,pixel_9648,pixel_9649,pixel_9650,pixel_9651,pixel_9652,pixel_9653,pixel_9654,pixel_9655,pixel_9656,pixel_9657,pixel_9658,pixel_9659,pixel_9660,pixel_9661,pixel_9662,pixel_9663,pixel_9664,pixel_9665,pixel_9666,pixel_9667,pixel_9668,pixel_9669,pixel_9670,pixel_9671,pixel_9672,pixel_9673,pixel_9674,pixel_9675,pixel_9676,pixel_9677,pixel_9678,pixel_9679,pixel_9680,pixel_9681,pixel_9682,pixel_9683,pixel_9684,pixel_9685,pixel_9686,pixel_9687,pixel_9688,pixel_9689,pixel_9690,pixel_9691,pixel_9692,pixel_9693,pixel_9694,pixel_9695,pixel_9696,pixel_9697,pixel_9698,pixel_9699,pixel_9700,pixel_9701,pixel_9702,pixel_9703,pixel_9704,pixel_9705,pixel_9706,pixel_9707,pixel_9708,pixel_9709,pixel_9710,pixel_9711,pixel_9712,pixel_9713,pixel_9714,pixel_9715,pixel_9716,pixel_9717,pixel_9718,pixel_9719,pixel_9720,pixel_9721,pixel_9722,pixel_9723,pixel_9724,pixel_9725,pixel_9726,pixel_9727,pixel_9728,pixel_9729,pixel_9730,pixel_9731,pixel_9732,pixel_9733,pixel_9734,pixel_9735,pixel_9736,pixel_9737,pixel_9738,pixel_9739,pixel_9740,pixel_9741,pixel_9742,pixel_9743,pixel_9744,pixel_9745,pixel_9746,pixel_9747,pixel_9748,pixel_9749,pixel_9750,pixel_9751,pixel_9752,pixel_9753,pixel_9754,pixel_9755,pixel_9756,pixel_9757,pixel_9758,pixel_9759,pixel_9760,pixel_9761,pixel_9762,pixel_9763,pixel_9764,pixel_9765,pixel_9766,pixel_9767,pixel_9768,pixel_9769,pixel_9770,pixel_9771,pixel_9772,pixel_9773,pixel_9774,pixel_9775,pixel_9776,pixel_9777,pixel_9778,pixel_9779,pixel_9780,pixel_9781,pixel_9782,pixel_9783,pixel_9784,pixel_9785,pixel_9786,pixel_9787,pixel_9788,pixel_9789,pixel_9790,pixel_9791,pixel_9792,pixel_9793,pixel_9794,pixel_9795,pixel_9796,pixel_9797,pixel_9798,pixel_9799,pixel_9800,pixel_9801,pixel_9802,pixel_9803,pixel_9804,pixel_9805,pixel_9806,pixel_9807,pixel_9808,pixel_9809,pixel_9810,pixel_9811,pixel_9812,pixel_9813,pixel_9814,pixel_9815,pixel_9816,pixel_9817,pixel_9818,pixel_9819,pixel_9820,pixel_9821,pixel_9822,pixel_9823,pixel_9824,pixel_9825,pixel_9826,pixel_9827,pixel_9828,pixel_9829,pixel_9830,pixel_9831,pixel_9832,pixel_9833,pixel_9834,pixel_9835,pixel_9836,pixel_9837,pixel_9838,pixel_9839,pixel_9840,pixel_9841,pixel_9842,pixel_9843,pixel_9844,pixel_9845,pixel_9846,pixel_9847,pixel_9848,pixel_9849,pixel_9850,pixel_9851,pixel_9852,pixel_9853,pixel_9854,pixel_9855,pixel_9856,pixel_9857,pixel_9858,pixel_9859,pixel_9860,pixel_9861,pixel_9862,pixel_9863,pixel_9864,pixel_9865,pixel_9866,pixel_9867,pixel_9868,pixel_9869,pixel_9870,pixel_9871,pixel_9872,pixel_9873,pixel_9874,pixel_9875,pixel_9876,pixel_9877,pixel_9878,pixel_9879,pixel_9880,pixel_9881,pixel_9882,pixel_9883,pixel_9884,pixel_9885,pixel_9886,pixel_9887,pixel_9888,pixel_9889,pixel_9890,pixel_9891,pixel_9892,pixel_9893,pixel_9894,pixel_9895,pixel_9896,pixel_9897,pixel_9898,pixel_9899,pixel_9900,pixel_9901,pixel_9902,pixel_9903,pixel_9904,pixel_9905,pixel_9906,pixel_9907,pixel_9908,pixel_9909,pixel_9910,pixel_9911,pixel_9912,pixel_9913,pixel_9914,pixel_9915,pixel_9916,pixel_9917,pixel_9918,pixel_9919,pixel_9920,pixel_9921,pixel_9922,pixel_9923,pixel_9924,pixel_9925,pixel_9926,pixel_9927,pixel_9928,pixel_9929,pixel_9930,pixel_9931,pixel_9932,pixel_9933,pixel_9934,pixel_9935,pixel_9936,pixel_9937,pixel_9938,pixel_9939,pixel_9940,pixel_9941,pixel_9942,pixel_9943,pixel_9944,pixel_9945,pixel_9946,pixel_9947,pixel_9948,pixel_9949,pixel_9950,pixel_9951,pixel_9952,pixel_9953,pixel_9954,pixel_9955,pixel_9956,pixel_9957,pixel_9958,pixel_9959,pixel_9960,pixel_9961,pixel_9962,pixel_9963,pixel_9964,pixel_9965,pixel_9966,pixel_9967,pixel_9968,pixel_9969,pixel_9970,pixel_9971,pixel_9972,pixel_9973,pixel_9974,pixel_9975,pixel_9976,pixel_9977,pixel_9978,pixel_9979,pixel_9980,pixel_9981,pixel_9982,pixel_9983,pixel_9984,pixel_9985,pixel_9986,pixel_9987,pixel_9988,pixel_9989,pixel_9990,pixel_9991,pixel_9992,pixel_9993,pixel_9994,pixel_9995,pixel_9996,pixel_9997,pixel_9998,pixel_9999,pixel_10000,pixel_10001,pixel_10002,pixel_10003,pixel_10004,pixel_10005,pixel_10006,pixel_10007,pixel_10008,pixel_10009,pixel_10010,pixel_10011,pixel_10012,pixel_10013,pixel_10014,pixel_10015,pixel_10016,pixel_10017,pixel_10018,pixel_10019,pixel_10020,pixel_10021,pixel_10022,pixel_10023,pixel_10024,pixel_10025,pixel_10026,pixel_10027,pixel_10028,pixel_10029,pixel_10030,pixel_10031,pixel_10032,pixel_10033,pixel_10034,pixel_10035,pixel_10036,pixel_10037,pixel_10038,pixel_10039,pixel_10040,pixel_10041,pixel_10042,pixel_10043,pixel_10044,pixel_10045,pixel_10046,pixel_10047,pixel_10048,pixel_10049,pixel_10050,pixel_10051,pixel_10052,pixel_10053,pixel_10054,pixel_10055,pixel_10056,pixel_10057,pixel_10058,pixel_10059,pixel_10060,pixel_10061,pixel_10062,pixel_10063,pixel_10064,pixel_10065,pixel_10066,pixel_10067,pixel_10068,pixel_10069,pixel_10070,pixel_10071,pixel_10072,pixel_10073,pixel_10074,pixel_10075,pixel_10076,pixel_10077,pixel_10078,pixel_10079,pixel_10080,pixel_10081,pixel_10082,pixel_10083,pixel_10084,pixel_10085,pixel_10086,pixel_10087,pixel_10088,pixel_10089,pixel_10090,pixel_10091,pixel_10092,pixel_10093,pixel_10094,pixel_10095,pixel_10096,pixel_10097,pixel_10098,pixel_10099,pixel_10100,pixel_10101,pixel_10102,pixel_10103,pixel_10104,pixel_10105,pixel_10106,pixel_10107,pixel_10108,pixel_10109,pixel_10110,pixel_10111,pixel_10112,pixel_10113,pixel_10114,pixel_10115,pixel_10116,pixel_10117,pixel_10118,pixel_10119,pixel_10120,pixel_10121,pixel_10122,pixel_10123,pixel_10124,pixel_10125,pixel_10126,pixel_10127,pixel_10128,pixel_10129,pixel_10130,pixel_10131,pixel_10132,pixel_10133,pixel_10134,pixel_10135,pixel_10136,pixel_10137,pixel_10138,pixel_10139,pixel_10140,pixel_10141,pixel_10142,pixel_10143,pixel_10144,pixel_10145,pixel_10146,pixel_10147,pixel_10148,pixel_10149,pixel_10150,pixel_10151,pixel_10152,pixel_10153,pixel_10154,pixel_10155,pixel_10156,pixel_10157,pixel_10158,pixel_10159,pixel_10160,pixel_10161,pixel_10162,pixel_10163,pixel_10164,pixel_10165,pixel_10166,pixel_10167,pixel_10168,pixel_10169,pixel_10170,pixel_10171,pixel_10172,pixel_10173,pixel_10174,pixel_10175,pixel_10176,pixel_10177,pixel_10178,pixel_10179,pixel_10180,pixel_10181,pixel_10182,pixel_10183,pixel_10184,pixel_10185,pixel_10186,pixel_10187,pixel_10188,pixel_10189,pixel_10190,pixel_10191,pixel_10192,pixel_10193,pixel_10194,pixel_10195,pixel_10196,pixel_10197,pixel_10198,pixel_10199,pixel_10200,pixel_10201,pixel_10202,pixel_10203,pixel_10204,pixel_10205,pixel_10206,pixel_10207,pixel_10208,pixel_10209,pixel_10210,pixel_10211,pixel_10212,pixel_10213,pixel_10214,pixel_10215,pixel_10216,pixel_10217,pixel_10218,pixel_10219,pixel_10220,pixel_10221,pixel_10222,pixel_10223,pixel_10224,pixel_10225,pixel_10226,pixel_10227,pixel_10228,pixel_10229,pixel_10230,pixel_10231,pixel_10232,pixel_10233,pixel_10234,pixel_10235,pixel_10236,pixel_10237,pixel_10238,pixel_10239,pixel_10240,pixel_10241,pixel_10242,pixel_10243,pixel_10244,pixel_10245,pixel_10246,pixel_10247,pixel_10248,pixel_10249,pixel_10250,pixel_10251,pixel_10252,pixel_10253,pixel_10254,pixel_10255,pixel_10256,pixel_10257,pixel_10258,pixel_10259,pixel_10260,pixel_10261,pixel_10262,pixel_10263,pixel_10264,pixel_10265,pixel_10266,pixel_10267,pixel_10268,pixel_10269,pixel_10270,pixel_10271,pixel_10272,pixel_10273,pixel_10274,pixel_10275,pixel_10276,pixel_10277,pixel_10278,pixel_10279,pixel_10280,pixel_10281,pixel_10282,pixel_10283,pixel_10284,pixel_10285,pixel_10286,pixel_10287,pixel_10288,pixel_10289,pixel_10290,pixel_10291,pixel_10292,pixel_10293,pixel_10294,pixel_10295,pixel_10296,pixel_10297,pixel_10298,pixel_10299,pixel_10300,pixel_10301,pixel_10302,pixel_10303,pixel_10304,pixel_10305,pixel_10306,pixel_10307,pixel_10308,pixel_10309,pixel_10310,pixel_10311,pixel_10312,pixel_10313,pixel_10314,pixel_10315,pixel_10316,pixel_10317,pixel_10318,pixel_10319,pixel_10320,pixel_10321,pixel_10322,pixel_10323,pixel_10324,pixel_10325,pixel_10326,pixel_10327,pixel_10328,pixel_10329,pixel_10330,pixel_10331,pixel_10332,pixel_10333,pixel_10334,pixel_10335,pixel_10336,pixel_10337,pixel_10338,pixel_10339,pixel_10340,pixel_10341,pixel_10342,pixel_10343,pixel_10344,pixel_10345,pixel_10346,pixel_10347,pixel_10348,pixel_10349,pixel_10350,pixel_10351,pixel_10352,pixel_10353,pixel_10354,pixel_10355,pixel_10356,pixel_10357,pixel_10358,pixel_10359,pixel_10360,pixel_10361,pixel_10362,pixel_10363,pixel_10364,pixel_10365,pixel_10366,pixel_10367,pixel_10368,pixel_10369,pixel_10370,pixel_10371,pixel_10372,pixel_10373,pixel_10374,pixel_10375,pixel_10376,pixel_10377,pixel_10378,pixel_10379,pixel_10380,pixel_10381,pixel_10382,pixel_10383,pixel_10384,pixel_10385,pixel_10386,pixel_10387,pixel_10388,pixel_10389,pixel_10390,pixel_10391,pixel_10392,pixel_10393,pixel_10394,pixel_10395,pixel_10396,pixel_10397,pixel_10398,pixel_10399,pixel_10400,pixel_10401,pixel_10402,pixel_10403,pixel_10404,pixel_10405,pixel_10406,pixel_10407,pixel_10408,pixel_10409,pixel_10410,pixel_10411,pixel_10412,pixel_10413,pixel_10414,pixel_10415,pixel_10416,pixel_10417,pixel_10418,pixel_10419,pixel_10420,pixel_10421,pixel_10422,pixel_10423,pixel_10424,pixel_10425,pixel_10426,pixel_10427,pixel_10428,pixel_10429,pixel_10430,pixel_10431,pixel_10432,pixel_10433,pixel_10434,pixel_10435,pixel_10436,pixel_10437,pixel_10438,pixel_10439,pixel_10440,pixel_10441,pixel_10442,pixel_10443,pixel_10444,pixel_10445,pixel_10446,pixel_10447,pixel_10448,pixel_10449,pixel_10450,pixel_10451,pixel_10452,pixel_10453,pixel_10454,pixel_10455,pixel_10456,pixel_10457,pixel_10458,pixel_10459,pixel_10460,pixel_10461,pixel_10462,pixel_10463,pixel_10464,pixel_10465,pixel_10466,pixel_10467,pixel_10468,pixel_10469,pixel_10470,pixel_10471,pixel_10472,pixel_10473,pixel_10474,pixel_10475,pixel_10476,pixel_10477,pixel_10478,pixel_10479,pixel_10480,pixel_10481,pixel_10482,pixel_10483,pixel_10484,pixel_10485,pixel_10486,pixel_10487,pixel_10488,pixel_10489,pixel_10490,pixel_10491,pixel_10492,pixel_10493,pixel_10494,pixel_10495,pixel_10496,pixel_10497,pixel_10498,pixel_10499,pixel_10500,pixel_10501,pixel_10502,pixel_10503,pixel_10504,pixel_10505,pixel_10506,pixel_10507,pixel_10508,pixel_10509,pixel_10510,pixel_10511,pixel_10512,pixel_10513,pixel_10514,pixel_10515,pixel_10516,pixel_10517,pixel_10518,pixel_10519,pixel_10520,pixel_10521,pixel_10522,pixel_10523,pixel_10524,pixel_10525,pixel_10526,pixel_10527,pixel_10528,pixel_10529,pixel_10530,pixel_10531,pixel_10532,pixel_10533,pixel_10534,pixel_10535,pixel_10536,pixel_10537,pixel_10538,pixel_10539,pixel_10540,pixel_10541,pixel_10542,pixel_10543,pixel_10544,pixel_10545,pixel_10546,pixel_10547,pixel_10548,pixel_10549,pixel_10550,pixel_10551,pixel_10552,pixel_10553,pixel_10554,pixel_10555,pixel_10556,pixel_10557,pixel_10558,pixel_10559,pixel_10560,pixel_10561,pixel_10562,pixel_10563,pixel_10564,pixel_10565,pixel_10566,pixel_10567,pixel_10568,pixel_10569,pixel_10570,pixel_10571,pixel_10572,pixel_10573,pixel_10574,pixel_10575,pixel_10576,pixel_10577,pixel_10578,pixel_10579,pixel_10580,pixel_10581,pixel_10582,pixel_10583,pixel_10584,pixel_10585,pixel_10586,pixel_10587,pixel_10588,pixel_10589,pixel_10590,pixel_10591,pixel_10592,pixel_10593,pixel_10594,pixel_10595,pixel_10596,pixel_10597,pixel_10598,pixel_10599,pixel_10600,pixel_10601,pixel_10602,pixel_10603,pixel_10604,pixel_10605,pixel_10606,pixel_10607,pixel_10608,pixel_10609,pixel_10610,pixel_10611,pixel_10612,pixel_10613,pixel_10614,pixel_10615,pixel_10616,pixel_10617,pixel_10618,pixel_10619,pixel_10620,pixel_10621,pixel_10622,pixel_10623,pixel_10624,pixel_10625,pixel_10626,pixel_10627,pixel_10628,pixel_10629,pixel_10630,pixel_10631,pixel_10632,pixel_10633,pixel_10634,pixel_10635,pixel_10636,pixel_10637,pixel_10638,pixel_10639,pixel_10640,pixel_10641,pixel_10642,pixel_10643,pixel_10644,pixel_10645,pixel_10646,pixel_10647,pixel_10648,pixel_10649,pixel_10650,pixel_10651,pixel_10652,pixel_10653,pixel_10654,pixel_10655,pixel_10656,pixel_10657,pixel_10658,pixel_10659,pixel_10660,pixel_10661,pixel_10662,pixel_10663,pixel_10664,pixel_10665,pixel_10666,pixel_10667,pixel_10668,pixel_10669,pixel_10670,pixel_10671,pixel_10672,pixel_10673,pixel_10674,pixel_10675,pixel_10676,pixel_10677,pixel_10678,pixel_10679,pixel_10680,pixel_10681,pixel_10682,pixel_10683,pixel_10684,pixel_10685,pixel_10686,pixel_10687,pixel_10688,pixel_10689,pixel_10690,pixel_10691,pixel_10692,pixel_10693,pixel_10694,pixel_10695,pixel_10696,pixel_10697,pixel_10698,pixel_10699,pixel_10700,pixel_10701,pixel_10702,pixel_10703,pixel_10704,pixel_10705,pixel_10706,pixel_10707,pixel_10708,pixel_10709,pixel_10710,pixel_10711,pixel_10712,pixel_10713,pixel_10714,pixel_10715,pixel_10716,pixel_10717,pixel_10718,pixel_10719,pixel_10720,pixel_10721,pixel_10722,pixel_10723,pixel_10724,pixel_10725,pixel_10726,pixel_10727,pixel_10728,pixel_10729,pixel_10730,pixel_10731,pixel_10732,pixel_10733,pixel_10734,pixel_10735,pixel_10736,pixel_10737,pixel_10738,pixel_10739,pixel_10740,pixel_10741,pixel_10742,pixel_10743,pixel_10744,pixel_10745,pixel_10746,pixel_10747,pixel_10748,pixel_10749,pixel_10750,pixel_10751,pixel_10752,pixel_10753,pixel_10754,pixel_10755,pixel_10756,pixel_10757,pixel_10758,pixel_10759,pixel_10760,pixel_10761,pixel_10762,pixel_10763,pixel_10764,pixel_10765,pixel_10766,pixel_10767,pixel_10768,pixel_10769,pixel_10770,pixel_10771,pixel_10772,pixel_10773,pixel_10774,pixel_10775,pixel_10776,pixel_10777,pixel_10778,pixel_10779,pixel_10780,pixel_10781,pixel_10782,pixel_10783,pixel_10784,pixel_10785,pixel_10786,pixel_10787,pixel_10788,pixel_10789,pixel_10790,pixel_10791,pixel_10792,pixel_10793,pixel_10794,pixel_10795,pixel_10796,pixel_10797,pixel_10798,pixel_10799,pixel_10800,pixel_10801,pixel_10802,pixel_10803,pixel_10804,pixel_10805,pixel_10806,pixel_10807,pixel_10808,pixel_10809,pixel_10810,pixel_10811,pixel_10812,pixel_10813,pixel_10814,pixel_10815,pixel_10816,pixel_10817,pixel_10818,pixel_10819,pixel_10820,pixel_10821,pixel_10822,pixel_10823,pixel_10824,pixel_10825,pixel_10826,pixel_10827,pixel_10828,pixel_10829,pixel_10830,pixel_10831,pixel_10832,pixel_10833,pixel_10834,pixel_10835,pixel_10836,pixel_10837,pixel_10838,pixel_10839,pixel_10840,pixel_10841,pixel_10842,pixel_10843,pixel_10844,pixel_10845,pixel_10846,pixel_10847,pixel_10848,pixel_10849,pixel_10850,pixel_10851,pixel_10852,pixel_10853,pixel_10854,pixel_10855,pixel_10856,pixel_10857,pixel_10858,pixel_10859,pixel_10860,pixel_10861,pixel_10862,pixel_10863,pixel_10864,pixel_10865,pixel_10866,pixel_10867,pixel_10868,pixel_10869,pixel_10870,pixel_10871,pixel_10872,pixel_10873,pixel_10874,pixel_10875,pixel_10876,pixel_10877,pixel_10878,pixel_10879,pixel_10880,pixel_10881,pixel_10882,pixel_10883,pixel_10884,pixel_10885,pixel_10886,pixel_10887,pixel_10888,pixel_10889,pixel_10890,pixel_10891,pixel_10892,pixel_10893,pixel_10894,pixel_10895,pixel_10896,pixel_10897,pixel_10898,pixel_10899,pixel_10900,pixel_10901,pixel_10902,pixel_10903,pixel_10904,pixel_10905,pixel_10906,pixel_10907,pixel_10908,pixel_10909,pixel_10910,pixel_10911,pixel_10912,pixel_10913,pixel_10914,pixel_10915,pixel_10916,pixel_10917,pixel_10918,pixel_10919,pixel_10920,pixel_10921,pixel_10922,pixel_10923,pixel_10924,pixel_10925,pixel_10926,pixel_10927,pixel_10928,pixel_10929,pixel_10930,pixel_10931,pixel_10932,pixel_10933,pixel_10934,pixel_10935,pixel_10936,pixel_10937,pixel_10938,pixel_10939,pixel_10940,pixel_10941,pixel_10942,pixel_10943,pixel_10944,pixel_10945,pixel_10946,pixel_10947,pixel_10948,pixel_10949,pixel_10950,pixel_10951,pixel_10952,pixel_10953,pixel_10954,pixel_10955,pixel_10956,pixel_10957,pixel_10958,pixel_10959,pixel_10960,pixel_10961,pixel_10962,pixel_10963,pixel_10964,pixel_10965,pixel_10966,pixel_10967,pixel_10968,pixel_10969,pixel_10970,pixel_10971,pixel_10972,pixel_10973,pixel_10974,pixel_10975,pixel_10976,pixel_10977,pixel_10978,pixel_10979,pixel_10980,pixel_10981,pixel_10982,pixel_10983,pixel_10984,pixel_10985,pixel_10986,pixel_10987,pixel_10988,pixel_10989,pixel_10990,pixel_10991,pixel_10992,pixel_10993,pixel_10994,pixel_10995,pixel_10996,pixel_10997,pixel_10998,pixel_10999,pixel_11000,pixel_11001,pixel_11002,pixel_11003,pixel_11004,pixel_11005,pixel_11006,pixel_11007,pixel_11008,pixel_11009,pixel_11010,pixel_11011,pixel_11012,pixel_11013,pixel_11014,pixel_11015,pixel_11016,pixel_11017,pixel_11018,pixel_11019,pixel_11020,pixel_11021,pixel_11022,pixel_11023,pixel_11024,pixel_11025,pixel_11026,pixel_11027,pixel_11028,pixel_11029,pixel_11030,pixel_11031,pixel_11032,pixel_11033,pixel_11034,pixel_11035,pixel_11036,pixel_11037,pixel_11038,pixel_11039,pixel_11040,pixel_11041,pixel_11042,pixel_11043,pixel_11044,pixel_11045,pixel_11046,pixel_11047,pixel_11048,pixel_11049,pixel_11050,pixel_11051,pixel_11052,pixel_11053,pixel_11054,pixel_11055,pixel_11056,pixel_11057,pixel_11058,pixel_11059,pixel_11060,pixel_11061,pixel_11062,pixel_11063,pixel_11064,pixel_11065,pixel_11066,pixel_11067,pixel_11068,pixel_11069,pixel_11070,pixel_11071,pixel_11072,pixel_11073,pixel_11074,pixel_11075,pixel_11076,pixel_11077,pixel_11078,pixel_11079,pixel_11080,pixel_11081,pixel_11082,pixel_11083,pixel_11084,pixel_11085,pixel_11086,pixel_11087,pixel_11088,pixel_11089,pixel_11090,pixel_11091,pixel_11092,pixel_11093,pixel_11094,pixel_11095,pixel_11096,pixel_11097,pixel_11098,pixel_11099,pixel_11100,pixel_11101,pixel_11102,pixel_11103,pixel_11104,pixel_11105,pixel_11106,pixel_11107,pixel_11108,pixel_11109,pixel_11110,pixel_11111,pixel_11112,pixel_11113,pixel_11114,pixel_11115,pixel_11116,pixel_11117,pixel_11118,pixel_11119,pixel_11120,pixel_11121,pixel_11122,pixel_11123,pixel_11124,pixel_11125,pixel_11126,pixel_11127,pixel_11128,pixel_11129,pixel_11130,pixel_11131,pixel_11132,pixel_11133,pixel_11134,pixel_11135,pixel_11136,pixel_11137,pixel_11138,pixel_11139,pixel_11140,pixel_11141,pixel_11142,pixel_11143,pixel_11144,pixel_11145,pixel_11146,pixel_11147,pixel_11148,pixel_11149,pixel_11150,pixel_11151,pixel_11152,pixel_11153,pixel_11154,pixel_11155,pixel_11156,pixel_11157,pixel_11158,pixel_11159,pixel_11160,pixel_11161,pixel_11162,pixel_11163,pixel_11164,pixel_11165,pixel_11166,pixel_11167,pixel_11168,pixel_11169,pixel_11170,pixel_11171,pixel_11172,pixel_11173,pixel_11174,pixel_11175,pixel_11176,pixel_11177,pixel_11178,pixel_11179,pixel_11180,pixel_11181,pixel_11182,pixel_11183,pixel_11184,pixel_11185,pixel_11186,pixel_11187,pixel_11188,pixel_11189,pixel_11190,pixel_11191,pixel_11192,pixel_11193,pixel_11194,pixel_11195,pixel_11196,pixel_11197,pixel_11198,pixel_11199,pixel_11200,pixel_11201,pixel_11202,pixel_11203,pixel_11204,pixel_11205,pixel_11206,pixel_11207,pixel_11208,pixel_11209,pixel_11210,pixel_11211,pixel_11212,pixel_11213,pixel_11214,pixel_11215,pixel_11216,pixel_11217,pixel_11218,pixel_11219,pixel_11220,pixel_11221,pixel_11222,pixel_11223,pixel_11224,pixel_11225,pixel_11226,pixel_11227,pixel_11228,pixel_11229,pixel_11230,pixel_11231,pixel_11232,pixel_11233,pixel_11234,pixel_11235,pixel_11236,pixel_11237,pixel_11238,pixel_11239,pixel_11240,pixel_11241,pixel_11242,pixel_11243,pixel_11244,pixel_11245,pixel_11246,pixel_11247,pixel_11248,pixel_11249,pixel_11250,pixel_11251,pixel_11252,pixel_11253,pixel_11254,pixel_11255,pixel_11256,pixel_11257,pixel_11258,pixel_11259,pixel_11260,pixel_11261,pixel_11262,pixel_11263,pixel_11264,pixel_11265,pixel_11266,pixel_11267,pixel_11268,pixel_11269,pixel_11270,pixel_11271,pixel_11272,pixel_11273,pixel_11274,pixel_11275,pixel_11276,pixel_11277,pixel_11278,pixel_11279,pixel_11280,pixel_11281,pixel_11282,pixel_11283,pixel_11284,pixel_11285,pixel_11286,pixel_11287,pixel_11288,pixel_11289,pixel_11290,pixel_11291,pixel_11292,pixel_11293,pixel_11294,pixel_11295,pixel_11296,pixel_11297,pixel_11298,pixel_11299,pixel_11300,pixel_11301,pixel_11302,pixel_11303,pixel_11304,pixel_11305,pixel_11306,pixel_11307,pixel_11308,pixel_11309,pixel_11310,pixel_11311,pixel_11312,pixel_11313,pixel_11314,pixel_11315,pixel_11316,pixel_11317,pixel_11318,pixel_11319,pixel_11320,pixel_11321,pixel_11322,pixel_11323,pixel_11324,pixel_11325,pixel_11326,pixel_11327,pixel_11328,pixel_11329,pixel_11330,pixel_11331,pixel_11332,pixel_11333,pixel_11334,pixel_11335,pixel_11336,pixel_11337,pixel_11338,pixel_11339,pixel_11340,pixel_11341,pixel_11342,pixel_11343,pixel_11344,pixel_11345,pixel_11346,pixel_11347,pixel_11348,pixel_11349,pixel_11350,pixel_11351,pixel_11352,pixel_11353,pixel_11354,pixel_11355,pixel_11356,pixel_11357,pixel_11358,pixel_11359,pixel_11360,pixel_11361,pixel_11362,pixel_11363,pixel_11364,pixel_11365,pixel_11366,pixel_11367,pixel_11368,pixel_11369,pixel_11370,pixel_11371,pixel_11372,pixel_11373,pixel_11374,pixel_11375,pixel_11376,pixel_11377,pixel_11378,pixel_11379,pixel_11380,pixel_11381,pixel_11382,pixel_11383,pixel_11384,pixel_11385,pixel_11386,pixel_11387,pixel_11388,pixel_11389,pixel_11390,pixel_11391,pixel_11392,pixel_11393,pixel_11394,pixel_11395,pixel_11396,pixel_11397,pixel_11398,pixel_11399,pixel_11400,pixel_11401,pixel_11402,pixel_11403,pixel_11404,pixel_11405,pixel_11406,pixel_11407,pixel_11408,pixel_11409,pixel_11410,pixel_11411,pixel_11412,pixel_11413,pixel_11414,pixel_11415,pixel_11416,pixel_11417,pixel_11418,pixel_11419,pixel_11420,pixel_11421,pixel_11422,pixel_11423,pixel_11424,pixel_11425,pixel_11426,pixel_11427,pixel_11428,pixel_11429,pixel_11430,pixel_11431,pixel_11432,pixel_11433,pixel_11434,pixel_11435,pixel_11436,pixel_11437,pixel_11438,pixel_11439,pixel_11440,pixel_11441,pixel_11442,pixel_11443,pixel_11444,pixel_11445,pixel_11446,pixel_11447,pixel_11448,pixel_11449,pixel_11450,pixel_11451,pixel_11452,pixel_11453,pixel_11454,pixel_11455,pixel_11456,pixel_11457,pixel_11458,pixel_11459,pixel_11460,pixel_11461,pixel_11462,pixel_11463,pixel_11464,pixel_11465,pixel_11466,pixel_11467,pixel_11468,pixel_11469,pixel_11470,pixel_11471,pixel_11472,pixel_11473,pixel_11474,pixel_11475,pixel_11476,pixel_11477,pixel_11478,pixel_11479,pixel_11480,pixel_11481,pixel_11482,pixel_11483,pixel_11484,pixel_11485,pixel_11486,pixel_11487,pixel_11488,pixel_11489,pixel_11490,pixel_11491,pixel_11492,pixel_11493,pixel_11494,pixel_11495,pixel_11496,pixel_11497,pixel_11498,pixel_11499,pixel_11500,pixel_11501,pixel_11502,pixel_11503,pixel_11504,pixel_11505,pixel_11506,pixel_11507,pixel_11508,pixel_11509,pixel_11510,pixel_11511,pixel_11512,pixel_11513,pixel_11514,pixel_11515,pixel_11516,pixel_11517,pixel_11518,pixel_11519,pixel_11520,pixel_11521,pixel_11522,pixel_11523,pixel_11524,pixel_11525,pixel_11526,pixel_11527,pixel_11528,pixel_11529,pixel_11530,pixel_11531,pixel_11532,pixel_11533,pixel_11534,pixel_11535,pixel_11536,pixel_11537,pixel_11538,pixel_11539,pixel_11540,pixel_11541,pixel_11542,pixel_11543,pixel_11544,pixel_11545,pixel_11546,pixel_11547,pixel_11548,pixel_11549,pixel_11550,pixel_11551,pixel_11552,pixel_11553,pixel_11554,pixel_11555,pixel_11556,pixel_11557,pixel_11558,pixel_11559,pixel_11560,pixel_11561,pixel_11562,pixel_11563,pixel_11564,pixel_11565,pixel_11566,pixel_11567,pixel_11568,pixel_11569,pixel_11570,pixel_11571,pixel_11572,pixel_11573,pixel_11574,pixel_11575,pixel_11576,pixel_11577,pixel_11578,pixel_11579,pixel_11580,pixel_11581,pixel_11582,pixel_11583,pixel_11584,pixel_11585,pixel_11586,pixel_11587,pixel_11588,pixel_11589,pixel_11590,pixel_11591,pixel_11592,pixel_11593,pixel_11594,pixel_11595,pixel_11596,pixel_11597,pixel_11598,pixel_11599,pixel_11600,pixel_11601,pixel_11602,pixel_11603,pixel_11604,pixel_11605,pixel_11606,pixel_11607,pixel_11608,pixel_11609,pixel_11610,pixel_11611,pixel_11612,pixel_11613,pixel_11614,pixel_11615,pixel_11616,pixel_11617,pixel_11618,pixel_11619,pixel_11620,pixel_11621,pixel_11622,pixel_11623,pixel_11624,pixel_11625,pixel_11626,pixel_11627,pixel_11628,pixel_11629,pixel_11630,pixel_11631,pixel_11632,pixel_11633,pixel_11634,pixel_11635,pixel_11636,pixel_11637,pixel_11638,pixel_11639,pixel_11640,pixel_11641,pixel_11642,pixel_11643,pixel_11644,pixel_11645,pixel_11646,pixel_11647,pixel_11648,pixel_11649,pixel_11650,pixel_11651,pixel_11652,pixel_11653,pixel_11654,pixel_11655,pixel_11656,pixel_11657,pixel_11658,pixel_11659,pixel_11660,pixel_11661,pixel_11662,pixel_11663,pixel_11664,pixel_11665,pixel_11666,pixel_11667,pixel_11668,pixel_11669,pixel_11670,pixel_11671,pixel_11672,pixel_11673,pixel_11674,pixel_11675,pixel_11676,pixel_11677,pixel_11678,pixel_11679,pixel_11680,pixel_11681,pixel_11682,pixel_11683,pixel_11684,pixel_11685,pixel_11686,pixel_11687,pixel_11688,pixel_11689,pixel_11690,pixel_11691,pixel_11692,pixel_11693,pixel_11694,pixel_11695,pixel_11696,pixel_11697,pixel_11698,pixel_11699,pixel_11700,pixel_11701,pixel_11702,pixel_11703,pixel_11704,pixel_11705,pixel_11706,pixel_11707,pixel_11708,pixel_11709,pixel_11710,pixel_11711,pixel_11712,pixel_11713,pixel_11714,pixel_11715,pixel_11716,pixel_11717,pixel_11718,pixel_11719,pixel_11720,pixel_11721,pixel_11722,pixel_11723,pixel_11724,pixel_11725,pixel_11726,pixel_11727,pixel_11728,pixel_11729,pixel_11730,pixel_11731,pixel_11732,pixel_11733,pixel_11734,pixel_11735,pixel_11736,pixel_11737,pixel_11738,pixel_11739,pixel_11740,pixel_11741,pixel_11742,pixel_11743,pixel_11744,pixel_11745,pixel_11746,pixel_11747,pixel_11748,pixel_11749,pixel_11750,pixel_11751,pixel_11752,pixel_11753,pixel_11754,pixel_11755,pixel_11756,pixel_11757,pixel_11758,pixel_11759,pixel_11760,pixel_11761,pixel_11762,pixel_11763,pixel_11764,pixel_11765,pixel_11766,pixel_11767,pixel_11768,pixel_11769,pixel_11770,pixel_11771,pixel_11772,pixel_11773,pixel_11774,pixel_11775,pixel_11776,pixel_11777,pixel_11778,pixel_11779,pixel_11780,pixel_11781,pixel_11782,pixel_11783,pixel_11784,pixel_11785,pixel_11786,pixel_11787,pixel_11788,pixel_11789,pixel_11790,pixel_11791,pixel_11792,pixel_11793,pixel_11794,pixel_11795,pixel_11796,pixel_11797,pixel_11798,pixel_11799,pixel_11800,pixel_11801,pixel_11802,pixel_11803,pixel_11804,pixel_11805,pixel_11806,pixel_11807,pixel_11808,pixel_11809,pixel_11810,pixel_11811,pixel_11812,pixel_11813,pixel_11814,pixel_11815,pixel_11816,pixel_11817,pixel_11818,pixel_11819,pixel_11820,pixel_11821,pixel_11822,pixel_11823,pixel_11824,pixel_11825,pixel_11826,pixel_11827,pixel_11828,pixel_11829,pixel_11830,pixel_11831,pixel_11832,pixel_11833,pixel_11834,pixel_11835,pixel_11836,pixel_11837,pixel_11838,pixel_11839,pixel_11840,pixel_11841,pixel_11842,pixel_11843,pixel_11844,pixel_11845,pixel_11846,pixel_11847,pixel_11848,pixel_11849,pixel_11850,pixel_11851,pixel_11852,pixel_11853,pixel_11854,pixel_11855,pixel_11856,pixel_11857,pixel_11858,pixel_11859,pixel_11860,pixel_11861,pixel_11862,pixel_11863,pixel_11864,pixel_11865,pixel_11866,pixel_11867,pixel_11868,pixel_11869,pixel_11870,pixel_11871,pixel_11872,pixel_11873,pixel_11874,pixel_11875,pixel_11876,pixel_11877,pixel_11878,pixel_11879,pixel_11880,pixel_11881,pixel_11882,pixel_11883,pixel_11884,pixel_11885,pixel_11886,pixel_11887,pixel_11888,pixel_11889,pixel_11890,pixel_11891,pixel_11892,pixel_11893,pixel_11894,pixel_11895,pixel_11896,pixel_11897,pixel_11898,pixel_11899,pixel_11900,pixel_11901,pixel_11902,pixel_11903,pixel_11904,pixel_11905,pixel_11906,pixel_11907,pixel_11908,pixel_11909,pixel_11910,pixel_11911,pixel_11912,pixel_11913,pixel_11914,pixel_11915,pixel_11916,pixel_11917,pixel_11918,pixel_11919,pixel_11920,pixel_11921,pixel_11922,pixel_11923,pixel_11924,pixel_11925,pixel_11926,pixel_11927,pixel_11928,pixel_11929,pixel_11930,pixel_11931,pixel_11932,pixel_11933,pixel_11934,pixel_11935,pixel_11936,pixel_11937,pixel_11938,pixel_11939,pixel_11940,pixel_11941,pixel_11942,pixel_11943,pixel_11944,pixel_11945,pixel_11946,pixel_11947,pixel_11948,pixel_11949,pixel_11950,pixel_11951,pixel_11952,pixel_11953,pixel_11954,pixel_11955,pixel_11956,pixel_11957,pixel_11958,pixel_11959,pixel_11960,pixel_11961,pixel_11962,pixel_11963,pixel_11964,pixel_11965,pixel_11966,pixel_11967,pixel_11968,pixel_11969,pixel_11970,pixel_11971,pixel_11972,pixel_11973,pixel_11974,pixel_11975,pixel_11976,pixel_11977,pixel_11978,pixel_11979,pixel_11980,pixel_11981,pixel_11982,pixel_11983,pixel_11984,pixel_11985,pixel_11986,pixel_11987,pixel_11988,pixel_11989,pixel_11990,pixel_11991,pixel_11992,pixel_11993,pixel_11994,pixel_11995,pixel_11996,pixel_11997,pixel_11998,pixel_11999,pixel_12000,pixel_12001,pixel_12002,pixel_12003,pixel_12004,pixel_12005,pixel_12006,pixel_12007,pixel_12008,pixel_12009,pixel_12010,pixel_12011,pixel_12012,pixel_12013,pixel_12014,pixel_12015,pixel_12016,pixel_12017,pixel_12018,pixel_12019,pixel_12020,pixel_12021,pixel_12022,pixel_12023,pixel_12024,pixel_12025,pixel_12026,pixel_12027,pixel_12028,pixel_12029,pixel_12030,pixel_12031,pixel_12032,pixel_12033,pixel_12034,pixel_12035,pixel_12036,pixel_12037,pixel_12038,pixel_12039,pixel_12040,pixel_12041,pixel_12042,pixel_12043,pixel_12044,pixel_12045,pixel_12046,pixel_12047,pixel_12048,pixel_12049,pixel_12050,pixel_12051,pixel_12052,pixel_12053,pixel_12054,pixel_12055,pixel_12056,pixel_12057,pixel_12058,pixel_12059,pixel_12060,pixel_12061,pixel_12062,pixel_12063,pixel_12064,pixel_12065,pixel_12066,pixel_12067,pixel_12068,pixel_12069,pixel_12070,pixel_12071,pixel_12072,pixel_12073,pixel_12074,pixel_12075,pixel_12076,pixel_12077,pixel_12078,pixel_12079,pixel_12080,pixel_12081,pixel_12082,pixel_12083,pixel_12084,pixel_12085,pixel_12086,pixel_12087,pixel_12088,pixel_12089,pixel_12090,pixel_12091,pixel_12092,pixel_12093,pixel_12094,pixel_12095,pixel_12096,pixel_12097,pixel_12098,pixel_12099,pixel_12100,pixel_12101,pixel_12102,pixel_12103,pixel_12104,pixel_12105,pixel_12106,pixel_12107,pixel_12108,pixel_12109,pixel_12110,pixel_12111,pixel_12112,pixel_12113,pixel_12114,pixel_12115,pixel_12116,pixel_12117,pixel_12118,pixel_12119,pixel_12120,pixel_12121,pixel_12122,pixel_12123,pixel_12124,pixel_12125,pixel_12126,pixel_12127,pixel_12128,pixel_12129,pixel_12130,pixel_12131,pixel_12132,pixel_12133,pixel_12134,pixel_12135,pixel_12136,pixel_12137,pixel_12138,pixel_12139,pixel_12140,pixel_12141,pixel_12142,pixel_12143,pixel_12144,pixel_12145,pixel_12146,pixel_12147,pixel_12148,pixel_12149,pixel_12150,pixel_12151,pixel_12152,pixel_12153,pixel_12154,pixel_12155,pixel_12156,pixel_12157,pixel_12158,pixel_12159,pixel_12160,pixel_12161,pixel_12162,pixel_12163,pixel_12164,pixel_12165,pixel_12166,pixel_12167,pixel_12168,pixel_12169,pixel_12170,pixel_12171,pixel_12172,pixel_12173,pixel_12174,pixel_12175,pixel_12176,pixel_12177,pixel_12178,pixel_12179,pixel_12180,pixel_12181,pixel_12182,pixel_12183,pixel_12184,pixel_12185,pixel_12186,pixel_12187,pixel_12188,pixel_12189,pixel_12190,pixel_12191,pixel_12192,pixel_12193,pixel_12194,pixel_12195,pixel_12196,pixel_12197,pixel_12198,pixel_12199,pixel_12200,pixel_12201,pixel_12202,pixel_12203,pixel_12204,pixel_12205,pixel_12206,pixel_12207,pixel_12208,pixel_12209,pixel_12210,pixel_12211,pixel_12212,pixel_12213,pixel_12214,pixel_12215,pixel_12216,pixel_12217,pixel_12218,pixel_12219,pixel_12220,pixel_12221,pixel_12222,pixel_12223,pixel_12224,pixel_12225,pixel_12226,pixel_12227,pixel_12228,pixel_12229,pixel_12230,pixel_12231,pixel_12232,pixel_12233,pixel_12234,pixel_12235,pixel_12236,pixel_12237,pixel_12238,pixel_12239,pixel_12240,pixel_12241,pixel_12242,pixel_12243,pixel_12244,pixel_12245,pixel_12246,pixel_12247,pixel_12248,pixel_12249,pixel_12250,pixel_12251,pixel_12252,pixel_12253,pixel_12254,pixel_12255,pixel_12256,pixel_12257,pixel_12258,pixel_12259,pixel_12260,pixel_12261,pixel_12262,pixel_12263,pixel_12264,pixel_12265,pixel_12266,pixel_12267,pixel_12268,pixel_12269,pixel_12270,pixel_12271,pixel_12272,pixel_12273,pixel_12274,pixel_12275,pixel_12276,pixel_12277,pixel_12278,pixel_12279,pixel_12280,pixel_12281,pixel_12282,pixel_12283,pixel_12284,pixel_12285,pixel_12286,pixel_12287,pixel_12288,pixel_12289,pixel_12290,pixel_12291,pixel_12292,pixel_12293,pixel_12294,pixel_12295,pixel_12296,pixel_12297,pixel_12298,pixel_12299,pixel_12300,pixel_12301,pixel_12302,pixel_12303,pixel_12304,pixel_12305,pixel_12306,pixel_12307,pixel_12308,pixel_12309,pixel_12310,pixel_12311,pixel_12312,pixel_12313,pixel_12314,pixel_12315,pixel_12316,pixel_12317,pixel_12318,pixel_12319,pixel_12320,pixel_12321,pixel_12322,pixel_12323,pixel_12324,pixel_12325,pixel_12326,pixel_12327,pixel_12328,pixel_12329,pixel_12330,pixel_12331,pixel_12332,pixel_12333,pixel_12334,pixel_12335,pixel_12336,pixel_12337,pixel_12338,pixel_12339,pixel_12340,pixel_12341,pixel_12342,pixel_12343,pixel_12344,pixel_12345,pixel_12346,pixel_12347,pixel_12348,pixel_12349,pixel_12350,pixel_12351,pixel_12352,pixel_12353,pixel_12354,pixel_12355,pixel_12356,pixel_12357,pixel_12358,pixel_12359,pixel_12360,pixel_12361,pixel_12362,pixel_12363,pixel_12364,pixel_12365,pixel_12366,pixel_12367,pixel_12368,pixel_12369,pixel_12370,pixel_12371,pixel_12372,pixel_12373,pixel_12374,pixel_12375,pixel_12376,pixel_12377,pixel_12378,pixel_12379,pixel_12380,pixel_12381,pixel_12382,pixel_12383,pixel_12384,pixel_12385,pixel_12386,pixel_12387,pixel_12388,pixel_12389,pixel_12390,pixel_12391,pixel_12392,pixel_12393,pixel_12394,pixel_12395,pixel_12396,pixel_12397,pixel_12398,pixel_12399,pixel_12400,pixel_12401,pixel_12402,pixel_12403,pixel_12404,pixel_12405,pixel_12406,pixel_12407,pixel_12408,pixel_12409,pixel_12410,pixel_12411,pixel_12412,pixel_12413,pixel_12414,pixel_12415,pixel_12416,pixel_12417,pixel_12418,pixel_12419,pixel_12420,pixel_12421,pixel_12422,pixel_12423,pixel_12424,pixel_12425,pixel_12426,pixel_12427,pixel_12428,pixel_12429,pixel_12430,pixel_12431,pixel_12432,pixel_12433,pixel_12434,pixel_12435,pixel_12436,pixel_12437,pixel_12438,pixel_12439,pixel_12440,pixel_12441,pixel_12442,pixel_12443,pixel_12444,pixel_12445,pixel_12446,pixel_12447,pixel_12448,pixel_12449,pixel_12450,pixel_12451,pixel_12452,pixel_12453,pixel_12454,pixel_12455,pixel_12456,pixel_12457,pixel_12458,pixel_12459,pixel_12460,pixel_12461,pixel_12462,pixel_12463,pixel_12464,pixel_12465,pixel_12466,pixel_12467,pixel_12468,pixel_12469,pixel_12470,pixel_12471,pixel_12472,pixel_12473,pixel_12474,pixel_12475,pixel_12476,pixel_12477,pixel_12478,pixel_12479,pixel_12480,pixel_12481,pixel_12482,pixel_12483,pixel_12484,pixel_12485,pixel_12486,pixel_12487,pixel_12488,pixel_12489,pixel_12490,pixel_12491,pixel_12492,pixel_12493,pixel_12494,pixel_12495,pixel_12496,pixel_12497,pixel_12498,pixel_12499,pixel_12500,pixel_12501,pixel_12502,pixel_12503,pixel_12504,pixel_12505,pixel_12506,pixel_12507,pixel_12508,pixel_12509,pixel_12510,pixel_12511,pixel_12512,pixel_12513,pixel_12514,pixel_12515,pixel_12516,pixel_12517,pixel_12518,pixel_12519,pixel_12520,pixel_12521,pixel_12522,pixel_12523,pixel_12524,pixel_12525,pixel_12526,pixel_12527,pixel_12528,pixel_12529,pixel_12530,pixel_12531,pixel_12532,pixel_12533,pixel_12534,pixel_12535,pixel_12536,pixel_12537,pixel_12538,pixel_12539,pixel_12540,pixel_12541,pixel_12542,pixel_12543,pixel_12544,pixel_12545,pixel_12546,pixel_12547,pixel_12548,pixel_12549,pixel_12550,pixel_12551,pixel_12552,pixel_12553,pixel_12554,pixel_12555,pixel_12556,pixel_12557,pixel_12558,pixel_12559,pixel_12560,pixel_12561,pixel_12562,pixel_12563,pixel_12564,pixel_12565,pixel_12566,pixel_12567,pixel_12568,pixel_12569,pixel_12570,pixel_12571,pixel_12572,pixel_12573,pixel_12574,pixel_12575,pixel_12576,pixel_12577,pixel_12578,pixel_12579,pixel_12580,pixel_12581,pixel_12582,pixel_12583,pixel_12584,pixel_12585,pixel_12586,pixel_12587,pixel_12588,pixel_12589,pixel_12590,pixel_12591,pixel_12592,pixel_12593,pixel_12594,pixel_12595,pixel_12596,pixel_12597,pixel_12598,pixel_12599,pixel_12600,pixel_12601,pixel_12602,pixel_12603,pixel_12604,pixel_12605,pixel_12606,pixel_12607,pixel_12608,pixel_12609,pixel_12610,pixel_12611,pixel_12612,pixel_12613,pixel_12614,pixel_12615,pixel_12616,pixel_12617,pixel_12618,pixel_12619,pixel_12620,pixel_12621,pixel_12622,pixel_12623,pixel_12624,pixel_12625,pixel_12626,pixel_12627,pixel_12628,pixel_12629,pixel_12630,pixel_12631,pixel_12632,pixel_12633,pixel_12634,pixel_12635,pixel_12636,pixel_12637,pixel_12638,pixel_12639,pixel_12640,pixel_12641,pixel_12642,pixel_12643,pixel_12644,pixel_12645,pixel_12646,pixel_12647,pixel_12648,pixel_12649,pixel_12650,pixel_12651,pixel_12652,pixel_12653,pixel_12654,pixel_12655,pixel_12656,pixel_12657,pixel_12658,pixel_12659,pixel_12660,pixel_12661,pixel_12662,pixel_12663,pixel_12664,pixel_12665,pixel_12666,pixel_12667,pixel_12668,pixel_12669,pixel_12670,pixel_12671,pixel_12672,pixel_12673,pixel_12674,pixel_12675,pixel_12676,pixel_12677,pixel_12678,pixel_12679,pixel_12680,pixel_12681,pixel_12682,pixel_12683,pixel_12684,pixel_12685,pixel_12686,pixel_12687,pixel_12688,pixel_12689,pixel_12690,pixel_12691,pixel_12692,pixel_12693,pixel_12694,pixel_12695,pixel_12696,pixel_12697,pixel_12698,pixel_12699,pixel_12700,pixel_12701,pixel_12702,pixel_12703,pixel_12704,pixel_12705,pixel_12706,pixel_12707,pixel_12708,pixel_12709,pixel_12710,pixel_12711,pixel_12712,pixel_12713,pixel_12714,pixel_12715,pixel_12716,pixel_12717,pixel_12718,pixel_12719,pixel_12720,pixel_12721,pixel_12722,pixel_12723,pixel_12724,pixel_12725,pixel_12726,pixel_12727,pixel_12728,pixel_12729,pixel_12730,pixel_12731,pixel_12732,pixel_12733,pixel_12734,pixel_12735,pixel_12736,pixel_12737,pixel_12738,pixel_12739,pixel_12740,pixel_12741,pixel_12742,pixel_12743,pixel_12744,pixel_12745,pixel_12746,pixel_12747,pixel_12748,pixel_12749,pixel_12750,pixel_12751,pixel_12752,pixel_12753,pixel_12754,pixel_12755,pixel_12756,pixel_12757,pixel_12758,pixel_12759,pixel_12760,pixel_12761,pixel_12762,pixel_12763,pixel_12764,pixel_12765,pixel_12766,pixel_12767,pixel_12768,pixel_12769,pixel_12770,pixel_12771,pixel_12772,pixel_12773,pixel_12774,pixel_12775,pixel_12776,pixel_12777,pixel_12778,pixel_12779,pixel_12780,pixel_12781,pixel_12782,pixel_12783,pixel_12784,pixel_12785,pixel_12786,pixel_12787,pixel_12788,pixel_12789,pixel_12790,pixel_12791,pixel_12792,pixel_12793,pixel_12794,pixel_12795,pixel_12796,pixel_12797,pixel_12798,pixel_12799,pixel_12800,pixel_12801,pixel_12802,pixel_12803,pixel_12804,pixel_12805,pixel_12806,pixel_12807,pixel_12808,pixel_12809,pixel_12810,pixel_12811,pixel_12812,pixel_12813,pixel_12814,pixel_12815,pixel_12816,pixel_12817,pixel_12818,pixel_12819,pixel_12820,pixel_12821,pixel_12822,pixel_12823,pixel_12824,pixel_12825,pixel_12826,pixel_12827,pixel_12828,pixel_12829,pixel_12830,pixel_12831,pixel_12832,pixel_12833,pixel_12834,pixel_12835,pixel_12836,pixel_12837,pixel_12838,pixel_12839,pixel_12840,pixel_12841,pixel_12842,pixel_12843,pixel_12844,pixel_12845,pixel_12846,pixel_12847,pixel_12848,pixel_12849,pixel_12850,pixel_12851,pixel_12852,pixel_12853,pixel_12854,pixel_12855,pixel_12856,pixel_12857,pixel_12858,pixel_12859,pixel_12860,pixel_12861,pixel_12862,pixel_12863,pixel_12864,pixel_12865,pixel_12866,pixel_12867,pixel_12868,pixel_12869,pixel_12870,pixel_12871,pixel_12872,pixel_12873,pixel_12874,pixel_12875,pixel_12876,pixel_12877,pixel_12878,pixel_12879,pixel_12880,pixel_12881,pixel_12882,pixel_12883,pixel_12884,pixel_12885,pixel_12886,pixel_12887,pixel_12888,pixel_12889,pixel_12890,pixel_12891,pixel_12892,pixel_12893,pixel_12894,pixel_12895,pixel_12896,pixel_12897,pixel_12898,pixel_12899,pixel_12900,pixel_12901,pixel_12902,pixel_12903,pixel_12904,pixel_12905,pixel_12906,pixel_12907,pixel_12908,pixel_12909,pixel_12910,pixel_12911,pixel_12912,pixel_12913,pixel_12914,pixel_12915,pixel_12916,pixel_12917,pixel_12918,pixel_12919,pixel_12920,pixel_12921,pixel_12922,pixel_12923,pixel_12924,pixel_12925,pixel_12926,pixel_12927,pixel_12928,pixel_12929,pixel_12930,pixel_12931,pixel_12932,pixel_12933,pixel_12934,pixel_12935,pixel_12936,pixel_12937,pixel_12938,pixel_12939,pixel_12940,pixel_12941,pixel_12942,pixel_12943,pixel_12944,pixel_12945,pixel_12946,pixel_12947,pixel_12948,pixel_12949,pixel_12950,pixel_12951,pixel_12952,pixel_12953,pixel_12954,pixel_12955,pixel_12956,pixel_12957,pixel_12958,pixel_12959,pixel_12960,pixel_12961,pixel_12962,pixel_12963,pixel_12964,pixel_12965,pixel_12966,pixel_12967,pixel_12968,pixel_12969,pixel_12970,pixel_12971,pixel_12972,pixel_12973,pixel_12974,pixel_12975,pixel_12976,pixel_12977,pixel_12978,pixel_12979,pixel_12980,pixel_12981,pixel_12982,pixel_12983,pixel_12984,pixel_12985,pixel_12986,pixel_12987,pixel_12988,pixel_12989,pixel_12990,pixel_12991,pixel_12992,pixel_12993,pixel_12994,pixel_12995,pixel_12996,pixel_12997,pixel_12998,pixel_12999,pixel_13000,pixel_13001,pixel_13002,pixel_13003,pixel_13004,pixel_13005,pixel_13006,pixel_13007,pixel_13008,pixel_13009,pixel_13010,pixel_13011,pixel_13012,pixel_13013,pixel_13014,pixel_13015,pixel_13016,pixel_13017,pixel_13018,pixel_13019,pixel_13020,pixel_13021,pixel_13022,pixel_13023,pixel_13024,pixel_13025,pixel_13026,pixel_13027,pixel_13028,pixel_13029,pixel_13030,pixel_13031,pixel_13032,pixel_13033,pixel_13034,pixel_13035,pixel_13036,pixel_13037,pixel_13038,pixel_13039,pixel_13040,pixel_13041,pixel_13042,pixel_13043,pixel_13044,pixel_13045,pixel_13046,pixel_13047,pixel_13048,pixel_13049,pixel_13050,pixel_13051,pixel_13052,pixel_13053,pixel_13054,pixel_13055,pixel_13056,pixel_13057,pixel_13058,pixel_13059,pixel_13060,pixel_13061,pixel_13062,pixel_13063,pixel_13064,pixel_13065,pixel_13066,pixel_13067,pixel_13068,pixel_13069,pixel_13070,pixel_13071,pixel_13072,pixel_13073,pixel_13074,pixel_13075,pixel_13076,pixel_13077,pixel_13078,pixel_13079,pixel_13080,pixel_13081,pixel_13082,pixel_13083,pixel_13084,pixel_13085,pixel_13086,pixel_13087,pixel_13088,pixel_13089,pixel_13090,pixel_13091,pixel_13092,pixel_13093,pixel_13094,pixel_13095,pixel_13096,pixel_13097,pixel_13098,pixel_13099,pixel_13100,pixel_13101,pixel_13102,pixel_13103,pixel_13104,pixel_13105,pixel_13106,pixel_13107,pixel_13108,pixel_13109,pixel_13110,pixel_13111,pixel_13112,pixel_13113,pixel_13114,pixel_13115,pixel_13116,pixel_13117,pixel_13118,pixel_13119,pixel_13120,pixel_13121,pixel_13122,pixel_13123,pixel_13124,pixel_13125,pixel_13126,pixel_13127,pixel_13128,pixel_13129,pixel_13130,pixel_13131,pixel_13132,pixel_13133,pixel_13134,pixel_13135,pixel_13136,pixel_13137,pixel_13138,pixel_13139,pixel_13140,pixel_13141,pixel_13142,pixel_13143,pixel_13144,pixel_13145,pixel_13146,pixel_13147,pixel_13148,pixel_13149,pixel_13150,pixel_13151,pixel_13152,pixel_13153,pixel_13154,pixel_13155,pixel_13156,pixel_13157,pixel_13158,pixel_13159,pixel_13160,pixel_13161,pixel_13162,pixel_13163,pixel_13164,pixel_13165,pixel_13166,pixel_13167,pixel_13168,pixel_13169,pixel_13170,pixel_13171,pixel_13172,pixel_13173,pixel_13174,pixel_13175,pixel_13176,pixel_13177,pixel_13178,pixel_13179,pixel_13180,pixel_13181,pixel_13182,pixel_13183,pixel_13184,pixel_13185,pixel_13186,pixel_13187,pixel_13188,pixel_13189,pixel_13190,pixel_13191,pixel_13192,pixel_13193,pixel_13194,pixel_13195,pixel_13196,pixel_13197,pixel_13198,pixel_13199,pixel_13200,pixel_13201,pixel_13202,pixel_13203,pixel_13204,pixel_13205,pixel_13206,pixel_13207,pixel_13208,pixel_13209,pixel_13210,pixel_13211,pixel_13212,pixel_13213,pixel_13214,pixel_13215,pixel_13216,pixel_13217,pixel_13218,pixel_13219,pixel_13220,pixel_13221,pixel_13222,pixel_13223,pixel_13224,pixel_13225,pixel_13226,pixel_13227,pixel_13228,pixel_13229,pixel_13230,pixel_13231,pixel_13232,pixel_13233,pixel_13234,pixel_13235,pixel_13236,pixel_13237,pixel_13238,pixel_13239,pixel_13240,pixel_13241,pixel_13242,pixel_13243,pixel_13244,pixel_13245,pixel_13246,pixel_13247,pixel_13248,pixel_13249,pixel_13250,pixel_13251,pixel_13252,pixel_13253,pixel_13254,pixel_13255,pixel_13256,pixel_13257,pixel_13258,pixel_13259,pixel_13260,pixel_13261,pixel_13262,pixel_13263,pixel_13264,pixel_13265,pixel_13266,pixel_13267,pixel_13268,pixel_13269,pixel_13270,pixel_13271,pixel_13272,pixel_13273,pixel_13274,pixel_13275,pixel_13276,pixel_13277,pixel_13278,pixel_13279,pixel_13280,pixel_13281,pixel_13282,pixel_13283,pixel_13284,pixel_13285,pixel_13286,pixel_13287,pixel_13288,pixel_13289,pixel_13290,pixel_13291,pixel_13292,pixel_13293,pixel_13294,pixel_13295,pixel_13296,pixel_13297,pixel_13298,pixel_13299,pixel_13300,pixel_13301,pixel_13302,pixel_13303,pixel_13304,pixel_13305,pixel_13306,pixel_13307,pixel_13308,pixel_13309,pixel_13310,pixel_13311,pixel_13312,pixel_13313,pixel_13314,pixel_13315,pixel_13316,pixel_13317,pixel_13318,pixel_13319,pixel_13320,pixel_13321,pixel_13322,pixel_13323,pixel_13324,pixel_13325,pixel_13326,pixel_13327,pixel_13328,pixel_13329,pixel_13330,pixel_13331,pixel_13332,pixel_13333,pixel_13334,pixel_13335,pixel_13336,pixel_13337,pixel_13338,pixel_13339,pixel_13340,pixel_13341,pixel_13342,pixel_13343,pixel_13344,pixel_13345,pixel_13346,pixel_13347,pixel_13348,pixel_13349,pixel_13350,pixel_13351,pixel_13352,pixel_13353,pixel_13354,pixel_13355,pixel_13356,pixel_13357,pixel_13358,pixel_13359,pixel_13360,pixel_13361,pixel_13362,pixel_13363,pixel_13364,pixel_13365,pixel_13366,pixel_13367,pixel_13368,pixel_13369,pixel_13370,pixel_13371,pixel_13372,pixel_13373,pixel_13374,pixel_13375,pixel_13376,pixel_13377,pixel_13378,pixel_13379,pixel_13380,pixel_13381,pixel_13382,pixel_13383,pixel_13384,pixel_13385,pixel_13386,pixel_13387,pixel_13388,pixel_13389,pixel_13390,pixel_13391,pixel_13392,pixel_13393,pixel_13394,pixel_13395,pixel_13396,pixel_13397,pixel_13398,pixel_13399,pixel_13400,pixel_13401,pixel_13402,pixel_13403,pixel_13404,pixel_13405,pixel_13406,pixel_13407,pixel_13408,pixel_13409,pixel_13410,pixel_13411,pixel_13412,pixel_13413,pixel_13414,pixel_13415,pixel_13416,pixel_13417,pixel_13418,pixel_13419,pixel_13420,pixel_13421,pixel_13422,pixel_13423,pixel_13424,pixel_13425,pixel_13426,pixel_13427,pixel_13428,pixel_13429,pixel_13430,pixel_13431,pixel_13432,pixel_13433,pixel_13434,pixel_13435,pixel_13436,pixel_13437,pixel_13438,pixel_13439,pixel_13440,pixel_13441,pixel_13442,pixel_13443,pixel_13444,pixel_13445,pixel_13446,pixel_13447,pixel_13448,pixel_13449,pixel_13450,pixel_13451,pixel_13452,pixel_13453,pixel_13454,pixel_13455,pixel_13456,pixel_13457,pixel_13458,pixel_13459,pixel_13460,pixel_13461,pixel_13462,pixel_13463,pixel_13464,pixel_13465,pixel_13466,pixel_13467,pixel_13468,pixel_13469,pixel_13470,pixel_13471,pixel_13472,pixel_13473,pixel_13474,pixel_13475,pixel_13476,pixel_13477,pixel_13478,pixel_13479,pixel_13480,pixel_13481,pixel_13482,pixel_13483,pixel_13484,pixel_13485,pixel_13486,pixel_13487,pixel_13488,pixel_13489,pixel_13490,pixel_13491,pixel_13492,pixel_13493,pixel_13494,pixel_13495,pixel_13496,pixel_13497,pixel_13498,pixel_13499,pixel_13500,pixel_13501,pixel_13502,pixel_13503,pixel_13504,pixel_13505,pixel_13506,pixel_13507,pixel_13508,pixel_13509,pixel_13510,pixel_13511,pixel_13512,pixel_13513,pixel_13514,pixel_13515,pixel_13516,pixel_13517,pixel_13518,pixel_13519,pixel_13520,pixel_13521,pixel_13522,pixel_13523,pixel_13524,pixel_13525,pixel_13526,pixel_13527,pixel_13528,pixel_13529,pixel_13530,pixel_13531,pixel_13532,pixel_13533,pixel_13534,pixel_13535,pixel_13536,pixel_13537,pixel_13538,pixel_13539,pixel_13540,pixel_13541,pixel_13542,pixel_13543,pixel_13544,pixel_13545,pixel_13546,pixel_13547,pixel_13548,pixel_13549,pixel_13550,pixel_13551,pixel_13552,pixel_13553,pixel_13554,pixel_13555,pixel_13556,pixel_13557,pixel_13558,pixel_13559,pixel_13560,pixel_13561,pixel_13562,pixel_13563,pixel_13564,pixel_13565,pixel_13566,pixel_13567,pixel_13568,pixel_13569,pixel_13570,pixel_13571,pixel_13572,pixel_13573,pixel_13574,pixel_13575,pixel_13576,pixel_13577,pixel_13578,pixel_13579,pixel_13580,pixel_13581,pixel_13582,pixel_13583,pixel_13584,pixel_13585,pixel_13586,pixel_13587,pixel_13588,pixel_13589,pixel_13590,pixel_13591,pixel_13592,pixel_13593,pixel_13594,pixel_13595,pixel_13596,pixel_13597,pixel_13598,pixel_13599,pixel_13600,pixel_13601,pixel_13602,pixel_13603,pixel_13604,pixel_13605,pixel_13606,pixel_13607,pixel_13608,pixel_13609,pixel_13610,pixel_13611,pixel_13612,pixel_13613,pixel_13614,pixel_13615,pixel_13616,pixel_13617,pixel_13618,pixel_13619,pixel_13620,pixel_13621,pixel_13622,pixel_13623,pixel_13624,pixel_13625,pixel_13626,pixel_13627,pixel_13628,pixel_13629,pixel_13630,pixel_13631,pixel_13632,pixel_13633,pixel_13634,pixel_13635,pixel_13636,pixel_13637,pixel_13638,pixel_13639,pixel_13640,pixel_13641,pixel_13642,pixel_13643,pixel_13644,pixel_13645,pixel_13646,pixel_13647,pixel_13648,pixel_13649,pixel_13650,pixel_13651,pixel_13652,pixel_13653,pixel_13654,pixel_13655,pixel_13656,pixel_13657,pixel_13658,pixel_13659,pixel_13660,pixel_13661,pixel_13662,pixel_13663,pixel_13664,pixel_13665,pixel_13666,pixel_13667,pixel_13668,pixel_13669,pixel_13670,pixel_13671,pixel_13672,pixel_13673,pixel_13674,pixel_13675,pixel_13676,pixel_13677,pixel_13678,pixel_13679,pixel_13680,pixel_13681,pixel_13682,pixel_13683,pixel_13684,pixel_13685,pixel_13686,pixel_13687,pixel_13688,pixel_13689,pixel_13690,pixel_13691,pixel_13692,pixel_13693,pixel_13694,pixel_13695,pixel_13696,pixel_13697,pixel_13698,pixel_13699,pixel_13700,pixel_13701,pixel_13702,pixel_13703,pixel_13704,pixel_13705,pixel_13706,pixel_13707,pixel_13708,pixel_13709,pixel_13710,pixel_13711,pixel_13712,pixel_13713,pixel_13714,pixel_13715,pixel_13716,pixel_13717,pixel_13718,pixel_13719,pixel_13720,pixel_13721,pixel_13722,pixel_13723,pixel_13724,pixel_13725,pixel_13726,pixel_13727,pixel_13728,pixel_13729,pixel_13730,pixel_13731,pixel_13732,pixel_13733,pixel_13734,pixel_13735,pixel_13736,pixel_13737,pixel_13738,pixel_13739,pixel_13740,pixel_13741,pixel_13742,pixel_13743,pixel_13744,pixel_13745,pixel_13746,pixel_13747,pixel_13748,pixel_13749,pixel_13750,pixel_13751,pixel_13752,pixel_13753,pixel_13754,pixel_13755,pixel_13756,pixel_13757,pixel_13758,pixel_13759,pixel_13760,pixel_13761,pixel_13762,pixel_13763,pixel_13764,pixel_13765,pixel_13766,pixel_13767,pixel_13768,pixel_13769,pixel_13770,pixel_13771,pixel_13772,pixel_13773,pixel_13774,pixel_13775,pixel_13776,pixel_13777,pixel_13778,pixel_13779,pixel_13780,pixel_13781,pixel_13782,pixel_13783,pixel_13784,pixel_13785,pixel_13786,pixel_13787,pixel_13788,pixel_13789,pixel_13790,pixel_13791,pixel_13792,pixel_13793,pixel_13794,pixel_13795,pixel_13796,pixel_13797,pixel_13798,pixel_13799,pixel_13800,pixel_13801,pixel_13802,pixel_13803,pixel_13804,pixel_13805,pixel_13806,pixel_13807,pixel_13808,pixel_13809,pixel_13810,pixel_13811,pixel_13812,pixel_13813,pixel_13814,pixel_13815,pixel_13816,pixel_13817,pixel_13818,pixel_13819,pixel_13820,pixel_13821,pixel_13822,pixel_13823,pixel_13824,pixel_13825,pixel_13826,pixel_13827,pixel_13828,pixel_13829,pixel_13830,pixel_13831,pixel_13832,pixel_13833,pixel_13834,pixel_13835,pixel_13836,pixel_13837,pixel_13838,pixel_13839,pixel_13840,pixel_13841,pixel_13842,pixel_13843,pixel_13844,pixel_13845,pixel_13846,pixel_13847,pixel_13848,pixel_13849,pixel_13850,pixel_13851,pixel_13852,pixel_13853,pixel_13854,pixel_13855,pixel_13856,pixel_13857,pixel_13858,pixel_13859,pixel_13860,pixel_13861,pixel_13862,pixel_13863,pixel_13864,pixel_13865,pixel_13866,pixel_13867,pixel_13868,pixel_13869,pixel_13870,pixel_13871,pixel_13872,pixel_13873,pixel_13874,pixel_13875,pixel_13876,pixel_13877,pixel_13878,pixel_13879,pixel_13880,pixel_13881,pixel_13882,pixel_13883,pixel_13884,pixel_13885,pixel_13886,pixel_13887,pixel_13888,pixel_13889,pixel_13890,pixel_13891,pixel_13892,pixel_13893,pixel_13894,pixel_13895,pixel_13896,pixel_13897,pixel_13898,pixel_13899,pixel_13900,pixel_13901,pixel_13902,pixel_13903,pixel_13904,pixel_13905,pixel_13906,pixel_13907,pixel_13908,pixel_13909,pixel_13910,pixel_13911,pixel_13912,pixel_13913,pixel_13914,pixel_13915,pixel_13916,pixel_13917,pixel_13918,pixel_13919,pixel_13920,pixel_13921,pixel_13922,pixel_13923,pixel_13924,pixel_13925,pixel_13926,pixel_13927,pixel_13928,pixel_13929,pixel_13930,pixel_13931,pixel_13932,pixel_13933,pixel_13934,pixel_13935,pixel_13936,pixel_13937,pixel_13938,pixel_13939,pixel_13940,pixel_13941,pixel_13942,pixel_13943,pixel_13944,pixel_13945,pixel_13946,pixel_13947,pixel_13948,pixel_13949,pixel_13950,pixel_13951,pixel_13952,pixel_13953,pixel_13954,pixel_13955,pixel_13956,pixel_13957,pixel_13958,pixel_13959,pixel_13960,pixel_13961,pixel_13962,pixel_13963,pixel_13964,pixel_13965,pixel_13966,pixel_13967,pixel_13968,pixel_13969,pixel_13970,pixel_13971,pixel_13972,pixel_13973,pixel_13974,pixel_13975,pixel_13976,pixel_13977,pixel_13978,pixel_13979,pixel_13980,pixel_13981,pixel_13982,pixel_13983,pixel_13984,pixel_13985,pixel_13986,pixel_13987,pixel_13988,pixel_13989,pixel_13990,pixel_13991,pixel_13992,pixel_13993,pixel_13994,pixel_13995,pixel_13996,pixel_13997,pixel_13998,pixel_13999,pixel_14000,pixel_14001,pixel_14002,pixel_14003,pixel_14004,pixel_14005,pixel_14006,pixel_14007,pixel_14008,pixel_14009,pixel_14010,pixel_14011,pixel_14012,pixel_14013,pixel_14014,pixel_14015,pixel_14016,pixel_14017,pixel_14018,pixel_14019,pixel_14020,pixel_14021,pixel_14022,pixel_14023,pixel_14024,pixel_14025,pixel_14026,pixel_14027,pixel_14028,pixel_14029,pixel_14030,pixel_14031,pixel_14032,pixel_14033,pixel_14034,pixel_14035,pixel_14036,pixel_14037,pixel_14038,pixel_14039,pixel_14040,pixel_14041,pixel_14042,pixel_14043,pixel_14044,pixel_14045,pixel_14046,pixel_14047,pixel_14048,pixel_14049,pixel_14050,pixel_14051,pixel_14052,pixel_14053,pixel_14054,pixel_14055,pixel_14056,pixel_14057,pixel_14058,pixel_14059,pixel_14060,pixel_14061,pixel_14062,pixel_14063,pixel_14064,pixel_14065,pixel_14066,pixel_14067,pixel_14068,pixel_14069,pixel_14070,pixel_14071,pixel_14072,pixel_14073,pixel_14074,pixel_14075,pixel_14076,pixel_14077,pixel_14078,pixel_14079,pixel_14080,pixel_14081,pixel_14082,pixel_14083,pixel_14084,pixel_14085,pixel_14086,pixel_14087,pixel_14088,pixel_14089,pixel_14090,pixel_14091,pixel_14092,pixel_14093,pixel_14094,pixel_14095,pixel_14096,pixel_14097,pixel_14098,pixel_14099,pixel_14100,pixel_14101,pixel_14102,pixel_14103,pixel_14104,pixel_14105,pixel_14106,pixel_14107,pixel_14108,pixel_14109,pixel_14110,pixel_14111,pixel_14112,pixel_14113,pixel_14114,pixel_14115,pixel_14116,pixel_14117,pixel_14118,pixel_14119,pixel_14120,pixel_14121,pixel_14122,pixel_14123,pixel_14124,pixel_14125,pixel_14126,pixel_14127,pixel_14128,pixel_14129,pixel_14130,pixel_14131,pixel_14132,pixel_14133,pixel_14134,pixel_14135,pixel_14136,pixel_14137,pixel_14138,pixel_14139,pixel_14140,pixel_14141,pixel_14142,pixel_14143,pixel_14144,pixel_14145,pixel_14146,pixel_14147,pixel_14148,pixel_14149,pixel_14150,pixel_14151,pixel_14152,pixel_14153,pixel_14154,pixel_14155,pixel_14156,pixel_14157,pixel_14158,pixel_14159,pixel_14160,pixel_14161,pixel_14162,pixel_14163,pixel_14164,pixel_14165,pixel_14166,pixel_14167,pixel_14168,pixel_14169,pixel_14170,pixel_14171,pixel_14172,pixel_14173,pixel_14174,pixel_14175,pixel_14176,pixel_14177,pixel_14178,pixel_14179,pixel_14180,pixel_14181,pixel_14182,pixel_14183,pixel_14184,pixel_14185,pixel_14186,pixel_14187,pixel_14188,pixel_14189,pixel_14190,pixel_14191,pixel_14192,pixel_14193,pixel_14194,pixel_14195,pixel_14196,pixel_14197,pixel_14198,pixel_14199,pixel_14200,pixel_14201,pixel_14202,pixel_14203,pixel_14204,pixel_14205,pixel_14206,pixel_14207,pixel_14208,pixel_14209,pixel_14210,pixel_14211,pixel_14212,pixel_14213,pixel_14214,pixel_14215,pixel_14216,pixel_14217,pixel_14218,pixel_14219,pixel_14220,pixel_14221,pixel_14222,pixel_14223,pixel_14224,pixel_14225,pixel_14226,pixel_14227,pixel_14228,pixel_14229,pixel_14230,pixel_14231,pixel_14232,pixel_14233,pixel_14234,pixel_14235,pixel_14236,pixel_14237,pixel_14238,pixel_14239,pixel_14240,pixel_14241,pixel_14242,pixel_14243,pixel_14244,pixel_14245,pixel_14246,pixel_14247,pixel_14248,pixel_14249,pixel_14250,pixel_14251,pixel_14252,pixel_14253,pixel_14254,pixel_14255,pixel_14256,pixel_14257,pixel_14258,pixel_14259,pixel_14260,pixel_14261,pixel_14262,pixel_14263,pixel_14264,pixel_14265,pixel_14266,pixel_14267,pixel_14268,pixel_14269,pixel_14270,pixel_14271,pixel_14272,pixel_14273,pixel_14274,pixel_14275,pixel_14276,pixel_14277,pixel_14278,pixel_14279,pixel_14280,pixel_14281,pixel_14282,pixel_14283,pixel_14284,pixel_14285,pixel_14286,pixel_14287,pixel_14288,pixel_14289,pixel_14290,pixel_14291,pixel_14292,pixel_14293,pixel_14294,pixel_14295,pixel_14296,pixel_14297,pixel_14298,pixel_14299,pixel_14300,pixel_14301,pixel_14302,pixel_14303,pixel_14304,pixel_14305,pixel_14306,pixel_14307,pixel_14308,pixel_14309,pixel_14310,pixel_14311,pixel_14312,pixel_14313,pixel_14314,pixel_14315,pixel_14316,pixel_14317,pixel_14318,pixel_14319,pixel_14320,pixel_14321,pixel_14322,pixel_14323,pixel_14324,pixel_14325,pixel_14326,pixel_14327,pixel_14328,pixel_14329,pixel_14330,pixel_14331,pixel_14332,pixel_14333,pixel_14334,pixel_14335,pixel_14336,pixel_14337,pixel_14338,pixel_14339,pixel_14340,pixel_14341,pixel_14342,pixel_14343,pixel_14344,pixel_14345,pixel_14346,pixel_14347,pixel_14348,pixel_14349,pixel_14350,pixel_14351,pixel_14352,pixel_14353,pixel_14354,pixel_14355,pixel_14356,pixel_14357,pixel_14358,pixel_14359,pixel_14360,pixel_14361,pixel_14362,pixel_14363,pixel_14364,pixel_14365,pixel_14366,pixel_14367,pixel_14368,pixel_14369,pixel_14370,pixel_14371,pixel_14372,pixel_14373,pixel_14374,pixel_14375,pixel_14376,pixel_14377,pixel_14378,pixel_14379,pixel_14380,pixel_14381,pixel_14382,pixel_14383,pixel_14384,pixel_14385,pixel_14386,pixel_14387,pixel_14388,pixel_14389,pixel_14390,pixel_14391,pixel_14392,pixel_14393,pixel_14394,pixel_14395,pixel_14396,pixel_14397,pixel_14398,pixel_14399,pixel_14400,pixel_14401,pixel_14402,pixel_14403,pixel_14404,pixel_14405,pixel_14406,pixel_14407,pixel_14408,pixel_14409,pixel_14410,pixel_14411,pixel_14412,pixel_14413,pixel_14414,pixel_14415,pixel_14416,pixel_14417,pixel_14418,pixel_14419,pixel_14420,pixel_14421,pixel_14422,pixel_14423,pixel_14424,pixel_14425,pixel_14426,pixel_14427,pixel_14428,pixel_14429,pixel_14430,pixel_14431,pixel_14432,pixel_14433,pixel_14434,pixel_14435,pixel_14436,pixel_14437,pixel_14438,pixel_14439,pixel_14440,pixel_14441,pixel_14442,pixel_14443,pixel_14444,pixel_14445,pixel_14446,pixel_14447,pixel_14448,pixel_14449,pixel_14450,pixel_14451,pixel_14452,pixel_14453,pixel_14454,pixel_14455,pixel_14456,pixel_14457,pixel_14458,pixel_14459,pixel_14460,pixel_14461,pixel_14462,pixel_14463,pixel_14464,pixel_14465,pixel_14466,pixel_14467,pixel_14468,pixel_14469,pixel_14470,pixel_14471,pixel_14472,pixel_14473,pixel_14474,pixel_14475,pixel_14476,pixel_14477,pixel_14478,pixel_14479,pixel_14480,pixel_14481,pixel_14482,pixel_14483,pixel_14484,pixel_14485,pixel_14486,pixel_14487,pixel_14488,pixel_14489,pixel_14490,pixel_14491,pixel_14492,pixel_14493,pixel_14494,pixel_14495,pixel_14496,pixel_14497,pixel_14498,pixel_14499,pixel_14500,pixel_14501,pixel_14502,pixel_14503,pixel_14504,pixel_14505,pixel_14506,pixel_14507,pixel_14508,pixel_14509,pixel_14510,pixel_14511,pixel_14512,pixel_14513,pixel_14514,pixel_14515,pixel_14516,pixel_14517,pixel_14518,pixel_14519,pixel_14520,pixel_14521,pixel_14522,pixel_14523,pixel_14524,pixel_14525,pixel_14526,pixel_14527,pixel_14528,pixel_14529,pixel_14530,pixel_14531,pixel_14532,pixel_14533,pixel_14534,pixel_14535,pixel_14536,pixel_14537,pixel_14538,pixel_14539,pixel_14540,pixel_14541,pixel_14542,pixel_14543,pixel_14544,pixel_14545,pixel_14546,pixel_14547,pixel_14548,pixel_14549,pixel_14550,pixel_14551,pixel_14552,pixel_14553,pixel_14554,pixel_14555,pixel_14556,pixel_14557,pixel_14558,pixel_14559,pixel_14560,pixel_14561,pixel_14562,pixel_14563,pixel_14564,pixel_14565,pixel_14566,pixel_14567,pixel_14568,pixel_14569,pixel_14570,pixel_14571,pixel_14572,pixel_14573,pixel_14574,pixel_14575,pixel_14576,pixel_14577,pixel_14578,pixel_14579,pixel_14580,pixel_14581,pixel_14582,pixel_14583,pixel_14584,pixel_14585,pixel_14586,pixel_14587,pixel_14588,pixel_14589,pixel_14590,pixel_14591,pixel_14592,pixel_14593,pixel_14594,pixel_14595,pixel_14596,pixel_14597,pixel_14598,pixel_14599,pixel_14600,pixel_14601,pixel_14602,pixel_14603,pixel_14604,pixel_14605,pixel_14606,pixel_14607,pixel_14608,pixel_14609,pixel_14610,pixel_14611,pixel_14612,pixel_14613,pixel_14614,pixel_14615,pixel_14616,pixel_14617,pixel_14618,pixel_14619,pixel_14620,pixel_14621,pixel_14622,pixel_14623,pixel_14624,pixel_14625,pixel_14626,pixel_14627,pixel_14628,pixel_14629,pixel_14630,pixel_14631,pixel_14632,pixel_14633,pixel_14634,pixel_14635,pixel_14636,pixel_14637,pixel_14638,pixel_14639,pixel_14640,pixel_14641,pixel_14642,pixel_14643,pixel_14644,pixel_14645,pixel_14646,pixel_14647,pixel_14648,pixel_14649,pixel_14650,pixel_14651,pixel_14652,pixel_14653,pixel_14654,pixel_14655,pixel_14656,pixel_14657,pixel_14658,pixel_14659,pixel_14660,pixel_14661,pixel_14662,pixel_14663,pixel_14664,pixel_14665,pixel_14666,pixel_14667,pixel_14668,pixel_14669,pixel_14670,pixel_14671,pixel_14672,pixel_14673,pixel_14674,pixel_14675,pixel_14676,pixel_14677,pixel_14678,pixel_14679,pixel_14680,pixel_14681,pixel_14682,pixel_14683,pixel_14684,pixel_14685,pixel_14686,pixel_14687,pixel_14688,pixel_14689,pixel_14690,pixel_14691,pixel_14692,pixel_14693,pixel_14694,pixel_14695,pixel_14696,pixel_14697,pixel_14698,pixel_14699,pixel_14700,pixel_14701,pixel_14702,pixel_14703,pixel_14704,pixel_14705,pixel_14706,pixel_14707,pixel_14708,pixel_14709,pixel_14710,pixel_14711,pixel_14712,pixel_14713,pixel_14714,pixel_14715,pixel_14716,pixel_14717,pixel_14718,pixel_14719,pixel_14720,pixel_14721,pixel_14722,pixel_14723,pixel_14724,pixel_14725,pixel_14726,pixel_14727,pixel_14728,pixel_14729,pixel_14730,pixel_14731,pixel_14732,pixel_14733,pixel_14734,pixel_14735,pixel_14736,pixel_14737,pixel_14738,pixel_14739,pixel_14740,pixel_14741,pixel_14742,pixel_14743,pixel_14744,pixel_14745,pixel_14746,pixel_14747,pixel_14748,pixel_14749,pixel_14750,pixel_14751,pixel_14752,pixel_14753,pixel_14754,pixel_14755,pixel_14756,pixel_14757,pixel_14758,pixel_14759,pixel_14760,pixel_14761,pixel_14762,pixel_14763,pixel_14764,pixel_14765,pixel_14766,pixel_14767,pixel_14768,pixel_14769,pixel_14770,pixel_14771,pixel_14772,pixel_14773,pixel_14774,pixel_14775,pixel_14776,pixel_14777,pixel_14778,pixel_14779,pixel_14780,pixel_14781,pixel_14782,pixel_14783,pixel_14784,pixel_14785,pixel_14786,pixel_14787,pixel_14788,pixel_14789,pixel_14790,pixel_14791,pixel_14792,pixel_14793,pixel_14794,pixel_14795,pixel_14796,pixel_14797,pixel_14798,pixel_14799,pixel_14800,pixel_14801,pixel_14802,pixel_14803,pixel_14804,pixel_14805,pixel_14806,pixel_14807,pixel_14808,pixel_14809,pixel_14810,pixel_14811,pixel_14812,pixel_14813,pixel_14814,pixel_14815,pixel_14816,pixel_14817,pixel_14818,pixel_14819,pixel_14820,pixel_14821,pixel_14822,pixel_14823,pixel_14824,pixel_14825,pixel_14826,pixel_14827,pixel_14828,pixel_14829,pixel_14830,pixel_14831,pixel_14832,pixel_14833,pixel_14834,pixel_14835,pixel_14836,pixel_14837,pixel_14838,pixel_14839,pixel_14840,pixel_14841,pixel_14842,pixel_14843,pixel_14844,pixel_14845,pixel_14846,pixel_14847,pixel_14848,pixel_14849,pixel_14850,pixel_14851,pixel_14852,pixel_14853,pixel_14854,pixel_14855,pixel_14856,pixel_14857,pixel_14858,pixel_14859,pixel_14860,pixel_14861,pixel_14862,pixel_14863,pixel_14864,pixel_14865,pixel_14866,pixel_14867,pixel_14868,pixel_14869,pixel_14870,pixel_14871,pixel_14872,pixel_14873,pixel_14874,pixel_14875,pixel_14876,pixel_14877,pixel_14878,pixel_14879,pixel_14880,pixel_14881,pixel_14882,pixel_14883,pixel_14884,pixel_14885,pixel_14886,pixel_14887,pixel_14888,pixel_14889,pixel_14890,pixel_14891,pixel_14892,pixel_14893,pixel_14894,pixel_14895,pixel_14896,pixel_14897,pixel_14898,pixel_14899,pixel_14900,pixel_14901,pixel_14902,pixel_14903,pixel_14904,pixel_14905,pixel_14906,pixel_14907,pixel_14908,pixel_14909,pixel_14910,pixel_14911,pixel_14912,pixel_14913,pixel_14914,pixel_14915,pixel_14916,pixel_14917,pixel_14918,pixel_14919,pixel_14920,pixel_14921,pixel_14922,pixel_14923,pixel_14924,pixel_14925,pixel_14926,pixel_14927,pixel_14928,pixel_14929,pixel_14930,pixel_14931,pixel_14932,pixel_14933,pixel_14934,pixel_14935,pixel_14936,pixel_14937,pixel_14938,pixel_14939,pixel_14940,pixel_14941,pixel_14942,pixel_14943,pixel_14944,pixel_14945,pixel_14946,pixel_14947,pixel_14948,pixel_14949,pixel_14950,pixel_14951,pixel_14952,pixel_14953,pixel_14954,pixel_14955,pixel_14956,pixel_14957,pixel_14958,pixel_14959,pixel_14960,pixel_14961,pixel_14962,pixel_14963,pixel_14964,pixel_14965,pixel_14966,pixel_14967,pixel_14968,pixel_14969,pixel_14970,pixel_14971,pixel_14972,pixel_14973,pixel_14974,pixel_14975,pixel_14976,pixel_14977,pixel_14978,pixel_14979,pixel_14980,pixel_14981,pixel_14982,pixel_14983,pixel_14984,pixel_14985,pixel_14986,pixel_14987,pixel_14988,pixel_14989,pixel_14990,pixel_14991,pixel_14992,pixel_14993,pixel_14994,pixel_14995,pixel_14996,pixel_14997,pixel_14998,pixel_14999,pixel_15000,pixel_15001,pixel_15002,pixel_15003,pixel_15004,pixel_15005,pixel_15006,pixel_15007,pixel_15008,pixel_15009,pixel_15010,pixel_15011,pixel_15012,pixel_15013,pixel_15014,pixel_15015,pixel_15016,pixel_15017,pixel_15018,pixel_15019,pixel_15020,pixel_15021,pixel_15022,pixel_15023,pixel_15024,pixel_15025,pixel_15026,pixel_15027,pixel_15028,pixel_15029,pixel_15030,pixel_15031,pixel_15032,pixel_15033,pixel_15034,pixel_15035,pixel_15036,pixel_15037,pixel_15038,pixel_15039,pixel_15040,pixel_15041,pixel_15042,pixel_15043,pixel_15044,pixel_15045,pixel_15046,pixel_15047,pixel_15048,pixel_15049,pixel_15050,pixel_15051,pixel_15052,pixel_15053,pixel_15054,pixel_15055,pixel_15056,pixel_15057,pixel_15058,pixel_15059,pixel_15060,pixel_15061,pixel_15062,pixel_15063,pixel_15064,pixel_15065,pixel_15066,pixel_15067,pixel_15068,pixel_15069,pixel_15070,pixel_15071,pixel_15072,pixel_15073,pixel_15074,pixel_15075,pixel_15076,pixel_15077,pixel_15078,pixel_15079,pixel_15080,pixel_15081,pixel_15082,pixel_15083,pixel_15084,pixel_15085,pixel_15086,pixel_15087,pixel_15088,pixel_15089,pixel_15090,pixel_15091,pixel_15092,pixel_15093,pixel_15094,pixel_15095,pixel_15096,pixel_15097,pixel_15098,pixel_15099,pixel_15100,pixel_15101,pixel_15102,pixel_15103,pixel_15104,pixel_15105,pixel_15106,pixel_15107,pixel_15108,pixel_15109,pixel_15110,pixel_15111,pixel_15112,pixel_15113,pixel_15114,pixel_15115,pixel_15116,pixel_15117,pixel_15118,pixel_15119,pixel_15120,pixel_15121,pixel_15122,pixel_15123,pixel_15124,pixel_15125,pixel_15126,pixel_15127,pixel_15128,pixel_15129,pixel_15130,pixel_15131,pixel_15132,pixel_15133,pixel_15134,pixel_15135,pixel_15136,pixel_15137,pixel_15138,pixel_15139,pixel_15140,pixel_15141,pixel_15142,pixel_15143,pixel_15144,pixel_15145,pixel_15146,pixel_15147,pixel_15148,pixel_15149,pixel_15150,pixel_15151,pixel_15152,pixel_15153,pixel_15154,pixel_15155,pixel_15156,pixel_15157,pixel_15158,pixel_15159,pixel_15160,pixel_15161,pixel_15162,pixel_15163,pixel_15164,pixel_15165,pixel_15166,pixel_15167,pixel_15168,pixel_15169,pixel_15170,pixel_15171,pixel_15172,pixel_15173,pixel_15174,pixel_15175,pixel_15176,pixel_15177,pixel_15178,pixel_15179,pixel_15180,pixel_15181,pixel_15182,pixel_15183,pixel_15184,pixel_15185,pixel_15186,pixel_15187,pixel_15188,pixel_15189,pixel_15190,pixel_15191,pixel_15192,pixel_15193,pixel_15194,pixel_15195,pixel_15196,pixel_15197,pixel_15198,pixel_15199,pixel_15200,pixel_15201,pixel_15202,pixel_15203,pixel_15204,pixel_15205,pixel_15206,pixel_15207,pixel_15208,pixel_15209,pixel_15210,pixel_15211,pixel_15212,pixel_15213,pixel_15214,pixel_15215,pixel_15216,pixel_15217,pixel_15218,pixel_15219,pixel_15220,pixel_15221,pixel_15222,pixel_15223,pixel_15224,pixel_15225,pixel_15226,pixel_15227,pixel_15228,pixel_15229,pixel_15230,pixel_15231,pixel_15232,pixel_15233,pixel_15234,pixel_15235,pixel_15236,pixel_15237,pixel_15238,pixel_15239,pixel_15240,pixel_15241,pixel_15242,pixel_15243,pixel_15244,pixel_15245,pixel_15246,pixel_15247,pixel_15248,pixel_15249,pixel_15250,pixel_15251,pixel_15252,pixel_15253,pixel_15254,pixel_15255,pixel_15256,pixel_15257,pixel_15258,pixel_15259,pixel_15260,pixel_15261,pixel_15262,pixel_15263,pixel_15264,pixel_15265,pixel_15266,pixel_15267,pixel_15268,pixel_15269,pixel_15270,pixel_15271,pixel_15272,pixel_15273,pixel_15274,pixel_15275,pixel_15276,pixel_15277,pixel_15278,pixel_15279,pixel_15280,pixel_15281,pixel_15282,pixel_15283,pixel_15284,pixel_15285,pixel_15286,pixel_15287,pixel_15288,pixel_15289,pixel_15290,pixel_15291,pixel_15292,pixel_15293,pixel_15294,pixel_15295,pixel_15296,pixel_15297,pixel_15298,pixel_15299,pixel_15300,pixel_15301,pixel_15302,pixel_15303,pixel_15304,pixel_15305,pixel_15306,pixel_15307,pixel_15308,pixel_15309,pixel_15310,pixel_15311,pixel_15312,pixel_15313,pixel_15314,pixel_15315,pixel_15316,pixel_15317,pixel_15318,pixel_15319,pixel_15320,pixel_15321,pixel_15322,pixel_15323,pixel_15324,pixel_15325,pixel_15326,pixel_15327,pixel_15328,pixel_15329,pixel_15330,pixel_15331,pixel_15332,pixel_15333,pixel_15334,pixel_15335,pixel_15336,pixel_15337,pixel_15338,pixel_15339,pixel_15340,pixel_15341,pixel_15342,pixel_15343,pixel_15344,pixel_15345,pixel_15346,pixel_15347,pixel_15348,pixel_15349,pixel_15350,pixel_15351,pixel_15352,pixel_15353,pixel_15354,pixel_15355,pixel_15356,pixel_15357,pixel_15358,pixel_15359,pixel_15360,pixel_15361,pixel_15362,pixel_15363,pixel_15364,pixel_15365,pixel_15366,pixel_15367,pixel_15368,pixel_15369,pixel_15370,pixel_15371,pixel_15372,pixel_15373,pixel_15374,pixel_15375,pixel_15376,pixel_15377,pixel_15378,pixel_15379,pixel_15380,pixel_15381,pixel_15382,pixel_15383,pixel_15384,pixel_15385,pixel_15386,pixel_15387,pixel_15388,pixel_15389,pixel_15390,pixel_15391,pixel_15392,pixel_15393,pixel_15394,pixel_15395,pixel_15396,pixel_15397,pixel_15398,pixel_15399,pixel_15400,pixel_15401,pixel_15402,pixel_15403,pixel_15404,pixel_15405,pixel_15406,pixel_15407,pixel_15408,pixel_15409,pixel_15410,pixel_15411,pixel_15412,pixel_15413,pixel_15414,pixel_15415,pixel_15416,pixel_15417,pixel_15418,pixel_15419,pixel_15420,pixel_15421,pixel_15422,pixel_15423,pixel_15424,pixel_15425,pixel_15426,pixel_15427,pixel_15428,pixel_15429,pixel_15430,pixel_15431,pixel_15432,pixel_15433,pixel_15434,pixel_15435,pixel_15436,pixel_15437,pixel_15438,pixel_15439,pixel_15440,pixel_15441,pixel_15442,pixel_15443,pixel_15444,pixel_15445,pixel_15446,pixel_15447,pixel_15448,pixel_15449,pixel_15450,pixel_15451,pixel_15452,pixel_15453,pixel_15454,pixel_15455,pixel_15456,pixel_15457,pixel_15458,pixel_15459,pixel_15460,pixel_15461,pixel_15462,pixel_15463,pixel_15464,pixel_15465,pixel_15466,pixel_15467,pixel_15468,pixel_15469,pixel_15470,pixel_15471,pixel_15472,pixel_15473,pixel_15474,pixel_15475,pixel_15476,pixel_15477,pixel_15478,pixel_15479,pixel_15480,pixel_15481,pixel_15482,pixel_15483,pixel_15484,pixel_15485,pixel_15486,pixel_15487,pixel_15488,pixel_15489,pixel_15490,pixel_15491,pixel_15492,pixel_15493,pixel_15494,pixel_15495,pixel_15496,pixel_15497,pixel_15498,pixel_15499,pixel_15500,pixel_15501,pixel_15502,pixel_15503,pixel_15504,pixel_15505,pixel_15506,pixel_15507,pixel_15508,pixel_15509,pixel_15510,pixel_15511,pixel_15512,pixel_15513,pixel_15514,pixel_15515,pixel_15516,pixel_15517,pixel_15518,pixel_15519,pixel_15520,pixel_15521,pixel_15522,pixel_15523,pixel_15524,pixel_15525,pixel_15526,pixel_15527,pixel_15528,pixel_15529,pixel_15530,pixel_15531,pixel_15532,pixel_15533,pixel_15534,pixel_15535,pixel_15536,pixel_15537,pixel_15538,pixel_15539,pixel_15540,pixel_15541,pixel_15542,pixel_15543,pixel_15544,pixel_15545,pixel_15546,pixel_15547,pixel_15548,pixel_15549,pixel_15550,pixel_15551,pixel_15552,pixel_15553,pixel_15554,pixel_15555,pixel_15556,pixel_15557,pixel_15558,pixel_15559,pixel_15560,pixel_15561,pixel_15562,pixel_15563,pixel_15564,pixel_15565,pixel_15566,pixel_15567,pixel_15568,pixel_15569,pixel_15570,pixel_15571,pixel_15572,pixel_15573,pixel_15574,pixel_15575,pixel_15576,pixel_15577,pixel_15578,pixel_15579,pixel_15580,pixel_15581,pixel_15582,pixel_15583,pixel_15584,pixel_15585,pixel_15586,pixel_15587,pixel_15588,pixel_15589,pixel_15590,pixel_15591,pixel_15592,pixel_15593,pixel_15594,pixel_15595,pixel_15596,pixel_15597,pixel_15598,pixel_15599,pixel_15600,pixel_15601,pixel_15602,pixel_15603,pixel_15604,pixel_15605,pixel_15606,pixel_15607,pixel_15608,pixel_15609,pixel_15610,pixel_15611,pixel_15612,pixel_15613,pixel_15614,pixel_15615,pixel_15616,pixel_15617,pixel_15618,pixel_15619,pixel_15620,pixel_15621,pixel_15622,pixel_15623,pixel_15624,pixel_15625,pixel_15626,pixel_15627,pixel_15628,pixel_15629,pixel_15630,pixel_15631,pixel_15632,pixel_15633,pixel_15634,pixel_15635,pixel_15636,pixel_15637,pixel_15638,pixel_15639,pixel_15640,pixel_15641,pixel_15642,pixel_15643,pixel_15644,pixel_15645,pixel_15646,pixel_15647,pixel_15648,pixel_15649,pixel_15650,pixel_15651,pixel_15652,pixel_15653,pixel_15654,pixel_15655,pixel_15656,pixel_15657,pixel_15658,pixel_15659,pixel_15660,pixel_15661,pixel_15662,pixel_15663,pixel_15664,pixel_15665,pixel_15666,pixel_15667,pixel_15668,pixel_15669,pixel_15670,pixel_15671,pixel_15672,pixel_15673,pixel_15674,pixel_15675,pixel_15676,pixel_15677,pixel_15678,pixel_15679,pixel_15680,pixel_15681,pixel_15682,pixel_15683,pixel_15684,pixel_15685,pixel_15686,pixel_15687,pixel_15688,pixel_15689,pixel_15690,pixel_15691,pixel_15692,pixel_15693,pixel_15694,pixel_15695,pixel_15696,pixel_15697,pixel_15698,pixel_15699,pixel_15700,pixel_15701,pixel_15702,pixel_15703,pixel_15704,pixel_15705,pixel_15706,pixel_15707,pixel_15708,pixel_15709,pixel_15710,pixel_15711,pixel_15712,pixel_15713,pixel_15714,pixel_15715,pixel_15716,pixel_15717,pixel_15718,pixel_15719,pixel_15720,pixel_15721,pixel_15722,pixel_15723,pixel_15724,pixel_15725,pixel_15726,pixel_15727,pixel_15728,pixel_15729,pixel_15730,pixel_15731,pixel_15732,pixel_15733,pixel_15734,pixel_15735,pixel_15736,pixel_15737,pixel_15738,pixel_15739,pixel_15740,pixel_15741,pixel_15742,pixel_15743,pixel_15744,pixel_15745,pixel_15746,pixel_15747,pixel_15748,pixel_15749,pixel_15750,pixel_15751,pixel_15752,pixel_15753,pixel_15754,pixel_15755,pixel_15756,pixel_15757,pixel_15758,pixel_15759,pixel_15760,pixel_15761,pixel_15762,pixel_15763,pixel_15764,pixel_15765,pixel_15766,pixel_15767,pixel_15768,pixel_15769,pixel_15770,pixel_15771,pixel_15772,pixel_15773,pixel_15774,pixel_15775,pixel_15776,pixel_15777,pixel_15778,pixel_15779,pixel_15780,pixel_15781,pixel_15782,pixel_15783,pixel_15784,pixel_15785,pixel_15786,pixel_15787,pixel_15788,pixel_15789,pixel_15790,pixel_15791,pixel_15792,pixel_15793,pixel_15794,pixel_15795,pixel_15796,pixel_15797,pixel_15798,pixel_15799,pixel_15800,pixel_15801,pixel_15802,pixel_15803,pixel_15804,pixel_15805,pixel_15806,pixel_15807,pixel_15808,pixel_15809,pixel_15810,pixel_15811,pixel_15812,pixel_15813,pixel_15814,pixel_15815,pixel_15816,pixel_15817,pixel_15818,pixel_15819,pixel_15820,pixel_15821,pixel_15822,pixel_15823,pixel_15824,pixel_15825,pixel_15826,pixel_15827,pixel_15828,pixel_15829,pixel_15830,pixel_15831,pixel_15832,pixel_15833,pixel_15834,pixel_15835,pixel_15836,pixel_15837,pixel_15838,pixel_15839,pixel_15840,pixel_15841,pixel_15842,pixel_15843,pixel_15844,pixel_15845,pixel_15846,pixel_15847,pixel_15848,pixel_15849,pixel_15850,pixel_15851,pixel_15852,pixel_15853,pixel_15854,pixel_15855,pixel_15856,pixel_15857,pixel_15858,pixel_15859,pixel_15860,pixel_15861,pixel_15862,pixel_15863,pixel_15864,pixel_15865,pixel_15866,pixel_15867,pixel_15868,pixel_15869,pixel_15870,pixel_15871,pixel_15872,pixel_15873,pixel_15874,pixel_15875,pixel_15876,pixel_15877,pixel_15878,pixel_15879,pixel_15880,pixel_15881,pixel_15882,pixel_15883,pixel_15884,pixel_15885,pixel_15886,pixel_15887,pixel_15888,pixel_15889,pixel_15890,pixel_15891,pixel_15892,pixel_15893,pixel_15894,pixel_15895,pixel_15896,pixel_15897,pixel_15898,pixel_15899,pixel_15900,pixel_15901,pixel_15902,pixel_15903,pixel_15904,pixel_15905,pixel_15906,pixel_15907,pixel_15908,pixel_15909,pixel_15910,pixel_15911,pixel_15912,pixel_15913,pixel_15914,pixel_15915,pixel_15916,pixel_15917,pixel_15918,pixel_15919,pixel_15920,pixel_15921,pixel_15922,pixel_15923,pixel_15924,pixel_15925,pixel_15926,pixel_15927,pixel_15928,pixel_15929,pixel_15930,pixel_15931,pixel_15932,pixel_15933,pixel_15934,pixel_15935,pixel_15936,pixel_15937,pixel_15938,pixel_15939,pixel_15940,pixel_15941,pixel_15942,pixel_15943,pixel_15944,pixel_15945,pixel_15946,pixel_15947,pixel_15948,pixel_15949,pixel_15950,pixel_15951,pixel_15952,pixel_15953,pixel_15954,pixel_15955,pixel_15956,pixel_15957,pixel_15958,pixel_15959,pixel_15960,pixel_15961,pixel_15962,pixel_15963,pixel_15964,pixel_15965,pixel_15966,pixel_15967,pixel_15968,pixel_15969,pixel_15970,pixel_15971,pixel_15972,pixel_15973,pixel_15974,pixel_15975,pixel_15976,pixel_15977,pixel_15978,pixel_15979,pixel_15980,pixel_15981,pixel_15982,pixel_15983,pixel_15984,pixel_15985,pixel_15986,pixel_15987,pixel_15988,pixel_15989,pixel_15990,pixel_15991,pixel_15992,pixel_15993,pixel_15994,pixel_15995,pixel_15996,pixel_15997,pixel_15998,pixel_15999,pixel_16000,pixel_16001,pixel_16002,pixel_16003,pixel_16004,pixel_16005,pixel_16006,pixel_16007,pixel_16008,pixel_16009,pixel_16010,pixel_16011,pixel_16012,pixel_16013,pixel_16014,pixel_16015,pixel_16016,pixel_16017,pixel_16018,pixel_16019,pixel_16020,pixel_16021,pixel_16022,pixel_16023,pixel_16024,pixel_16025,pixel_16026,pixel_16027,pixel_16028,pixel_16029,pixel_16030,pixel_16031,pixel_16032,pixel_16033,pixel_16034,pixel_16035,pixel_16036,pixel_16037,pixel_16038,pixel_16039,pixel_16040,pixel_16041,pixel_16042,pixel_16043,pixel_16044,pixel_16045,pixel_16046,pixel_16047,pixel_16048,pixel_16049,pixel_16050,pixel_16051,pixel_16052,pixel_16053,pixel_16054,pixel_16055,pixel_16056,pixel_16057,pixel_16058,pixel_16059,pixel_16060,pixel_16061,pixel_16062,pixel_16063,pixel_16064,pixel_16065,pixel_16066,pixel_16067,pixel_16068,pixel_16069,pixel_16070,pixel_16071,pixel_16072,pixel_16073,pixel_16074,pixel_16075,pixel_16076,pixel_16077,pixel_16078,pixel_16079,pixel_16080,pixel_16081,pixel_16082,pixel_16083,pixel_16084,pixel_16085,pixel_16086,pixel_16087,pixel_16088,pixel_16089,pixel_16090,pixel_16091,pixel_16092,pixel_16093,pixel_16094,pixel_16095,pixel_16096,pixel_16097,pixel_16098,pixel_16099,pixel_16100,pixel_16101,pixel_16102,pixel_16103,pixel_16104,pixel_16105,pixel_16106,pixel_16107,pixel_16108,pixel_16109,pixel_16110,pixel_16111,pixel_16112,pixel_16113,pixel_16114,pixel_16115,pixel_16116,pixel_16117,pixel_16118,pixel_16119,pixel_16120,pixel_16121,pixel_16122,pixel_16123,pixel_16124,pixel_16125,pixel_16126,pixel_16127,pixel_16128,pixel_16129,pixel_16130,pixel_16131,pixel_16132,pixel_16133,pixel_16134,pixel_16135,pixel_16136,pixel_16137,pixel_16138,pixel_16139,pixel_16140,pixel_16141,pixel_16142,pixel_16143,pixel_16144,pixel_16145,pixel_16146,pixel_16147,pixel_16148,pixel_16149,pixel_16150,pixel_16151,pixel_16152,pixel_16153,pixel_16154,pixel_16155,pixel_16156,pixel_16157,pixel_16158,pixel_16159,pixel_16160,pixel_16161,pixel_16162,pixel_16163,pixel_16164,pixel_16165,pixel_16166,pixel_16167,pixel_16168,pixel_16169,pixel_16170,pixel_16171,pixel_16172,pixel_16173,pixel_16174,pixel_16175,pixel_16176,pixel_16177,pixel_16178,pixel_16179,pixel_16180,pixel_16181,pixel_16182,pixel_16183,pixel_16184,pixel_16185,pixel_16186,pixel_16187,pixel_16188,pixel_16189,pixel_16190,pixel_16191,pixel_16192,pixel_16193,pixel_16194,pixel_16195,pixel_16196,pixel_16197,pixel_16198,pixel_16199,pixel_16200,pixel_16201,pixel_16202,pixel_16203,pixel_16204,pixel_16205,pixel_16206,pixel_16207,pixel_16208,pixel_16209,pixel_16210,pixel_16211,pixel_16212,pixel_16213,pixel_16214,pixel_16215,pixel_16216,pixel_16217,pixel_16218,pixel_16219,pixel_16220,pixel_16221,pixel_16222,pixel_16223,pixel_16224,pixel_16225,pixel_16226,pixel_16227,pixel_16228,pixel_16229,pixel_16230,pixel_16231,pixel_16232,pixel_16233,pixel_16234,pixel_16235,pixel_16236,pixel_16237,pixel_16238,pixel_16239,pixel_16240,pixel_16241,pixel_16242,pixel_16243,pixel_16244,pixel_16245,pixel_16246,pixel_16247,pixel_16248,pixel_16249,pixel_16250,pixel_16251,pixel_16252,pixel_16253,pixel_16254,pixel_16255,pixel_16256,pixel_16257,pixel_16258,pixel_16259,pixel_16260,pixel_16261,pixel_16262,pixel_16263,pixel_16264,pixel_16265,pixel_16266,pixel_16267,pixel_16268,pixel_16269,pixel_16270,pixel_16271,pixel_16272,pixel_16273,pixel_16274,pixel_16275,pixel_16276,pixel_16277,pixel_16278,pixel_16279,pixel_16280,pixel_16281,pixel_16282,pixel_16283,pixel_16284,pixel_16285,pixel_16286,pixel_16287,pixel_16288,pixel_16289,pixel_16290,pixel_16291,pixel_16292,pixel_16293,pixel_16294,pixel_16295,pixel_16296,pixel_16297,pixel_16298,pixel_16299,pixel_16300,pixel_16301,pixel_16302,pixel_16303,pixel_16304,pixel_16305,pixel_16306,pixel_16307,pixel_16308,pixel_16309,pixel_16310,pixel_16311,pixel_16312,pixel_16313,pixel_16314,pixel_16315,pixel_16316,pixel_16317,pixel_16318,pixel_16319,pixel_16320,pixel_16321,pixel_16322,pixel_16323,pixel_16324,pixel_16325,pixel_16326,pixel_16327,pixel_16328,pixel_16329,pixel_16330,pixel_16331,pixel_16332,pixel_16333,pixel_16334,pixel_16335,pixel_16336,pixel_16337,pixel_16338,pixel_16339,pixel_16340,pixel_16341,pixel_16342,pixel_16343,pixel_16344,pixel_16345,pixel_16346,pixel_16347,pixel_16348,pixel_16349,pixel_16350,pixel_16351,pixel_16352,pixel_16353,pixel_16354,pixel_16355,pixel_16356,pixel_16357,pixel_16358,pixel_16359,pixel_16360,pixel_16361,pixel_16362,pixel_16363,pixel_16364,pixel_16365,pixel_16366,pixel_16367,pixel_16368,pixel_16369,pixel_16370,pixel_16371,pixel_16372,pixel_16373,pixel_16374,pixel_16375,pixel_16376,pixel_16377,pixel_16378,pixel_16379,pixel_16380,pixel_16381,pixel_16382,pixel_16383,pixel_16384,pixel_16385,pixel_16386,pixel_16387,pixel_16388,pixel_16389,pixel_16390,pixel_16391,pixel_16392,pixel_16393,pixel_16394,pixel_16395,pixel_16396,pixel_16397,pixel_16398,pixel_16399,pixel_16400,pixel_16401,pixel_16402,pixel_16403,pixel_16404,pixel_16405,pixel_16406,pixel_16407,pixel_16408,pixel_16409,pixel_16410,pixel_16411,pixel_16412,pixel_16413,pixel_16414,pixel_16415,pixel_16416,pixel_16417,pixel_16418,pixel_16419,pixel_16420,pixel_16421,pixel_16422,pixel_16423,pixel_16424,pixel_16425,pixel_16426,pixel_16427,pixel_16428,pixel_16429,pixel_16430,pixel_16431,pixel_16432,pixel_16433,pixel_16434,pixel_16435,pixel_16436,pixel_16437,pixel_16438,pixel_16439,pixel_16440,pixel_16441,pixel_16442,pixel_16443,pixel_16444,pixel_16445,pixel_16446,pixel_16447,pixel_16448,pixel_16449,pixel_16450,pixel_16451,pixel_16452,pixel_16453,pixel_16454,pixel_16455,pixel_16456,pixel_16457,pixel_16458,pixel_16459,pixel_16460,pixel_16461,pixel_16462,pixel_16463,pixel_16464,pixel_16465,pixel_16466,pixel_16467,pixel_16468,pixel_16469,pixel_16470,pixel_16471,pixel_16472,pixel_16473,pixel_16474,pixel_16475,pixel_16476,pixel_16477,pixel_16478,pixel_16479,pixel_16480,pixel_16481,pixel_16482,pixel_16483,pixel_16484,pixel_16485,pixel_16486,pixel_16487,pixel_16488,pixel_16489,pixel_16490,pixel_16491,pixel_16492,pixel_16493,pixel_16494,pixel_16495,pixel_16496,pixel_16497,pixel_16498,pixel_16499,pixel_16500,pixel_16501,pixel_16502,pixel_16503,pixel_16504,pixel_16505,pixel_16506,pixel_16507,pixel_16508,pixel_16509,pixel_16510,pixel_16511,pixel_16512,pixel_16513,pixel_16514,pixel_16515,pixel_16516,pixel_16517,pixel_16518,pixel_16519,pixel_16520,pixel_16521,pixel_16522,pixel_16523,pixel_16524,pixel_16525,pixel_16526,pixel_16527,pixel_16528,pixel_16529,pixel_16530,pixel_16531,pixel_16532,pixel_16533,pixel_16534,pixel_16535,pixel_16536,pixel_16537,pixel_16538,pixel_16539,pixel_16540,pixel_16541,pixel_16542,pixel_16543,pixel_16544,pixel_16545,pixel_16546,pixel_16547,pixel_16548,pixel_16549,pixel_16550,pixel_16551,pixel_16552,pixel_16553,pixel_16554,pixel_16555,pixel_16556,pixel_16557,pixel_16558,pixel_16559,pixel_16560,pixel_16561,pixel_16562,pixel_16563,pixel_16564,pixel_16565,pixel_16566,pixel_16567,pixel_16568,pixel_16569,pixel_16570,pixel_16571,pixel_16572,pixel_16573,pixel_16574,pixel_16575,pixel_16576,pixel_16577,pixel_16578,pixel_16579,pixel_16580,pixel_16581,pixel_16582,pixel_16583,pixel_16584,pixel_16585,pixel_16586,pixel_16587,pixel_16588,pixel_16589,pixel_16590,pixel_16591,pixel_16592,pixel_16593,pixel_16594,pixel_16595,pixel_16596,pixel_16597,pixel_16598,pixel_16599,pixel_16600,pixel_16601,pixel_16602,pixel_16603,pixel_16604,pixel_16605,pixel_16606,pixel_16607,pixel_16608,pixel_16609,pixel_16610,pixel_16611,pixel_16612,pixel_16613,pixel_16614,pixel_16615,pixel_16616,pixel_16617,pixel_16618,pixel_16619,pixel_16620,pixel_16621,pixel_16622,pixel_16623,pixel_16624,pixel_16625,pixel_16626,pixel_16627,pixel_16628,pixel_16629,pixel_16630,pixel_16631,pixel_16632,pixel_16633,pixel_16634,pixel_16635,pixel_16636,pixel_16637,pixel_16638,pixel_16639,pixel_16640,pixel_16641,pixel_16642,pixel_16643,pixel_16644,pixel_16645,pixel_16646,pixel_16647,pixel_16648,pixel_16649,pixel_16650,pixel_16651,pixel_16652,pixel_16653,pixel_16654,pixel_16655,pixel_16656,pixel_16657,pixel_16658,pixel_16659,pixel_16660,pixel_16661,pixel_16662,pixel_16663,pixel_16664,pixel_16665,pixel_16666,pixel_16667,pixel_16668,pixel_16669,pixel_16670,pixel_16671,pixel_16672,pixel_16673,pixel_16674,pixel_16675,pixel_16676,pixel_16677,pixel_16678,pixel_16679,pixel_16680,pixel_16681,pixel_16682,pixel_16683,pixel_16684,pixel_16685,pixel_16686,pixel_16687,pixel_16688,pixel_16689,pixel_16690,pixel_16691,pixel_16692,pixel_16693,pixel_16694,pixel_16695,pixel_16696,pixel_16697,pixel_16698,pixel_16699,pixel_16700,pixel_16701,pixel_16702,pixel_16703,pixel_16704,pixel_16705,pixel_16706,pixel_16707,pixel_16708,pixel_16709,pixel_16710,pixel_16711,pixel_16712,pixel_16713,pixel_16714,pixel_16715,pixel_16716,pixel_16717,pixel_16718,pixel_16719,pixel_16720,pixel_16721,pixel_16722,pixel_16723,pixel_16724,pixel_16725,pixel_16726,pixel_16727,pixel_16728,pixel_16729,pixel_16730,pixel_16731,pixel_16732,pixel_16733,pixel_16734,pixel_16735,pixel_16736,pixel_16737,pixel_16738,pixel_16739,pixel_16740,pixel_16741,pixel_16742,pixel_16743,pixel_16744,pixel_16745,pixel_16746,pixel_16747,pixel_16748,pixel_16749,pixel_16750,pixel_16751,pixel_16752,pixel_16753,pixel_16754,pixel_16755,pixel_16756,pixel_16757,pixel_16758,pixel_16759,pixel_16760,pixel_16761,pixel_16762,pixel_16763,pixel_16764,pixel_16765,pixel_16766,pixel_16767,pixel_16768,pixel_16769,pixel_16770,pixel_16771,pixel_16772,pixel_16773,pixel_16774,pixel_16775,pixel_16776,pixel_16777,pixel_16778,pixel_16779,pixel_16780,pixel_16781,pixel_16782,pixel_16783,pixel_16784,pixel_16785,pixel_16786,pixel_16787,pixel_16788,pixel_16789,pixel_16790,pixel_16791,pixel_16792,pixel_16793,pixel_16794,pixel_16795,pixel_16796,pixel_16797,pixel_16798,pixel_16799,pixel_16800,pixel_16801,pixel_16802,pixel_16803,pixel_16804,pixel_16805,pixel_16806,pixel_16807,pixel_16808,pixel_16809,pixel_16810,pixel_16811,pixel_16812,pixel_16813,pixel_16814,pixel_16815,pixel_16816,pixel_16817,pixel_16818,pixel_16819,pixel_16820,pixel_16821,pixel_16822,pixel_16823,pixel_16824,pixel_16825,pixel_16826,pixel_16827,pixel_16828,pixel_16829,pixel_16830,pixel_16831,pixel_16832,pixel_16833,pixel_16834,pixel_16835,pixel_16836,pixel_16837,pixel_16838,pixel_16839,pixel_16840,pixel_16841,pixel_16842,pixel_16843,pixel_16844,pixel_16845,pixel_16846,pixel_16847,pixel_16848,pixel_16849,pixel_16850,pixel_16851,pixel_16852,pixel_16853,pixel_16854,pixel_16855,pixel_16856,pixel_16857,pixel_16858,pixel_16859,pixel_16860,pixel_16861,pixel_16862,pixel_16863,pixel_16864,pixel_16865,pixel_16866,pixel_16867,pixel_16868,pixel_16869,pixel_16870,pixel_16871,pixel_16872,pixel_16873,pixel_16874,pixel_16875,pixel_16876,pixel_16877,pixel_16878,pixel_16879,pixel_16880,pixel_16881,pixel_16882,pixel_16883,pixel_16884,pixel_16885,pixel_16886,pixel_16887,pixel_16888,pixel_16889,pixel_16890,pixel_16891,pixel_16892,pixel_16893,pixel_16894,pixel_16895,pixel_16896,pixel_16897,pixel_16898,pixel_16899,pixel_16900,pixel_16901,pixel_16902,pixel_16903,pixel_16904,pixel_16905,pixel_16906,pixel_16907,pixel_16908,pixel_16909,pixel_16910,pixel_16911,pixel_16912,pixel_16913,pixel_16914,pixel_16915,pixel_16916,pixel_16917,pixel_16918,pixel_16919,pixel_16920,pixel_16921,pixel_16922,pixel_16923,pixel_16924,pixel_16925,pixel_16926,pixel_16927,pixel_16928,pixel_16929,pixel_16930,pixel_16931,pixel_16932,pixel_16933,pixel_16934,pixel_16935,pixel_16936,pixel_16937,pixel_16938,pixel_16939,pixel_16940,pixel_16941,pixel_16942,pixel_16943,pixel_16944,pixel_16945,pixel_16946,pixel_16947,pixel_16948,pixel_16949,pixel_16950,pixel_16951,pixel_16952,pixel_16953,pixel_16954,pixel_16955,pixel_16956,pixel_16957,pixel_16958,pixel_16959,pixel_16960,pixel_16961,pixel_16962,pixel_16963,pixel_16964,pixel_16965,pixel_16966,pixel_16967,pixel_16968,pixel_16969,pixel_16970,pixel_16971,pixel_16972,pixel_16973,pixel_16974,pixel_16975,pixel_16976,pixel_16977,pixel_16978,pixel_16979,pixel_16980,pixel_16981,pixel_16982,pixel_16983,pixel_16984,pixel_16985,pixel_16986,pixel_16987,pixel_16988,pixel_16989,pixel_16990,pixel_16991,pixel_16992,pixel_16993,pixel_16994,pixel_16995,pixel_16996,pixel_16997,pixel_16998,pixel_16999,pixel_17000,pixel_17001,pixel_17002,pixel_17003,pixel_17004,pixel_17005,pixel_17006,pixel_17007,pixel_17008,pixel_17009,pixel_17010,pixel_17011,pixel_17012,pixel_17013,pixel_17014,pixel_17015,pixel_17016,pixel_17017,pixel_17018,pixel_17019,pixel_17020,pixel_17021,pixel_17022,pixel_17023,pixel_17024,pixel_17025,pixel_17026,pixel_17027,pixel_17028,pixel_17029,pixel_17030,pixel_17031,pixel_17032,pixel_17033,pixel_17034,pixel_17035,pixel_17036,pixel_17037,pixel_17038,pixel_17039,pixel_17040,pixel_17041,pixel_17042,pixel_17043,pixel_17044,pixel_17045,pixel_17046,pixel_17047,pixel_17048,pixel_17049,pixel_17050,pixel_17051,pixel_17052,pixel_17053,pixel_17054,pixel_17055,pixel_17056,pixel_17057,pixel_17058,pixel_17059,pixel_17060,pixel_17061,pixel_17062,pixel_17063,pixel_17064,pixel_17065,pixel_17066,pixel_17067,pixel_17068,pixel_17069,pixel_17070,pixel_17071,pixel_17072,pixel_17073,pixel_17074,pixel_17075,pixel_17076,pixel_17077,pixel_17078,pixel_17079,pixel_17080,pixel_17081,pixel_17082,pixel_17083,pixel_17084,pixel_17085,pixel_17086,pixel_17087,pixel_17088,pixel_17089,pixel_17090,pixel_17091,pixel_17092,pixel_17093,pixel_17094,pixel_17095,pixel_17096,pixel_17097,pixel_17098,pixel_17099,pixel_17100,pixel_17101,pixel_17102,pixel_17103,pixel_17104,pixel_17105,pixel_17106,pixel_17107,pixel_17108,pixel_17109,pixel_17110,pixel_17111,pixel_17112,pixel_17113,pixel_17114,pixel_17115,pixel_17116,pixel_17117,pixel_17118,pixel_17119,pixel_17120,pixel_17121,pixel_17122,pixel_17123,pixel_17124,pixel_17125,pixel_17126,pixel_17127,pixel_17128,pixel_17129,pixel_17130,pixel_17131,pixel_17132,pixel_17133,pixel_17134,pixel_17135,pixel_17136,pixel_17137,pixel_17138,pixel_17139,pixel_17140,pixel_17141,pixel_17142,pixel_17143,pixel_17144,pixel_17145,pixel_17146,pixel_17147,pixel_17148,pixel_17149,pixel_17150,pixel_17151,pixel_17152,pixel_17153,pixel_17154,pixel_17155,pixel_17156,pixel_17157,pixel_17158,pixel_17159,pixel_17160,pixel_17161,pixel_17162,pixel_17163,pixel_17164,pixel_17165,pixel_17166,pixel_17167,pixel_17168,pixel_17169,pixel_17170,pixel_17171,pixel_17172,pixel_17173,pixel_17174,pixel_17175,pixel_17176,pixel_17177,pixel_17178,pixel_17179,pixel_17180,pixel_17181,pixel_17182,pixel_17183,pixel_17184,pixel_17185,pixel_17186,pixel_17187,pixel_17188,pixel_17189,pixel_17190,pixel_17191,pixel_17192,pixel_17193,pixel_17194,pixel_17195,pixel_17196,pixel_17197,pixel_17198,pixel_17199,pixel_17200,pixel_17201,pixel_17202,pixel_17203,pixel_17204,pixel_17205,pixel_17206,pixel_17207,pixel_17208,pixel_17209,pixel_17210,pixel_17211,pixel_17212,pixel_17213,pixel_17214,pixel_17215,pixel_17216,pixel_17217,pixel_17218,pixel_17219,pixel_17220,pixel_17221,pixel_17222,pixel_17223,pixel_17224,pixel_17225,pixel_17226,pixel_17227,pixel_17228,pixel_17229,pixel_17230,pixel_17231,pixel_17232,pixel_17233,pixel_17234,pixel_17235,pixel_17236,pixel_17237,pixel_17238,pixel_17239,pixel_17240,pixel_17241,pixel_17242,pixel_17243,pixel_17244,pixel_17245,pixel_17246,pixel_17247,pixel_17248,pixel_17249,pixel_17250,pixel_17251,pixel_17252,pixel_17253,pixel_17254,pixel_17255,pixel_17256,pixel_17257,pixel_17258,pixel_17259,pixel_17260,pixel_17261,pixel_17262,pixel_17263,pixel_17264,pixel_17265,pixel_17266,pixel_17267,pixel_17268,pixel_17269,pixel_17270,pixel_17271,pixel_17272,pixel_17273,pixel_17274,pixel_17275,pixel_17276,pixel_17277,pixel_17278,pixel_17279,pixel_17280,pixel_17281,pixel_17282,pixel_17283,pixel_17284,pixel_17285,pixel_17286,pixel_17287,pixel_17288,pixel_17289,pixel_17290,pixel_17291,pixel_17292,pixel_17293,pixel_17294,pixel_17295,pixel_17296,pixel_17297,pixel_17298,pixel_17299,pixel_17300,pixel_17301,pixel_17302,pixel_17303,pixel_17304,pixel_17305,pixel_17306,pixel_17307,pixel_17308,pixel_17309,pixel_17310,pixel_17311,pixel_17312,pixel_17313,pixel_17314,pixel_17315,pixel_17316,pixel_17317,pixel_17318,pixel_17319,pixel_17320,pixel_17321,pixel_17322,pixel_17323,pixel_17324,pixel_17325,pixel_17326,pixel_17327,pixel_17328,pixel_17329,pixel_17330,pixel_17331,pixel_17332,pixel_17333,pixel_17334,pixel_17335,pixel_17336,pixel_17337,pixel_17338,pixel_17339,pixel_17340,pixel_17341,pixel_17342,pixel_17343,pixel_17344,pixel_17345,pixel_17346,pixel_17347,pixel_17348,pixel_17349,pixel_17350,pixel_17351,pixel_17352,pixel_17353,pixel_17354,pixel_17355,pixel_17356,pixel_17357,pixel_17358,pixel_17359,pixel_17360,pixel_17361,pixel_17362,pixel_17363,pixel_17364,pixel_17365,pixel_17366,pixel_17367,pixel_17368,pixel_17369,pixel_17370,pixel_17371,pixel_17372,pixel_17373,pixel_17374,pixel_17375,pixel_17376,pixel_17377,pixel_17378,pixel_17379,pixel_17380,pixel_17381,pixel_17382,pixel_17383,pixel_17384,pixel_17385,pixel_17386,pixel_17387,pixel_17388,pixel_17389,pixel_17390,pixel_17391,pixel_17392,pixel_17393,pixel_17394,pixel_17395,pixel_17396,pixel_17397,pixel_17398,pixel_17399,pixel_17400,pixel_17401,pixel_17402,pixel_17403,pixel_17404,pixel_17405,pixel_17406,pixel_17407,pixel_17408,pixel_17409,pixel_17410,pixel_17411,pixel_17412,pixel_17413,pixel_17414,pixel_17415,pixel_17416,pixel_17417,pixel_17418,pixel_17419,pixel_17420,pixel_17421,pixel_17422,pixel_17423,pixel_17424,pixel_17425,pixel_17426,pixel_17427,pixel_17428,pixel_17429,pixel_17430,pixel_17431,pixel_17432,pixel_17433,pixel_17434,pixel_17435,pixel_17436,pixel_17437,pixel_17438,pixel_17439,pixel_17440,pixel_17441,pixel_17442,pixel_17443,pixel_17444,pixel_17445,pixel_17446,pixel_17447,pixel_17448,pixel_17449,pixel_17450,pixel_17451,pixel_17452,pixel_17453,pixel_17454,pixel_17455,pixel_17456,pixel_17457,pixel_17458,pixel_17459,pixel_17460,pixel_17461,pixel_17462,pixel_17463,pixel_17464,pixel_17465,pixel_17466,pixel_17467,pixel_17468,pixel_17469,pixel_17470,pixel_17471,pixel_17472,pixel_17473,pixel_17474,pixel_17475,pixel_17476,pixel_17477,pixel_17478,pixel_17479,pixel_17480,pixel_17481,pixel_17482,pixel_17483,pixel_17484,pixel_17485,pixel_17486,pixel_17487,pixel_17488,pixel_17489,pixel_17490,pixel_17491,pixel_17492,pixel_17493,pixel_17494,pixel_17495,pixel_17496,pixel_17497,pixel_17498,pixel_17499,pixel_17500,pixel_17501,pixel_17502,pixel_17503,pixel_17504,pixel_17505,pixel_17506,pixel_17507,pixel_17508,pixel_17509,pixel_17510,pixel_17511,pixel_17512,pixel_17513,pixel_17514,pixel_17515,pixel_17516,pixel_17517,pixel_17518,pixel_17519,pixel_17520,pixel_17521,pixel_17522,pixel_17523,pixel_17524,pixel_17525,pixel_17526,pixel_17527,pixel_17528,pixel_17529,pixel_17530,pixel_17531,pixel_17532,pixel_17533,pixel_17534,pixel_17535,pixel_17536,pixel_17537,pixel_17538,pixel_17539,pixel_17540,pixel_17541,pixel_17542,pixel_17543,pixel_17544,pixel_17545,pixel_17546,pixel_17547,pixel_17548,pixel_17549,pixel_17550,pixel_17551,pixel_17552,pixel_17553,pixel_17554,pixel_17555,pixel_17556,pixel_17557,pixel_17558,pixel_17559,pixel_17560,pixel_17561,pixel_17562,pixel_17563,pixel_17564,pixel_17565,pixel_17566,pixel_17567,pixel_17568,pixel_17569,pixel_17570,pixel_17571,pixel_17572,pixel_17573,pixel_17574,pixel_17575,pixel_17576,pixel_17577,pixel_17578,pixel_17579,pixel_17580,pixel_17581,pixel_17582,pixel_17583,pixel_17584,pixel_17585,pixel_17586,pixel_17587,pixel_17588,pixel_17589,pixel_17590,pixel_17591,pixel_17592,pixel_17593,pixel_17594,pixel_17595,pixel_17596,pixel_17597,pixel_17598,pixel_17599,pixel_17600,pixel_17601,pixel_17602,pixel_17603,pixel_17604,pixel_17605,pixel_17606,pixel_17607,pixel_17608,pixel_17609,pixel_17610,pixel_17611,pixel_17612,pixel_17613,pixel_17614,pixel_17615,pixel_17616,pixel_17617,pixel_17618,pixel_17619,pixel_17620,pixel_17621,pixel_17622,pixel_17623,pixel_17624,pixel_17625,pixel_17626,pixel_17627,pixel_17628,pixel_17629,pixel_17630,pixel_17631,pixel_17632,pixel_17633,pixel_17634,pixel_17635,pixel_17636,pixel_17637,pixel_17638,pixel_17639,pixel_17640,pixel_17641,pixel_17642,pixel_17643,pixel_17644,pixel_17645,pixel_17646,pixel_17647,pixel_17648,pixel_17649,pixel_17650,pixel_17651,pixel_17652,pixel_17653,pixel_17654,pixel_17655,pixel_17656,pixel_17657,pixel_17658,pixel_17659,pixel_17660,pixel_17661,pixel_17662,pixel_17663,pixel_17664,pixel_17665,pixel_17666,pixel_17667,pixel_17668,pixel_17669,pixel_17670,pixel_17671,pixel_17672,pixel_17673,pixel_17674,pixel_17675,pixel_17676,pixel_17677,pixel_17678,pixel_17679,pixel_17680,pixel_17681,pixel_17682,pixel_17683,pixel_17684,pixel_17685,pixel_17686,pixel_17687,pixel_17688,pixel_17689,pixel_17690,pixel_17691,pixel_17692,pixel_17693,pixel_17694,pixel_17695,pixel_17696,pixel_17697,pixel_17698,pixel_17699,pixel_17700,pixel_17701,pixel_17702,pixel_17703,pixel_17704,pixel_17705,pixel_17706,pixel_17707,pixel_17708,pixel_17709,pixel_17710,pixel_17711,pixel_17712,pixel_17713,pixel_17714,pixel_17715,pixel_17716,pixel_17717,pixel_17718,pixel_17719,pixel_17720,pixel_17721,pixel_17722,pixel_17723,pixel_17724,pixel_17725,pixel_17726,pixel_17727,pixel_17728,pixel_17729,pixel_17730,pixel_17731,pixel_17732,pixel_17733,pixel_17734,pixel_17735,pixel_17736,pixel_17737,pixel_17738,pixel_17739,pixel_17740,pixel_17741,pixel_17742,pixel_17743,pixel_17744,pixel_17745,pixel_17746,pixel_17747,pixel_17748,pixel_17749,pixel_17750,pixel_17751,pixel_17752,pixel_17753,pixel_17754,pixel_17755,pixel_17756,pixel_17757,pixel_17758,pixel_17759,pixel_17760,pixel_17761,pixel_17762,pixel_17763,pixel_17764,pixel_17765,pixel_17766,pixel_17767,pixel_17768,pixel_17769,pixel_17770,pixel_17771,pixel_17772,pixel_17773,pixel_17774,pixel_17775,pixel_17776,pixel_17777,pixel_17778,pixel_17779,pixel_17780,pixel_17781,pixel_17782,pixel_17783,pixel_17784,pixel_17785,pixel_17786,pixel_17787,pixel_17788,pixel_17789,pixel_17790,pixel_17791,pixel_17792,pixel_17793,pixel_17794,pixel_17795,pixel_17796,pixel_17797,pixel_17798,pixel_17799,pixel_17800,pixel_17801,pixel_17802,pixel_17803,pixel_17804,pixel_17805,pixel_17806,pixel_17807,pixel_17808,pixel_17809,pixel_17810,pixel_17811,pixel_17812,pixel_17813,pixel_17814,pixel_17815,pixel_17816,pixel_17817,pixel_17818,pixel_17819,pixel_17820,pixel_17821,pixel_17822,pixel_17823,pixel_17824,pixel_17825,pixel_17826,pixel_17827,pixel_17828,pixel_17829,pixel_17830,pixel_17831,pixel_17832,pixel_17833,pixel_17834,pixel_17835,pixel_17836,pixel_17837,pixel_17838,pixel_17839,pixel_17840,pixel_17841,pixel_17842,pixel_17843,pixel_17844,pixel_17845,pixel_17846,pixel_17847,pixel_17848,pixel_17849,pixel_17850,pixel_17851,pixel_17852,pixel_17853,pixel_17854,pixel_17855,pixel_17856,pixel_17857,pixel_17858,pixel_17859,pixel_17860,pixel_17861,pixel_17862,pixel_17863,pixel_17864,pixel_17865,pixel_17866,pixel_17867,pixel_17868,pixel_17869,pixel_17870,pixel_17871,pixel_17872,pixel_17873,pixel_17874,pixel_17875,pixel_17876,pixel_17877,pixel_17878,pixel_17879,pixel_17880,pixel_17881,pixel_17882,pixel_17883,pixel_17884,pixel_17885,pixel_17886,pixel_17887,pixel_17888,pixel_17889,pixel_17890,pixel_17891,pixel_17892,pixel_17893,pixel_17894,pixel_17895,pixel_17896,pixel_17897,pixel_17898,pixel_17899,pixel_17900,pixel_17901,pixel_17902,pixel_17903,pixel_17904,pixel_17905,pixel_17906,pixel_17907,pixel_17908,pixel_17909,pixel_17910,pixel_17911,pixel_17912,pixel_17913,pixel_17914,pixel_17915,pixel_17916,pixel_17917,pixel_17918,pixel_17919,pixel_17920,pixel_17921,pixel_17922,pixel_17923,pixel_17924,pixel_17925,pixel_17926,pixel_17927,pixel_17928,pixel_17929,pixel_17930,pixel_17931,pixel_17932,pixel_17933,pixel_17934,pixel_17935,pixel_17936,pixel_17937,pixel_17938,pixel_17939,pixel_17940,pixel_17941,pixel_17942,pixel_17943,pixel_17944,pixel_17945,pixel_17946,pixel_17947,pixel_17948,pixel_17949,pixel_17950,pixel_17951,pixel_17952,pixel_17953,pixel_17954,pixel_17955,pixel_17956,pixel_17957,pixel_17958,pixel_17959,pixel_17960,pixel_17961,pixel_17962,pixel_17963,pixel_17964,pixel_17965,pixel_17966,pixel_17967,pixel_17968,pixel_17969,pixel_17970,pixel_17971,pixel_17972,pixel_17973,pixel_17974,pixel_17975,pixel_17976,pixel_17977,pixel_17978,pixel_17979,pixel_17980,pixel_17981,pixel_17982,pixel_17983,pixel_17984,pixel_17985,pixel_17986,pixel_17987,pixel_17988,pixel_17989,pixel_17990,pixel_17991,pixel_17992,pixel_17993,pixel_17994,pixel_17995,pixel_17996,pixel_17997,pixel_17998,pixel_17999,pixel_18000,pixel_18001,pixel_18002,pixel_18003,pixel_18004,pixel_18005,pixel_18006,pixel_18007,pixel_18008,pixel_18009,pixel_18010,pixel_18011,pixel_18012,pixel_18013,pixel_18014,pixel_18015,pixel_18016,pixel_18017,pixel_18018,pixel_18019,pixel_18020,pixel_18021,pixel_18022,pixel_18023,pixel_18024,pixel_18025,pixel_18026,pixel_18027,pixel_18028,pixel_18029,pixel_18030,pixel_18031,pixel_18032,pixel_18033,pixel_18034,pixel_18035,pixel_18036,pixel_18037,pixel_18038,pixel_18039,pixel_18040,pixel_18041,pixel_18042,pixel_18043,pixel_18044,pixel_18045,pixel_18046,pixel_18047,pixel_18048,pixel_18049,pixel_18050,pixel_18051,pixel_18052,pixel_18053,pixel_18054,pixel_18055,pixel_18056,pixel_18057,pixel_18058,pixel_18059,pixel_18060,pixel_18061,pixel_18062,pixel_18063,pixel_18064,pixel_18065,pixel_18066,pixel_18067,pixel_18068,pixel_18069,pixel_18070,pixel_18071,pixel_18072,pixel_18073,pixel_18074,pixel_18075,pixel_18076,pixel_18077,pixel_18078,pixel_18079,pixel_18080,pixel_18081,pixel_18082,pixel_18083,pixel_18084,pixel_18085,pixel_18086,pixel_18087,pixel_18088,pixel_18089,pixel_18090,pixel_18091,pixel_18092,pixel_18093,pixel_18094,pixel_18095,pixel_18096,pixel_18097,pixel_18098,pixel_18099,pixel_18100,pixel_18101,pixel_18102,pixel_18103,pixel_18104,pixel_18105,pixel_18106,pixel_18107,pixel_18108,pixel_18109,pixel_18110,pixel_18111,pixel_18112,pixel_18113,pixel_18114,pixel_18115,pixel_18116,pixel_18117,pixel_18118,pixel_18119,pixel_18120,pixel_18121,pixel_18122,pixel_18123,pixel_18124,pixel_18125,pixel_18126,pixel_18127,pixel_18128,pixel_18129,pixel_18130,pixel_18131,pixel_18132,pixel_18133,pixel_18134,pixel_18135,pixel_18136,pixel_18137,pixel_18138,pixel_18139,pixel_18140,pixel_18141,pixel_18142,pixel_18143,pixel_18144,pixel_18145,pixel_18146,pixel_18147,pixel_18148,pixel_18149,pixel_18150,pixel_18151,pixel_18152,pixel_18153,pixel_18154,pixel_18155,pixel_18156,pixel_18157,pixel_18158,pixel_18159,pixel_18160,pixel_18161,pixel_18162,pixel_18163,pixel_18164,pixel_18165,pixel_18166,pixel_18167,pixel_18168,pixel_18169,pixel_18170,pixel_18171,pixel_18172,pixel_18173,pixel_18174,pixel_18175,pixel_18176,pixel_18177,pixel_18178,pixel_18179,pixel_18180,pixel_18181,pixel_18182,pixel_18183,pixel_18184,pixel_18185,pixel_18186,pixel_18187,pixel_18188,pixel_18189,pixel_18190,pixel_18191,pixel_18192,pixel_18193,pixel_18194,pixel_18195,pixel_18196,pixel_18197,pixel_18198,pixel_18199,pixel_18200,pixel_18201,pixel_18202,pixel_18203,pixel_18204,pixel_18205,pixel_18206,pixel_18207,pixel_18208,pixel_18209,pixel_18210,pixel_18211,pixel_18212,pixel_18213,pixel_18214,pixel_18215,pixel_18216,pixel_18217,pixel_18218,pixel_18219,pixel_18220,pixel_18221,pixel_18222,pixel_18223,pixel_18224,pixel_18225,pixel_18226,pixel_18227,pixel_18228,pixel_18229,pixel_18230,pixel_18231,pixel_18232,pixel_18233,pixel_18234,pixel_18235,pixel_18236,pixel_18237,pixel_18238,pixel_18239,pixel_18240,pixel_18241,pixel_18242,pixel_18243,pixel_18244,pixel_18245,pixel_18246,pixel_18247,pixel_18248,pixel_18249,pixel_18250,pixel_18251,pixel_18252,pixel_18253,pixel_18254,pixel_18255,pixel_18256,pixel_18257,pixel_18258,pixel_18259,pixel_18260,pixel_18261,pixel_18262,pixel_18263,pixel_18264,pixel_18265,pixel_18266,pixel_18267,pixel_18268,pixel_18269,pixel_18270,pixel_18271,pixel_18272,pixel_18273,pixel_18274,pixel_18275,pixel_18276,pixel_18277,pixel_18278,pixel_18279,pixel_18280,pixel_18281,pixel_18282,pixel_18283,pixel_18284,pixel_18285,pixel_18286,pixel_18287,pixel_18288,pixel_18289,pixel_18290,pixel_18291,pixel_18292,pixel_18293,pixel_18294,pixel_18295,pixel_18296,pixel_18297,pixel_18298,pixel_18299,pixel_18300,pixel_18301,pixel_18302,pixel_18303,pixel_18304,pixel_18305,pixel_18306,pixel_18307,pixel_18308,pixel_18309,pixel_18310,pixel_18311,pixel_18312,pixel_18313,pixel_18314,pixel_18315,pixel_18316,pixel_18317,pixel_18318,pixel_18319,pixel_18320,pixel_18321,pixel_18322,pixel_18323,pixel_18324,pixel_18325,pixel_18326,pixel_18327,pixel_18328,pixel_18329,pixel_18330,pixel_18331,pixel_18332,pixel_18333,pixel_18334,pixel_18335,pixel_18336,pixel_18337,pixel_18338,pixel_18339,pixel_18340,pixel_18341,pixel_18342,pixel_18343,pixel_18344,pixel_18345,pixel_18346,pixel_18347,pixel_18348,pixel_18349,pixel_18350,pixel_18351,pixel_18352,pixel_18353,pixel_18354,pixel_18355,pixel_18356,pixel_18357,pixel_18358,pixel_18359,pixel_18360,pixel_18361,pixel_18362,pixel_18363,pixel_18364,pixel_18365,pixel_18366,pixel_18367,pixel_18368,pixel_18369,pixel_18370,pixel_18371,pixel_18372,pixel_18373,pixel_18374,pixel_18375,pixel_18376,pixel_18377,pixel_18378,pixel_18379,pixel_18380,pixel_18381,pixel_18382,pixel_18383,pixel_18384,pixel_18385,pixel_18386,pixel_18387,pixel_18388,pixel_18389,pixel_18390,pixel_18391,pixel_18392,pixel_18393,pixel_18394,pixel_18395,pixel_18396,pixel_18397,pixel_18398,pixel_18399,pixel_18400,pixel_18401,pixel_18402,pixel_18403,pixel_18404,pixel_18405,pixel_18406,pixel_18407,pixel_18408,pixel_18409,pixel_18410,pixel_18411,pixel_18412,pixel_18413,pixel_18414,pixel_18415,pixel_18416,pixel_18417,pixel_18418,pixel_18419,pixel_18420,pixel_18421,pixel_18422,pixel_18423,pixel_18424,pixel_18425,pixel_18426,pixel_18427,pixel_18428,pixel_18429,pixel_18430,pixel_18431,pixel_18432,pixel_18433,pixel_18434,pixel_18435,pixel_18436,pixel_18437,pixel_18438,pixel_18439,pixel_18440,pixel_18441,pixel_18442,pixel_18443,pixel_18444,pixel_18445,pixel_18446,pixel_18447,pixel_18448,pixel_18449,pixel_18450,pixel_18451,pixel_18452,pixel_18453,pixel_18454,pixel_18455,pixel_18456,pixel_18457,pixel_18458,pixel_18459,pixel_18460,pixel_18461,pixel_18462,pixel_18463,pixel_18464,pixel_18465,pixel_18466,pixel_18467,pixel_18468,pixel_18469,pixel_18470,pixel_18471,pixel_18472,pixel_18473,pixel_18474,pixel_18475,pixel_18476,pixel_18477,pixel_18478,pixel_18479,pixel_18480,pixel_18481,pixel_18482,pixel_18483,pixel_18484,pixel_18485,pixel_18486,pixel_18487,pixel_18488,pixel_18489,pixel_18490,pixel_18491,pixel_18492,pixel_18493,pixel_18494,pixel_18495,pixel_18496,pixel_18497,pixel_18498,pixel_18499,pixel_18500,pixel_18501,pixel_18502,pixel_18503,pixel_18504,pixel_18505,pixel_18506,pixel_18507,pixel_18508,pixel_18509,pixel_18510,pixel_18511,pixel_18512,pixel_18513,pixel_18514,pixel_18515,pixel_18516,pixel_18517,pixel_18518,pixel_18519,pixel_18520,pixel_18521,pixel_18522,pixel_18523,pixel_18524,pixel_18525,pixel_18526,pixel_18527,pixel_18528,pixel_18529,pixel_18530,pixel_18531,pixel_18532,pixel_18533,pixel_18534,pixel_18535,pixel_18536,pixel_18537,pixel_18538,pixel_18539,pixel_18540,pixel_18541,pixel_18542,pixel_18543,pixel_18544,pixel_18545,pixel_18546,pixel_18547,pixel_18548,pixel_18549,pixel_18550,pixel_18551,pixel_18552,pixel_18553,pixel_18554,pixel_18555,pixel_18556,pixel_18557,pixel_18558,pixel_18559,pixel_18560,pixel_18561,pixel_18562,pixel_18563,pixel_18564,pixel_18565,pixel_18566,pixel_18567,pixel_18568,pixel_18569,pixel_18570,pixel_18571,pixel_18572,pixel_18573,pixel_18574,pixel_18575,pixel_18576,pixel_18577,pixel_18578,pixel_18579,pixel_18580,pixel_18581,pixel_18582,pixel_18583,pixel_18584,pixel_18585,pixel_18586,pixel_18587,pixel_18588,pixel_18589,pixel_18590,pixel_18591,pixel_18592,pixel_18593,pixel_18594,pixel_18595,pixel_18596,pixel_18597,pixel_18598,pixel_18599,pixel_18600,pixel_18601,pixel_18602,pixel_18603,pixel_18604,pixel_18605,pixel_18606,pixel_18607,pixel_18608,pixel_18609,pixel_18610,pixel_18611,pixel_18612,pixel_18613,pixel_18614,pixel_18615,pixel_18616,pixel_18617,pixel_18618,pixel_18619,pixel_18620,pixel_18621,pixel_18622,pixel_18623,pixel_18624,pixel_18625,pixel_18626,pixel_18627,pixel_18628,pixel_18629,pixel_18630,pixel_18631,pixel_18632,pixel_18633,pixel_18634,pixel_18635,pixel_18636,pixel_18637,pixel_18638,pixel_18639,pixel_18640,pixel_18641,pixel_18642,pixel_18643,pixel_18644,pixel_18645,pixel_18646,pixel_18647,pixel_18648,pixel_18649,pixel_18650,pixel_18651,pixel_18652,pixel_18653,pixel_18654,pixel_18655,pixel_18656,pixel_18657,pixel_18658,pixel_18659,pixel_18660,pixel_18661,pixel_18662,pixel_18663,pixel_18664,pixel_18665,pixel_18666,pixel_18667,pixel_18668,pixel_18669,pixel_18670,pixel_18671,pixel_18672,pixel_18673,pixel_18674,pixel_18675,pixel_18676,pixel_18677,pixel_18678,pixel_18679,pixel_18680,pixel_18681,pixel_18682,pixel_18683,pixel_18684,pixel_18685,pixel_18686,pixel_18687,pixel_18688,pixel_18689,pixel_18690,pixel_18691,pixel_18692,pixel_18693,pixel_18694,pixel_18695,pixel_18696,pixel_18697,pixel_18698,pixel_18699,pixel_18700,pixel_18701,pixel_18702,pixel_18703,pixel_18704,pixel_18705,pixel_18706,pixel_18707,pixel_18708,pixel_18709,pixel_18710,pixel_18711,pixel_18712,pixel_18713,pixel_18714,pixel_18715,pixel_18716,pixel_18717,pixel_18718,pixel_18719,pixel_18720,pixel_18721,pixel_18722,pixel_18723,pixel_18724,pixel_18725,pixel_18726,pixel_18727,pixel_18728,pixel_18729,pixel_18730,pixel_18731,pixel_18732,pixel_18733,pixel_18734,pixel_18735,pixel_18736,pixel_18737,pixel_18738,pixel_18739,pixel_18740,pixel_18741,pixel_18742,pixel_18743,pixel_18744,pixel_18745,pixel_18746,pixel_18747,pixel_18748,pixel_18749,pixel_18750,pixel_18751,pixel_18752,pixel_18753,pixel_18754,pixel_18755,pixel_18756,pixel_18757,pixel_18758,pixel_18759,pixel_18760,pixel_18761,pixel_18762,pixel_18763,pixel_18764,pixel_18765,pixel_18766,pixel_18767,pixel_18768,pixel_18769,pixel_18770,pixel_18771,pixel_18772,pixel_18773,pixel_18774,pixel_18775,pixel_18776,pixel_18777,pixel_18778,pixel_18779,pixel_18780,pixel_18781,pixel_18782,pixel_18783,pixel_18784,pixel_18785,pixel_18786,pixel_18787,pixel_18788,pixel_18789,pixel_18790,pixel_18791,pixel_18792,pixel_18793,pixel_18794,pixel_18795,pixel_18796,pixel_18797,pixel_18798,pixel_18799,pixel_18800,pixel_18801,pixel_18802,pixel_18803,pixel_18804,pixel_18805,pixel_18806,pixel_18807,pixel_18808,pixel_18809,pixel_18810,pixel_18811,pixel_18812,pixel_18813,pixel_18814,pixel_18815,pixel_18816,pixel_18817,pixel_18818,pixel_18819,pixel_18820,pixel_18821,pixel_18822,pixel_18823,pixel_18824,pixel_18825,pixel_18826,pixel_18827,pixel_18828,pixel_18829,pixel_18830,pixel_18831,pixel_18832,pixel_18833,pixel_18834,pixel_18835,pixel_18836,pixel_18837,pixel_18838,pixel_18839,pixel_18840,pixel_18841,pixel_18842,pixel_18843,pixel_18844,pixel_18845,pixel_18846,pixel_18847,pixel_18848,pixel_18849,pixel_18850,pixel_18851,pixel_18852,pixel_18853,pixel_18854,pixel_18855,pixel_18856,pixel_18857,pixel_18858,pixel_18859,pixel_18860,pixel_18861,pixel_18862,pixel_18863,pixel_18864,pixel_18865,pixel_18866,pixel_18867,pixel_18868,pixel_18869,pixel_18870,pixel_18871,pixel_18872,pixel_18873,pixel_18874,pixel_18875,pixel_18876,pixel_18877,pixel_18878,pixel_18879,pixel_18880,pixel_18881,pixel_18882,pixel_18883,pixel_18884,pixel_18885,pixel_18886,pixel_18887,pixel_18888,pixel_18889,pixel_18890,pixel_18891,pixel_18892,pixel_18893,pixel_18894,pixel_18895,pixel_18896,pixel_18897,pixel_18898,pixel_18899,pixel_18900,pixel_18901,pixel_18902,pixel_18903,pixel_18904,pixel_18905,pixel_18906,pixel_18907,pixel_18908,pixel_18909,pixel_18910,pixel_18911,pixel_18912,pixel_18913,pixel_18914,pixel_18915,pixel_18916,pixel_18917,pixel_18918,pixel_18919,pixel_18920,pixel_18921,pixel_18922,pixel_18923,pixel_18924,pixel_18925,pixel_18926,pixel_18927,pixel_18928,pixel_18929,pixel_18930,pixel_18931,pixel_18932,pixel_18933,pixel_18934,pixel_18935,pixel_18936,pixel_18937,pixel_18938,pixel_18939,pixel_18940,pixel_18941,pixel_18942,pixel_18943,pixel_18944,pixel_18945,pixel_18946,pixel_18947,pixel_18948,pixel_18949,pixel_18950,pixel_18951,pixel_18952,pixel_18953,pixel_18954,pixel_18955,pixel_18956,pixel_18957,pixel_18958,pixel_18959,pixel_18960,pixel_18961,pixel_18962,pixel_18963,pixel_18964,pixel_18965,pixel_18966,pixel_18967,pixel_18968,pixel_18969,pixel_18970,pixel_18971,pixel_18972,pixel_18973,pixel_18974,pixel_18975,pixel_18976,pixel_18977,pixel_18978,pixel_18979,pixel_18980,pixel_18981,pixel_18982,pixel_18983,pixel_18984,pixel_18985,pixel_18986,pixel_18987,pixel_18988,pixel_18989,pixel_18990,pixel_18991,pixel_18992,pixel_18993,pixel_18994,pixel_18995,pixel_18996,pixel_18997,pixel_18998,pixel_18999,pixel_19000,pixel_19001,pixel_19002,pixel_19003,pixel_19004,pixel_19005,pixel_19006,pixel_19007,pixel_19008,pixel_19009,pixel_19010,pixel_19011,pixel_19012,pixel_19013,pixel_19014,pixel_19015,pixel_19016,pixel_19017,pixel_19018,pixel_19019,pixel_19020,pixel_19021,pixel_19022,pixel_19023,pixel_19024,pixel_19025,pixel_19026,pixel_19027,pixel_19028,pixel_19029,pixel_19030,pixel_19031,pixel_19032,pixel_19033,pixel_19034,pixel_19035,pixel_19036,pixel_19037,pixel_19038,pixel_19039,pixel_19040,pixel_19041,pixel_19042,pixel_19043,pixel_19044,pixel_19045,pixel_19046,pixel_19047,pixel_19048,pixel_19049,pixel_19050,pixel_19051,pixel_19052,pixel_19053,pixel_19054,pixel_19055,pixel_19056,pixel_19057,pixel_19058,pixel_19059,pixel_19060,pixel_19061,pixel_19062,pixel_19063,pixel_19064,pixel_19065,pixel_19066,pixel_19067,pixel_19068,pixel_19069,pixel_19070,pixel_19071,pixel_19072,pixel_19073,pixel_19074,pixel_19075,pixel_19076,pixel_19077,pixel_19078,pixel_19079,pixel_19080,pixel_19081,pixel_19082,pixel_19083,pixel_19084,pixel_19085,pixel_19086,pixel_19087,pixel_19088,pixel_19089,pixel_19090,pixel_19091,pixel_19092,pixel_19093,pixel_19094,pixel_19095,pixel_19096,pixel_19097,pixel_19098,pixel_19099,pixel_19100,pixel_19101,pixel_19102,pixel_19103,pixel_19104,pixel_19105,pixel_19106,pixel_19107,pixel_19108,pixel_19109,pixel_19110,pixel_19111,pixel_19112,pixel_19113,pixel_19114,pixel_19115,pixel_19116,pixel_19117,pixel_19118,pixel_19119,pixel_19120,pixel_19121,pixel_19122,pixel_19123,pixel_19124,pixel_19125,pixel_19126,pixel_19127,pixel_19128,pixel_19129,pixel_19130,pixel_19131,pixel_19132,pixel_19133,pixel_19134,pixel_19135,pixel_19136,pixel_19137,pixel_19138,pixel_19139,pixel_19140,pixel_19141,pixel_19142,pixel_19143,pixel_19144,pixel_19145,pixel_19146,pixel_19147,pixel_19148,pixel_19149,pixel_19150,pixel_19151,pixel_19152,pixel_19153,pixel_19154,pixel_19155,pixel_19156,pixel_19157,pixel_19158,pixel_19159,pixel_19160,pixel_19161,pixel_19162,pixel_19163,pixel_19164,pixel_19165,pixel_19166,pixel_19167,pixel_19168,pixel_19169,pixel_19170,pixel_19171,pixel_19172,pixel_19173,pixel_19174,pixel_19175,pixel_19176,pixel_19177,pixel_19178,pixel_19179,pixel_19180,pixel_19181,pixel_19182,pixel_19183,pixel_19184,pixel_19185,pixel_19186,pixel_19187,pixel_19188,pixel_19189,pixel_19190,pixel_19191,pixel_19192,pixel_19193,pixel_19194,pixel_19195,pixel_19196,pixel_19197,pixel_19198,pixel_19199,pixel_19200,pixel_19201,pixel_19202,pixel_19203,pixel_19204,pixel_19205,pixel_19206,pixel_19207,pixel_19208,pixel_19209,pixel_19210,pixel_19211,pixel_19212,pixel_19213,pixel_19214,pixel_19215,pixel_19216,pixel_19217,pixel_19218,pixel_19219,pixel_19220,pixel_19221,pixel_19222,pixel_19223,pixel_19224,pixel_19225,pixel_19226,pixel_19227,pixel_19228,pixel_19229,pixel_19230,pixel_19231,pixel_19232,pixel_19233,pixel_19234,pixel_19235,pixel_19236,pixel_19237,pixel_19238,pixel_19239,pixel_19240,pixel_19241,pixel_19242,pixel_19243,pixel_19244,pixel_19245,pixel_19246,pixel_19247,pixel_19248,pixel_19249,pixel_19250,pixel_19251,pixel_19252,pixel_19253,pixel_19254,pixel_19255,pixel_19256,pixel_19257,pixel_19258,pixel_19259,pixel_19260,pixel_19261,pixel_19262,pixel_19263,pixel_19264,pixel_19265,pixel_19266,pixel_19267,pixel_19268,pixel_19269,pixel_19270,pixel_19271,pixel_19272,pixel_19273,pixel_19274,pixel_19275,pixel_19276,pixel_19277,pixel_19278,pixel_19279,pixel_19280,pixel_19281,pixel_19282,pixel_19283,pixel_19284,pixel_19285,pixel_19286,pixel_19287,pixel_19288,pixel_19289,pixel_19290,pixel_19291,pixel_19292,pixel_19293,pixel_19294,pixel_19295,pixel_19296,pixel_19297,pixel_19298,pixel_19299,pixel_19300,pixel_19301,pixel_19302,pixel_19303,pixel_19304,pixel_19305,pixel_19306,pixel_19307,pixel_19308,pixel_19309,pixel_19310,pixel_19311,pixel_19312,pixel_19313,pixel_19314,pixel_19315,pixel_19316,pixel_19317,pixel_19318,pixel_19319,pixel_19320,pixel_19321,pixel_19322,pixel_19323,pixel_19324,pixel_19325,pixel_19326,pixel_19327,pixel_19328,pixel_19329,pixel_19330,pixel_19331,pixel_19332,pixel_19333,pixel_19334,pixel_19335,pixel_19336,pixel_19337,pixel_19338,pixel_19339,pixel_19340,pixel_19341,pixel_19342,pixel_19343,pixel_19344,pixel_19345,pixel_19346,pixel_19347,pixel_19348,pixel_19349,pixel_19350,pixel_19351,pixel_19352,pixel_19353,pixel_19354,pixel_19355,pixel_19356,pixel_19357,pixel_19358,pixel_19359,pixel_19360,pixel_19361,pixel_19362,pixel_19363,pixel_19364,pixel_19365,pixel_19366,pixel_19367,pixel_19368,pixel_19369,pixel_19370,pixel_19371,pixel_19372,pixel_19373,pixel_19374,pixel_19375,pixel_19376,pixel_19377,pixel_19378,pixel_19379,pixel_19380,pixel_19381,pixel_19382,pixel_19383,pixel_19384,pixel_19385,pixel_19386,pixel_19387,pixel_19388,pixel_19389,pixel_19390,pixel_19391,pixel_19392,pixel_19393,pixel_19394,pixel_19395,pixel_19396,pixel_19397,pixel_19398,pixel_19399,pixel_19400,pixel_19401,pixel_19402,pixel_19403,pixel_19404,pixel_19405,pixel_19406,pixel_19407,pixel_19408,pixel_19409,pixel_19410,pixel_19411,pixel_19412,pixel_19413,pixel_19414,pixel_19415,pixel_19416,pixel_19417,pixel_19418,pixel_19419,pixel_19420,pixel_19421,pixel_19422,pixel_19423,pixel_19424,pixel_19425,pixel_19426,pixel_19427,pixel_19428,pixel_19429,pixel_19430,pixel_19431,pixel_19432,pixel_19433,pixel_19434,pixel_19435,pixel_19436,pixel_19437,pixel_19438,pixel_19439,pixel_19440,pixel_19441,pixel_19442,pixel_19443,pixel_19444,pixel_19445,pixel_19446,pixel_19447,pixel_19448,pixel_19449,pixel_19450,pixel_19451,pixel_19452,pixel_19453,pixel_19454,pixel_19455,pixel_19456,pixel_19457,pixel_19458,pixel_19459,pixel_19460,pixel_19461,pixel_19462,pixel_19463,pixel_19464,pixel_19465,pixel_19466,pixel_19467,pixel_19468,pixel_19469,pixel_19470,pixel_19471,pixel_19472,pixel_19473,pixel_19474,pixel_19475,pixel_19476,pixel_19477,pixel_19478,pixel_19479,pixel_19480,pixel_19481,pixel_19482,pixel_19483,pixel_19484,pixel_19485,pixel_19486,pixel_19487,pixel_19488,pixel_19489,pixel_19490,pixel_19491,pixel_19492,pixel_19493,pixel_19494,pixel_19495,pixel_19496,pixel_19497,pixel_19498,pixel_19499,pixel_19500,pixel_19501,pixel_19502,pixel_19503,pixel_19504,pixel_19505,pixel_19506,pixel_19507,pixel_19508,pixel_19509,pixel_19510,pixel_19511,pixel_19512,pixel_19513,pixel_19514,pixel_19515,pixel_19516,pixel_19517,pixel_19518,pixel_19519,pixel_19520,pixel_19521,pixel_19522,pixel_19523,pixel_19524,pixel_19525,pixel_19526,pixel_19527,pixel_19528,pixel_19529,pixel_19530,pixel_19531,pixel_19532,pixel_19533,pixel_19534,pixel_19535,pixel_19536,pixel_19537,pixel_19538,pixel_19539,pixel_19540,pixel_19541,pixel_19542,pixel_19543,pixel_19544,pixel_19545,pixel_19546,pixel_19547,pixel_19548,pixel_19549,pixel_19550,pixel_19551,pixel_19552,pixel_19553,pixel_19554,pixel_19555,pixel_19556,pixel_19557,pixel_19558,pixel_19559,pixel_19560,pixel_19561,pixel_19562,pixel_19563,pixel_19564,pixel_19565,pixel_19566,pixel_19567,pixel_19568,pixel_19569,pixel_19570,pixel_19571,pixel_19572,pixel_19573,pixel_19574,pixel_19575,pixel_19576,pixel_19577,pixel_19578,pixel_19579,pixel_19580,pixel_19581,pixel_19582,pixel_19583,pixel_19584,pixel_19585,pixel_19586,pixel_19587,pixel_19588,pixel_19589,pixel_19590,pixel_19591,pixel_19592,pixel_19593,pixel_19594,pixel_19595,pixel_19596,pixel_19597,pixel_19598,pixel_19599,pixel_19600,pixel_19601,pixel_19602,pixel_19603,pixel_19604,pixel_19605,pixel_19606,pixel_19607,pixel_19608,pixel_19609,pixel_19610,pixel_19611,pixel_19612,pixel_19613,pixel_19614,pixel_19615,pixel_19616,pixel_19617,pixel_19618,pixel_19619,pixel_19620,pixel_19621,pixel_19622,pixel_19623,pixel_19624,pixel_19625,pixel_19626,pixel_19627,pixel_19628,pixel_19629,pixel_19630,pixel_19631,pixel_19632,pixel_19633,pixel_19634,pixel_19635,pixel_19636,pixel_19637,pixel_19638,pixel_19639,pixel_19640,pixel_19641,pixel_19642,pixel_19643,pixel_19644,pixel_19645,pixel_19646,pixel_19647,pixel_19648,pixel_19649,pixel_19650,pixel_19651,pixel_19652,pixel_19653,pixel_19654,pixel_19655,pixel_19656,pixel_19657,pixel_19658,pixel_19659,pixel_19660,pixel_19661,pixel_19662,pixel_19663,pixel_19664,pixel_19665,pixel_19666,pixel_19667,pixel_19668,pixel_19669,pixel_19670,pixel_19671,pixel_19672,pixel_19673,pixel_19674,pixel_19675,pixel_19676,pixel_19677,pixel_19678,pixel_19679,pixel_19680,pixel_19681,pixel_19682,pixel_19683,pixel_19684,pixel_19685,pixel_19686,pixel_19687,pixel_19688,pixel_19689,pixel_19690,pixel_19691,pixel_19692,pixel_19693,pixel_19694,pixel_19695,pixel_19696,pixel_19697,pixel_19698,pixel_19699,pixel_19700,pixel_19701,pixel_19702,pixel_19703,pixel_19704,pixel_19705,pixel_19706,pixel_19707,pixel_19708,pixel_19709,pixel_19710,pixel_19711,pixel_19712,pixel_19713,pixel_19714,pixel_19715,pixel_19716,pixel_19717,pixel_19718,pixel_19719,pixel_19720,pixel_19721,pixel_19722,pixel_19723,pixel_19724,pixel_19725,pixel_19726,pixel_19727,pixel_19728,pixel_19729,pixel_19730,pixel_19731,pixel_19732,pixel_19733,pixel_19734,pixel_19735,pixel_19736,pixel_19737,pixel_19738,pixel_19739,pixel_19740,pixel_19741,pixel_19742,pixel_19743,pixel_19744,pixel_19745,pixel_19746,pixel_19747,pixel_19748,pixel_19749,pixel_19750,pixel_19751,pixel_19752,pixel_19753,pixel_19754,pixel_19755,pixel_19756,pixel_19757,pixel_19758,pixel_19759,pixel_19760,pixel_19761,pixel_19762,pixel_19763,pixel_19764,pixel_19765,pixel_19766,pixel_19767,pixel_19768,pixel_19769,pixel_19770,pixel_19771,pixel_19772,pixel_19773,pixel_19774,pixel_19775,pixel_19776,pixel_19777,pixel_19778,pixel_19779,pixel_19780,pixel_19781,pixel_19782,pixel_19783,pixel_19784,pixel_19785,pixel_19786,pixel_19787,pixel_19788,pixel_19789,pixel_19790,pixel_19791,pixel_19792,pixel_19793,pixel_19794,pixel_19795,pixel_19796,pixel_19797,pixel_19798,pixel_19799,pixel_19800,pixel_19801,pixel_19802,pixel_19803,pixel_19804,pixel_19805,pixel_19806,pixel_19807,pixel_19808,pixel_19809,pixel_19810,pixel_19811,pixel_19812,pixel_19813,pixel_19814,pixel_19815,pixel_19816,pixel_19817,pixel_19818,pixel_19819,pixel_19820,pixel_19821,pixel_19822,pixel_19823,pixel_19824,pixel_19825,pixel_19826,pixel_19827,pixel_19828,pixel_19829,pixel_19830,pixel_19831,pixel_19832,pixel_19833,pixel_19834,pixel_19835,pixel_19836,pixel_19837,pixel_19838,pixel_19839,pixel_19840,pixel_19841,pixel_19842,pixel_19843,pixel_19844,pixel_19845,pixel_19846,pixel_19847,pixel_19848,pixel_19849,pixel_19850,pixel_19851,pixel_19852,pixel_19853,pixel_19854,pixel_19855,pixel_19856,pixel_19857,pixel_19858,pixel_19859,pixel_19860,pixel_19861,pixel_19862,pixel_19863,pixel_19864,pixel_19865,pixel_19866,pixel_19867,pixel_19868,pixel_19869,pixel_19870,pixel_19871,pixel_19872,pixel_19873,pixel_19874,pixel_19875,pixel_19876,pixel_19877,pixel_19878,pixel_19879,pixel_19880,pixel_19881,pixel_19882,pixel_19883,pixel_19884,pixel_19885,pixel_19886,pixel_19887,pixel_19888,pixel_19889,pixel_19890,pixel_19891,pixel_19892,pixel_19893,pixel_19894,pixel_19895,pixel_19896,pixel_19897,pixel_19898,pixel_19899,pixel_19900,pixel_19901,pixel_19902,pixel_19903,pixel_19904,pixel_19905,pixel_19906,pixel_19907,pixel_19908,pixel_19909,pixel_19910,pixel_19911,pixel_19912,pixel_19913,pixel_19914,pixel_19915,pixel_19916,pixel_19917,pixel_19918,pixel_19919,pixel_19920,pixel_19921,pixel_19922,pixel_19923,pixel_19924,pixel_19925,pixel_19926,pixel_19927,pixel_19928,pixel_19929,pixel_19930,pixel_19931,pixel_19932,pixel_19933,pixel_19934,pixel_19935,pixel_19936,pixel_19937,pixel_19938,pixel_19939,pixel_19940,pixel_19941,pixel_19942,pixel_19943,pixel_19944,pixel_19945,pixel_19946,pixel_19947,pixel_19948,pixel_19949,pixel_19950,pixel_19951,pixel_19952,pixel_19953,pixel_19954,pixel_19955,pixel_19956,pixel_19957,pixel_19958,pixel_19959,pixel_19960,pixel_19961,pixel_19962,pixel_19963,pixel_19964,pixel_19965,pixel_19966,pixel_19967,pixel_19968,pixel_19969,pixel_19970,pixel_19971,pixel_19972,pixel_19973,pixel_19974,pixel_19975,pixel_19976,pixel_19977,pixel_19978,pixel_19979,pixel_19980,pixel_19981,pixel_19982,pixel_19983,pixel_19984,pixel_19985,pixel_19986,pixel_19987,pixel_19988,pixel_19989,pixel_19990,pixel_19991,pixel_19992,pixel_19993,pixel_19994,pixel_19995,pixel_19996,pixel_19997,pixel_19998,pixel_19999,pixel_20000,pixel_20001,pixel_20002,pixel_20003,pixel_20004,pixel_20005,pixel_20006,pixel_20007,pixel_20008,pixel_20009,pixel_20010,pixel_20011,pixel_20012,pixel_20013,pixel_20014,pixel_20015,pixel_20016,pixel_20017,pixel_20018,pixel_20019,pixel_20020,pixel_20021,pixel_20022,pixel_20023,pixel_20024,pixel_20025,pixel_20026,pixel_20027,pixel_20028,pixel_20029,pixel_20030,pixel_20031,pixel_20032,pixel_20033,pixel_20034,pixel_20035,pixel_20036,pixel_20037,pixel_20038,pixel_20039,pixel_20040,pixel_20041,pixel_20042,pixel_20043,pixel_20044,pixel_20045,pixel_20046,pixel_20047,pixel_20048,pixel_20049,pixel_20050,pixel_20051,pixel_20052,pixel_20053,pixel_20054,pixel_20055,pixel_20056,pixel_20057,pixel_20058,pixel_20059,pixel_20060,pixel_20061,pixel_20062,pixel_20063,pixel_20064,pixel_20065,pixel_20066,pixel_20067,pixel_20068,pixel_20069,pixel_20070,pixel_20071,pixel_20072,pixel_20073,pixel_20074,pixel_20075,pixel_20076,pixel_20077,pixel_20078,pixel_20079,pixel_20080,pixel_20081,pixel_20082,pixel_20083,pixel_20084,pixel_20085,pixel_20086,pixel_20087,pixel_20088,pixel_20089,pixel_20090,pixel_20091,pixel_20092,pixel_20093,pixel_20094,pixel_20095,pixel_20096,pixel_20097,pixel_20098,pixel_20099,pixel_20100,pixel_20101,pixel_20102,pixel_20103,pixel_20104,pixel_20105,pixel_20106,pixel_20107,pixel_20108,pixel_20109,pixel_20110,pixel_20111,pixel_20112,pixel_20113,pixel_20114,pixel_20115,pixel_20116,pixel_20117,pixel_20118,pixel_20119,pixel_20120,pixel_20121,pixel_20122,pixel_20123,pixel_20124,pixel_20125,pixel_20126,pixel_20127,pixel_20128,pixel_20129,pixel_20130,pixel_20131,pixel_20132,pixel_20133,pixel_20134,pixel_20135,pixel_20136,pixel_20137,pixel_20138,pixel_20139,pixel_20140,pixel_20141,pixel_20142,pixel_20143,pixel_20144,pixel_20145,pixel_20146,pixel_20147,pixel_20148,pixel_20149,pixel_20150,pixel_20151,pixel_20152,pixel_20153,pixel_20154,pixel_20155,pixel_20156,pixel_20157,pixel_20158,pixel_20159,pixel_20160,pixel_20161,pixel_20162,pixel_20163,pixel_20164,pixel_20165,pixel_20166,pixel_20167,pixel_20168,pixel_20169,pixel_20170,pixel_20171,pixel_20172,pixel_20173,pixel_20174,pixel_20175,pixel_20176,pixel_20177,pixel_20178,pixel_20179,pixel_20180,pixel_20181,pixel_20182,pixel_20183,pixel_20184,pixel_20185,pixel_20186,pixel_20187,pixel_20188,pixel_20189,pixel_20190,pixel_20191,pixel_20192,pixel_20193,pixel_20194,pixel_20195,pixel_20196,pixel_20197,pixel_20198,pixel_20199,pixel_20200,pixel_20201,pixel_20202,pixel_20203,pixel_20204,pixel_20205,pixel_20206,pixel_20207,pixel_20208,pixel_20209,pixel_20210,pixel_20211,pixel_20212,pixel_20213,pixel_20214,pixel_20215,pixel_20216,pixel_20217,pixel_20218,pixel_20219,pixel_20220,pixel_20221,pixel_20222,pixel_20223,pixel_20224,pixel_20225,pixel_20226,pixel_20227,pixel_20228,pixel_20229,pixel_20230,pixel_20231,pixel_20232,pixel_20233,pixel_20234,pixel_20235,pixel_20236,pixel_20237,pixel_20238,pixel_20239,pixel_20240,pixel_20241,pixel_20242,pixel_20243,pixel_20244,pixel_20245,pixel_20246,pixel_20247,pixel_20248,pixel_20249,pixel_20250,pixel_20251,pixel_20252,pixel_20253,pixel_20254,pixel_20255,pixel_20256,pixel_20257,pixel_20258,pixel_20259,pixel_20260,pixel_20261,pixel_20262,pixel_20263,pixel_20264,pixel_20265,pixel_20266,pixel_20267,pixel_20268,pixel_20269,pixel_20270,pixel_20271,pixel_20272,pixel_20273,pixel_20274,pixel_20275,pixel_20276,pixel_20277,pixel_20278,pixel_20279,pixel_20280,pixel_20281,pixel_20282,pixel_20283,pixel_20284,pixel_20285,pixel_20286,pixel_20287,pixel_20288,pixel_20289,pixel_20290,pixel_20291,pixel_20292,pixel_20293,pixel_20294,pixel_20295,pixel_20296,pixel_20297,pixel_20298,pixel_20299,pixel_20300,pixel_20301,pixel_20302,pixel_20303,pixel_20304,pixel_20305,pixel_20306,pixel_20307,pixel_20308,pixel_20309,pixel_20310,pixel_20311,pixel_20312,pixel_20313,pixel_20314,pixel_20315,pixel_20316,pixel_20317,pixel_20318,pixel_20319,pixel_20320,pixel_20321,pixel_20322,pixel_20323,pixel_20324,pixel_20325,pixel_20326,pixel_20327,pixel_20328,pixel_20329,pixel_20330,pixel_20331,pixel_20332,pixel_20333,pixel_20334,pixel_20335,pixel_20336,pixel_20337,pixel_20338,pixel_20339,pixel_20340,pixel_20341,pixel_20342,pixel_20343,pixel_20344,pixel_20345,pixel_20346,pixel_20347,pixel_20348,pixel_20349,pixel_20350,pixel_20351,pixel_20352,pixel_20353,pixel_20354,pixel_20355,pixel_20356,pixel_20357,pixel_20358,pixel_20359,pixel_20360,pixel_20361,pixel_20362,pixel_20363,pixel_20364,pixel_20365,pixel_20366,pixel_20367,pixel_20368,pixel_20369,pixel_20370,pixel_20371,pixel_20372,pixel_20373,pixel_20374,pixel_20375,pixel_20376,pixel_20377,pixel_20378,pixel_20379,pixel_20380,pixel_20381,pixel_20382,pixel_20383,pixel_20384,pixel_20385,pixel_20386,pixel_20387,pixel_20388,pixel_20389,pixel_20390,pixel_20391,pixel_20392,pixel_20393,pixel_20394,pixel_20395,pixel_20396,pixel_20397,pixel_20398,pixel_20399,pixel_20400,pixel_20401,pixel_20402,pixel_20403,pixel_20404,pixel_20405,pixel_20406,pixel_20407,pixel_20408,pixel_20409,pixel_20410,pixel_20411,pixel_20412,pixel_20413,pixel_20414,pixel_20415,pixel_20416,pixel_20417,pixel_20418,pixel_20419,pixel_20420,pixel_20421,pixel_20422,pixel_20423,pixel_20424,pixel_20425,pixel_20426,pixel_20427,pixel_20428,pixel_20429,pixel_20430,pixel_20431,pixel_20432,pixel_20433,pixel_20434,pixel_20435,pixel_20436,pixel_20437,pixel_20438,pixel_20439,pixel_20440,pixel_20441,pixel_20442,pixel_20443,pixel_20444,pixel_20445,pixel_20446,pixel_20447,pixel_20448,pixel_20449,pixel_20450,pixel_20451,pixel_20452,pixel_20453,pixel_20454,pixel_20455,pixel_20456,pixel_20457,pixel_20458,pixel_20459,pixel_20460,pixel_20461,pixel_20462,pixel_20463,pixel_20464,pixel_20465,pixel_20466,pixel_20467,pixel_20468,pixel_20469,pixel_20470,pixel_20471,pixel_20472,pixel_20473,pixel_20474,pixel_20475,pixel_20476,pixel_20477,pixel_20478,pixel_20479,pixel_20480,pixel_20481,pixel_20482,pixel_20483,pixel_20484,pixel_20485,pixel_20486,pixel_20487,pixel_20488,pixel_20489,pixel_20490,pixel_20491,pixel_20492,pixel_20493,pixel_20494,pixel_20495,pixel_20496,pixel_20497,pixel_20498,pixel_20499,pixel_20500,pixel_20501,pixel_20502,pixel_20503,pixel_20504,pixel_20505,pixel_20506,pixel_20507,pixel_20508,pixel_20509,pixel_20510,pixel_20511,pixel_20512,pixel_20513,pixel_20514,pixel_20515,pixel_20516,pixel_20517,pixel_20518,pixel_20519,pixel_20520,pixel_20521,pixel_20522,pixel_20523,pixel_20524,pixel_20525,pixel_20526,pixel_20527,pixel_20528,pixel_20529,pixel_20530,pixel_20531,pixel_20532,pixel_20533,pixel_20534,pixel_20535,pixel_20536,pixel_20537,pixel_20538,pixel_20539,pixel_20540,pixel_20541,pixel_20542,pixel_20543,pixel_20544,pixel_20545,pixel_20546,pixel_20547,pixel_20548,pixel_20549,pixel_20550,pixel_20551,pixel_20552,pixel_20553,pixel_20554,pixel_20555,pixel_20556,pixel_20557,pixel_20558,pixel_20559,pixel_20560,pixel_20561,pixel_20562,pixel_20563,pixel_20564,pixel_20565,pixel_20566,pixel_20567,pixel_20568,pixel_20569,pixel_20570,pixel_20571,pixel_20572,pixel_20573,pixel_20574,pixel_20575,pixel_20576,pixel_20577,pixel_20578,pixel_20579,pixel_20580,pixel_20581,pixel_20582,pixel_20583,pixel_20584,pixel_20585,pixel_20586,pixel_20587,pixel_20588,pixel_20589,pixel_20590,pixel_20591,pixel_20592,pixel_20593,pixel_20594,pixel_20595,pixel_20596,pixel_20597,pixel_20598,pixel_20599,pixel_20600,pixel_20601,pixel_20602,pixel_20603,pixel_20604,pixel_20605,pixel_20606,pixel_20607,pixel_20608,pixel_20609,pixel_20610,pixel_20611,pixel_20612,pixel_20613,pixel_20614,pixel_20615,pixel_20616,pixel_20617,pixel_20618,pixel_20619,pixel_20620,pixel_20621,pixel_20622,pixel_20623,pixel_20624,pixel_20625,pixel_20626,pixel_20627,pixel_20628,pixel_20629,pixel_20630,pixel_20631,pixel_20632,pixel_20633,pixel_20634,pixel_20635,pixel_20636,pixel_20637,pixel_20638,pixel_20639,pixel_20640,pixel_20641,pixel_20642,pixel_20643,pixel_20644,pixel_20645,pixel_20646,pixel_20647,pixel_20648,pixel_20649,pixel_20650,pixel_20651,pixel_20652,pixel_20653,pixel_20654,pixel_20655,pixel_20656,pixel_20657,pixel_20658,pixel_20659,pixel_20660,pixel_20661,pixel_20662,pixel_20663,pixel_20664,pixel_20665,pixel_20666,pixel_20667,pixel_20668,pixel_20669,pixel_20670,pixel_20671,pixel_20672,pixel_20673,pixel_20674,pixel_20675,pixel_20676,pixel_20677,pixel_20678,pixel_20679,pixel_20680,pixel_20681,pixel_20682,pixel_20683,pixel_20684,pixel_20685,pixel_20686,pixel_20687,pixel_20688,pixel_20689,pixel_20690,pixel_20691,pixel_20692,pixel_20693,pixel_20694,pixel_20695,pixel_20696,pixel_20697,pixel_20698,pixel_20699,pixel_20700,pixel_20701,pixel_20702,pixel_20703,pixel_20704,pixel_20705,pixel_20706,pixel_20707,pixel_20708,pixel_20709,pixel_20710,pixel_20711,pixel_20712,pixel_20713,pixel_20714,pixel_20715,pixel_20716,pixel_20717,pixel_20718,pixel_20719,pixel_20720,pixel_20721,pixel_20722,pixel_20723,pixel_20724,pixel_20725,pixel_20726,pixel_20727,pixel_20728,pixel_20729,pixel_20730,pixel_20731,pixel_20732,pixel_20733,pixel_20734,pixel_20735,pixel_20736,pixel_20737,pixel_20738,pixel_20739,pixel_20740,pixel_20741,pixel_20742,pixel_20743,pixel_20744,pixel_20745,pixel_20746,pixel_20747,pixel_20748,pixel_20749,pixel_20750,pixel_20751,pixel_20752,pixel_20753,pixel_20754,pixel_20755,pixel_20756,pixel_20757,pixel_20758,pixel_20759,pixel_20760,pixel_20761,pixel_20762,pixel_20763,pixel_20764,pixel_20765,pixel_20766,pixel_20767,pixel_20768,pixel_20769,pixel_20770,pixel_20771,pixel_20772,pixel_20773,pixel_20774,pixel_20775,pixel_20776,pixel_20777,pixel_20778,pixel_20779,pixel_20780,pixel_20781,pixel_20782,pixel_20783,pixel_20784,pixel_20785,pixel_20786,pixel_20787,pixel_20788,pixel_20789,pixel_20790,pixel_20791,pixel_20792,pixel_20793,pixel_20794,pixel_20795,pixel_20796,pixel_20797,pixel_20798,pixel_20799,pixel_20800,pixel_20801,pixel_20802,pixel_20803,pixel_20804,pixel_20805,pixel_20806,pixel_20807,pixel_20808,pixel_20809,pixel_20810,pixel_20811,pixel_20812,pixel_20813,pixel_20814,pixel_20815,pixel_20816,pixel_20817,pixel_20818,pixel_20819,pixel_20820,pixel_20821,pixel_20822,pixel_20823,pixel_20824,pixel_20825,pixel_20826,pixel_20827,pixel_20828,pixel_20829,pixel_20830,pixel_20831,pixel_20832,pixel_20833,pixel_20834,pixel_20835,pixel_20836,pixel_20837,pixel_20838,pixel_20839,pixel_20840,pixel_20841,pixel_20842,pixel_20843,pixel_20844,pixel_20845,pixel_20846,pixel_20847,pixel_20848,pixel_20849,pixel_20850,pixel_20851,pixel_20852,pixel_20853,pixel_20854,pixel_20855,pixel_20856,pixel_20857,pixel_20858,pixel_20859,pixel_20860,pixel_20861,pixel_20862,pixel_20863,pixel_20864,pixel_20865,pixel_20866,pixel_20867,pixel_20868,pixel_20869,pixel_20870,pixel_20871,pixel_20872,pixel_20873,pixel_20874,pixel_20875,pixel_20876,pixel_20877,pixel_20878,pixel_20879,pixel_20880,pixel_20881,pixel_20882,pixel_20883,pixel_20884,pixel_20885,pixel_20886,pixel_20887,pixel_20888,pixel_20889,pixel_20890,pixel_20891,pixel_20892,pixel_20893,pixel_20894,pixel_20895,pixel_20896,pixel_20897,pixel_20898,pixel_20899,pixel_20900,pixel_20901,pixel_20902,pixel_20903,pixel_20904,pixel_20905,pixel_20906,pixel_20907,pixel_20908,pixel_20909,pixel_20910,pixel_20911,pixel_20912,pixel_20913,pixel_20914,pixel_20915,pixel_20916,pixel_20917,pixel_20918,pixel_20919,pixel_20920,pixel_20921,pixel_20922,pixel_20923,pixel_20924,pixel_20925,pixel_20926,pixel_20927,pixel_20928,pixel_20929,pixel_20930,pixel_20931,pixel_20932,pixel_20933,pixel_20934,pixel_20935,pixel_20936,pixel_20937,pixel_20938,pixel_20939,pixel_20940,pixel_20941,pixel_20942,pixel_20943,pixel_20944,pixel_20945,pixel_20946,pixel_20947,pixel_20948,pixel_20949,pixel_20950,pixel_20951,pixel_20952,pixel_20953,pixel_20954,pixel_20955,pixel_20956,pixel_20957,pixel_20958,pixel_20959,pixel_20960,pixel_20961,pixel_20962,pixel_20963,pixel_20964,pixel_20965,pixel_20966,pixel_20967,pixel_20968,pixel_20969,pixel_20970,pixel_20971,pixel_20972,pixel_20973,pixel_20974,pixel_20975,pixel_20976,pixel_20977,pixel_20978,pixel_20979,pixel_20980,pixel_20981,pixel_20982,pixel_20983,pixel_20984,pixel_20985,pixel_20986,pixel_20987,pixel_20988,pixel_20989,pixel_20990,pixel_20991,pixel_20992,pixel_20993,pixel_20994,pixel_20995,pixel_20996,pixel_20997,pixel_20998,pixel_20999,pixel_21000,pixel_21001,pixel_21002,pixel_21003,pixel_21004,pixel_21005,pixel_21006,pixel_21007,pixel_21008,pixel_21009,pixel_21010,pixel_21011,pixel_21012,pixel_21013,pixel_21014,pixel_21015,pixel_21016,pixel_21017,pixel_21018,pixel_21019,pixel_21020,pixel_21021,pixel_21022,pixel_21023,pixel_21024,pixel_21025,pixel_21026,pixel_21027,pixel_21028,pixel_21029,pixel_21030,pixel_21031,pixel_21032,pixel_21033,pixel_21034,pixel_21035,pixel_21036,pixel_21037,pixel_21038,pixel_21039,pixel_21040,pixel_21041,pixel_21042,pixel_21043,pixel_21044,pixel_21045,pixel_21046,pixel_21047,pixel_21048,pixel_21049,pixel_21050,pixel_21051,pixel_21052,pixel_21053,pixel_21054,pixel_21055,pixel_21056,pixel_21057,pixel_21058,pixel_21059,pixel_21060,pixel_21061,pixel_21062,pixel_21063,pixel_21064,pixel_21065,pixel_21066,pixel_21067,pixel_21068,pixel_21069,pixel_21070,pixel_21071,pixel_21072,pixel_21073,pixel_21074,pixel_21075,pixel_21076,pixel_21077,pixel_21078,pixel_21079,pixel_21080,pixel_21081,pixel_21082,pixel_21083,pixel_21084,pixel_21085,pixel_21086,pixel_21087,pixel_21088,pixel_21089,pixel_21090,pixel_21091,pixel_21092,pixel_21093,pixel_21094,pixel_21095,pixel_21096,pixel_21097,pixel_21098,pixel_21099,pixel_21100,pixel_21101,pixel_21102,pixel_21103,pixel_21104,pixel_21105,pixel_21106,pixel_21107,pixel_21108,pixel_21109,pixel_21110,pixel_21111,pixel_21112,pixel_21113,pixel_21114,pixel_21115,pixel_21116,pixel_21117,pixel_21118,pixel_21119,pixel_21120,pixel_21121,pixel_21122,pixel_21123,pixel_21124,pixel_21125,pixel_21126,pixel_21127,pixel_21128,pixel_21129,pixel_21130,pixel_21131,pixel_21132,pixel_21133,pixel_21134,pixel_21135,pixel_21136,pixel_21137,pixel_21138,pixel_21139,pixel_21140,pixel_21141,pixel_21142,pixel_21143,pixel_21144,pixel_21145,pixel_21146,pixel_21147,pixel_21148,pixel_21149,pixel_21150,pixel_21151,pixel_21152,pixel_21153,pixel_21154,pixel_21155,pixel_21156,pixel_21157,pixel_21158,pixel_21159,pixel_21160,pixel_21161,pixel_21162,pixel_21163,pixel_21164,pixel_21165,pixel_21166,pixel_21167,pixel_21168,pixel_21169,pixel_21170,pixel_21171,pixel_21172,pixel_21173,pixel_21174,pixel_21175,pixel_21176,pixel_21177,pixel_21178,pixel_21179,pixel_21180,pixel_21181,pixel_21182,pixel_21183,pixel_21184,pixel_21185,pixel_21186,pixel_21187,pixel_21188,pixel_21189,pixel_21190,pixel_21191,pixel_21192,pixel_21193,pixel_21194,pixel_21195,pixel_21196,pixel_21197,pixel_21198,pixel_21199,pixel_21200,pixel_21201,pixel_21202,pixel_21203,pixel_21204,pixel_21205,pixel_21206,pixel_21207,pixel_21208,pixel_21209,pixel_21210,pixel_21211,pixel_21212,pixel_21213,pixel_21214,pixel_21215,pixel_21216,pixel_21217,pixel_21218,pixel_21219,pixel_21220,pixel_21221,pixel_21222,pixel_21223,pixel_21224,pixel_21225,pixel_21226,pixel_21227,pixel_21228,pixel_21229,pixel_21230,pixel_21231,pixel_21232,pixel_21233,pixel_21234,pixel_21235,pixel_21236,pixel_21237,pixel_21238,pixel_21239,pixel_21240,pixel_21241,pixel_21242,pixel_21243,pixel_21244,pixel_21245,pixel_21246,pixel_21247,pixel_21248,pixel_21249,pixel_21250,pixel_21251,pixel_21252,pixel_21253,pixel_21254,pixel_21255,pixel_21256,pixel_21257,pixel_21258,pixel_21259,pixel_21260,pixel_21261,pixel_21262,pixel_21263,pixel_21264,pixel_21265,pixel_21266,pixel_21267,pixel_21268,pixel_21269,pixel_21270,pixel_21271,pixel_21272,pixel_21273,pixel_21274,pixel_21275,pixel_21276,pixel_21277,pixel_21278,pixel_21279,pixel_21280,pixel_21281,pixel_21282,pixel_21283,pixel_21284,pixel_21285,pixel_21286,pixel_21287,pixel_21288,pixel_21289,pixel_21290,pixel_21291,pixel_21292,pixel_21293,pixel_21294,pixel_21295,pixel_21296,pixel_21297,pixel_21298,pixel_21299,pixel_21300,pixel_21301,pixel_21302,pixel_21303,pixel_21304,pixel_21305,pixel_21306,pixel_21307,pixel_21308,pixel_21309,pixel_21310,pixel_21311,pixel_21312,pixel_21313,pixel_21314,pixel_21315,pixel_21316,pixel_21317,pixel_21318,pixel_21319,pixel_21320,pixel_21321,pixel_21322,pixel_21323,pixel_21324,pixel_21325,pixel_21326,pixel_21327,pixel_21328,pixel_21329,pixel_21330,pixel_21331,pixel_21332,pixel_21333,pixel_21334,pixel_21335,pixel_21336,pixel_21337,pixel_21338,pixel_21339,pixel_21340,pixel_21341,pixel_21342,pixel_21343,pixel_21344,pixel_21345,pixel_21346,pixel_21347,pixel_21348,pixel_21349,pixel_21350,pixel_21351,pixel_21352,pixel_21353,pixel_21354,pixel_21355,pixel_21356,pixel_21357,pixel_21358,pixel_21359,pixel_21360,pixel_21361,pixel_21362,pixel_21363,pixel_21364,pixel_21365,pixel_21366,pixel_21367,pixel_21368,pixel_21369,pixel_21370,pixel_21371,pixel_21372,pixel_21373,pixel_21374,pixel_21375,pixel_21376,pixel_21377,pixel_21378,pixel_21379,pixel_21380,pixel_21381,pixel_21382,pixel_21383,pixel_21384,pixel_21385,pixel_21386,pixel_21387,pixel_21388,pixel_21389,pixel_21390,pixel_21391,pixel_21392,pixel_21393,pixel_21394,pixel_21395,pixel_21396,pixel_21397,pixel_21398,pixel_21399,pixel_21400,pixel_21401,pixel_21402,pixel_21403,pixel_21404,pixel_21405,pixel_21406,pixel_21407,pixel_21408,pixel_21409,pixel_21410,pixel_21411,pixel_21412,pixel_21413,pixel_21414,pixel_21415,pixel_21416,pixel_21417,pixel_21418,pixel_21419,pixel_21420,pixel_21421,pixel_21422,pixel_21423,pixel_21424,pixel_21425,pixel_21426,pixel_21427,pixel_21428,pixel_21429,pixel_21430,pixel_21431,pixel_21432,pixel_21433,pixel_21434,pixel_21435,pixel_21436,pixel_21437,pixel_21438,pixel_21439,pixel_21440,pixel_21441,pixel_21442,pixel_21443,pixel_21444,pixel_21445,pixel_21446,pixel_21447,pixel_21448,pixel_21449,pixel_21450,pixel_21451,pixel_21452,pixel_21453,pixel_21454,pixel_21455,pixel_21456,pixel_21457,pixel_21458,pixel_21459,pixel_21460,pixel_21461,pixel_21462,pixel_21463,pixel_21464,pixel_21465,pixel_21466,pixel_21467,pixel_21468,pixel_21469,pixel_21470,pixel_21471,pixel_21472,pixel_21473,pixel_21474,pixel_21475,pixel_21476,pixel_21477,pixel_21478,pixel_21479,pixel_21480,pixel_21481,pixel_21482,pixel_21483,pixel_21484,pixel_21485,pixel_21486,pixel_21487,pixel_21488,pixel_21489,pixel_21490,pixel_21491,pixel_21492,pixel_21493,pixel_21494,pixel_21495,pixel_21496,pixel_21497,pixel_21498,pixel_21499,pixel_21500,pixel_21501,pixel_21502,pixel_21503,pixel_21504,pixel_21505,pixel_21506,pixel_21507,pixel_21508,pixel_21509,pixel_21510,pixel_21511,pixel_21512,pixel_21513,pixel_21514,pixel_21515,pixel_21516,pixel_21517,pixel_21518,pixel_21519,pixel_21520,pixel_21521,pixel_21522,pixel_21523,pixel_21524,pixel_21525,pixel_21526,pixel_21527,pixel_21528,pixel_21529,pixel_21530,pixel_21531,pixel_21532,pixel_21533,pixel_21534,pixel_21535,pixel_21536,pixel_21537,pixel_21538,pixel_21539,pixel_21540,pixel_21541,pixel_21542,pixel_21543,pixel_21544,pixel_21545,pixel_21546,pixel_21547,pixel_21548,pixel_21549,pixel_21550,pixel_21551,pixel_21552,pixel_21553,pixel_21554,pixel_21555,pixel_21556,pixel_21557,pixel_21558,pixel_21559,pixel_21560,pixel_21561,pixel_21562,pixel_21563,pixel_21564,pixel_21565,pixel_21566,pixel_21567,pixel_21568,pixel_21569,pixel_21570,pixel_21571,pixel_21572,pixel_21573,pixel_21574,pixel_21575,pixel_21576,pixel_21577,pixel_21578,pixel_21579,pixel_21580,pixel_21581,pixel_21582,pixel_21583,pixel_21584,pixel_21585,pixel_21586,pixel_21587,pixel_21588,pixel_21589,pixel_21590,pixel_21591,pixel_21592,pixel_21593,pixel_21594,pixel_21595,pixel_21596,pixel_21597,pixel_21598,pixel_21599,pixel_21600,pixel_21601,pixel_21602,pixel_21603,pixel_21604,pixel_21605,pixel_21606,pixel_21607,pixel_21608,pixel_21609,pixel_21610,pixel_21611,pixel_21612,pixel_21613,pixel_21614,pixel_21615,pixel_21616,pixel_21617,pixel_21618,pixel_21619,pixel_21620,pixel_21621,pixel_21622,pixel_21623,pixel_21624,pixel_21625,pixel_21626,pixel_21627,pixel_21628,pixel_21629,pixel_21630,pixel_21631,pixel_21632,pixel_21633,pixel_21634,pixel_21635,pixel_21636,pixel_21637,pixel_21638,pixel_21639,pixel_21640,pixel_21641,pixel_21642,pixel_21643,pixel_21644,pixel_21645,pixel_21646,pixel_21647,pixel_21648,pixel_21649,pixel_21650,pixel_21651,pixel_21652,pixel_21653,pixel_21654,pixel_21655,pixel_21656,pixel_21657,pixel_21658,pixel_21659,pixel_21660,pixel_21661,pixel_21662,pixel_21663,pixel_21664,pixel_21665,pixel_21666,pixel_21667,pixel_21668,pixel_21669,pixel_21670,pixel_21671,pixel_21672,pixel_21673,pixel_21674,pixel_21675,pixel_21676,pixel_21677,pixel_21678,pixel_21679,pixel_21680,pixel_21681,pixel_21682,pixel_21683,pixel_21684,pixel_21685,pixel_21686,pixel_21687,pixel_21688,pixel_21689,pixel_21690,pixel_21691,pixel_21692,pixel_21693,pixel_21694,pixel_21695,pixel_21696,pixel_21697,pixel_21698,pixel_21699,pixel_21700,pixel_21701,pixel_21702,pixel_21703,pixel_21704,pixel_21705,pixel_21706,pixel_21707,pixel_21708,pixel_21709,pixel_21710,pixel_21711,pixel_21712,pixel_21713,pixel_21714,pixel_21715,pixel_21716,pixel_21717,pixel_21718,pixel_21719,pixel_21720,pixel_21721,pixel_21722,pixel_21723,pixel_21724,pixel_21725,pixel_21726,pixel_21727,pixel_21728,pixel_21729,pixel_21730,pixel_21731,pixel_21732,pixel_21733,pixel_21734,pixel_21735,pixel_21736,pixel_21737,pixel_21738,pixel_21739,pixel_21740,pixel_21741,pixel_21742,pixel_21743,pixel_21744,pixel_21745,pixel_21746,pixel_21747,pixel_21748,pixel_21749,pixel_21750,pixel_21751,pixel_21752,pixel_21753,pixel_21754,pixel_21755,pixel_21756,pixel_21757,pixel_21758,pixel_21759,pixel_21760,pixel_21761,pixel_21762,pixel_21763,pixel_21764,pixel_21765,pixel_21766,pixel_21767,pixel_21768,pixel_21769,pixel_21770,pixel_21771,pixel_21772,pixel_21773,pixel_21774,pixel_21775,pixel_21776,pixel_21777,pixel_21778,pixel_21779,pixel_21780,pixel_21781,pixel_21782,pixel_21783,pixel_21784,pixel_21785,pixel_21786,pixel_21787,pixel_21788,pixel_21789,pixel_21790,pixel_21791,pixel_21792,pixel_21793,pixel_21794,pixel_21795,pixel_21796,pixel_21797,pixel_21798,pixel_21799,pixel_21800,pixel_21801,pixel_21802,pixel_21803,pixel_21804,pixel_21805,pixel_21806,pixel_21807,pixel_21808,pixel_21809,pixel_21810,pixel_21811,pixel_21812,pixel_21813,pixel_21814,pixel_21815,pixel_21816,pixel_21817,pixel_21818,pixel_21819,pixel_21820,pixel_21821,pixel_21822,pixel_21823,pixel_21824,pixel_21825,pixel_21826,pixel_21827,pixel_21828,pixel_21829,pixel_21830,pixel_21831,pixel_21832,pixel_21833,pixel_21834,pixel_21835,pixel_21836,pixel_21837,pixel_21838,pixel_21839,pixel_21840,pixel_21841,pixel_21842,pixel_21843,pixel_21844,pixel_21845,pixel_21846,pixel_21847,pixel_21848,pixel_21849,pixel_21850,pixel_21851,pixel_21852,pixel_21853,pixel_21854,pixel_21855,pixel_21856,pixel_21857,pixel_21858,pixel_21859,pixel_21860,pixel_21861,pixel_21862,pixel_21863,pixel_21864,pixel_21865,pixel_21866,pixel_21867,pixel_21868,pixel_21869,pixel_21870,pixel_21871,pixel_21872,pixel_21873,pixel_21874,pixel_21875,pixel_21876,pixel_21877,pixel_21878,pixel_21879,pixel_21880,pixel_21881,pixel_21882,pixel_21883,pixel_21884,pixel_21885,pixel_21886,pixel_21887,pixel_21888,pixel_21889,pixel_21890,pixel_21891,pixel_21892,pixel_21893,pixel_21894,pixel_21895,pixel_21896,pixel_21897,pixel_21898,pixel_21899,pixel_21900,pixel_21901,pixel_21902,pixel_21903,pixel_21904,pixel_21905,pixel_21906,pixel_21907,pixel_21908,pixel_21909,pixel_21910,pixel_21911,pixel_21912,pixel_21913,pixel_21914,pixel_21915,pixel_21916,pixel_21917,pixel_21918,pixel_21919,pixel_21920,pixel_21921,pixel_21922,pixel_21923,pixel_21924,pixel_21925,pixel_21926,pixel_21927,pixel_21928,pixel_21929,pixel_21930,pixel_21931,pixel_21932,pixel_21933,pixel_21934,pixel_21935,pixel_21936,pixel_21937,pixel_21938,pixel_21939,pixel_21940,pixel_21941,pixel_21942,pixel_21943,pixel_21944,pixel_21945,pixel_21946,pixel_21947,pixel_21948,pixel_21949,pixel_21950,pixel_21951,pixel_21952,pixel_21953,pixel_21954,pixel_21955,pixel_21956,pixel_21957,pixel_21958,pixel_21959,pixel_21960,pixel_21961,pixel_21962,pixel_21963,pixel_21964,pixel_21965,pixel_21966,pixel_21967,pixel_21968,pixel_21969,pixel_21970,pixel_21971,pixel_21972,pixel_21973,pixel_21974,pixel_21975,pixel_21976,pixel_21977,pixel_21978,pixel_21979,pixel_21980,pixel_21981,pixel_21982,pixel_21983,pixel_21984,pixel_21985,pixel_21986,pixel_21987,pixel_21988,pixel_21989,pixel_21990,pixel_21991,pixel_21992,pixel_21993,pixel_21994,pixel_21995,pixel_21996,pixel_21997,pixel_21998,pixel_21999,pixel_22000,pixel_22001,pixel_22002,pixel_22003,pixel_22004,pixel_22005,pixel_22006,pixel_22007,pixel_22008,pixel_22009,pixel_22010,pixel_22011,pixel_22012,pixel_22013,pixel_22014,pixel_22015,pixel_22016,pixel_22017,pixel_22018,pixel_22019,pixel_22020,pixel_22021,pixel_22022,pixel_22023,pixel_22024,pixel_22025,pixel_22026,pixel_22027,pixel_22028,pixel_22029,pixel_22030,pixel_22031,pixel_22032,pixel_22033,pixel_22034,pixel_22035,pixel_22036,pixel_22037,pixel_22038,pixel_22039,pixel_22040,pixel_22041,pixel_22042,pixel_22043,pixel_22044,pixel_22045,pixel_22046,pixel_22047,pixel_22048,pixel_22049,pixel_22050,pixel_22051,pixel_22052,pixel_22053,pixel_22054,pixel_22055,pixel_22056,pixel_22057,pixel_22058,pixel_22059,pixel_22060,pixel_22061,pixel_22062,pixel_22063,pixel_22064,pixel_22065,pixel_22066,pixel_22067,pixel_22068,pixel_22069,pixel_22070,pixel_22071,pixel_22072,pixel_22073,pixel_22074,pixel_22075,pixel_22076,pixel_22077,pixel_22078,pixel_22079,pixel_22080,pixel_22081,pixel_22082,pixel_22083,pixel_22084,pixel_22085,pixel_22086,pixel_22087,pixel_22088,pixel_22089,pixel_22090,pixel_22091,pixel_22092,pixel_22093,pixel_22094,pixel_22095,pixel_22096,pixel_22097,pixel_22098,pixel_22099,pixel_22100,pixel_22101,pixel_22102,pixel_22103,pixel_22104,pixel_22105,pixel_22106,pixel_22107,pixel_22108,pixel_22109,pixel_22110,pixel_22111,pixel_22112,pixel_22113,pixel_22114,pixel_22115,pixel_22116,pixel_22117,pixel_22118,pixel_22119,pixel_22120,pixel_22121,pixel_22122,pixel_22123,pixel_22124,pixel_22125,pixel_22126,pixel_22127,pixel_22128,pixel_22129,pixel_22130,pixel_22131,pixel_22132,pixel_22133,pixel_22134,pixel_22135,pixel_22136,pixel_22137,pixel_22138,pixel_22139,pixel_22140,pixel_22141,pixel_22142,pixel_22143,pixel_22144,pixel_22145,pixel_22146,pixel_22147,pixel_22148,pixel_22149,pixel_22150,pixel_22151,pixel_22152,pixel_22153,pixel_22154,pixel_22155,pixel_22156,pixel_22157,pixel_22158,pixel_22159,pixel_22160,pixel_22161,pixel_22162,pixel_22163,pixel_22164,pixel_22165,pixel_22166,pixel_22167,pixel_22168,pixel_22169,pixel_22170,pixel_22171,pixel_22172,pixel_22173,pixel_22174,pixel_22175,pixel_22176,pixel_22177,pixel_22178,pixel_22179,pixel_22180,pixel_22181,pixel_22182,pixel_22183,pixel_22184,pixel_22185,pixel_22186,pixel_22187,pixel_22188,pixel_22189,pixel_22190,pixel_22191,pixel_22192,pixel_22193,pixel_22194,pixel_22195,pixel_22196,pixel_22197,pixel_22198,pixel_22199,pixel_22200,pixel_22201,pixel_22202,pixel_22203,pixel_22204,pixel_22205,pixel_22206,pixel_22207,pixel_22208,pixel_22209,pixel_22210,pixel_22211,pixel_22212,pixel_22213,pixel_22214,pixel_22215,pixel_22216,pixel_22217,pixel_22218,pixel_22219,pixel_22220,pixel_22221,pixel_22222,pixel_22223,pixel_22224,pixel_22225,pixel_22226,pixel_22227,pixel_22228,pixel_22229,pixel_22230,pixel_22231,pixel_22232,pixel_22233,pixel_22234,pixel_22235,pixel_22236,pixel_22237,pixel_22238,pixel_22239,pixel_22240,pixel_22241,pixel_22242,pixel_22243,pixel_22244,pixel_22245,pixel_22246,pixel_22247,pixel_22248,pixel_22249,pixel_22250,pixel_22251,pixel_22252,pixel_22253,pixel_22254,pixel_22255,pixel_22256,pixel_22257,pixel_22258,pixel_22259,pixel_22260,pixel_22261,pixel_22262,pixel_22263,pixel_22264,pixel_22265,pixel_22266,pixel_22267,pixel_22268,pixel_22269,pixel_22270,pixel_22271,pixel_22272,pixel_22273,pixel_22274,pixel_22275,pixel_22276,pixel_22277,pixel_22278,pixel_22279,pixel_22280,pixel_22281,pixel_22282,pixel_22283,pixel_22284,pixel_22285,pixel_22286,pixel_22287,pixel_22288,pixel_22289,pixel_22290,pixel_22291,pixel_22292,pixel_22293,pixel_22294,pixel_22295,pixel_22296,pixel_22297,pixel_22298,pixel_22299,pixel_22300,pixel_22301,pixel_22302,pixel_22303,pixel_22304,pixel_22305,pixel_22306,pixel_22307,pixel_22308,pixel_22309,pixel_22310,pixel_22311,pixel_22312,pixel_22313,pixel_22314,pixel_22315,pixel_22316,pixel_22317,pixel_22318,pixel_22319,pixel_22320,pixel_22321,pixel_22322,pixel_22323,pixel_22324,pixel_22325,pixel_22326,pixel_22327,pixel_22328,pixel_22329,pixel_22330,pixel_22331,pixel_22332,pixel_22333,pixel_22334,pixel_22335,pixel_22336,pixel_22337,pixel_22338,pixel_22339,pixel_22340,pixel_22341,pixel_22342,pixel_22343,pixel_22344,pixel_22345,pixel_22346,pixel_22347,pixel_22348,pixel_22349,pixel_22350,pixel_22351,pixel_22352,pixel_22353,pixel_22354,pixel_22355,pixel_22356,pixel_22357,pixel_22358,pixel_22359,pixel_22360,pixel_22361,pixel_22362,pixel_22363,pixel_22364,pixel_22365,pixel_22366,pixel_22367,pixel_22368,pixel_22369,pixel_22370,pixel_22371,pixel_22372,pixel_22373,pixel_22374,pixel_22375,pixel_22376,pixel_22377,pixel_22378,pixel_22379,pixel_22380,pixel_22381,pixel_22382,pixel_22383,pixel_22384,pixel_22385,pixel_22386,pixel_22387,pixel_22388,pixel_22389,pixel_22390,pixel_22391,pixel_22392,pixel_22393,pixel_22394,pixel_22395,pixel_22396,pixel_22397,pixel_22398,pixel_22399,pixel_22400,pixel_22401,pixel_22402,pixel_22403,pixel_22404,pixel_22405,pixel_22406,pixel_22407,pixel_22408,pixel_22409,pixel_22410,pixel_22411,pixel_22412,pixel_22413,pixel_22414,pixel_22415,pixel_22416,pixel_22417,pixel_22418,pixel_22419,pixel_22420,pixel_22421,pixel_22422,pixel_22423,pixel_22424,pixel_22425,pixel_22426,pixel_22427,pixel_22428,pixel_22429,pixel_22430,pixel_22431,pixel_22432,pixel_22433,pixel_22434,pixel_22435,pixel_22436,pixel_22437,pixel_22438,pixel_22439,pixel_22440,pixel_22441,pixel_22442,pixel_22443,pixel_22444,pixel_22445,pixel_22446,pixel_22447,pixel_22448,pixel_22449,pixel_22450,pixel_22451,pixel_22452,pixel_22453,pixel_22454,pixel_22455,pixel_22456,pixel_22457,pixel_22458,pixel_22459,pixel_22460,pixel_22461,pixel_22462,pixel_22463,pixel_22464,pixel_22465,pixel_22466,pixel_22467,pixel_22468,pixel_22469,pixel_22470,pixel_22471,pixel_22472,pixel_22473,pixel_22474,pixel_22475,pixel_22476,pixel_22477,pixel_22478,pixel_22479,pixel_22480,pixel_22481,pixel_22482,pixel_22483,pixel_22484,pixel_22485,pixel_22486,pixel_22487,pixel_22488,pixel_22489,pixel_22490,pixel_22491,pixel_22492,pixel_22493,pixel_22494,pixel_22495,pixel_22496,pixel_22497,pixel_22498,pixel_22499,pixel_22500,pixel_22501,pixel_22502,pixel_22503,pixel_22504,pixel_22505,pixel_22506,pixel_22507,pixel_22508,pixel_22509,pixel_22510,pixel_22511,pixel_22512,pixel_22513,pixel_22514,pixel_22515,pixel_22516,pixel_22517,pixel_22518,pixel_22519,pixel_22520,pixel_22521,pixel_22522,pixel_22523,pixel_22524,pixel_22525,pixel_22526,pixel_22527,pixel_22528,pixel_22529,pixel_22530,pixel_22531,pixel_22532,pixel_22533,pixel_22534,pixel_22535,pixel_22536,pixel_22537,pixel_22538,pixel_22539,pixel_22540,pixel_22541,pixel_22542,pixel_22543,pixel_22544,pixel_22545,pixel_22546,pixel_22547,pixel_22548,pixel_22549,pixel_22550,pixel_22551,pixel_22552,pixel_22553,pixel_22554,pixel_22555,pixel_22556,pixel_22557,pixel_22558,pixel_22559,pixel_22560,pixel_22561,pixel_22562,pixel_22563,pixel_22564,pixel_22565,pixel_22566,pixel_22567,pixel_22568,pixel_22569,pixel_22570,pixel_22571,pixel_22572,pixel_22573,pixel_22574,pixel_22575,pixel_22576,pixel_22577,pixel_22578,pixel_22579,pixel_22580,pixel_22581,pixel_22582,pixel_22583,pixel_22584,pixel_22585,pixel_22586,pixel_22587,pixel_22588,pixel_22589,pixel_22590,pixel_22591,pixel_22592,pixel_22593,pixel_22594,pixel_22595,pixel_22596,pixel_22597,pixel_22598,pixel_22599,pixel_22600,pixel_22601,pixel_22602,pixel_22603,pixel_22604,pixel_22605,pixel_22606,pixel_22607,pixel_22608,pixel_22609,pixel_22610,pixel_22611,pixel_22612,pixel_22613,pixel_22614,pixel_22615,pixel_22616,pixel_22617,pixel_22618,pixel_22619,pixel_22620,pixel_22621,pixel_22622,pixel_22623,pixel_22624,pixel_22625,pixel_22626,pixel_22627,pixel_22628,pixel_22629,pixel_22630,pixel_22631,pixel_22632,pixel_22633,pixel_22634,pixel_22635,pixel_22636,pixel_22637,pixel_22638,pixel_22639,pixel_22640,pixel_22641,pixel_22642,pixel_22643,pixel_22644,pixel_22645,pixel_22646,pixel_22647,pixel_22648,pixel_22649,pixel_22650,pixel_22651,pixel_22652,pixel_22653,pixel_22654,pixel_22655,pixel_22656,pixel_22657,pixel_22658,pixel_22659,pixel_22660,pixel_22661,pixel_22662,pixel_22663,pixel_22664,pixel_22665,pixel_22666,pixel_22667,pixel_22668,pixel_22669,pixel_22670,pixel_22671,pixel_22672,pixel_22673,pixel_22674,pixel_22675,pixel_22676,pixel_22677,pixel_22678,pixel_22679,pixel_22680,pixel_22681,pixel_22682,pixel_22683,pixel_22684,pixel_22685,pixel_22686,pixel_22687,pixel_22688,pixel_22689,pixel_22690,pixel_22691,pixel_22692,pixel_22693,pixel_22694,pixel_22695,pixel_22696,pixel_22697,pixel_22698,pixel_22699,pixel_22700,pixel_22701,pixel_22702,pixel_22703,pixel_22704,pixel_22705,pixel_22706,pixel_22707,pixel_22708,pixel_22709,pixel_22710,pixel_22711,pixel_22712,pixel_22713,pixel_22714,pixel_22715,pixel_22716,pixel_22717,pixel_22718,pixel_22719,pixel_22720,pixel_22721,pixel_22722,pixel_22723,pixel_22724,pixel_22725,pixel_22726,pixel_22727,pixel_22728,pixel_22729,pixel_22730,pixel_22731,pixel_22732,pixel_22733,pixel_22734,pixel_22735,pixel_22736,pixel_22737,pixel_22738,pixel_22739,pixel_22740,pixel_22741,pixel_22742,pixel_22743,pixel_22744,pixel_22745,pixel_22746,pixel_22747,pixel_22748,pixel_22749,pixel_22750,pixel_22751,pixel_22752,pixel_22753,pixel_22754,pixel_22755,pixel_22756,pixel_22757,pixel_22758,pixel_22759,pixel_22760,pixel_22761,pixel_22762,pixel_22763,pixel_22764,pixel_22765,pixel_22766,pixel_22767,pixel_22768,pixel_22769,pixel_22770,pixel_22771,pixel_22772,pixel_22773,pixel_22774,pixel_22775,pixel_22776,pixel_22777,pixel_22778,pixel_22779,pixel_22780,pixel_22781,pixel_22782,pixel_22783,pixel_22784,pixel_22785,pixel_22786,pixel_22787,pixel_22788,pixel_22789,pixel_22790,pixel_22791,pixel_22792,pixel_22793,pixel_22794,pixel_22795,pixel_22796,pixel_22797,pixel_22798,pixel_22799,pixel_22800,pixel_22801,pixel_22802,pixel_22803,pixel_22804,pixel_22805,pixel_22806,pixel_22807,pixel_22808,pixel_22809,pixel_22810,pixel_22811,pixel_22812,pixel_22813,pixel_22814,pixel_22815,pixel_22816,pixel_22817,pixel_22818,pixel_22819,pixel_22820,pixel_22821,pixel_22822,pixel_22823,pixel_22824,pixel_22825,pixel_22826,pixel_22827,pixel_22828,pixel_22829,pixel_22830,pixel_22831,pixel_22832,pixel_22833,pixel_22834,pixel_22835,pixel_22836,pixel_22837,pixel_22838,pixel_22839,pixel_22840,pixel_22841,pixel_22842,pixel_22843,pixel_22844,pixel_22845,pixel_22846,pixel_22847,pixel_22848,pixel_22849,pixel_22850,pixel_22851,pixel_22852,pixel_22853,pixel_22854,pixel_22855,pixel_22856,pixel_22857,pixel_22858,pixel_22859,pixel_22860,pixel_22861,pixel_22862,pixel_22863,pixel_22864,pixel_22865,pixel_22866,pixel_22867,pixel_22868,pixel_22869,pixel_22870,pixel_22871,pixel_22872,pixel_22873,pixel_22874,pixel_22875,pixel_22876,pixel_22877,pixel_22878,pixel_22879,pixel_22880,pixel_22881,pixel_22882,pixel_22883,pixel_22884,pixel_22885,pixel_22886,pixel_22887,pixel_22888,pixel_22889,pixel_22890,pixel_22891,pixel_22892,pixel_22893,pixel_22894,pixel_22895,pixel_22896,pixel_22897,pixel_22898,pixel_22899,pixel_22900,pixel_22901,pixel_22902,pixel_22903,pixel_22904,pixel_22905,pixel_22906,pixel_22907,pixel_22908,pixel_22909,pixel_22910,pixel_22911,pixel_22912,pixel_22913,pixel_22914,pixel_22915,pixel_22916,pixel_22917,pixel_22918,pixel_22919,pixel_22920,pixel_22921,pixel_22922,pixel_22923,pixel_22924,pixel_22925,pixel_22926,pixel_22927,pixel_22928,pixel_22929,pixel_22930,pixel_22931,pixel_22932,pixel_22933,pixel_22934,pixel_22935,pixel_22936,pixel_22937,pixel_22938,pixel_22939,pixel_22940,pixel_22941,pixel_22942,pixel_22943,pixel_22944,pixel_22945,pixel_22946,pixel_22947,pixel_22948,pixel_22949,pixel_22950,pixel_22951,pixel_22952,pixel_22953,pixel_22954,pixel_22955,pixel_22956,pixel_22957,pixel_22958,pixel_22959,pixel_22960,pixel_22961,pixel_22962,pixel_22963,pixel_22964,pixel_22965,pixel_22966,pixel_22967,pixel_22968,pixel_22969,pixel_22970,pixel_22971,pixel_22972,pixel_22973,pixel_22974,pixel_22975,pixel_22976,pixel_22977,pixel_22978,pixel_22979,pixel_22980,pixel_22981,pixel_22982,pixel_22983,pixel_22984,pixel_22985,pixel_22986,pixel_22987,pixel_22988,pixel_22989,pixel_22990,pixel_22991,pixel_22992,pixel_22993,pixel_22994,pixel_22995,pixel_22996,pixel_22997,pixel_22998,pixel_22999,pixel_23000,pixel_23001,pixel_23002,pixel_23003,pixel_23004,pixel_23005,pixel_23006,pixel_23007,pixel_23008,pixel_23009,pixel_23010,pixel_23011,pixel_23012,pixel_23013,pixel_23014,pixel_23015,pixel_23016,pixel_23017,pixel_23018,pixel_23019,pixel_23020,pixel_23021,pixel_23022,pixel_23023,pixel_23024,pixel_23025,pixel_23026,pixel_23027,pixel_23028,pixel_23029,pixel_23030,pixel_23031,pixel_23032,pixel_23033,pixel_23034,pixel_23035,pixel_23036,pixel_23037,pixel_23038,pixel_23039,pixel_23040,pixel_23041,pixel_23042,pixel_23043,pixel_23044,pixel_23045,pixel_23046,pixel_23047,pixel_23048,pixel_23049,pixel_23050,pixel_23051,pixel_23052,pixel_23053,pixel_23054,pixel_23055,pixel_23056,pixel_23057,pixel_23058,pixel_23059,pixel_23060,pixel_23061,pixel_23062,pixel_23063,pixel_23064,pixel_23065,pixel_23066,pixel_23067,pixel_23068,pixel_23069,pixel_23070,pixel_23071,pixel_23072,pixel_23073,pixel_23074,pixel_23075,pixel_23076,pixel_23077,pixel_23078,pixel_23079,pixel_23080,pixel_23081,pixel_23082,pixel_23083,pixel_23084,pixel_23085,pixel_23086,pixel_23087,pixel_23088,pixel_23089,pixel_23090,pixel_23091,pixel_23092,pixel_23093,pixel_23094,pixel_23095,pixel_23096,pixel_23097,pixel_23098,pixel_23099,pixel_23100,pixel_23101,pixel_23102,pixel_23103,pixel_23104,pixel_23105,pixel_23106,pixel_23107,pixel_23108,pixel_23109,pixel_23110,pixel_23111,pixel_23112,pixel_23113,pixel_23114,pixel_23115,pixel_23116,pixel_23117,pixel_23118,pixel_23119,pixel_23120,pixel_23121,pixel_23122,pixel_23123,pixel_23124,pixel_23125,pixel_23126,pixel_23127,pixel_23128,pixel_23129,pixel_23130,pixel_23131,pixel_23132,pixel_23133,pixel_23134,pixel_23135,pixel_23136,pixel_23137,pixel_23138,pixel_23139,pixel_23140,pixel_23141,pixel_23142,pixel_23143,pixel_23144,pixel_23145,pixel_23146,pixel_23147,pixel_23148,pixel_23149,pixel_23150,pixel_23151,pixel_23152,pixel_23153,pixel_23154,pixel_23155,pixel_23156,pixel_23157,pixel_23158,pixel_23159,pixel_23160,pixel_23161,pixel_23162,pixel_23163,pixel_23164,pixel_23165,pixel_23166,pixel_23167,pixel_23168,pixel_23169,pixel_23170,pixel_23171,pixel_23172,pixel_23173,pixel_23174,pixel_23175,pixel_23176,pixel_23177,pixel_23178,pixel_23179,pixel_23180,pixel_23181,pixel_23182,pixel_23183,pixel_23184,pixel_23185,pixel_23186,pixel_23187,pixel_23188,pixel_23189,pixel_23190,pixel_23191,pixel_23192,pixel_23193,pixel_23194,pixel_23195,pixel_23196,pixel_23197,pixel_23198,pixel_23199,pixel_23200,pixel_23201,pixel_23202,pixel_23203,pixel_23204,pixel_23205,pixel_23206,pixel_23207,pixel_23208,pixel_23209,pixel_23210,pixel_23211,pixel_23212,pixel_23213,pixel_23214,pixel_23215,pixel_23216,pixel_23217,pixel_23218,pixel_23219,pixel_23220,pixel_23221,pixel_23222,pixel_23223,pixel_23224,pixel_23225,pixel_23226,pixel_23227,pixel_23228,pixel_23229,pixel_23230,pixel_23231,pixel_23232,pixel_23233,pixel_23234,pixel_23235,pixel_23236,pixel_23237,pixel_23238,pixel_23239,pixel_23240,pixel_23241,pixel_23242,pixel_23243,pixel_23244,pixel_23245,pixel_23246,pixel_23247,pixel_23248,pixel_23249,pixel_23250,pixel_23251,pixel_23252,pixel_23253,pixel_23254,pixel_23255,pixel_23256,pixel_23257,pixel_23258,pixel_23259,pixel_23260,pixel_23261,pixel_23262,pixel_23263,pixel_23264,pixel_23265,pixel_23266,pixel_23267,pixel_23268,pixel_23269,pixel_23270,pixel_23271,pixel_23272,pixel_23273,pixel_23274,pixel_23275,pixel_23276,pixel_23277,pixel_23278,pixel_23279,pixel_23280,pixel_23281,pixel_23282,pixel_23283,pixel_23284,pixel_23285,pixel_23286,pixel_23287,pixel_23288,pixel_23289,pixel_23290,pixel_23291,pixel_23292,pixel_23293,pixel_23294,pixel_23295,pixel_23296,pixel_23297,pixel_23298,pixel_23299,pixel_23300,pixel_23301,pixel_23302,pixel_23303,pixel_23304,pixel_23305,pixel_23306,pixel_23307,pixel_23308,pixel_23309,pixel_23310,pixel_23311,pixel_23312,pixel_23313,pixel_23314,pixel_23315,pixel_23316,pixel_23317,pixel_23318,pixel_23319,pixel_23320,pixel_23321,pixel_23322,pixel_23323,pixel_23324,pixel_23325,pixel_23326,pixel_23327,pixel_23328,pixel_23329,pixel_23330,pixel_23331,pixel_23332,pixel_23333,pixel_23334,pixel_23335,pixel_23336,pixel_23337,pixel_23338,pixel_23339,pixel_23340,pixel_23341,pixel_23342,pixel_23343,pixel_23344,pixel_23345,pixel_23346,pixel_23347,pixel_23348,pixel_23349,pixel_23350,pixel_23351,pixel_23352,pixel_23353,pixel_23354,pixel_23355,pixel_23356,pixel_23357,pixel_23358,pixel_23359,pixel_23360,pixel_23361,pixel_23362,pixel_23363,pixel_23364,pixel_23365,pixel_23366,pixel_23367,pixel_23368,pixel_23369,pixel_23370,pixel_23371,pixel_23372,pixel_23373,pixel_23374,pixel_23375,pixel_23376,pixel_23377,pixel_23378,pixel_23379,pixel_23380,pixel_23381,pixel_23382,pixel_23383,pixel_23384,pixel_23385,pixel_23386,pixel_23387,pixel_23388,pixel_23389,pixel_23390,pixel_23391,pixel_23392,pixel_23393,pixel_23394,pixel_23395,pixel_23396,pixel_23397,pixel_23398,pixel_23399,pixel_23400,pixel_23401,pixel_23402,pixel_23403,pixel_23404,pixel_23405,pixel_23406,pixel_23407,pixel_23408,pixel_23409,pixel_23410,pixel_23411,pixel_23412,pixel_23413,pixel_23414,pixel_23415,pixel_23416,pixel_23417,pixel_23418,pixel_23419,pixel_23420,pixel_23421,pixel_23422,pixel_23423,pixel_23424,pixel_23425,pixel_23426,pixel_23427,pixel_23428,pixel_23429,pixel_23430,pixel_23431,pixel_23432,pixel_23433,pixel_23434,pixel_23435,pixel_23436,pixel_23437,pixel_23438,pixel_23439,pixel_23440,pixel_23441,pixel_23442,pixel_23443,pixel_23444,pixel_23445,pixel_23446,pixel_23447,pixel_23448,pixel_23449,pixel_23450,pixel_23451,pixel_23452,pixel_23453,pixel_23454,pixel_23455,pixel_23456,pixel_23457,pixel_23458,pixel_23459,pixel_23460,pixel_23461,pixel_23462,pixel_23463,pixel_23464,pixel_23465,pixel_23466,pixel_23467,pixel_23468,pixel_23469,pixel_23470,pixel_23471,pixel_23472,pixel_23473,pixel_23474,pixel_23475,pixel_23476,pixel_23477,pixel_23478,pixel_23479,pixel_23480,pixel_23481,pixel_23482,pixel_23483,pixel_23484,pixel_23485,pixel_23486,pixel_23487,pixel_23488,pixel_23489,pixel_23490,pixel_23491,pixel_23492,pixel_23493,pixel_23494,pixel_23495,pixel_23496,pixel_23497,pixel_23498,pixel_23499,pixel_23500,pixel_23501,pixel_23502,pixel_23503,pixel_23504,pixel_23505,pixel_23506,pixel_23507,pixel_23508,pixel_23509,pixel_23510,pixel_23511,pixel_23512,pixel_23513,pixel_23514,pixel_23515,pixel_23516,pixel_23517,pixel_23518,pixel_23519,pixel_23520,pixel_23521,pixel_23522,pixel_23523,pixel_23524,pixel_23525,pixel_23526,pixel_23527,pixel_23528,pixel_23529,pixel_23530,pixel_23531,pixel_23532,pixel_23533,pixel_23534,pixel_23535,pixel_23536,pixel_23537,pixel_23538,pixel_23539,pixel_23540,pixel_23541,pixel_23542,pixel_23543,pixel_23544,pixel_23545,pixel_23546,pixel_23547,pixel_23548,pixel_23549,pixel_23550,pixel_23551,pixel_23552,pixel_23553,pixel_23554,pixel_23555,pixel_23556,pixel_23557,pixel_23558,pixel_23559,pixel_23560,pixel_23561,pixel_23562,pixel_23563,pixel_23564,pixel_23565,pixel_23566,pixel_23567,pixel_23568,pixel_23569,pixel_23570,pixel_23571,pixel_23572,pixel_23573,pixel_23574,pixel_23575,pixel_23576,pixel_23577,pixel_23578,pixel_23579,pixel_23580,pixel_23581,pixel_23582,pixel_23583,pixel_23584,pixel_23585,pixel_23586,pixel_23587,pixel_23588,pixel_23589,pixel_23590,pixel_23591,pixel_23592,pixel_23593,pixel_23594,pixel_23595,pixel_23596,pixel_23597,pixel_23598,pixel_23599,pixel_23600,pixel_23601,pixel_23602,pixel_23603,pixel_23604,pixel_23605,pixel_23606,pixel_23607,pixel_23608,pixel_23609,pixel_23610,pixel_23611,pixel_23612,pixel_23613,pixel_23614,pixel_23615,pixel_23616,pixel_23617,pixel_23618,pixel_23619,pixel_23620,pixel_23621,pixel_23622,pixel_23623,pixel_23624,pixel_23625,pixel_23626,pixel_23627,pixel_23628,pixel_23629,pixel_23630,pixel_23631,pixel_23632,pixel_23633,pixel_23634,pixel_23635,pixel_23636,pixel_23637,pixel_23638,pixel_23639,pixel_23640,pixel_23641,pixel_23642,pixel_23643,pixel_23644,pixel_23645,pixel_23646,pixel_23647,pixel_23648,pixel_23649,pixel_23650,pixel_23651,pixel_23652,pixel_23653,pixel_23654,pixel_23655,pixel_23656,pixel_23657,pixel_23658,pixel_23659,pixel_23660,pixel_23661,pixel_23662,pixel_23663,pixel_23664,pixel_23665,pixel_23666,pixel_23667,pixel_23668,pixel_23669,pixel_23670,pixel_23671,pixel_23672,pixel_23673,pixel_23674,pixel_23675,pixel_23676,pixel_23677,pixel_23678,pixel_23679,pixel_23680,pixel_23681,pixel_23682,pixel_23683,pixel_23684,pixel_23685,pixel_23686,pixel_23687,pixel_23688,pixel_23689,pixel_23690,pixel_23691,pixel_23692,pixel_23693,pixel_23694,pixel_23695,pixel_23696,pixel_23697,pixel_23698,pixel_23699,pixel_23700,pixel_23701,pixel_23702,pixel_23703,pixel_23704,pixel_23705,pixel_23706,pixel_23707,pixel_23708,pixel_23709,pixel_23710,pixel_23711,pixel_23712,pixel_23713,pixel_23714,pixel_23715,pixel_23716,pixel_23717,pixel_23718,pixel_23719,pixel_23720,pixel_23721,pixel_23722,pixel_23723,pixel_23724,pixel_23725,pixel_23726,pixel_23727,pixel_23728,pixel_23729,pixel_23730,pixel_23731,pixel_23732,pixel_23733,pixel_23734,pixel_23735,pixel_23736,pixel_23737,pixel_23738,pixel_23739,pixel_23740,pixel_23741,pixel_23742,pixel_23743,pixel_23744,pixel_23745,pixel_23746,pixel_23747,pixel_23748,pixel_23749,pixel_23750,pixel_23751,pixel_23752,pixel_23753,pixel_23754,pixel_23755,pixel_23756,pixel_23757,pixel_23758,pixel_23759,pixel_23760,pixel_23761,pixel_23762,pixel_23763,pixel_23764,pixel_23765,pixel_23766,pixel_23767,pixel_23768,pixel_23769,pixel_23770,pixel_23771,pixel_23772,pixel_23773,pixel_23774,pixel_23775,pixel_23776,pixel_23777,pixel_23778,pixel_23779,pixel_23780,pixel_23781,pixel_23782,pixel_23783,pixel_23784,pixel_23785,pixel_23786,pixel_23787,pixel_23788,pixel_23789,pixel_23790,pixel_23791,pixel_23792,pixel_23793,pixel_23794,pixel_23795,pixel_23796,pixel_23797,pixel_23798,pixel_23799,pixel_23800,pixel_23801,pixel_23802,pixel_23803,pixel_23804,pixel_23805,pixel_23806,pixel_23807,pixel_23808,pixel_23809,pixel_23810,pixel_23811,pixel_23812,pixel_23813,pixel_23814,pixel_23815,pixel_23816,pixel_23817,pixel_23818,pixel_23819,pixel_23820,pixel_23821,pixel_23822,pixel_23823,pixel_23824,pixel_23825,pixel_23826,pixel_23827,pixel_23828,pixel_23829,pixel_23830,pixel_23831,pixel_23832,pixel_23833,pixel_23834,pixel_23835,pixel_23836,pixel_23837,pixel_23838,pixel_23839,pixel_23840,pixel_23841,pixel_23842,pixel_23843,pixel_23844,pixel_23845,pixel_23846,pixel_23847,pixel_23848,pixel_23849,pixel_23850,pixel_23851,pixel_23852,pixel_23853,pixel_23854,pixel_23855,pixel_23856,pixel_23857,pixel_23858,pixel_23859,pixel_23860,pixel_23861,pixel_23862,pixel_23863,pixel_23864,pixel_23865,pixel_23866,pixel_23867,pixel_23868,pixel_23869,pixel_23870,pixel_23871,pixel_23872,pixel_23873,pixel_23874,pixel_23875,pixel_23876,pixel_23877,pixel_23878,pixel_23879,pixel_23880,pixel_23881,pixel_23882,pixel_23883,pixel_23884,pixel_23885,pixel_23886,pixel_23887,pixel_23888,pixel_23889,pixel_23890,pixel_23891,pixel_23892,pixel_23893,pixel_23894,pixel_23895,pixel_23896,pixel_23897,pixel_23898,pixel_23899,pixel_23900,pixel_23901,pixel_23902,pixel_23903,pixel_23904,pixel_23905,pixel_23906,pixel_23907,pixel_23908,pixel_23909,pixel_23910,pixel_23911,pixel_23912,pixel_23913,pixel_23914,pixel_23915,pixel_23916,pixel_23917,pixel_23918,pixel_23919,pixel_23920,pixel_23921,pixel_23922,pixel_23923,pixel_23924,pixel_23925,pixel_23926,pixel_23927,pixel_23928,pixel_23929,pixel_23930,pixel_23931,pixel_23932,pixel_23933,pixel_23934,pixel_23935,pixel_23936,pixel_23937,pixel_23938,pixel_23939,pixel_23940,pixel_23941,pixel_23942,pixel_23943,pixel_23944,pixel_23945,pixel_23946,pixel_23947,pixel_23948,pixel_23949,pixel_23950,pixel_23951,pixel_23952,pixel_23953,pixel_23954,pixel_23955,pixel_23956,pixel_23957,pixel_23958,pixel_23959,pixel_23960,pixel_23961,pixel_23962,pixel_23963,pixel_23964,pixel_23965,pixel_23966,pixel_23967,pixel_23968,pixel_23969,pixel_23970,pixel_23971,pixel_23972,pixel_23973,pixel_23974,pixel_23975,pixel_23976,pixel_23977,pixel_23978,pixel_23979,pixel_23980,pixel_23981,pixel_23982,pixel_23983,pixel_23984,pixel_23985,pixel_23986,pixel_23987,pixel_23988,pixel_23989,pixel_23990,pixel_23991,pixel_23992,pixel_23993,pixel_23994,pixel_23995,pixel_23996,pixel_23997,pixel_23998,pixel_23999,pixel_24000,pixel_24001,pixel_24002,pixel_24003,pixel_24004,pixel_24005,pixel_24006,pixel_24007,pixel_24008,pixel_24009,pixel_24010,pixel_24011,pixel_24012,pixel_24013,pixel_24014,pixel_24015,pixel_24016,pixel_24017,pixel_24018,pixel_24019,pixel_24020,pixel_24021,pixel_24022,pixel_24023,pixel_24024,pixel_24025,pixel_24026,pixel_24027,pixel_24028,pixel_24029,pixel_24030,pixel_24031,pixel_24032,pixel_24033,pixel_24034,pixel_24035,pixel_24036,pixel_24037,pixel_24038,pixel_24039,pixel_24040,pixel_24041,pixel_24042,pixel_24043,pixel_24044,pixel_24045,pixel_24046,pixel_24047,pixel_24048,pixel_24049,pixel_24050,pixel_24051,pixel_24052,pixel_24053,pixel_24054,pixel_24055,pixel_24056,pixel_24057,pixel_24058,pixel_24059,pixel_24060,pixel_24061,pixel_24062,pixel_24063,pixel_24064,pixel_24065,pixel_24066,pixel_24067,pixel_24068,pixel_24069,pixel_24070,pixel_24071,pixel_24072,pixel_24073,pixel_24074,pixel_24075,pixel_24076,pixel_24077,pixel_24078,pixel_24079,pixel_24080,pixel_24081,pixel_24082,pixel_24083,pixel_24084,pixel_24085,pixel_24086,pixel_24087,pixel_24088,pixel_24089,pixel_24090,pixel_24091,pixel_24092,pixel_24093,pixel_24094,pixel_24095,pixel_24096,pixel_24097,pixel_24098,pixel_24099,pixel_24100,pixel_24101,pixel_24102,pixel_24103,pixel_24104,pixel_24105,pixel_24106,pixel_24107,pixel_24108,pixel_24109,pixel_24110,pixel_24111,pixel_24112,pixel_24113,pixel_24114,pixel_24115,pixel_24116,pixel_24117,pixel_24118,pixel_24119,pixel_24120,pixel_24121,pixel_24122,pixel_24123,pixel_24124,pixel_24125,pixel_24126,pixel_24127,pixel_24128,pixel_24129,pixel_24130,pixel_24131,pixel_24132,pixel_24133,pixel_24134,pixel_24135,pixel_24136,pixel_24137,pixel_24138,pixel_24139,pixel_24140,pixel_24141,pixel_24142,pixel_24143,pixel_24144,pixel_24145,pixel_24146,pixel_24147,pixel_24148,pixel_24149,pixel_24150,pixel_24151,pixel_24152,pixel_24153,pixel_24154,pixel_24155,pixel_24156,pixel_24157,pixel_24158,pixel_24159,pixel_24160,pixel_24161,pixel_24162,pixel_24163,pixel_24164,pixel_24165,pixel_24166,pixel_24167,pixel_24168,pixel_24169,pixel_24170,pixel_24171,pixel_24172,pixel_24173,pixel_24174,pixel_24175,pixel_24176,pixel_24177,pixel_24178,pixel_24179,pixel_24180,pixel_24181,pixel_24182,pixel_24183,pixel_24184,pixel_24185,pixel_24186,pixel_24187,pixel_24188,pixel_24189,pixel_24190,pixel_24191,pixel_24192,pixel_24193,pixel_24194,pixel_24195,pixel_24196,pixel_24197,pixel_24198,pixel_24199,pixel_24200,pixel_24201,pixel_24202,pixel_24203,pixel_24204,pixel_24205,pixel_24206,pixel_24207,pixel_24208,pixel_24209,pixel_24210,pixel_24211,pixel_24212,pixel_24213,pixel_24214,pixel_24215,pixel_24216,pixel_24217,pixel_24218,pixel_24219,pixel_24220,pixel_24221,pixel_24222,pixel_24223,pixel_24224,pixel_24225,pixel_24226,pixel_24227,pixel_24228,pixel_24229,pixel_24230,pixel_24231,pixel_24232,pixel_24233,pixel_24234,pixel_24235,pixel_24236,pixel_24237,pixel_24238,pixel_24239,pixel_24240,pixel_24241,pixel_24242,pixel_24243,pixel_24244,pixel_24245,pixel_24246,pixel_24247,pixel_24248,pixel_24249,pixel_24250,pixel_24251,pixel_24252,pixel_24253,pixel_24254,pixel_24255,pixel_24256,pixel_24257,pixel_24258,pixel_24259,pixel_24260,pixel_24261,pixel_24262,pixel_24263,pixel_24264,pixel_24265,pixel_24266,pixel_24267,pixel_24268,pixel_24269,pixel_24270,pixel_24271,pixel_24272,pixel_24273,pixel_24274,pixel_24275,pixel_24276,pixel_24277,pixel_24278,pixel_24279,pixel_24280,pixel_24281,pixel_24282,pixel_24283,pixel_24284,pixel_24285,pixel_24286,pixel_24287,pixel_24288,pixel_24289,pixel_24290,pixel_24291,pixel_24292,pixel_24293,pixel_24294,pixel_24295,pixel_24296,pixel_24297,pixel_24298,pixel_24299,pixel_24300,pixel_24301,pixel_24302,pixel_24303,pixel_24304,pixel_24305,pixel_24306,pixel_24307,pixel_24308,pixel_24309,pixel_24310,pixel_24311,pixel_24312,pixel_24313,pixel_24314,pixel_24315,pixel_24316,pixel_24317,pixel_24318,pixel_24319,pixel_24320,pixel_24321,pixel_24322,pixel_24323,pixel_24324,pixel_24325,pixel_24326,pixel_24327,pixel_24328,pixel_24329,pixel_24330,pixel_24331,pixel_24332,pixel_24333,pixel_24334,pixel_24335,pixel_24336,pixel_24337,pixel_24338,pixel_24339,pixel_24340,pixel_24341,pixel_24342,pixel_24343,pixel_24344,pixel_24345,pixel_24346,pixel_24347,pixel_24348,pixel_24349,pixel_24350,pixel_24351,pixel_24352,pixel_24353,pixel_24354,pixel_24355,pixel_24356,pixel_24357,pixel_24358,pixel_24359,pixel_24360,pixel_24361,pixel_24362,pixel_24363,pixel_24364,pixel_24365,pixel_24366,pixel_24367,pixel_24368,pixel_24369,pixel_24370,pixel_24371,pixel_24372,pixel_24373,pixel_24374,pixel_24375,pixel_24376,pixel_24377,pixel_24378,pixel_24379,pixel_24380,pixel_24381,pixel_24382,pixel_24383,pixel_24384,pixel_24385,pixel_24386,pixel_24387,pixel_24388,pixel_24389,pixel_24390,pixel_24391,pixel_24392,pixel_24393,pixel_24394,pixel_24395,pixel_24396,pixel_24397,pixel_24398,pixel_24399,pixel_24400,pixel_24401,pixel_24402,pixel_24403,pixel_24404,pixel_24405,pixel_24406,pixel_24407,pixel_24408,pixel_24409,pixel_24410,pixel_24411,pixel_24412,pixel_24413,pixel_24414,pixel_24415,pixel_24416,pixel_24417,pixel_24418,pixel_24419,pixel_24420,pixel_24421,pixel_24422,pixel_24423,pixel_24424,pixel_24425,pixel_24426,pixel_24427,pixel_24428,pixel_24429,pixel_24430,pixel_24431,pixel_24432,pixel_24433,pixel_24434,pixel_24435,pixel_24436,pixel_24437,pixel_24438,pixel_24439,pixel_24440,pixel_24441,pixel_24442,pixel_24443,pixel_24444,pixel_24445,pixel_24446,pixel_24447,pixel_24448,pixel_24449,pixel_24450,pixel_24451,pixel_24452,pixel_24453,pixel_24454,pixel_24455,pixel_24456,pixel_24457,pixel_24458,pixel_24459,pixel_24460,pixel_24461,pixel_24462,pixel_24463,pixel_24464,pixel_24465,pixel_24466,pixel_24467,pixel_24468,pixel_24469,pixel_24470,pixel_24471,pixel_24472,pixel_24473,pixel_24474,pixel_24475,pixel_24476,pixel_24477,pixel_24478,pixel_24479,pixel_24480,pixel_24481,pixel_24482,pixel_24483,pixel_24484,pixel_24485,pixel_24486,pixel_24487,pixel_24488,pixel_24489,pixel_24490,pixel_24491,pixel_24492,pixel_24493,pixel_24494,pixel_24495,pixel_24496,pixel_24497,pixel_24498,pixel_24499,pixel_24500,pixel_24501,pixel_24502,pixel_24503,pixel_24504,pixel_24505,pixel_24506,pixel_24507,pixel_24508,pixel_24509,pixel_24510,pixel_24511,pixel_24512,pixel_24513,pixel_24514,pixel_24515,pixel_24516,pixel_24517,pixel_24518,pixel_24519,pixel_24520,pixel_24521,pixel_24522,pixel_24523,pixel_24524,pixel_24525,pixel_24526,pixel_24527,pixel_24528,pixel_24529,pixel_24530,pixel_24531,pixel_24532,pixel_24533,pixel_24534,pixel_24535,pixel_24536,pixel_24537,pixel_24538,pixel_24539,pixel_24540,pixel_24541,pixel_24542,pixel_24543,pixel_24544,pixel_24545,pixel_24546,pixel_24547,pixel_24548,pixel_24549,pixel_24550,pixel_24551,pixel_24552,pixel_24553,pixel_24554,pixel_24555,pixel_24556,pixel_24557,pixel_24558,pixel_24559,pixel_24560,pixel_24561,pixel_24562,pixel_24563,pixel_24564,pixel_24565,pixel_24566,pixel_24567,pixel_24568,pixel_24569,pixel_24570,pixel_24571,pixel_24572,pixel_24573,pixel_24574,pixel_24575,pixel_24576,pixel_24577,pixel_24578,pixel_24579,pixel_24580,pixel_24581,pixel_24582,pixel_24583,pixel_24584,pixel_24585,pixel_24586,pixel_24587,pixel_24588,pixel_24589,pixel_24590,pixel_24591,pixel_24592,pixel_24593,pixel_24594,pixel_24595,pixel_24596,pixel_24597,pixel_24598,pixel_24599,pixel_24600,pixel_24601,pixel_24602,pixel_24603,pixel_24604,pixel_24605,pixel_24606,pixel_24607,pixel_24608,pixel_24609,pixel_24610,pixel_24611,pixel_24612,pixel_24613,pixel_24614,pixel_24615,pixel_24616,pixel_24617,pixel_24618,pixel_24619,pixel_24620,pixel_24621,pixel_24622,pixel_24623,pixel_24624,pixel_24625,pixel_24626,pixel_24627,pixel_24628,pixel_24629,pixel_24630,pixel_24631,pixel_24632,pixel_24633,pixel_24634,pixel_24635,pixel_24636,pixel_24637,pixel_24638,pixel_24639,pixel_24640,pixel_24641,pixel_24642,pixel_24643,pixel_24644,pixel_24645,pixel_24646,pixel_24647,pixel_24648,pixel_24649,pixel_24650,pixel_24651,pixel_24652,pixel_24653,pixel_24654,pixel_24655,pixel_24656,pixel_24657,pixel_24658,pixel_24659,pixel_24660,pixel_24661,pixel_24662,pixel_24663,pixel_24664,pixel_24665,pixel_24666,pixel_24667,pixel_24668,pixel_24669,pixel_24670,pixel_24671,pixel_24672,pixel_24673,pixel_24674,pixel_24675,pixel_24676,pixel_24677,pixel_24678,pixel_24679,pixel_24680,pixel_24681,pixel_24682,pixel_24683,pixel_24684,pixel_24685,pixel_24686,pixel_24687,pixel_24688,pixel_24689,pixel_24690,pixel_24691,pixel_24692,pixel_24693,pixel_24694,pixel_24695,pixel_24696,pixel_24697,pixel_24698,pixel_24699,pixel_24700,pixel_24701,pixel_24702,pixel_24703,pixel_24704,pixel_24705,pixel_24706,pixel_24707,pixel_24708,pixel_24709,pixel_24710,pixel_24711,pixel_24712,pixel_24713,pixel_24714,pixel_24715,pixel_24716,pixel_24717,pixel_24718,pixel_24719,pixel_24720,pixel_24721,pixel_24722,pixel_24723,pixel_24724,pixel_24725,pixel_24726,pixel_24727,pixel_24728,pixel_24729,pixel_24730,pixel_24731,pixel_24732,pixel_24733,pixel_24734,pixel_24735,pixel_24736,pixel_24737,pixel_24738,pixel_24739,pixel_24740,pixel_24741,pixel_24742,pixel_24743,pixel_24744,pixel_24745,pixel_24746,pixel_24747,pixel_24748,pixel_24749,pixel_24750,pixel_24751,pixel_24752,pixel_24753,pixel_24754,pixel_24755,pixel_24756,pixel_24757,pixel_24758,pixel_24759,pixel_24760,pixel_24761,pixel_24762,pixel_24763,pixel_24764,pixel_24765,pixel_24766,pixel_24767,pixel_24768,pixel_24769,pixel_24770,pixel_24771,pixel_24772,pixel_24773,pixel_24774,pixel_24775,pixel_24776,pixel_24777,pixel_24778,pixel_24779,pixel_24780,pixel_24781,pixel_24782,pixel_24783,pixel_24784,pixel_24785,pixel_24786,pixel_24787,pixel_24788,pixel_24789,pixel_24790,pixel_24791,pixel_24792,pixel_24793,pixel_24794,pixel_24795,pixel_24796,pixel_24797,pixel_24798,pixel_24799,pixel_24800,pixel_24801,pixel_24802,pixel_24803,pixel_24804,pixel_24805,pixel_24806,pixel_24807,pixel_24808,pixel_24809,pixel_24810,pixel_24811,pixel_24812,pixel_24813,pixel_24814,pixel_24815,pixel_24816,pixel_24817,pixel_24818,pixel_24819,pixel_24820,pixel_24821,pixel_24822,pixel_24823,pixel_24824,pixel_24825,pixel_24826,pixel_24827,pixel_24828,pixel_24829,pixel_24830,pixel_24831,pixel_24832,pixel_24833,pixel_24834,pixel_24835,pixel_24836,pixel_24837,pixel_24838,pixel_24839,pixel_24840,pixel_24841,pixel_24842,pixel_24843,pixel_24844,pixel_24845,pixel_24846,pixel_24847,pixel_24848,pixel_24849,pixel_24850,pixel_24851,pixel_24852,pixel_24853,pixel_24854,pixel_24855,pixel_24856,pixel_24857,pixel_24858,pixel_24859,pixel_24860,pixel_24861,pixel_24862,pixel_24863,pixel_24864,pixel_24865,pixel_24866,pixel_24867,pixel_24868,pixel_24869,pixel_24870,pixel_24871,pixel_24872,pixel_24873,pixel_24874,pixel_24875,pixel_24876,pixel_24877,pixel_24878,pixel_24879,pixel_24880,pixel_24881,pixel_24882,pixel_24883,pixel_24884,pixel_24885,pixel_24886,pixel_24887,pixel_24888,pixel_24889,pixel_24890,pixel_24891,pixel_24892,pixel_24893,pixel_24894,pixel_24895,pixel_24896,pixel_24897,pixel_24898,pixel_24899,pixel_24900,pixel_24901,pixel_24902,pixel_24903,pixel_24904,pixel_24905,pixel_24906,pixel_24907,pixel_24908,pixel_24909,pixel_24910,pixel_24911,pixel_24912,pixel_24913,pixel_24914,pixel_24915,pixel_24916,pixel_24917,pixel_24918,pixel_24919,pixel_24920,pixel_24921,pixel_24922,pixel_24923,pixel_24924,pixel_24925,pixel_24926,pixel_24927,pixel_24928,pixel_24929,pixel_24930,pixel_24931,pixel_24932,pixel_24933,pixel_24934,pixel_24935,pixel_24936,pixel_24937,pixel_24938,pixel_24939,pixel_24940,pixel_24941,pixel_24942,pixel_24943,pixel_24944,pixel_24945,pixel_24946,pixel_24947,pixel_24948,pixel_24949,pixel_24950,pixel_24951,pixel_24952,pixel_24953,pixel_24954,pixel_24955,pixel_24956,pixel_24957,pixel_24958,pixel_24959,pixel_24960,pixel_24961,pixel_24962,pixel_24963,pixel_24964,pixel_24965,pixel_24966,pixel_24967,pixel_24968,pixel_24969,pixel_24970,pixel_24971,pixel_24972,pixel_24973,pixel_24974,pixel_24975,pixel_24976,pixel_24977,pixel_24978,pixel_24979,pixel_24980,pixel_24981,pixel_24982,pixel_24983,pixel_24984,pixel_24985,pixel_24986,pixel_24987,pixel_24988,pixel_24989,pixel_24990,pixel_24991,pixel_24992,pixel_24993,pixel_24994,pixel_24995,pixel_24996,pixel_24997,pixel_24998,pixel_24999,pixel_25000,pixel_25001,pixel_25002,pixel_25003,pixel_25004,pixel_25005,pixel_25006,pixel_25007,pixel_25008,pixel_25009,pixel_25010,pixel_25011,pixel_25012,pixel_25013,pixel_25014,pixel_25015,pixel_25016,pixel_25017,pixel_25018,pixel_25019,pixel_25020,pixel_25021,pixel_25022,pixel_25023,pixel_25024,pixel_25025,pixel_25026,pixel_25027,pixel_25028,pixel_25029,pixel_25030,pixel_25031,pixel_25032,pixel_25033,pixel_25034,pixel_25035,pixel_25036,pixel_25037,pixel_25038,pixel_25039,pixel_25040,pixel_25041,pixel_25042,pixel_25043,pixel_25044,pixel_25045,pixel_25046,pixel_25047,pixel_25048,pixel_25049,pixel_25050,pixel_25051,pixel_25052,pixel_25053,pixel_25054,pixel_25055,pixel_25056,pixel_25057,pixel_25058,pixel_25059,pixel_25060,pixel_25061,pixel_25062,pixel_25063,pixel_25064,pixel_25065,pixel_25066,pixel_25067,pixel_25068,pixel_25069,pixel_25070,pixel_25071,pixel_25072,pixel_25073,pixel_25074,pixel_25075,pixel_25076,pixel_25077,pixel_25078,pixel_25079,pixel_25080,pixel_25081,pixel_25082,pixel_25083,pixel_25084,pixel_25085,pixel_25086,pixel_25087,pixel_25088,pixel_25089,pixel_25090,pixel_25091,pixel_25092,pixel_25093,pixel_25094,pixel_25095,pixel_25096,pixel_25097,pixel_25098,pixel_25099,pixel_25100,pixel_25101,pixel_25102,pixel_25103,pixel_25104,pixel_25105,pixel_25106,pixel_25107,pixel_25108,pixel_25109,pixel_25110,pixel_25111,pixel_25112,pixel_25113,pixel_25114,pixel_25115,pixel_25116,pixel_25117,pixel_25118,pixel_25119,pixel_25120,pixel_25121,pixel_25122,pixel_25123,pixel_25124,pixel_25125,pixel_25126,pixel_25127,pixel_25128,pixel_25129,pixel_25130,pixel_25131,pixel_25132,pixel_25133,pixel_25134,pixel_25135,pixel_25136,pixel_25137,pixel_25138,pixel_25139,pixel_25140,pixel_25141,pixel_25142,pixel_25143,pixel_25144,pixel_25145,pixel_25146,pixel_25147,pixel_25148,pixel_25149,pixel_25150,pixel_25151,pixel_25152,pixel_25153,pixel_25154,pixel_25155,pixel_25156,pixel_25157,pixel_25158,pixel_25159,pixel_25160,pixel_25161,pixel_25162,pixel_25163,pixel_25164,pixel_25165,pixel_25166,pixel_25167,pixel_25168,pixel_25169,pixel_25170,pixel_25171,pixel_25172,pixel_25173,pixel_25174,pixel_25175,pixel_25176,pixel_25177,pixel_25178,pixel_25179,pixel_25180,pixel_25181,pixel_25182,pixel_25183,pixel_25184,pixel_25185,pixel_25186,pixel_25187,pixel_25188,pixel_25189,pixel_25190,pixel_25191,pixel_25192,pixel_25193,pixel_25194,pixel_25195,pixel_25196,pixel_25197,pixel_25198,pixel_25199,pixel_25200,pixel_25201,pixel_25202,pixel_25203,pixel_25204,pixel_25205,pixel_25206,pixel_25207,pixel_25208,pixel_25209,pixel_25210,pixel_25211,pixel_25212,pixel_25213,pixel_25214,pixel_25215,pixel_25216,pixel_25217,pixel_25218,pixel_25219,pixel_25220,pixel_25221,pixel_25222,pixel_25223,pixel_25224,pixel_25225,pixel_25226,pixel_25227,pixel_25228,pixel_25229,pixel_25230,pixel_25231,pixel_25232,pixel_25233,pixel_25234,pixel_25235,pixel_25236,pixel_25237,pixel_25238,pixel_25239,pixel_25240,pixel_25241,pixel_25242,pixel_25243,pixel_25244,pixel_25245,pixel_25246,pixel_25247,pixel_25248,pixel_25249,pixel_25250,pixel_25251,pixel_25252,pixel_25253,pixel_25254,pixel_25255,pixel_25256,pixel_25257,pixel_25258,pixel_25259,pixel_25260,pixel_25261,pixel_25262,pixel_25263,pixel_25264,pixel_25265,pixel_25266,pixel_25267,pixel_25268,pixel_25269,pixel_25270,pixel_25271,pixel_25272,pixel_25273,pixel_25274,pixel_25275,pixel_25276,pixel_25277,pixel_25278,pixel_25279,pixel_25280,pixel_25281,pixel_25282,pixel_25283,pixel_25284,pixel_25285,pixel_25286,pixel_25287,pixel_25288,pixel_25289,pixel_25290,pixel_25291,pixel_25292,pixel_25293,pixel_25294,pixel_25295,pixel_25296,pixel_25297,pixel_25298,pixel_25299,pixel_25300,pixel_25301,pixel_25302,pixel_25303,pixel_25304,pixel_25305,pixel_25306,pixel_25307,pixel_25308,pixel_25309,pixel_25310,pixel_25311,pixel_25312,pixel_25313,pixel_25314,pixel_25315,pixel_25316,pixel_25317,pixel_25318,pixel_25319,pixel_25320,pixel_25321,pixel_25322,pixel_25323,pixel_25324,pixel_25325,pixel_25326,pixel_25327,pixel_25328,pixel_25329,pixel_25330,pixel_25331,pixel_25332,pixel_25333,pixel_25334,pixel_25335,pixel_25336,pixel_25337,pixel_25338,pixel_25339,pixel_25340,pixel_25341,pixel_25342,pixel_25343,pixel_25344,pixel_25345,pixel_25346,pixel_25347,pixel_25348,pixel_25349,pixel_25350,pixel_25351,pixel_25352,pixel_25353,pixel_25354,pixel_25355,pixel_25356,pixel_25357,pixel_25358,pixel_25359,pixel_25360,pixel_25361,pixel_25362,pixel_25363,pixel_25364,pixel_25365,pixel_25366,pixel_25367,pixel_25368,pixel_25369,pixel_25370,pixel_25371,pixel_25372,pixel_25373,pixel_25374,pixel_25375,pixel_25376,pixel_25377,pixel_25378,pixel_25379,pixel_25380,pixel_25381,pixel_25382,pixel_25383,pixel_25384,pixel_25385,pixel_25386,pixel_25387,pixel_25388,pixel_25389,pixel_25390,pixel_25391,pixel_25392,pixel_25393,pixel_25394,pixel_25395,pixel_25396,pixel_25397,pixel_25398,pixel_25399,pixel_25400,pixel_25401,pixel_25402,pixel_25403,pixel_25404,pixel_25405,pixel_25406,pixel_25407,pixel_25408,pixel_25409,pixel_25410,pixel_25411,pixel_25412,pixel_25413,pixel_25414,pixel_25415,pixel_25416,pixel_25417,pixel_25418,pixel_25419,pixel_25420,pixel_25421,pixel_25422,pixel_25423,pixel_25424,pixel_25425,pixel_25426,pixel_25427,pixel_25428,pixel_25429,pixel_25430,pixel_25431,pixel_25432,pixel_25433,pixel_25434,pixel_25435,pixel_25436,pixel_25437,pixel_25438,pixel_25439,pixel_25440,pixel_25441,pixel_25442,pixel_25443,pixel_25444,pixel_25445,pixel_25446,pixel_25447,pixel_25448,pixel_25449,pixel_25450,pixel_25451,pixel_25452,pixel_25453,pixel_25454,pixel_25455,pixel_25456,pixel_25457,pixel_25458,pixel_25459,pixel_25460,pixel_25461,pixel_25462,pixel_25463,pixel_25464,pixel_25465,pixel_25466,pixel_25467,pixel_25468,pixel_25469,pixel_25470,pixel_25471,pixel_25472,pixel_25473,pixel_25474,pixel_25475,pixel_25476,pixel_25477,pixel_25478,pixel_25479,pixel_25480,pixel_25481,pixel_25482,pixel_25483,pixel_25484,pixel_25485,pixel_25486,pixel_25487,pixel_25488,pixel_25489,pixel_25490,pixel_25491,pixel_25492,pixel_25493,pixel_25494,pixel_25495,pixel_25496,pixel_25497,pixel_25498,pixel_25499,pixel_25500,pixel_25501,pixel_25502,pixel_25503,pixel_25504,pixel_25505,pixel_25506,pixel_25507,pixel_25508,pixel_25509,pixel_25510,pixel_25511,pixel_25512,pixel_25513,pixel_25514,pixel_25515,pixel_25516,pixel_25517,pixel_25518,pixel_25519,pixel_25520,pixel_25521,pixel_25522,pixel_25523,pixel_25524,pixel_25525,pixel_25526,pixel_25527,pixel_25528,pixel_25529,pixel_25530,pixel_25531,pixel_25532,pixel_25533,pixel_25534,pixel_25535,pixel_25536,pixel_25537,pixel_25538,pixel_25539,pixel_25540,pixel_25541,pixel_25542,pixel_25543,pixel_25544,pixel_25545,pixel_25546,pixel_25547,pixel_25548,pixel_25549,pixel_25550,pixel_25551,pixel_25552,pixel_25553,pixel_25554,pixel_25555,pixel_25556,pixel_25557,pixel_25558,pixel_25559,pixel_25560,pixel_25561,pixel_25562,pixel_25563,pixel_25564,pixel_25565,pixel_25566,pixel_25567,pixel_25568,pixel_25569,pixel_25570,pixel_25571,pixel_25572,pixel_25573,pixel_25574,pixel_25575,pixel_25576,pixel_25577,pixel_25578,pixel_25579,pixel_25580,pixel_25581,pixel_25582,pixel_25583,pixel_25584,pixel_25585,pixel_25586,pixel_25587,pixel_25588,pixel_25589,pixel_25590,pixel_25591,pixel_25592,pixel_25593,pixel_25594,pixel_25595,pixel_25596,pixel_25597,pixel_25598,pixel_25599,pixel_25600,pixel_25601,pixel_25602,pixel_25603,pixel_25604,pixel_25605,pixel_25606,pixel_25607,pixel_25608,pixel_25609,pixel_25610,pixel_25611,pixel_25612,pixel_25613,pixel_25614,pixel_25615,pixel_25616,pixel_25617,pixel_25618,pixel_25619,pixel_25620,pixel_25621,pixel_25622,pixel_25623,pixel_25624,pixel_25625,pixel_25626,pixel_25627,pixel_25628,pixel_25629,pixel_25630,pixel_25631,pixel_25632,pixel_25633,pixel_25634,pixel_25635,pixel_25636,pixel_25637,pixel_25638,pixel_25639,pixel_25640,pixel_25641,pixel_25642,pixel_25643,pixel_25644,pixel_25645,pixel_25646,pixel_25647,pixel_25648,pixel_25649,pixel_25650,pixel_25651,pixel_25652,pixel_25653,pixel_25654,pixel_25655,pixel_25656,pixel_25657,pixel_25658,pixel_25659,pixel_25660,pixel_25661,pixel_25662,pixel_25663,pixel_25664,pixel_25665,pixel_25666,pixel_25667,pixel_25668,pixel_25669,pixel_25670,pixel_25671,pixel_25672,pixel_25673,pixel_25674,pixel_25675,pixel_25676,pixel_25677,pixel_25678,pixel_25679,pixel_25680,pixel_25681,pixel_25682,pixel_25683,pixel_25684,pixel_25685,pixel_25686,pixel_25687,pixel_25688,pixel_25689,pixel_25690,pixel_25691,pixel_25692,pixel_25693,pixel_25694,pixel_25695,pixel_25696,pixel_25697,pixel_25698,pixel_25699,pixel_25700,pixel_25701,pixel_25702,pixel_25703,pixel_25704,pixel_25705,pixel_25706,pixel_25707,pixel_25708,pixel_25709,pixel_25710,pixel_25711,pixel_25712,pixel_25713,pixel_25714,pixel_25715,pixel_25716,pixel_25717,pixel_25718,pixel_25719,pixel_25720,pixel_25721,pixel_25722,pixel_25723,pixel_25724,pixel_25725,pixel_25726,pixel_25727,pixel_25728,pixel_25729,pixel_25730,pixel_25731,pixel_25732,pixel_25733,pixel_25734,pixel_25735,pixel_25736,pixel_25737,pixel_25738,pixel_25739,pixel_25740,pixel_25741,pixel_25742,pixel_25743,pixel_25744,pixel_25745,pixel_25746,pixel_25747,pixel_25748,pixel_25749,pixel_25750,pixel_25751,pixel_25752,pixel_25753,pixel_25754,pixel_25755,pixel_25756,pixel_25757,pixel_25758,pixel_25759,pixel_25760,pixel_25761,pixel_25762,pixel_25763,pixel_25764,pixel_25765,pixel_25766,pixel_25767,pixel_25768,pixel_25769,pixel_25770,pixel_25771,pixel_25772,pixel_25773,pixel_25774,pixel_25775,pixel_25776,pixel_25777,pixel_25778,pixel_25779,pixel_25780,pixel_25781,pixel_25782,pixel_25783,pixel_25784,pixel_25785,pixel_25786,pixel_25787,pixel_25788,pixel_25789,pixel_25790,pixel_25791,pixel_25792,pixel_25793,pixel_25794,pixel_25795,pixel_25796,pixel_25797,pixel_25798,pixel_25799,pixel_25800,pixel_25801,pixel_25802,pixel_25803,pixel_25804,pixel_25805,pixel_25806,pixel_25807,pixel_25808,pixel_25809,pixel_25810,pixel_25811,pixel_25812,pixel_25813,pixel_25814,pixel_25815,pixel_25816,pixel_25817,pixel_25818,pixel_25819,pixel_25820,pixel_25821,pixel_25822,pixel_25823,pixel_25824,pixel_25825,pixel_25826,pixel_25827,pixel_25828,pixel_25829,pixel_25830,pixel_25831,pixel_25832,pixel_25833,pixel_25834,pixel_25835,pixel_25836,pixel_25837,pixel_25838,pixel_25839,pixel_25840,pixel_25841,pixel_25842,pixel_25843,pixel_25844,pixel_25845,pixel_25846,pixel_25847,pixel_25848,pixel_25849,pixel_25850,pixel_25851,pixel_25852,pixel_25853,pixel_25854,pixel_25855,pixel_25856,pixel_25857,pixel_25858,pixel_25859,pixel_25860,pixel_25861,pixel_25862,pixel_25863,pixel_25864,pixel_25865,pixel_25866,pixel_25867,pixel_25868,pixel_25869,pixel_25870,pixel_25871,pixel_25872,pixel_25873,pixel_25874,pixel_25875,pixel_25876,pixel_25877,pixel_25878,pixel_25879,pixel_25880,pixel_25881,pixel_25882,pixel_25883,pixel_25884,pixel_25885,pixel_25886,pixel_25887,pixel_25888,pixel_25889,pixel_25890,pixel_25891,pixel_25892,pixel_25893,pixel_25894,pixel_25895,pixel_25896,pixel_25897,pixel_25898,pixel_25899,pixel_25900,pixel_25901,pixel_25902,pixel_25903,pixel_25904,pixel_25905,pixel_25906,pixel_25907,pixel_25908,pixel_25909,pixel_25910,pixel_25911,pixel_25912,pixel_25913,pixel_25914,pixel_25915,pixel_25916,pixel_25917,pixel_25918,pixel_25919,pixel_25920,pixel_25921,pixel_25922,pixel_25923,pixel_25924,pixel_25925,pixel_25926,pixel_25927,pixel_25928,pixel_25929,pixel_25930,pixel_25931,pixel_25932,pixel_25933,pixel_25934,pixel_25935,pixel_25936,pixel_25937,pixel_25938,pixel_25939,pixel_25940,pixel_25941,pixel_25942,pixel_25943,pixel_25944,pixel_25945,pixel_25946,pixel_25947,pixel_25948,pixel_25949,pixel_25950,pixel_25951,pixel_25952,pixel_25953,pixel_25954,pixel_25955,pixel_25956,pixel_25957,pixel_25958,pixel_25959,pixel_25960,pixel_25961,pixel_25962,pixel_25963,pixel_25964,pixel_25965,pixel_25966,pixel_25967,pixel_25968,pixel_25969,pixel_25970,pixel_25971,pixel_25972,pixel_25973,pixel_25974,pixel_25975,pixel_25976,pixel_25977,pixel_25978,pixel_25979,pixel_25980,pixel_25981,pixel_25982,pixel_25983,pixel_25984,pixel_25985,pixel_25986,pixel_25987,pixel_25988,pixel_25989,pixel_25990,pixel_25991,pixel_25992,pixel_25993,pixel_25994,pixel_25995,pixel_25996,pixel_25997,pixel_25998,pixel_25999,pixel_26000,pixel_26001,pixel_26002,pixel_26003,pixel_26004,pixel_26005,pixel_26006,pixel_26007,pixel_26008,pixel_26009,pixel_26010,pixel_26011,pixel_26012,pixel_26013,pixel_26014,pixel_26015,pixel_26016,pixel_26017,pixel_26018,pixel_26019,pixel_26020,pixel_26021,pixel_26022,pixel_26023,pixel_26024,pixel_26025,pixel_26026,pixel_26027,pixel_26028,pixel_26029,pixel_26030,pixel_26031,pixel_26032,pixel_26033,pixel_26034,pixel_26035,pixel_26036,pixel_26037,pixel_26038,pixel_26039,pixel_26040,pixel_26041,pixel_26042,pixel_26043,pixel_26044,pixel_26045,pixel_26046,pixel_26047,pixel_26048,pixel_26049,pixel_26050,pixel_26051,pixel_26052,pixel_26053,pixel_26054,pixel_26055,pixel_26056,pixel_26057,pixel_26058,pixel_26059,pixel_26060,pixel_26061,pixel_26062,pixel_26063,pixel_26064,pixel_26065,pixel_26066,pixel_26067,pixel_26068,pixel_26069,pixel_26070,pixel_26071,pixel_26072,pixel_26073,pixel_26074,pixel_26075,pixel_26076,pixel_26077,pixel_26078,pixel_26079,pixel_26080,pixel_26081,pixel_26082,pixel_26083,pixel_26084,pixel_26085,pixel_26086,pixel_26087,pixel_26088,pixel_26089,pixel_26090,pixel_26091,pixel_26092,pixel_26093,pixel_26094,pixel_26095,pixel_26096,pixel_26097,pixel_26098,pixel_26099,pixel_26100,pixel_26101,pixel_26102,pixel_26103,pixel_26104,pixel_26105,pixel_26106,pixel_26107,pixel_26108,pixel_26109,pixel_26110,pixel_26111,pixel_26112,pixel_26113,pixel_26114,pixel_26115,pixel_26116,pixel_26117,pixel_26118,pixel_26119,pixel_26120,pixel_26121,pixel_26122,pixel_26123,pixel_26124,pixel_26125,pixel_26126,pixel_26127,pixel_26128,pixel_26129,pixel_26130,pixel_26131,pixel_26132,pixel_26133,pixel_26134,pixel_26135,pixel_26136,pixel_26137,pixel_26138,pixel_26139,pixel_26140,pixel_26141,pixel_26142,pixel_26143,pixel_26144,pixel_26145,pixel_26146,pixel_26147,pixel_26148,pixel_26149,pixel_26150,pixel_26151,pixel_26152,pixel_26153,pixel_26154,pixel_26155,pixel_26156,pixel_26157,pixel_26158,pixel_26159,pixel_26160,pixel_26161,pixel_26162,pixel_26163,pixel_26164,pixel_26165,pixel_26166,pixel_26167,pixel_26168,pixel_26169,pixel_26170,pixel_26171,pixel_26172,pixel_26173,pixel_26174,pixel_26175,pixel_26176,pixel_26177,pixel_26178,pixel_26179,pixel_26180,pixel_26181,pixel_26182,pixel_26183,pixel_26184,pixel_26185,pixel_26186,pixel_26187,pixel_26188,pixel_26189,pixel_26190,pixel_26191,pixel_26192,pixel_26193,pixel_26194,pixel_26195,pixel_26196,pixel_26197,pixel_26198,pixel_26199,pixel_26200,pixel_26201,pixel_26202,pixel_26203,pixel_26204,pixel_26205,pixel_26206,pixel_26207,pixel_26208,pixel_26209,pixel_26210,pixel_26211,pixel_26212,pixel_26213,pixel_26214,pixel_26215,pixel_26216,pixel_26217,pixel_26218,pixel_26219,pixel_26220,pixel_26221,pixel_26222,pixel_26223,pixel_26224,pixel_26225,pixel_26226,pixel_26227,pixel_26228,pixel_26229,pixel_26230,pixel_26231,pixel_26232,pixel_26233,pixel_26234,pixel_26235,pixel_26236,pixel_26237,pixel_26238,pixel_26239,pixel_26240,pixel_26241,pixel_26242,pixel_26243,pixel_26244,pixel_26245,pixel_26246,pixel_26247,pixel_26248,pixel_26249,pixel_26250,pixel_26251,pixel_26252,pixel_26253,pixel_26254,pixel_26255,pixel_26256,pixel_26257,pixel_26258,pixel_26259,pixel_26260,pixel_26261,pixel_26262,pixel_26263,pixel_26264,pixel_26265,pixel_26266,pixel_26267,pixel_26268,pixel_26269,pixel_26270,pixel_26271,pixel_26272,pixel_26273,pixel_26274,pixel_26275,pixel_26276,pixel_26277,pixel_26278,pixel_26279,pixel_26280,pixel_26281,pixel_26282,pixel_26283,pixel_26284,pixel_26285,pixel_26286,pixel_26287,pixel_26288,pixel_26289,pixel_26290,pixel_26291,pixel_26292,pixel_26293,pixel_26294,pixel_26295,pixel_26296,pixel_26297,pixel_26298,pixel_26299,pixel_26300,pixel_26301,pixel_26302,pixel_26303,pixel_26304,pixel_26305,pixel_26306,pixel_26307,pixel_26308,pixel_26309,pixel_26310,pixel_26311,pixel_26312,pixel_26313,pixel_26314,pixel_26315,pixel_26316,pixel_26317,pixel_26318,pixel_26319,pixel_26320,pixel_26321,pixel_26322,pixel_26323,pixel_26324,pixel_26325,pixel_26326,pixel_26327,pixel_26328,pixel_26329,pixel_26330,pixel_26331,pixel_26332,pixel_26333,pixel_26334,pixel_26335,pixel_26336,pixel_26337,pixel_26338,pixel_26339,pixel_26340,pixel_26341,pixel_26342,pixel_26343,pixel_26344,pixel_26345,pixel_26346,pixel_26347,pixel_26348,pixel_26349,pixel_26350,pixel_26351,pixel_26352,pixel_26353,pixel_26354,pixel_26355,pixel_26356,pixel_26357,pixel_26358,pixel_26359,pixel_26360,pixel_26361,pixel_26362,pixel_26363,pixel_26364,pixel_26365,pixel_26366,pixel_26367,pixel_26368,pixel_26369,pixel_26370,pixel_26371,pixel_26372,pixel_26373,pixel_26374,pixel_26375,pixel_26376,pixel_26377,pixel_26378,pixel_26379,pixel_26380,pixel_26381,pixel_26382,pixel_26383,pixel_26384,pixel_26385,pixel_26386,pixel_26387,pixel_26388,pixel_26389,pixel_26390,pixel_26391,pixel_26392,pixel_26393,pixel_26394,pixel_26395,pixel_26396,pixel_26397,pixel_26398,pixel_26399,pixel_26400,pixel_26401,pixel_26402,pixel_26403,pixel_26404,pixel_26405,pixel_26406,pixel_26407,pixel_26408,pixel_26409,pixel_26410,pixel_26411,pixel_26412,pixel_26413,pixel_26414,pixel_26415,pixel_26416,pixel_26417,pixel_26418,pixel_26419,pixel_26420,pixel_26421,pixel_26422,pixel_26423,pixel_26424,pixel_26425,pixel_26426,pixel_26427,pixel_26428,pixel_26429,pixel_26430,pixel_26431,pixel_26432,pixel_26433,pixel_26434,pixel_26435,pixel_26436,pixel_26437,pixel_26438,pixel_26439,pixel_26440,pixel_26441,pixel_26442,pixel_26443,pixel_26444,pixel_26445,pixel_26446,pixel_26447,pixel_26448,pixel_26449,pixel_26450,pixel_26451,pixel_26452,pixel_26453,pixel_26454,pixel_26455,pixel_26456,pixel_26457,pixel_26458,pixel_26459,pixel_26460,pixel_26461,pixel_26462,pixel_26463,pixel_26464,pixel_26465,pixel_26466,pixel_26467,pixel_26468,pixel_26469,pixel_26470,pixel_26471,pixel_26472,pixel_26473,pixel_26474,pixel_26475,pixel_26476,pixel_26477,pixel_26478,pixel_26479,pixel_26480,pixel_26481,pixel_26482,pixel_26483,pixel_26484,pixel_26485,pixel_26486,pixel_26487,pixel_26488,pixel_26489,pixel_26490,pixel_26491,pixel_26492,pixel_26493,pixel_26494,pixel_26495,pixel_26496,pixel_26497,pixel_26498,pixel_26499,pixel_26500,pixel_26501,pixel_26502,pixel_26503,pixel_26504,pixel_26505,pixel_26506,pixel_26507,pixel_26508,pixel_26509,pixel_26510,pixel_26511,pixel_26512,pixel_26513,pixel_26514,pixel_26515,pixel_26516,pixel_26517,pixel_26518,pixel_26519,pixel_26520,pixel_26521,pixel_26522,pixel_26523,pixel_26524,pixel_26525,pixel_26526,pixel_26527,pixel_26528,pixel_26529,pixel_26530,pixel_26531,pixel_26532,pixel_26533,pixel_26534,pixel_26535,pixel_26536,pixel_26537,pixel_26538,pixel_26539,pixel_26540,pixel_26541,pixel_26542,pixel_26543,pixel_26544,pixel_26545,pixel_26546,pixel_26547,pixel_26548,pixel_26549,pixel_26550,pixel_26551,pixel_26552,pixel_26553,pixel_26554,pixel_26555,pixel_26556,pixel_26557,pixel_26558,pixel_26559,pixel_26560,pixel_26561,pixel_26562,pixel_26563,pixel_26564,pixel_26565,pixel_26566,pixel_26567,pixel_26568,pixel_26569,pixel_26570,pixel_26571,pixel_26572,pixel_26573,pixel_26574,pixel_26575,pixel_26576,pixel_26577,pixel_26578,pixel_26579,pixel_26580,pixel_26581,pixel_26582,pixel_26583,pixel_26584,pixel_26585,pixel_26586,pixel_26587,pixel_26588,pixel_26589,pixel_26590,pixel_26591,pixel_26592,pixel_26593,pixel_26594,pixel_26595,pixel_26596,pixel_26597,pixel_26598,pixel_26599,pixel_26600,pixel_26601,pixel_26602,pixel_26603,pixel_26604,pixel_26605,pixel_26606,pixel_26607,pixel_26608,pixel_26609,pixel_26610,pixel_26611,pixel_26612,pixel_26613,pixel_26614,pixel_26615,pixel_26616,pixel_26617,pixel_26618,pixel_26619,pixel_26620,pixel_26621,pixel_26622,pixel_26623,pixel_26624,pixel_26625,pixel_26626,pixel_26627,pixel_26628,pixel_26629,pixel_26630,pixel_26631,pixel_26632,pixel_26633,pixel_26634,pixel_26635,pixel_26636,pixel_26637,pixel_26638,pixel_26639,pixel_26640,pixel_26641,pixel_26642,pixel_26643,pixel_26644,pixel_26645,pixel_26646,pixel_26647,pixel_26648,pixel_26649,pixel_26650,pixel_26651,pixel_26652,pixel_26653,pixel_26654,pixel_26655,pixel_26656,pixel_26657,pixel_26658,pixel_26659,pixel_26660,pixel_26661,pixel_26662,pixel_26663,pixel_26664,pixel_26665,pixel_26666,pixel_26667,pixel_26668,pixel_26669,pixel_26670,pixel_26671,pixel_26672,pixel_26673,pixel_26674,pixel_26675,pixel_26676,pixel_26677,pixel_26678,pixel_26679,pixel_26680,pixel_26681,pixel_26682,pixel_26683,pixel_26684,pixel_26685,pixel_26686,pixel_26687,pixel_26688,pixel_26689,pixel_26690,pixel_26691,pixel_26692,pixel_26693,pixel_26694,pixel_26695,pixel_26696,pixel_26697,pixel_26698,pixel_26699,pixel_26700,pixel_26701,pixel_26702,pixel_26703,pixel_26704,pixel_26705,pixel_26706,pixel_26707,pixel_26708,pixel_26709,pixel_26710,pixel_26711,pixel_26712,pixel_26713,pixel_26714,pixel_26715,pixel_26716,pixel_26717,pixel_26718,pixel_26719,pixel_26720,pixel_26721,pixel_26722,pixel_26723,pixel_26724,pixel_26725,pixel_26726,pixel_26727,pixel_26728,pixel_26729,pixel_26730,pixel_26731,pixel_26732,pixel_26733,pixel_26734,pixel_26735,pixel_26736,pixel_26737,pixel_26738,pixel_26739,pixel_26740,pixel_26741,pixel_26742,pixel_26743,pixel_26744,pixel_26745,pixel_26746,pixel_26747,pixel_26748,pixel_26749,pixel_26750,pixel_26751,pixel_26752,pixel_26753,pixel_26754,pixel_26755,pixel_26756,pixel_26757,pixel_26758,pixel_26759,pixel_26760,pixel_26761,pixel_26762,pixel_26763,pixel_26764,pixel_26765,pixel_26766,pixel_26767,pixel_26768,pixel_26769,pixel_26770,pixel_26771,pixel_26772,pixel_26773,pixel_26774,pixel_26775,pixel_26776,pixel_26777,pixel_26778,pixel_26779,pixel_26780,pixel_26781,pixel_26782,pixel_26783,pixel_26784,pixel_26785,pixel_26786,pixel_26787,pixel_26788,pixel_26789,pixel_26790,pixel_26791,pixel_26792,pixel_26793,pixel_26794,pixel_26795,pixel_26796,pixel_26797,pixel_26798,pixel_26799,pixel_26800,pixel_26801,pixel_26802,pixel_26803,pixel_26804,pixel_26805,pixel_26806,pixel_26807,pixel_26808,pixel_26809,pixel_26810,pixel_26811,pixel_26812,pixel_26813,pixel_26814,pixel_26815,pixel_26816,pixel_26817,pixel_26818,pixel_26819,pixel_26820,pixel_26821,pixel_26822,pixel_26823,pixel_26824,pixel_26825,pixel_26826,pixel_26827,pixel_26828,pixel_26829,pixel_26830,pixel_26831,pixel_26832,pixel_26833,pixel_26834,pixel_26835,pixel_26836,pixel_26837,pixel_26838,pixel_26839,pixel_26840,pixel_26841,pixel_26842,pixel_26843,pixel_26844,pixel_26845,pixel_26846,pixel_26847,pixel_26848,pixel_26849,pixel_26850,pixel_26851,pixel_26852,pixel_26853,pixel_26854,pixel_26855,pixel_26856,pixel_26857,pixel_26858,pixel_26859,pixel_26860,pixel_26861,pixel_26862,pixel_26863,pixel_26864,pixel_26865,pixel_26866,pixel_26867,pixel_26868,pixel_26869,pixel_26870,pixel_26871,pixel_26872,pixel_26873,pixel_26874,pixel_26875,pixel_26876,pixel_26877,pixel_26878,pixel_26879,pixel_26880,pixel_26881,pixel_26882,pixel_26883,pixel_26884,pixel_26885,pixel_26886,pixel_26887,pixel_26888,pixel_26889,pixel_26890,pixel_26891,pixel_26892,pixel_26893,pixel_26894,pixel_26895,pixel_26896,pixel_26897,pixel_26898,pixel_26899,pixel_26900,pixel_26901,pixel_26902,pixel_26903,pixel_26904,pixel_26905,pixel_26906,pixel_26907,pixel_26908,pixel_26909,pixel_26910,pixel_26911,pixel_26912,pixel_26913,pixel_26914,pixel_26915,pixel_26916,pixel_26917,pixel_26918,pixel_26919,pixel_26920,pixel_26921,pixel_26922,pixel_26923,pixel_26924,pixel_26925,pixel_26926,pixel_26927,pixel_26928,pixel_26929,pixel_26930,pixel_26931,pixel_26932,pixel_26933,pixel_26934,pixel_26935,pixel_26936,pixel_26937,pixel_26938,pixel_26939,pixel_26940,pixel_26941,pixel_26942,pixel_26943,pixel_26944,pixel_26945,pixel_26946,pixel_26947,pixel_26948,pixel_26949,pixel_26950,pixel_26951,pixel_26952,pixel_26953,pixel_26954,pixel_26955,pixel_26956,pixel_26957,pixel_26958,pixel_26959,pixel_26960,pixel_26961,pixel_26962,pixel_26963,pixel_26964,pixel_26965,pixel_26966,pixel_26967,pixel_26968,pixel_26969,pixel_26970,pixel_26971,pixel_26972,pixel_26973,pixel_26974,pixel_26975,pixel_26976,pixel_26977,pixel_26978,pixel_26979,pixel_26980,pixel_26981,pixel_26982,pixel_26983,pixel_26984,pixel_26985,pixel_26986,pixel_26987,pixel_26988,pixel_26989,pixel_26990,pixel_26991,pixel_26992,pixel_26993,pixel_26994,pixel_26995,pixel_26996,pixel_26997,pixel_26998,pixel_26999,pixel_27000,pixel_27001,pixel_27002,pixel_27003,pixel_27004,pixel_27005,pixel_27006,pixel_27007,pixel_27008,pixel_27009,pixel_27010,pixel_27011,pixel_27012,pixel_27013,pixel_27014,pixel_27015,pixel_27016,pixel_27017,pixel_27018,pixel_27019,pixel_27020,pixel_27021,pixel_27022,pixel_27023,pixel_27024,pixel_27025,pixel_27026,pixel_27027,pixel_27028,pixel_27029,pixel_27030,pixel_27031,pixel_27032,pixel_27033,pixel_27034,pixel_27035,pixel_27036,pixel_27037,pixel_27038,pixel_27039,pixel_27040,pixel_27041,pixel_27042,pixel_27043,pixel_27044,pixel_27045,pixel_27046,pixel_27047,pixel_27048,pixel_27049,pixel_27050,pixel_27051,pixel_27052,pixel_27053,pixel_27054,pixel_27055,pixel_27056,pixel_27057,pixel_27058,pixel_27059,pixel_27060,pixel_27061,pixel_27062,pixel_27063,pixel_27064,pixel_27065,pixel_27066,pixel_27067,pixel_27068,pixel_27069,pixel_27070,pixel_27071,pixel_27072,pixel_27073,pixel_27074,pixel_27075,pixel_27076,pixel_27077,pixel_27078,pixel_27079,pixel_27080,pixel_27081,pixel_27082,pixel_27083,pixel_27084,pixel_27085,pixel_27086,pixel_27087,pixel_27088,pixel_27089,pixel_27090,pixel_27091,pixel_27092,pixel_27093,pixel_27094,pixel_27095,pixel_27096,pixel_27097,pixel_27098,pixel_27099,pixel_27100,pixel_27101,pixel_27102,pixel_27103,pixel_27104,pixel_27105,pixel_27106,pixel_27107,pixel_27108,pixel_27109,pixel_27110,pixel_27111,pixel_27112,pixel_27113,pixel_27114,pixel_27115,pixel_27116,pixel_27117,pixel_27118,pixel_27119,pixel_27120,pixel_27121,pixel_27122,pixel_27123,pixel_27124,pixel_27125,pixel_27126,pixel_27127,pixel_27128,pixel_27129,pixel_27130,pixel_27131,pixel_27132,pixel_27133,pixel_27134,pixel_27135,pixel_27136,pixel_27137,pixel_27138,pixel_27139,pixel_27140,pixel_27141,pixel_27142,pixel_27143,pixel_27144,pixel_27145,pixel_27146,pixel_27147,pixel_27148,pixel_27149,pixel_27150,pixel_27151,pixel_27152,pixel_27153,pixel_27154,pixel_27155,pixel_27156,pixel_27157,pixel_27158,pixel_27159,pixel_27160,pixel_27161,pixel_27162,pixel_27163,pixel_27164,pixel_27165,pixel_27166,pixel_27167,pixel_27168,pixel_27169,pixel_27170,pixel_27171,pixel_27172,pixel_27173,pixel_27174,pixel_27175,pixel_27176,pixel_27177,pixel_27178,pixel_27179,pixel_27180,pixel_27181,pixel_27182,pixel_27183,pixel_27184,pixel_27185,pixel_27186,pixel_27187,pixel_27188,pixel_27189,pixel_27190,pixel_27191,pixel_27192,pixel_27193,pixel_27194,pixel_27195,pixel_27196,pixel_27197,pixel_27198,pixel_27199,pixel_27200,pixel_27201,pixel_27202,pixel_27203,pixel_27204,pixel_27205,pixel_27206,pixel_27207,pixel_27208,pixel_27209,pixel_27210,pixel_27211,pixel_27212,pixel_27213,pixel_27214,pixel_27215,pixel_27216,pixel_27217,pixel_27218,pixel_27219,pixel_27220,pixel_27221,pixel_27222,pixel_27223,pixel_27224,pixel_27225,pixel_27226,pixel_27227,pixel_27228,pixel_27229,pixel_27230,pixel_27231,pixel_27232,pixel_27233,pixel_27234,pixel_27235,pixel_27236,pixel_27237,pixel_27238,pixel_27239,pixel_27240,pixel_27241,pixel_27242,pixel_27243,pixel_27244,pixel_27245,pixel_27246,pixel_27247,pixel_27248,pixel_27249,pixel_27250,pixel_27251,pixel_27252,pixel_27253,pixel_27254,pixel_27255,pixel_27256,pixel_27257,pixel_27258,pixel_27259,pixel_27260,pixel_27261,pixel_27262,pixel_27263,pixel_27264,pixel_27265,pixel_27266,pixel_27267,pixel_27268,pixel_27269,pixel_27270,pixel_27271,pixel_27272,pixel_27273,pixel_27274,pixel_27275,pixel_27276,pixel_27277,pixel_27278,pixel_27279,pixel_27280,pixel_27281,pixel_27282,pixel_27283,pixel_27284,pixel_27285,pixel_27286,pixel_27287,pixel_27288,pixel_27289,pixel_27290,pixel_27291,pixel_27292,pixel_27293,pixel_27294,pixel_27295,pixel_27296,pixel_27297,pixel_27298,pixel_27299,pixel_27300,pixel_27301,pixel_27302,pixel_27303,pixel_27304,pixel_27305,pixel_27306,pixel_27307,pixel_27308,pixel_27309,pixel_27310,pixel_27311,pixel_27312,pixel_27313,pixel_27314,pixel_27315,pixel_27316,pixel_27317,pixel_27318,pixel_27319,pixel_27320,pixel_27321,pixel_27322,pixel_27323,pixel_27324,pixel_27325,pixel_27326,pixel_27327,pixel_27328,pixel_27329,pixel_27330,pixel_27331,pixel_27332,pixel_27333,pixel_27334,pixel_27335,pixel_27336,pixel_27337,pixel_27338,pixel_27339,pixel_27340,pixel_27341,pixel_27342,pixel_27343,pixel_27344,pixel_27345,pixel_27346,pixel_27347,pixel_27348,pixel_27349,pixel_27350,pixel_27351,pixel_27352,pixel_27353,pixel_27354,pixel_27355,pixel_27356,pixel_27357,pixel_27358,pixel_27359,pixel_27360,pixel_27361,pixel_27362,pixel_27363,pixel_27364,pixel_27365,pixel_27366,pixel_27367,pixel_27368,pixel_27369,pixel_27370,pixel_27371,pixel_27372,pixel_27373,pixel_27374,pixel_27375,pixel_27376,pixel_27377,pixel_27378,pixel_27379,pixel_27380,pixel_27381,pixel_27382,pixel_27383,pixel_27384,pixel_27385,pixel_27386,pixel_27387,pixel_27388,pixel_27389,pixel_27390,pixel_27391,pixel_27392,pixel_27393,pixel_27394,pixel_27395,pixel_27396,pixel_27397,pixel_27398,pixel_27399,pixel_27400,pixel_27401,pixel_27402,pixel_27403,pixel_27404,pixel_27405,pixel_27406,pixel_27407,pixel_27408,pixel_27409,pixel_27410,pixel_27411,pixel_27412,pixel_27413,pixel_27414,pixel_27415,pixel_27416,pixel_27417,pixel_27418,pixel_27419,pixel_27420,pixel_27421,pixel_27422,pixel_27423,pixel_27424,pixel_27425,pixel_27426,pixel_27427,pixel_27428,pixel_27429,pixel_27430,pixel_27431,pixel_27432,pixel_27433,pixel_27434,pixel_27435,pixel_27436,pixel_27437,pixel_27438,pixel_27439,pixel_27440,pixel_27441,pixel_27442,pixel_27443,pixel_27444,pixel_27445,pixel_27446,pixel_27447,pixel_27448,pixel_27449,pixel_27450,pixel_27451,pixel_27452,pixel_27453,pixel_27454,pixel_27455,pixel_27456,pixel_27457,pixel_27458,pixel_27459,pixel_27460,pixel_27461,pixel_27462,pixel_27463,pixel_27464,pixel_27465,pixel_27466,pixel_27467,pixel_27468,pixel_27469,pixel_27470,pixel_27471,pixel_27472,pixel_27473,pixel_27474,pixel_27475,pixel_27476,pixel_27477,pixel_27478,pixel_27479,pixel_27480,pixel_27481,pixel_27482,pixel_27483,pixel_27484,pixel_27485,pixel_27486,pixel_27487,pixel_27488,pixel_27489,pixel_27490,pixel_27491,pixel_27492,pixel_27493,pixel_27494,pixel_27495,pixel_27496,pixel_27497,pixel_27498,pixel_27499,pixel_27500,pixel_27501,pixel_27502,pixel_27503,pixel_27504,pixel_27505,pixel_27506,pixel_27507,pixel_27508,pixel_27509,pixel_27510,pixel_27511,pixel_27512,pixel_27513,pixel_27514,pixel_27515,pixel_27516,pixel_27517,pixel_27518,pixel_27519,pixel_27520,pixel_27521,pixel_27522,pixel_27523,pixel_27524,pixel_27525,pixel_27526,pixel_27527,pixel_27528,pixel_27529,pixel_27530,pixel_27531,pixel_27532,pixel_27533,pixel_27534,pixel_27535,pixel_27536,pixel_27537,pixel_27538,pixel_27539,pixel_27540,pixel_27541,pixel_27542,pixel_27543,pixel_27544,pixel_27545,pixel_27546,pixel_27547,pixel_27548,pixel_27549,pixel_27550,pixel_27551,pixel_27552,pixel_27553,pixel_27554,pixel_27555,pixel_27556,pixel_27557,pixel_27558,pixel_27559,pixel_27560,pixel_27561,pixel_27562,pixel_27563,pixel_27564,pixel_27565,pixel_27566,pixel_27567,pixel_27568,pixel_27569,pixel_27570,pixel_27571,pixel_27572,pixel_27573,pixel_27574,pixel_27575,pixel_27576,pixel_27577,pixel_27578,pixel_27579,pixel_27580,pixel_27581,pixel_27582,pixel_27583,pixel_27584,pixel_27585,pixel_27586,pixel_27587,pixel_27588,pixel_27589,pixel_27590,pixel_27591,pixel_27592,pixel_27593,pixel_27594,pixel_27595,pixel_27596,pixel_27597,pixel_27598,pixel_27599,pixel_27600,pixel_27601,pixel_27602,pixel_27603,pixel_27604,pixel_27605,pixel_27606,pixel_27607,pixel_27608,pixel_27609,pixel_27610,pixel_27611,pixel_27612,pixel_27613,pixel_27614,pixel_27615,pixel_27616,pixel_27617,pixel_27618,pixel_27619,pixel_27620,pixel_27621,pixel_27622,pixel_27623,pixel_27624,pixel_27625,pixel_27626,pixel_27627,pixel_27628,pixel_27629,pixel_27630,pixel_27631,pixel_27632,pixel_27633,pixel_27634,pixel_27635,pixel_27636,pixel_27637,pixel_27638,pixel_27639,pixel_27640,pixel_27641,pixel_27642,pixel_27643,pixel_27644,pixel_27645,pixel_27646,pixel_27647,pixel_27648,pixel_27649,pixel_27650,pixel_27651,pixel_27652,pixel_27653,pixel_27654,pixel_27655,pixel_27656,pixel_27657,pixel_27658,pixel_27659,pixel_27660,pixel_27661,pixel_27662,pixel_27663,pixel_27664,pixel_27665,pixel_27666,pixel_27667,pixel_27668,pixel_27669,pixel_27670,pixel_27671,pixel_27672,pixel_27673,pixel_27674,pixel_27675,pixel_27676,pixel_27677,pixel_27678,pixel_27679,pixel_27680,pixel_27681,pixel_27682,pixel_27683,pixel_27684,pixel_27685,pixel_27686,pixel_27687,pixel_27688,pixel_27689,pixel_27690,pixel_27691,pixel_27692,pixel_27693,pixel_27694,pixel_27695,pixel_27696,pixel_27697,pixel_27698,pixel_27699,pixel_27700,pixel_27701,pixel_27702,pixel_27703,pixel_27704,pixel_27705,pixel_27706,pixel_27707,pixel_27708,pixel_27709,pixel_27710,pixel_27711,pixel_27712,pixel_27713,pixel_27714,pixel_27715,pixel_27716,pixel_27717,pixel_27718,pixel_27719,pixel_27720,pixel_27721,pixel_27722,pixel_27723,pixel_27724,pixel_27725,pixel_27726,pixel_27727,pixel_27728,pixel_27729,pixel_27730,pixel_27731,pixel_27732,pixel_27733,pixel_27734,pixel_27735,pixel_27736,pixel_27737,pixel_27738,pixel_27739,pixel_27740,pixel_27741,pixel_27742,pixel_27743,pixel_27744,pixel_27745,pixel_27746,pixel_27747,pixel_27748,pixel_27749,pixel_27750,pixel_27751,pixel_27752,pixel_27753,pixel_27754,pixel_27755,pixel_27756,pixel_27757,pixel_27758,pixel_27759,pixel_27760,pixel_27761,pixel_27762,pixel_27763,pixel_27764,pixel_27765,pixel_27766,pixel_27767,pixel_27768,pixel_27769,pixel_27770,pixel_27771,pixel_27772,pixel_27773,pixel_27774,pixel_27775,pixel_27776,pixel_27777,pixel_27778,pixel_27779,pixel_27780,pixel_27781,pixel_27782,pixel_27783,pixel_27784,pixel_27785,pixel_27786,pixel_27787,pixel_27788,pixel_27789,pixel_27790,pixel_27791,pixel_27792,pixel_27793,pixel_27794,pixel_27795,pixel_27796,pixel_27797,pixel_27798,pixel_27799,pixel_27800,pixel_27801,pixel_27802,pixel_27803,pixel_27804,pixel_27805,pixel_27806,pixel_27807,pixel_27808,pixel_27809,pixel_27810,pixel_27811,pixel_27812,pixel_27813,pixel_27814,pixel_27815,pixel_27816,pixel_27817,pixel_27818,pixel_27819,pixel_27820,pixel_27821,pixel_27822,pixel_27823,pixel_27824,pixel_27825,pixel_27826,pixel_27827,pixel_27828,pixel_27829,pixel_27830,pixel_27831,pixel_27832,pixel_27833,pixel_27834,pixel_27835,pixel_27836,pixel_27837,pixel_27838,pixel_27839,pixel_27840,pixel_27841,pixel_27842,pixel_27843,pixel_27844,pixel_27845,pixel_27846,pixel_27847,pixel_27848,pixel_27849,pixel_27850,pixel_27851,pixel_27852,pixel_27853,pixel_27854,pixel_27855,pixel_27856,pixel_27857,pixel_27858,pixel_27859,pixel_27860,pixel_27861,pixel_27862,pixel_27863,pixel_27864,pixel_27865,pixel_27866,pixel_27867,pixel_27868,pixel_27869,pixel_27870,pixel_27871,pixel_27872,pixel_27873,pixel_27874,pixel_27875,pixel_27876,pixel_27877,pixel_27878,pixel_27879,pixel_27880,pixel_27881,pixel_27882,pixel_27883,pixel_27884,pixel_27885,pixel_27886,pixel_27887,pixel_27888,pixel_27889,pixel_27890,pixel_27891,pixel_27892,pixel_27893,pixel_27894,pixel_27895,pixel_27896,pixel_27897,pixel_27898,pixel_27899,pixel_27900,pixel_27901,pixel_27902,pixel_27903,pixel_27904,pixel_27905,pixel_27906,pixel_27907,pixel_27908,pixel_27909,pixel_27910,pixel_27911,pixel_27912,pixel_27913,pixel_27914,pixel_27915,pixel_27916,pixel_27917,pixel_27918,pixel_27919,pixel_27920,pixel_27921,pixel_27922,pixel_27923,pixel_27924,pixel_27925,pixel_27926,pixel_27927,pixel_27928,pixel_27929,pixel_27930,pixel_27931,pixel_27932,pixel_27933,pixel_27934,pixel_27935,pixel_27936,pixel_27937,pixel_27938,pixel_27939,pixel_27940,pixel_27941,pixel_27942,pixel_27943,pixel_27944,pixel_27945,pixel_27946,pixel_27947,pixel_27948,pixel_27949,pixel_27950,pixel_27951,pixel_27952,pixel_27953,pixel_27954,pixel_27955,pixel_27956,pixel_27957,pixel_27958,pixel_27959,pixel_27960,pixel_27961,pixel_27962,pixel_27963,pixel_27964,pixel_27965,pixel_27966,pixel_27967,pixel_27968,pixel_27969,pixel_27970,pixel_27971,pixel_27972,pixel_27973,pixel_27974,pixel_27975,pixel_27976,pixel_27977,pixel_27978,pixel_27979,pixel_27980,pixel_27981,pixel_27982,pixel_27983,pixel_27984,pixel_27985,pixel_27986,pixel_27987,pixel_27988,pixel_27989,pixel_27990,pixel_27991,pixel_27992,pixel_27993,pixel_27994,pixel_27995,pixel_27996,pixel_27997,pixel_27998,pixel_27999,pixel_28000,pixel_28001,pixel_28002,pixel_28003,pixel_28004,pixel_28005,pixel_28006,pixel_28007,pixel_28008,pixel_28009,pixel_28010,pixel_28011,pixel_28012,pixel_28013,pixel_28014,pixel_28015,pixel_28016,pixel_28017,pixel_28018,pixel_28019,pixel_28020,pixel_28021,pixel_28022,pixel_28023,pixel_28024,pixel_28025,pixel_28026,pixel_28027,pixel_28028,pixel_28029,pixel_28030,pixel_28031,pixel_28032,pixel_28033,pixel_28034,pixel_28035,pixel_28036,pixel_28037,pixel_28038,pixel_28039,pixel_28040,pixel_28041,pixel_28042,pixel_28043,pixel_28044,pixel_28045,pixel_28046,pixel_28047,pixel_28048,pixel_28049,pixel_28050,pixel_28051,pixel_28052,pixel_28053,pixel_28054,pixel_28055,pixel_28056,pixel_28057,pixel_28058,pixel_28059,pixel_28060,pixel_28061,pixel_28062,pixel_28063,pixel_28064,pixel_28065,pixel_28066,pixel_28067,pixel_28068,pixel_28069,pixel_28070,pixel_28071,pixel_28072,pixel_28073,pixel_28074,pixel_28075,pixel_28076,pixel_28077,pixel_28078,pixel_28079,pixel_28080,pixel_28081,pixel_28082,pixel_28083,pixel_28084,pixel_28085,pixel_28086,pixel_28087,pixel_28088,pixel_28089,pixel_28090,pixel_28091,pixel_28092,pixel_28093,pixel_28094,pixel_28095,pixel_28096,pixel_28097,pixel_28098,pixel_28099,pixel_28100,pixel_28101,pixel_28102,pixel_28103,pixel_28104,pixel_28105,pixel_28106,pixel_28107,pixel_28108,pixel_28109,pixel_28110,pixel_28111,pixel_28112,pixel_28113,pixel_28114,pixel_28115,pixel_28116,pixel_28117,pixel_28118,pixel_28119,pixel_28120,pixel_28121,pixel_28122,pixel_28123,pixel_28124,pixel_28125,pixel_28126,pixel_28127,pixel_28128,pixel_28129,pixel_28130,pixel_28131,pixel_28132,pixel_28133,pixel_28134,pixel_28135,pixel_28136,pixel_28137,pixel_28138,pixel_28139,pixel_28140,pixel_28141,pixel_28142,pixel_28143,pixel_28144,pixel_28145,pixel_28146,pixel_28147,pixel_28148,pixel_28149,pixel_28150,pixel_28151,pixel_28152,pixel_28153,pixel_28154,pixel_28155,pixel_28156,pixel_28157,pixel_28158,pixel_28159,pixel_28160,pixel_28161,pixel_28162,pixel_28163,pixel_28164,pixel_28165,pixel_28166,pixel_28167,pixel_28168,pixel_28169,pixel_28170,pixel_28171,pixel_28172,pixel_28173,pixel_28174,pixel_28175,pixel_28176,pixel_28177,pixel_28178,pixel_28179,pixel_28180,pixel_28181,pixel_28182,pixel_28183,pixel_28184,pixel_28185,pixel_28186,pixel_28187,pixel_28188,pixel_28189,pixel_28190,pixel_28191,pixel_28192,pixel_28193,pixel_28194,pixel_28195,pixel_28196,pixel_28197,pixel_28198,pixel_28199,pixel_28200,pixel_28201,pixel_28202,pixel_28203,pixel_28204,pixel_28205,pixel_28206,pixel_28207,pixel_28208,pixel_28209,pixel_28210,pixel_28211,pixel_28212,pixel_28213,pixel_28214,pixel_28215,pixel_28216,pixel_28217,pixel_28218,pixel_28219,pixel_28220,pixel_28221,pixel_28222,pixel_28223,pixel_28224,pixel_28225,pixel_28226,pixel_28227,pixel_28228,pixel_28229,pixel_28230,pixel_28231,pixel_28232,pixel_28233,pixel_28234,pixel_28235,pixel_28236,pixel_28237,pixel_28238,pixel_28239,pixel_28240,pixel_28241,pixel_28242,pixel_28243,pixel_28244,pixel_28245,pixel_28246,pixel_28247,pixel_28248,pixel_28249,pixel_28250,pixel_28251,pixel_28252,pixel_28253,pixel_28254,pixel_28255,pixel_28256,pixel_28257,pixel_28258,pixel_28259,pixel_28260,pixel_28261,pixel_28262,pixel_28263,pixel_28264,pixel_28265,pixel_28266,pixel_28267,pixel_28268,pixel_28269,pixel_28270,pixel_28271,pixel_28272,pixel_28273,pixel_28274,pixel_28275,pixel_28276,pixel_28277,pixel_28278,pixel_28279,pixel_28280,pixel_28281,pixel_28282,pixel_28283,pixel_28284,pixel_28285,pixel_28286,pixel_28287,pixel_28288,pixel_28289,pixel_28290,pixel_28291,pixel_28292,pixel_28293,pixel_28294,pixel_28295,pixel_28296,pixel_28297,pixel_28298,pixel_28299,pixel_28300,pixel_28301,pixel_28302,pixel_28303,pixel_28304,pixel_28305,pixel_28306,pixel_28307,pixel_28308,pixel_28309,pixel_28310,pixel_28311,pixel_28312,pixel_28313,pixel_28314,pixel_28315,pixel_28316,pixel_28317,pixel_28318,pixel_28319,pixel_28320,pixel_28321,pixel_28322,pixel_28323,pixel_28324,pixel_28325,pixel_28326,pixel_28327,pixel_28328,pixel_28329,pixel_28330,pixel_28331,pixel_28332,pixel_28333,pixel_28334,pixel_28335,pixel_28336,pixel_28337,pixel_28338,pixel_28339,pixel_28340,pixel_28341,pixel_28342,pixel_28343,pixel_28344,pixel_28345,pixel_28346,pixel_28347,pixel_28348,pixel_28349,pixel_28350,pixel_28351,pixel_28352,pixel_28353,pixel_28354,pixel_28355,pixel_28356,pixel_28357,pixel_28358,pixel_28359,pixel_28360,pixel_28361,pixel_28362,pixel_28363,pixel_28364,pixel_28365,pixel_28366,pixel_28367,pixel_28368,pixel_28369,pixel_28370,pixel_28371,pixel_28372,pixel_28373,pixel_28374,pixel_28375,pixel_28376,pixel_28377,pixel_28378,pixel_28379,pixel_28380,pixel_28381,pixel_28382,pixel_28383,pixel_28384,pixel_28385,pixel_28386,pixel_28387,pixel_28388,pixel_28389,pixel_28390,pixel_28391,pixel_28392,pixel_28393,pixel_28394,pixel_28395,pixel_28396,pixel_28397,pixel_28398,pixel_28399,pixel_28400,pixel_28401,pixel_28402,pixel_28403,pixel_28404,pixel_28405,pixel_28406,pixel_28407,pixel_28408,pixel_28409,pixel_28410,pixel_28411,pixel_28412,pixel_28413,pixel_28414,pixel_28415,pixel_28416,pixel_28417,pixel_28418,pixel_28419,pixel_28420,pixel_28421,pixel_28422,pixel_28423,pixel_28424,pixel_28425,pixel_28426,pixel_28427,pixel_28428,pixel_28429,pixel_28430,pixel_28431,pixel_28432,pixel_28433,pixel_28434,pixel_28435,pixel_28436,pixel_28437,pixel_28438,pixel_28439,pixel_28440,pixel_28441,pixel_28442,pixel_28443,pixel_28444,pixel_28445,pixel_28446,pixel_28447,pixel_28448,pixel_28449,pixel_28450,pixel_28451,pixel_28452,pixel_28453,pixel_28454,pixel_28455,pixel_28456,pixel_28457,pixel_28458,pixel_28459,pixel_28460,pixel_28461,pixel_28462,pixel_28463,pixel_28464,pixel_28465,pixel_28466,pixel_28467,pixel_28468,pixel_28469,pixel_28470,pixel_28471,pixel_28472,pixel_28473,pixel_28474,pixel_28475,pixel_28476,pixel_28477,pixel_28478,pixel_28479,pixel_28480,pixel_28481,pixel_28482,pixel_28483,pixel_28484,pixel_28485,pixel_28486,pixel_28487,pixel_28488,pixel_28489,pixel_28490,pixel_28491,pixel_28492,pixel_28493,pixel_28494,pixel_28495,pixel_28496,pixel_28497,pixel_28498,pixel_28499,pixel_28500,pixel_28501,pixel_28502,pixel_28503,pixel_28504,pixel_28505,pixel_28506,pixel_28507,pixel_28508,pixel_28509,pixel_28510,pixel_28511,pixel_28512,pixel_28513,pixel_28514,pixel_28515,pixel_28516,pixel_28517,pixel_28518,pixel_28519,pixel_28520,pixel_28521,pixel_28522,pixel_28523,pixel_28524,pixel_28525,pixel_28526,pixel_28527,pixel_28528,pixel_28529,pixel_28530,pixel_28531,pixel_28532,pixel_28533,pixel_28534,pixel_28535,pixel_28536,pixel_28537,pixel_28538,pixel_28539,pixel_28540,pixel_28541,pixel_28542,pixel_28543,pixel_28544,pixel_28545,pixel_28546,pixel_28547,pixel_28548,pixel_28549,pixel_28550,pixel_28551,pixel_28552,pixel_28553,pixel_28554,pixel_28555,pixel_28556,pixel_28557,pixel_28558,pixel_28559,pixel_28560,pixel_28561,pixel_28562,pixel_28563,pixel_28564,pixel_28565,pixel_28566,pixel_28567,pixel_28568,pixel_28569,pixel_28570,pixel_28571,pixel_28572,pixel_28573,pixel_28574,pixel_28575,pixel_28576,pixel_28577,pixel_28578,pixel_28579,pixel_28580,pixel_28581,pixel_28582,pixel_28583,pixel_28584,pixel_28585,pixel_28586,pixel_28587,pixel_28588,pixel_28589,pixel_28590,pixel_28591,pixel_28592,pixel_28593,pixel_28594,pixel_28595,pixel_28596,pixel_28597,pixel_28598,pixel_28599,pixel_28600,pixel_28601,pixel_28602,pixel_28603,pixel_28604,pixel_28605,pixel_28606,pixel_28607,pixel_28608,pixel_28609,pixel_28610,pixel_28611,pixel_28612,pixel_28613,pixel_28614,pixel_28615,pixel_28616,pixel_28617,pixel_28618,pixel_28619,pixel_28620,pixel_28621,pixel_28622,pixel_28623,pixel_28624,pixel_28625,pixel_28626,pixel_28627,pixel_28628,pixel_28629,pixel_28630,pixel_28631,pixel_28632,pixel_28633,pixel_28634,pixel_28635,pixel_28636,pixel_28637,pixel_28638,pixel_28639,pixel_28640,pixel_28641,pixel_28642,pixel_28643,pixel_28644,pixel_28645,pixel_28646,pixel_28647,pixel_28648,pixel_28649,pixel_28650,pixel_28651,pixel_28652,pixel_28653,pixel_28654,pixel_28655,pixel_28656,pixel_28657,pixel_28658,pixel_28659,pixel_28660,pixel_28661,pixel_28662,pixel_28663,pixel_28664,pixel_28665,pixel_28666,pixel_28667,pixel_28668,pixel_28669,pixel_28670,pixel_28671,pixel_28672,pixel_28673,pixel_28674,pixel_28675,pixel_28676,pixel_28677,pixel_28678,pixel_28679,pixel_28680,pixel_28681,pixel_28682,pixel_28683,pixel_28684,pixel_28685,pixel_28686,pixel_28687,pixel_28688,pixel_28689,pixel_28690,pixel_28691,pixel_28692,pixel_28693,pixel_28694,pixel_28695,pixel_28696,pixel_28697,pixel_28698,pixel_28699,pixel_28700,pixel_28701,pixel_28702,pixel_28703,pixel_28704,pixel_28705,pixel_28706,pixel_28707,pixel_28708,pixel_28709,pixel_28710,pixel_28711,pixel_28712,pixel_28713,pixel_28714,pixel_28715,pixel_28716,pixel_28717,pixel_28718,pixel_28719,pixel_28720,pixel_28721,pixel_28722,pixel_28723,pixel_28724,pixel_28725,pixel_28726,pixel_28727,pixel_28728,pixel_28729,pixel_28730,pixel_28731,pixel_28732,pixel_28733,pixel_28734,pixel_28735,pixel_28736,pixel_28737,pixel_28738,pixel_28739,pixel_28740,pixel_28741,pixel_28742,pixel_28743,pixel_28744,pixel_28745,pixel_28746,pixel_28747,pixel_28748,pixel_28749,pixel_28750,pixel_28751,pixel_28752,pixel_28753,pixel_28754,pixel_28755,pixel_28756,pixel_28757,pixel_28758,pixel_28759,pixel_28760,pixel_28761,pixel_28762,pixel_28763,pixel_28764,pixel_28765,pixel_28766,pixel_28767,pixel_28768,pixel_28769,pixel_28770,pixel_28771,pixel_28772,pixel_28773,pixel_28774,pixel_28775,pixel_28776,pixel_28777,pixel_28778,pixel_28779,pixel_28780,pixel_28781,pixel_28782,pixel_28783,pixel_28784,pixel_28785,pixel_28786,pixel_28787,pixel_28788,pixel_28789,pixel_28790,pixel_28791,pixel_28792,pixel_28793,pixel_28794,pixel_28795,pixel_28796,pixel_28797,pixel_28798,pixel_28799,pixel_28800,pixel_28801,pixel_28802,pixel_28803,pixel_28804,pixel_28805,pixel_28806,pixel_28807,pixel_28808,pixel_28809,pixel_28810,pixel_28811,pixel_28812,pixel_28813,pixel_28814,pixel_28815,pixel_28816,pixel_28817,pixel_28818,pixel_28819,pixel_28820,pixel_28821,pixel_28822,pixel_28823,pixel_28824,pixel_28825,pixel_28826,pixel_28827,pixel_28828,pixel_28829,pixel_28830,pixel_28831,pixel_28832,pixel_28833,pixel_28834,pixel_28835,pixel_28836,pixel_28837,pixel_28838,pixel_28839,pixel_28840,pixel_28841,pixel_28842,pixel_28843,pixel_28844,pixel_28845,pixel_28846,pixel_28847,pixel_28848,pixel_28849,pixel_28850,pixel_28851,pixel_28852,pixel_28853,pixel_28854,pixel_28855,pixel_28856,pixel_28857,pixel_28858,pixel_28859,pixel_28860,pixel_28861,pixel_28862,pixel_28863,pixel_28864,pixel_28865,pixel_28866,pixel_28867,pixel_28868,pixel_28869,pixel_28870,pixel_28871,pixel_28872,pixel_28873,pixel_28874,pixel_28875,pixel_28876,pixel_28877,pixel_28878,pixel_28879,pixel_28880,pixel_28881,pixel_28882,pixel_28883,pixel_28884,pixel_28885,pixel_28886,pixel_28887,pixel_28888,pixel_28889,pixel_28890,pixel_28891,pixel_28892,pixel_28893,pixel_28894,pixel_28895,pixel_28896,pixel_28897,pixel_28898,pixel_28899,pixel_28900,pixel_28901,pixel_28902,pixel_28903,pixel_28904,pixel_28905,pixel_28906,pixel_28907,pixel_28908,pixel_28909,pixel_28910,pixel_28911,pixel_28912,pixel_28913,pixel_28914,pixel_28915,pixel_28916,pixel_28917,pixel_28918,pixel_28919,pixel_28920,pixel_28921,pixel_28922,pixel_28923,pixel_28924,pixel_28925,pixel_28926,pixel_28927,pixel_28928,pixel_28929,pixel_28930,pixel_28931,pixel_28932,pixel_28933,pixel_28934,pixel_28935,pixel_28936,pixel_28937,pixel_28938,pixel_28939,pixel_28940,pixel_28941,pixel_28942,pixel_28943,pixel_28944,pixel_28945,pixel_28946,pixel_28947,pixel_28948,pixel_28949,pixel_28950,pixel_28951,pixel_28952,pixel_28953,pixel_28954,pixel_28955,pixel_28956,pixel_28957,pixel_28958,pixel_28959,pixel_28960,pixel_28961,pixel_28962,pixel_28963,pixel_28964,pixel_28965,pixel_28966,pixel_28967,pixel_28968,pixel_28969,pixel_28970,pixel_28971,pixel_28972,pixel_28973,pixel_28974,pixel_28975,pixel_28976,pixel_28977,pixel_28978,pixel_28979,pixel_28980,pixel_28981,pixel_28982,pixel_28983,pixel_28984,pixel_28985,pixel_28986,pixel_28987,pixel_28988,pixel_28989,pixel_28990,pixel_28991,pixel_28992,pixel_28993,pixel_28994,pixel_28995,pixel_28996,pixel_28997,pixel_28998,pixel_28999,pixel_29000,pixel_29001,pixel_29002,pixel_29003,pixel_29004,pixel_29005,pixel_29006,pixel_29007,pixel_29008,pixel_29009,pixel_29010,pixel_29011,pixel_29012,pixel_29013,pixel_29014,pixel_29015,pixel_29016,pixel_29017,pixel_29018,pixel_29019,pixel_29020,pixel_29021,pixel_29022,pixel_29023,pixel_29024,pixel_29025,pixel_29026,pixel_29027,pixel_29028,pixel_29029,pixel_29030,pixel_29031,pixel_29032,pixel_29033,pixel_29034,pixel_29035,pixel_29036,pixel_29037,pixel_29038,pixel_29039,pixel_29040,pixel_29041,pixel_29042,pixel_29043,pixel_29044,pixel_29045,pixel_29046,pixel_29047,pixel_29048,pixel_29049,pixel_29050,pixel_29051,pixel_29052,pixel_29053,pixel_29054,pixel_29055,pixel_29056,pixel_29057,pixel_29058,pixel_29059,pixel_29060,pixel_29061,pixel_29062,pixel_29063,pixel_29064,pixel_29065,pixel_29066,pixel_29067,pixel_29068,pixel_29069,pixel_29070,pixel_29071,pixel_29072,pixel_29073,pixel_29074,pixel_29075,pixel_29076,pixel_29077,pixel_29078,pixel_29079,pixel_29080,pixel_29081,pixel_29082,pixel_29083,pixel_29084,pixel_29085,pixel_29086,pixel_29087,pixel_29088,pixel_29089,pixel_29090,pixel_29091,pixel_29092,pixel_29093,pixel_29094,pixel_29095,pixel_29096,pixel_29097,pixel_29098,pixel_29099,pixel_29100,pixel_29101,pixel_29102,pixel_29103,pixel_29104,pixel_29105,pixel_29106,pixel_29107,pixel_29108,pixel_29109,pixel_29110,pixel_29111,pixel_29112,pixel_29113,pixel_29114,pixel_29115,pixel_29116,pixel_29117,pixel_29118,pixel_29119,pixel_29120,pixel_29121,pixel_29122,pixel_29123,pixel_29124,pixel_29125,pixel_29126,pixel_29127,pixel_29128,pixel_29129,pixel_29130,pixel_29131,pixel_29132,pixel_29133,pixel_29134,pixel_29135,pixel_29136,pixel_29137,pixel_29138,pixel_29139,pixel_29140,pixel_29141,pixel_29142,pixel_29143,pixel_29144,pixel_29145,pixel_29146,pixel_29147,pixel_29148,pixel_29149,pixel_29150,pixel_29151,pixel_29152,pixel_29153,pixel_29154,pixel_29155,pixel_29156,pixel_29157,pixel_29158,pixel_29159,pixel_29160,pixel_29161,pixel_29162,pixel_29163,pixel_29164,pixel_29165,pixel_29166,pixel_29167,pixel_29168,pixel_29169,pixel_29170,pixel_29171,pixel_29172,pixel_29173,pixel_29174,pixel_29175,pixel_29176,pixel_29177,pixel_29178,pixel_29179,pixel_29180,pixel_29181,pixel_29182,pixel_29183,pixel_29184,pixel_29185,pixel_29186,pixel_29187,pixel_29188,pixel_29189,pixel_29190,pixel_29191,pixel_29192,pixel_29193,pixel_29194,pixel_29195,pixel_29196,pixel_29197,pixel_29198,pixel_29199,pixel_29200,pixel_29201,pixel_29202,pixel_29203,pixel_29204,pixel_29205,pixel_29206,pixel_29207,pixel_29208,pixel_29209,pixel_29210,pixel_29211,pixel_29212,pixel_29213,pixel_29214,pixel_29215,pixel_29216,pixel_29217,pixel_29218,pixel_29219,pixel_29220,pixel_29221,pixel_29222,pixel_29223,pixel_29224,pixel_29225,pixel_29226,pixel_29227,pixel_29228,pixel_29229,pixel_29230,pixel_29231,pixel_29232,pixel_29233,pixel_29234,pixel_29235,pixel_29236,pixel_29237,pixel_29238,pixel_29239,pixel_29240,pixel_29241,pixel_29242,pixel_29243,pixel_29244,pixel_29245,pixel_29246,pixel_29247,pixel_29248,pixel_29249,pixel_29250,pixel_29251,pixel_29252,pixel_29253,pixel_29254,pixel_29255,pixel_29256,pixel_29257,pixel_29258,pixel_29259,pixel_29260,pixel_29261,pixel_29262,pixel_29263,pixel_29264,pixel_29265,pixel_29266,pixel_29267,pixel_29268,pixel_29269,pixel_29270,pixel_29271,pixel_29272,pixel_29273,pixel_29274,pixel_29275,pixel_29276,pixel_29277,pixel_29278,pixel_29279,pixel_29280,pixel_29281,pixel_29282,pixel_29283,pixel_29284,pixel_29285,pixel_29286,pixel_29287,pixel_29288,pixel_29289,pixel_29290,pixel_29291,pixel_29292,pixel_29293,pixel_29294,pixel_29295,pixel_29296,pixel_29297,pixel_29298,pixel_29299,pixel_29300,pixel_29301,pixel_29302,pixel_29303,pixel_29304,pixel_29305,pixel_29306,pixel_29307,pixel_29308,pixel_29309,pixel_29310,pixel_29311,pixel_29312,pixel_29313,pixel_29314,pixel_29315,pixel_29316,pixel_29317,pixel_29318,pixel_29319,pixel_29320,pixel_29321,pixel_29322,pixel_29323,pixel_29324,pixel_29325,pixel_29326,pixel_29327,pixel_29328,pixel_29329,pixel_29330,pixel_29331,pixel_29332,pixel_29333,pixel_29334,pixel_29335,pixel_29336,pixel_29337,pixel_29338,pixel_29339,pixel_29340,pixel_29341,pixel_29342,pixel_29343,pixel_29344,pixel_29345,pixel_29346,pixel_29347,pixel_29348,pixel_29349,pixel_29350,pixel_29351,pixel_29352,pixel_29353,pixel_29354,pixel_29355,pixel_29356,pixel_29357,pixel_29358,pixel_29359,pixel_29360,pixel_29361,pixel_29362,pixel_29363,pixel_29364,pixel_29365,pixel_29366,pixel_29367,pixel_29368,pixel_29369,pixel_29370,pixel_29371,pixel_29372,pixel_29373,pixel_29374,pixel_29375,pixel_29376,pixel_29377,pixel_29378,pixel_29379,pixel_29380,pixel_29381,pixel_29382,pixel_29383,pixel_29384,pixel_29385,pixel_29386,pixel_29387,pixel_29388,pixel_29389,pixel_29390,pixel_29391,pixel_29392,pixel_29393,pixel_29394,pixel_29395,pixel_29396,pixel_29397,pixel_29398,pixel_29399,pixel_29400,pixel_29401,pixel_29402,pixel_29403,pixel_29404,pixel_29405,pixel_29406,pixel_29407,pixel_29408,pixel_29409,pixel_29410,pixel_29411,pixel_29412,pixel_29413,pixel_29414,pixel_29415,pixel_29416,pixel_29417,pixel_29418,pixel_29419,pixel_29420,pixel_29421,pixel_29422,pixel_29423,pixel_29424,pixel_29425,pixel_29426,pixel_29427,pixel_29428,pixel_29429,pixel_29430,pixel_29431,pixel_29432,pixel_29433,pixel_29434,pixel_29435,pixel_29436,pixel_29437,pixel_29438,pixel_29439,pixel_29440,pixel_29441,pixel_29442,pixel_29443,pixel_29444,pixel_29445,pixel_29446,pixel_29447,pixel_29448,pixel_29449,pixel_29450,pixel_29451,pixel_29452,pixel_29453,pixel_29454,pixel_29455,pixel_29456,pixel_29457,pixel_29458,pixel_29459,pixel_29460,pixel_29461,pixel_29462,pixel_29463,pixel_29464,pixel_29465,pixel_29466,pixel_29467,pixel_29468,pixel_29469,pixel_29470,pixel_29471,pixel_29472,pixel_29473,pixel_29474,pixel_29475,pixel_29476,pixel_29477,pixel_29478,pixel_29479,pixel_29480,pixel_29481,pixel_29482,pixel_29483,pixel_29484,pixel_29485,pixel_29486,pixel_29487,pixel_29488,pixel_29489,pixel_29490,pixel_29491,pixel_29492,pixel_29493,pixel_29494,pixel_29495,pixel_29496,pixel_29497,pixel_29498,pixel_29499,pixel_29500,pixel_29501,pixel_29502,pixel_29503,pixel_29504,pixel_29505,pixel_29506,pixel_29507,pixel_29508,pixel_29509,pixel_29510,pixel_29511,pixel_29512,pixel_29513,pixel_29514,pixel_29515,pixel_29516,pixel_29517,pixel_29518,pixel_29519,pixel_29520,pixel_29521,pixel_29522,pixel_29523,pixel_29524,pixel_29525,pixel_29526,pixel_29527,pixel_29528,pixel_29529,pixel_29530,pixel_29531,pixel_29532,pixel_29533,pixel_29534,pixel_29535,pixel_29536,pixel_29537,pixel_29538,pixel_29539,pixel_29540,pixel_29541,pixel_29542,pixel_29543,pixel_29544,pixel_29545,pixel_29546,pixel_29547,pixel_29548,pixel_29549,pixel_29550,pixel_29551,pixel_29552,pixel_29553,pixel_29554,pixel_29555,pixel_29556,pixel_29557,pixel_29558,pixel_29559,pixel_29560,pixel_29561,pixel_29562,pixel_29563,pixel_29564,pixel_29565,pixel_29566,pixel_29567,pixel_29568,pixel_29569,pixel_29570,pixel_29571,pixel_29572,pixel_29573,pixel_29574,pixel_29575,pixel_29576,pixel_29577,pixel_29578,pixel_29579,pixel_29580,pixel_29581,pixel_29582,pixel_29583,pixel_29584,pixel_29585,pixel_29586,pixel_29587,pixel_29588,pixel_29589,pixel_29590,pixel_29591,pixel_29592,pixel_29593,pixel_29594,pixel_29595,pixel_29596,pixel_29597,pixel_29598,pixel_29599,pixel_29600,pixel_29601,pixel_29602,pixel_29603,pixel_29604,pixel_29605,pixel_29606,pixel_29607,pixel_29608,pixel_29609,pixel_29610,pixel_29611,pixel_29612,pixel_29613,pixel_29614,pixel_29615,pixel_29616,pixel_29617,pixel_29618,pixel_29619,pixel_29620,pixel_29621,pixel_29622,pixel_29623,pixel_29624,pixel_29625,pixel_29626,pixel_29627,pixel_29628,pixel_29629,pixel_29630,pixel_29631,pixel_29632,pixel_29633,pixel_29634,pixel_29635,pixel_29636,pixel_29637,pixel_29638,pixel_29639,pixel_29640,pixel_29641,pixel_29642,pixel_29643,pixel_29644,pixel_29645,pixel_29646,pixel_29647,pixel_29648,pixel_29649,pixel_29650,pixel_29651,pixel_29652,pixel_29653,pixel_29654,pixel_29655,pixel_29656,pixel_29657,pixel_29658,pixel_29659,pixel_29660,pixel_29661,pixel_29662,pixel_29663,pixel_29664,pixel_29665,pixel_29666,pixel_29667,pixel_29668,pixel_29669,pixel_29670,pixel_29671,pixel_29672,pixel_29673,pixel_29674,pixel_29675,pixel_29676,pixel_29677,pixel_29678,pixel_29679,pixel_29680,pixel_29681,pixel_29682,pixel_29683,pixel_29684,pixel_29685,pixel_29686,pixel_29687,pixel_29688,pixel_29689,pixel_29690,pixel_29691,pixel_29692,pixel_29693,pixel_29694,pixel_29695,pixel_29696,pixel_29697,pixel_29698,pixel_29699,pixel_29700,pixel_29701,pixel_29702,pixel_29703,pixel_29704,pixel_29705,pixel_29706,pixel_29707,pixel_29708,pixel_29709,pixel_29710,pixel_29711,pixel_29712,pixel_29713,pixel_29714,pixel_29715,pixel_29716,pixel_29717,pixel_29718,pixel_29719,pixel_29720,pixel_29721,pixel_29722,pixel_29723,pixel_29724,pixel_29725,pixel_29726,pixel_29727,pixel_29728,pixel_29729,pixel_29730,pixel_29731,pixel_29732,pixel_29733,pixel_29734,pixel_29735,pixel_29736,pixel_29737,pixel_29738,pixel_29739,pixel_29740,pixel_29741,pixel_29742,pixel_29743,pixel_29744,pixel_29745,pixel_29746,pixel_29747,pixel_29748,pixel_29749,pixel_29750,pixel_29751,pixel_29752,pixel_29753,pixel_29754,pixel_29755,pixel_29756,pixel_29757,pixel_29758,pixel_29759,pixel_29760,pixel_29761,pixel_29762,pixel_29763,pixel_29764,pixel_29765,pixel_29766,pixel_29767,pixel_29768,pixel_29769,pixel_29770,pixel_29771,pixel_29772,pixel_29773,pixel_29774,pixel_29775,pixel_29776,pixel_29777,pixel_29778,pixel_29779,pixel_29780,pixel_29781,pixel_29782,pixel_29783,pixel_29784,pixel_29785,pixel_29786,pixel_29787,pixel_29788,pixel_29789,pixel_29790,pixel_29791,pixel_29792,pixel_29793,pixel_29794,pixel_29795,pixel_29796,pixel_29797,pixel_29798,pixel_29799,pixel_29800,pixel_29801,pixel_29802,pixel_29803,pixel_29804,pixel_29805,pixel_29806,pixel_29807,pixel_29808,pixel_29809,pixel_29810,pixel_29811,pixel_29812,pixel_29813,pixel_29814,pixel_29815,pixel_29816,pixel_29817,pixel_29818,pixel_29819,pixel_29820,pixel_29821,pixel_29822,pixel_29823,pixel_29824,pixel_29825,pixel_29826,pixel_29827,pixel_29828,pixel_29829,pixel_29830,pixel_29831,pixel_29832,pixel_29833,pixel_29834,pixel_29835,pixel_29836,pixel_29837,pixel_29838,pixel_29839,pixel_29840,pixel_29841,pixel_29842,pixel_29843,pixel_29844,pixel_29845,pixel_29846,pixel_29847,pixel_29848,pixel_29849,pixel_29850,pixel_29851,pixel_29852,pixel_29853,pixel_29854,pixel_29855,pixel_29856,pixel_29857,pixel_29858,pixel_29859,pixel_29860,pixel_29861,pixel_29862,pixel_29863,pixel_29864,pixel_29865,pixel_29866,pixel_29867,pixel_29868,pixel_29869,pixel_29870,pixel_29871,pixel_29872,pixel_29873,pixel_29874,pixel_29875,pixel_29876,pixel_29877,pixel_29878,pixel_29879,pixel_29880,pixel_29881,pixel_29882,pixel_29883,pixel_29884,pixel_29885,pixel_29886,pixel_29887,pixel_29888,pixel_29889,pixel_29890,pixel_29891,pixel_29892,pixel_29893,pixel_29894,pixel_29895,pixel_29896,pixel_29897,pixel_29898,pixel_29899,pixel_29900,pixel_29901,pixel_29902,pixel_29903,pixel_29904,pixel_29905,pixel_29906,pixel_29907,pixel_29908,pixel_29909,pixel_29910,pixel_29911,pixel_29912,pixel_29913,pixel_29914,pixel_29915,pixel_29916,pixel_29917,pixel_29918,pixel_29919,pixel_29920,pixel_29921,pixel_29922,pixel_29923,pixel_29924,pixel_29925,pixel_29926,pixel_29927,pixel_29928,pixel_29929,pixel_29930,pixel_29931,pixel_29932,pixel_29933,pixel_29934,pixel_29935,pixel_29936,pixel_29937,pixel_29938,pixel_29939,pixel_29940,pixel_29941,pixel_29942,pixel_29943,pixel_29944,pixel_29945,pixel_29946,pixel_29947,pixel_29948,pixel_29949,pixel_29950,pixel_29951,pixel_29952,pixel_29953,pixel_29954,pixel_29955,pixel_29956,pixel_29957,pixel_29958,pixel_29959,pixel_29960,pixel_29961,pixel_29962,pixel_29963,pixel_29964,pixel_29965,pixel_29966,pixel_29967,pixel_29968,pixel_29969,pixel_29970,pixel_29971,pixel_29972,pixel_29973,pixel_29974,pixel_29975,pixel_29976,pixel_29977,pixel_29978,pixel_29979,pixel_29980,pixel_29981,pixel_29982,pixel_29983,pixel_29984,pixel_29985,pixel_29986,pixel_29987,pixel_29988,pixel_29989,pixel_29990,pixel_29991,pixel_29992,pixel_29993,pixel_29994,pixel_29995,pixel_29996,pixel_29997,pixel_29998,pixel_29999,pixel_30000,pixel_30001,pixel_30002,pixel_30003,pixel_30004,pixel_30005,pixel_30006,pixel_30007,pixel_30008,pixel_30009,pixel_30010,pixel_30011,pixel_30012,pixel_30013,pixel_30014,pixel_30015,pixel_30016,pixel_30017,pixel_30018,pixel_30019,pixel_30020,pixel_30021,pixel_30022,pixel_30023,pixel_30024,pixel_30025,pixel_30026,pixel_30027,pixel_30028,pixel_30029,pixel_30030,pixel_30031,pixel_30032,pixel_30033,pixel_30034,pixel_30035,pixel_30036,pixel_30037,pixel_30038,pixel_30039,pixel_30040,pixel_30041,pixel_30042,pixel_30043,pixel_30044,pixel_30045,pixel_30046,pixel_30047,pixel_30048,pixel_30049,pixel_30050,pixel_30051,pixel_30052,pixel_30053,pixel_30054,pixel_30055,pixel_30056,pixel_30057,pixel_30058,pixel_30059,pixel_30060,pixel_30061,pixel_30062,pixel_30063,pixel_30064,pixel_30065,pixel_30066,pixel_30067,pixel_30068,pixel_30069,pixel_30070,pixel_30071,pixel_30072,pixel_30073,pixel_30074,pixel_30075,pixel_30076,pixel_30077,pixel_30078,pixel_30079,pixel_30080,pixel_30081,pixel_30082,pixel_30083,pixel_30084,pixel_30085,pixel_30086,pixel_30087,pixel_30088,pixel_30089,pixel_30090,pixel_30091,pixel_30092,pixel_30093,pixel_30094,pixel_30095,pixel_30096,pixel_30097,pixel_30098,pixel_30099,pixel_30100,pixel_30101,pixel_30102,pixel_30103,pixel_30104,pixel_30105,pixel_30106,pixel_30107,pixel_30108,pixel_30109,pixel_30110,pixel_30111,pixel_30112,pixel_30113,pixel_30114,pixel_30115,pixel_30116,pixel_30117,pixel_30118,pixel_30119,pixel_30120,pixel_30121,pixel_30122,pixel_30123,pixel_30124,pixel_30125,pixel_30126,pixel_30127,pixel_30128,pixel_30129,pixel_30130,pixel_30131,pixel_30132,pixel_30133,pixel_30134,pixel_30135,pixel_30136,pixel_30137,pixel_30138,pixel_30139,pixel_30140,pixel_30141,pixel_30142,pixel_30143,pixel_30144,pixel_30145,pixel_30146,pixel_30147,pixel_30148,pixel_30149,pixel_30150,pixel_30151,pixel_30152,pixel_30153,pixel_30154,pixel_30155,pixel_30156,pixel_30157,pixel_30158,pixel_30159,pixel_30160,pixel_30161,pixel_30162,pixel_30163,pixel_30164,pixel_30165,pixel_30166,pixel_30167,pixel_30168,pixel_30169,pixel_30170,pixel_30171,pixel_30172,pixel_30173,pixel_30174,pixel_30175,pixel_30176,pixel_30177,pixel_30178,pixel_30179,pixel_30180,pixel_30181,pixel_30182,pixel_30183,pixel_30184,pixel_30185,pixel_30186,pixel_30187,pixel_30188,pixel_30189,pixel_30190,pixel_30191,pixel_30192,pixel_30193,pixel_30194,pixel_30195,pixel_30196,pixel_30197,pixel_30198,pixel_30199,pixel_30200,pixel_30201,pixel_30202,pixel_30203,pixel_30204,pixel_30205,pixel_30206,pixel_30207,pixel_30208,pixel_30209,pixel_30210,pixel_30211,pixel_30212,pixel_30213,pixel_30214,pixel_30215,pixel_30216,pixel_30217,pixel_30218,pixel_30219,pixel_30220,pixel_30221,pixel_30222,pixel_30223,pixel_30224,pixel_30225,pixel_30226,pixel_30227,pixel_30228,pixel_30229,pixel_30230,pixel_30231,pixel_30232,pixel_30233,pixel_30234,pixel_30235,pixel_30236,pixel_30237,pixel_30238,pixel_30239,pixel_30240,pixel_30241,pixel_30242,pixel_30243,pixel_30244,pixel_30245,pixel_30246,pixel_30247,pixel_30248,pixel_30249,pixel_30250,pixel_30251,pixel_30252,pixel_30253,pixel_30254,pixel_30255,pixel_30256,pixel_30257,pixel_30258,pixel_30259,pixel_30260,pixel_30261,pixel_30262,pixel_30263,pixel_30264,pixel_30265,pixel_30266,pixel_30267,pixel_30268,pixel_30269,pixel_30270,pixel_30271,pixel_30272,pixel_30273,pixel_30274,pixel_30275,pixel_30276,pixel_30277,pixel_30278,pixel_30279,pixel_30280,pixel_30281,pixel_30282,pixel_30283,pixel_30284,pixel_30285,pixel_30286,pixel_30287,pixel_30288,pixel_30289,pixel_30290,pixel_30291,pixel_30292,pixel_30293,pixel_30294,pixel_30295,pixel_30296,pixel_30297,pixel_30298,pixel_30299,pixel_30300,pixel_30301,pixel_30302,pixel_30303,pixel_30304,pixel_30305,pixel_30306,pixel_30307,pixel_30308,pixel_30309,pixel_30310,pixel_30311,pixel_30312,pixel_30313,pixel_30314,pixel_30315,pixel_30316,pixel_30317,pixel_30318,pixel_30319,pixel_30320,pixel_30321,pixel_30322,pixel_30323,pixel_30324,pixel_30325,pixel_30326,pixel_30327,pixel_30328,pixel_30329,pixel_30330,pixel_30331,pixel_30332,pixel_30333,pixel_30334,pixel_30335,pixel_30336,pixel_30337,pixel_30338,pixel_30339,pixel_30340,pixel_30341,pixel_30342,pixel_30343,pixel_30344,pixel_30345,pixel_30346,pixel_30347,pixel_30348,pixel_30349,pixel_30350,pixel_30351,pixel_30352,pixel_30353,pixel_30354,pixel_30355,pixel_30356,pixel_30357,pixel_30358,pixel_30359,pixel_30360,pixel_30361,pixel_30362,pixel_30363,pixel_30364,pixel_30365,pixel_30366,pixel_30367,pixel_30368,pixel_30369,pixel_30370,pixel_30371,pixel_30372,pixel_30373,pixel_30374,pixel_30375,pixel_30376,pixel_30377,pixel_30378,pixel_30379,pixel_30380,pixel_30381,pixel_30382,pixel_30383,pixel_30384,pixel_30385,pixel_30386,pixel_30387,pixel_30388,pixel_30389,pixel_30390,pixel_30391,pixel_30392,pixel_30393,pixel_30394,pixel_30395,pixel_30396,pixel_30397,pixel_30398,pixel_30399,pixel_30400,pixel_30401,pixel_30402,pixel_30403,pixel_30404,pixel_30405,pixel_30406,pixel_30407,pixel_30408,pixel_30409,pixel_30410,pixel_30411,pixel_30412,pixel_30413,pixel_30414,pixel_30415,pixel_30416,pixel_30417,pixel_30418,pixel_30419,pixel_30420,pixel_30421,pixel_30422,pixel_30423,pixel_30424,pixel_30425,pixel_30426,pixel_30427,pixel_30428,pixel_30429,pixel_30430,pixel_30431,pixel_30432,pixel_30433,pixel_30434,pixel_30435,pixel_30436,pixel_30437,pixel_30438,pixel_30439,pixel_30440,pixel_30441,pixel_30442,pixel_30443,pixel_30444,pixel_30445,pixel_30446,pixel_30447,pixel_30448,pixel_30449,pixel_30450,pixel_30451,pixel_30452,pixel_30453,pixel_30454,pixel_30455,pixel_30456,pixel_30457,pixel_30458,pixel_30459,pixel_30460,pixel_30461,pixel_30462,pixel_30463,pixel_30464,pixel_30465,pixel_30466,pixel_30467,pixel_30468,pixel_30469,pixel_30470,pixel_30471,pixel_30472,pixel_30473,pixel_30474,pixel_30475,pixel_30476,pixel_30477,pixel_30478,pixel_30479,pixel_30480,pixel_30481,pixel_30482,pixel_30483,pixel_30484,pixel_30485,pixel_30486,pixel_30487,pixel_30488,pixel_30489,pixel_30490,pixel_30491,pixel_30492,pixel_30493,pixel_30494,pixel_30495,pixel_30496,pixel_30497,pixel_30498,pixel_30499,pixel_30500,pixel_30501,pixel_30502,pixel_30503,pixel_30504,pixel_30505,pixel_30506,pixel_30507,pixel_30508,pixel_30509,pixel_30510,pixel_30511,pixel_30512,pixel_30513,pixel_30514,pixel_30515,pixel_30516,pixel_30517,pixel_30518,pixel_30519,pixel_30520,pixel_30521,pixel_30522,pixel_30523,pixel_30524,pixel_30525,pixel_30526,pixel_30527,pixel_30528,pixel_30529,pixel_30530,pixel_30531,pixel_30532,pixel_30533,pixel_30534,pixel_30535,pixel_30536,pixel_30537,pixel_30538,pixel_30539,pixel_30540,pixel_30541,pixel_30542,pixel_30543,pixel_30544,pixel_30545,pixel_30546,pixel_30547,pixel_30548,pixel_30549,pixel_30550,pixel_30551,pixel_30552,pixel_30553,pixel_30554,pixel_30555,pixel_30556,pixel_30557,pixel_30558,pixel_30559,pixel_30560,pixel_30561,pixel_30562,pixel_30563,pixel_30564,pixel_30565,pixel_30566,pixel_30567,pixel_30568,pixel_30569,pixel_30570,pixel_30571,pixel_30572,pixel_30573,pixel_30574,pixel_30575,pixel_30576,pixel_30577,pixel_30578,pixel_30579,pixel_30580,pixel_30581,pixel_30582,pixel_30583,pixel_30584,pixel_30585,pixel_30586,pixel_30587,pixel_30588,pixel_30589,pixel_30590,pixel_30591,pixel_30592,pixel_30593,pixel_30594,pixel_30595,pixel_30596,pixel_30597,pixel_30598,pixel_30599,pixel_30600,pixel_30601,pixel_30602,pixel_30603,pixel_30604,pixel_30605,pixel_30606,pixel_30607,pixel_30608,pixel_30609,pixel_30610,pixel_30611,pixel_30612,pixel_30613,pixel_30614,pixel_30615,pixel_30616,pixel_30617,pixel_30618,pixel_30619,pixel_30620,pixel_30621,pixel_30622,pixel_30623,pixel_30624,pixel_30625,pixel_30626,pixel_30627,pixel_30628,pixel_30629,pixel_30630,pixel_30631,pixel_30632,pixel_30633,pixel_30634,pixel_30635,pixel_30636,pixel_30637,pixel_30638,pixel_30639,pixel_30640,pixel_30641,pixel_30642,pixel_30643,pixel_30644,pixel_30645,pixel_30646,pixel_30647,pixel_30648,pixel_30649,pixel_30650,pixel_30651,pixel_30652,pixel_30653,pixel_30654,pixel_30655,pixel_30656,pixel_30657,pixel_30658,pixel_30659,pixel_30660,pixel_30661,pixel_30662,pixel_30663,pixel_30664,pixel_30665,pixel_30666,pixel_30667,pixel_30668,pixel_30669,pixel_30670,pixel_30671,pixel_30672,pixel_30673,pixel_30674,pixel_30675,pixel_30676,pixel_30677,pixel_30678,pixel_30679,pixel_30680,pixel_30681,pixel_30682,pixel_30683,pixel_30684,pixel_30685,pixel_30686,pixel_30687,pixel_30688,pixel_30689,pixel_30690,pixel_30691,pixel_30692,pixel_30693,pixel_30694,pixel_30695,pixel_30696,pixel_30697,pixel_30698,pixel_30699,pixel_30700,pixel_30701,pixel_30702,pixel_30703,pixel_30704,pixel_30705,pixel_30706,pixel_30707,pixel_30708,pixel_30709,pixel_30710,pixel_30711,pixel_30712,pixel_30713,pixel_30714,pixel_30715,pixel_30716,pixel_30717,pixel_30718,pixel_30719,pixel_30720,pixel_30721,pixel_30722,pixel_30723,pixel_30724,pixel_30725,pixel_30726,pixel_30727,pixel_30728,pixel_30729,pixel_30730,pixel_30731,pixel_30732,pixel_30733,pixel_30734,pixel_30735,pixel_30736,pixel_30737,pixel_30738,pixel_30739,pixel_30740,pixel_30741,pixel_30742,pixel_30743,pixel_30744,pixel_30745,pixel_30746,pixel_30747,pixel_30748,pixel_30749,pixel_30750,pixel_30751,pixel_30752,pixel_30753,pixel_30754,pixel_30755,pixel_30756,pixel_30757,pixel_30758,pixel_30759,pixel_30760,pixel_30761,pixel_30762,pixel_30763,pixel_30764,pixel_30765,pixel_30766,pixel_30767,pixel_30768,pixel_30769,pixel_30770,pixel_30771,pixel_30772,pixel_30773,pixel_30774,pixel_30775,pixel_30776,pixel_30777,pixel_30778,pixel_30779,pixel_30780,pixel_30781,pixel_30782,pixel_30783,pixel_30784,pixel_30785,pixel_30786,pixel_30787,pixel_30788,pixel_30789,pixel_30790,pixel_30791,pixel_30792,pixel_30793,pixel_30794,pixel_30795,pixel_30796,pixel_30797,pixel_30798,pixel_30799,pixel_30800,pixel_30801,pixel_30802,pixel_30803,pixel_30804,pixel_30805,pixel_30806,pixel_30807,pixel_30808,pixel_30809,pixel_30810,pixel_30811,pixel_30812,pixel_30813,pixel_30814,pixel_30815,pixel_30816,pixel_30817,pixel_30818,pixel_30819,pixel_30820,pixel_30821,pixel_30822,pixel_30823,pixel_30824,pixel_30825,pixel_30826,pixel_30827,pixel_30828,pixel_30829,pixel_30830,pixel_30831,pixel_30832,pixel_30833,pixel_30834,pixel_30835,pixel_30836,pixel_30837,pixel_30838,pixel_30839,pixel_30840,pixel_30841,pixel_30842,pixel_30843,pixel_30844,pixel_30845,pixel_30846,pixel_30847,pixel_30848,pixel_30849,pixel_30850,pixel_30851,pixel_30852,pixel_30853,pixel_30854,pixel_30855,pixel_30856,pixel_30857,pixel_30858,pixel_30859,pixel_30860,pixel_30861,pixel_30862,pixel_30863,pixel_30864,pixel_30865,pixel_30866,pixel_30867,pixel_30868,pixel_30869,pixel_30870,pixel_30871,pixel_30872,pixel_30873,pixel_30874,pixel_30875,pixel_30876,pixel_30877,pixel_30878,pixel_30879,pixel_30880,pixel_30881,pixel_30882,pixel_30883,pixel_30884,pixel_30885,pixel_30886,pixel_30887,pixel_30888,pixel_30889,pixel_30890,pixel_30891,pixel_30892,pixel_30893,pixel_30894,pixel_30895,pixel_30896,pixel_30897,pixel_30898,pixel_30899,pixel_30900,pixel_30901,pixel_30902,pixel_30903,pixel_30904,pixel_30905,pixel_30906,pixel_30907,pixel_30908,pixel_30909,pixel_30910,pixel_30911,pixel_30912,pixel_30913,pixel_30914,pixel_30915,pixel_30916,pixel_30917,pixel_30918,pixel_30919,pixel_30920,pixel_30921,pixel_30922,pixel_30923,pixel_30924,pixel_30925,pixel_30926,pixel_30927,pixel_30928,pixel_30929,pixel_30930,pixel_30931,pixel_30932,pixel_30933,pixel_30934,pixel_30935,pixel_30936,pixel_30937,pixel_30938,pixel_30939,pixel_30940,pixel_30941,pixel_30942,pixel_30943,pixel_30944,pixel_30945,pixel_30946,pixel_30947,pixel_30948,pixel_30949,pixel_30950,pixel_30951,pixel_30952,pixel_30953,pixel_30954,pixel_30955,pixel_30956,pixel_30957,pixel_30958,pixel_30959,pixel_30960,pixel_30961,pixel_30962,pixel_30963,pixel_30964,pixel_30965,pixel_30966,pixel_30967,pixel_30968,pixel_30969,pixel_30970,pixel_30971,pixel_30972,pixel_30973,pixel_30974,pixel_30975,pixel_30976,pixel_30977,pixel_30978,pixel_30979,pixel_30980,pixel_30981,pixel_30982,pixel_30983,pixel_30984,pixel_30985,pixel_30986,pixel_30987,pixel_30988,pixel_30989,pixel_30990,pixel_30991,pixel_30992,pixel_30993,pixel_30994,pixel_30995,pixel_30996,pixel_30997,pixel_30998,pixel_30999,pixel_31000,pixel_31001,pixel_31002,pixel_31003,pixel_31004,pixel_31005,pixel_31006,pixel_31007,pixel_31008,pixel_31009,pixel_31010,pixel_31011,pixel_31012,pixel_31013,pixel_31014,pixel_31015,pixel_31016,pixel_31017,pixel_31018,pixel_31019,pixel_31020,pixel_31021,pixel_31022,pixel_31023,pixel_31024,pixel_31025,pixel_31026,pixel_31027,pixel_31028,pixel_31029,pixel_31030,pixel_31031,pixel_31032,pixel_31033,pixel_31034,pixel_31035,pixel_31036,pixel_31037,pixel_31038,pixel_31039,pixel_31040,pixel_31041,pixel_31042,pixel_31043,pixel_31044,pixel_31045,pixel_31046,pixel_31047,pixel_31048,pixel_31049,pixel_31050,pixel_31051,pixel_31052,pixel_31053,pixel_31054,pixel_31055,pixel_31056,pixel_31057,pixel_31058,pixel_31059,pixel_31060,pixel_31061,pixel_31062,pixel_31063,pixel_31064,pixel_31065,pixel_31066,pixel_31067,pixel_31068,pixel_31069,pixel_31070,pixel_31071,pixel_31072,pixel_31073,pixel_31074,pixel_31075,pixel_31076,pixel_31077,pixel_31078,pixel_31079,pixel_31080,pixel_31081,pixel_31082,pixel_31083,pixel_31084,pixel_31085,pixel_31086,pixel_31087,pixel_31088,pixel_31089,pixel_31090,pixel_31091,pixel_31092,pixel_31093,pixel_31094,pixel_31095,pixel_31096,pixel_31097,pixel_31098,pixel_31099,pixel_31100,pixel_31101,pixel_31102,pixel_31103,pixel_31104,pixel_31105,pixel_31106,pixel_31107,pixel_31108,pixel_31109,pixel_31110,pixel_31111,pixel_31112,pixel_31113,pixel_31114,pixel_31115,pixel_31116,pixel_31117,pixel_31118,pixel_31119,pixel_31120,pixel_31121,pixel_31122,pixel_31123,pixel_31124,pixel_31125,pixel_31126,pixel_31127,pixel_31128,pixel_31129,pixel_31130,pixel_31131,pixel_31132,pixel_31133,pixel_31134,pixel_31135,pixel_31136,pixel_31137,pixel_31138,pixel_31139,pixel_31140,pixel_31141,pixel_31142,pixel_31143,pixel_31144,pixel_31145,pixel_31146,pixel_31147,pixel_31148,pixel_31149,pixel_31150,pixel_31151,pixel_31152,pixel_31153,pixel_31154,pixel_31155,pixel_31156,pixel_31157,pixel_31158,pixel_31159,pixel_31160,pixel_31161,pixel_31162,pixel_31163,pixel_31164,pixel_31165,pixel_31166,pixel_31167,pixel_31168,pixel_31169,pixel_31170,pixel_31171,pixel_31172,pixel_31173,pixel_31174,pixel_31175,pixel_31176,pixel_31177,pixel_31178,pixel_31179,pixel_31180,pixel_31181,pixel_31182,pixel_31183,pixel_31184,pixel_31185,pixel_31186,pixel_31187,pixel_31188,pixel_31189,pixel_31190,pixel_31191,pixel_31192,pixel_31193,pixel_31194,pixel_31195,pixel_31196,pixel_31197,pixel_31198,pixel_31199,pixel_31200,pixel_31201,pixel_31202,pixel_31203,pixel_31204,pixel_31205,pixel_31206,pixel_31207,pixel_31208,pixel_31209,pixel_31210,pixel_31211,pixel_31212,pixel_31213,pixel_31214,pixel_31215,pixel_31216,pixel_31217,pixel_31218,pixel_31219,pixel_31220,pixel_31221,pixel_31222,pixel_31223,pixel_31224,pixel_31225,pixel_31226,pixel_31227,pixel_31228,pixel_31229,pixel_31230,pixel_31231,pixel_31232,pixel_31233,pixel_31234,pixel_31235,pixel_31236,pixel_31237,pixel_31238,pixel_31239,pixel_31240,pixel_31241,pixel_31242,pixel_31243,pixel_31244,pixel_31245,pixel_31246,pixel_31247,pixel_31248,pixel_31249,pixel_31250,pixel_31251,pixel_31252,pixel_31253,pixel_31254,pixel_31255,pixel_31256,pixel_31257,pixel_31258,pixel_31259,pixel_31260,pixel_31261,pixel_31262,pixel_31263,pixel_31264,pixel_31265,pixel_31266,pixel_31267,pixel_31268,pixel_31269,pixel_31270,pixel_31271,pixel_31272,pixel_31273,pixel_31274,pixel_31275,pixel_31276,pixel_31277,pixel_31278,pixel_31279,pixel_31280,pixel_31281,pixel_31282,pixel_31283,pixel_31284,pixel_31285,pixel_31286,pixel_31287,pixel_31288,pixel_31289,pixel_31290,pixel_31291,pixel_31292,pixel_31293,pixel_31294,pixel_31295,pixel_31296,pixel_31297,pixel_31298,pixel_31299,pixel_31300,pixel_31301,pixel_31302,pixel_31303,pixel_31304,pixel_31305,pixel_31306,pixel_31307,pixel_31308,pixel_31309,pixel_31310,pixel_31311,pixel_31312,pixel_31313,pixel_31314,pixel_31315,pixel_31316,pixel_31317,pixel_31318,pixel_31319,pixel_31320,pixel_31321,pixel_31322,pixel_31323,pixel_31324,pixel_31325,pixel_31326,pixel_31327,pixel_31328,pixel_31329,pixel_31330,pixel_31331,pixel_31332,pixel_31333,pixel_31334,pixel_31335,pixel_31336,pixel_31337,pixel_31338,pixel_31339,pixel_31340,pixel_31341,pixel_31342,pixel_31343,pixel_31344,pixel_31345,pixel_31346,pixel_31347,pixel_31348,pixel_31349,pixel_31350,pixel_31351,pixel_31352,pixel_31353,pixel_31354,pixel_31355,pixel_31356,pixel_31357,pixel_31358,pixel_31359,pixel_31360,pixel_31361,pixel_31362,pixel_31363,pixel_31364,pixel_31365,pixel_31366,pixel_31367,pixel_31368,pixel_31369,pixel_31370,pixel_31371,pixel_31372,pixel_31373,pixel_31374,pixel_31375,pixel_31376,pixel_31377,pixel_31378,pixel_31379,pixel_31380,pixel_31381,pixel_31382,pixel_31383,pixel_31384,pixel_31385,pixel_31386,pixel_31387,pixel_31388,pixel_31389,pixel_31390,pixel_31391,pixel_31392,pixel_31393,pixel_31394,pixel_31395,pixel_31396,pixel_31397,pixel_31398,pixel_31399,pixel_31400,pixel_31401,pixel_31402,pixel_31403,pixel_31404,pixel_31405,pixel_31406,pixel_31407,pixel_31408,pixel_31409,pixel_31410,pixel_31411,pixel_31412,pixel_31413,pixel_31414,pixel_31415,pixel_31416,pixel_31417,pixel_31418,pixel_31419,pixel_31420,pixel_31421,pixel_31422,pixel_31423,pixel_31424,pixel_31425,pixel_31426,pixel_31427,pixel_31428,pixel_31429,pixel_31430,pixel_31431,pixel_31432,pixel_31433,pixel_31434,pixel_31435,pixel_31436,pixel_31437,pixel_31438,pixel_31439,pixel_31440,pixel_31441,pixel_31442,pixel_31443,pixel_31444,pixel_31445,pixel_31446,pixel_31447,pixel_31448,pixel_31449,pixel_31450,pixel_31451,pixel_31452,pixel_31453,pixel_31454,pixel_31455,pixel_31456,pixel_31457,pixel_31458,pixel_31459,pixel_31460,pixel_31461,pixel_31462,pixel_31463,pixel_31464,pixel_31465,pixel_31466,pixel_31467,pixel_31468,pixel_31469,pixel_31470,pixel_31471,pixel_31472,pixel_31473,pixel_31474,pixel_31475,pixel_31476,pixel_31477,pixel_31478,pixel_31479,pixel_31480,pixel_31481,pixel_31482,pixel_31483,pixel_31484,pixel_31485,pixel_31486,pixel_31487,pixel_31488,pixel_31489,pixel_31490,pixel_31491,pixel_31492,pixel_31493,pixel_31494,pixel_31495,pixel_31496,pixel_31497,pixel_31498,pixel_31499,pixel_31500,pixel_31501,pixel_31502,pixel_31503,pixel_31504,pixel_31505,pixel_31506,pixel_31507,pixel_31508,pixel_31509,pixel_31510,pixel_31511,pixel_31512,pixel_31513,pixel_31514,pixel_31515,pixel_31516,pixel_31517,pixel_31518,pixel_31519,pixel_31520,pixel_31521,pixel_31522,pixel_31523,pixel_31524,pixel_31525,pixel_31526,pixel_31527,pixel_31528,pixel_31529,pixel_31530,pixel_31531,pixel_31532,pixel_31533,pixel_31534,pixel_31535,pixel_31536,pixel_31537,pixel_31538,pixel_31539,pixel_31540,pixel_31541,pixel_31542,pixel_31543,pixel_31544,pixel_31545,pixel_31546,pixel_31547,pixel_31548,pixel_31549,pixel_31550,pixel_31551,pixel_31552,pixel_31553,pixel_31554,pixel_31555,pixel_31556,pixel_31557,pixel_31558,pixel_31559,pixel_31560,pixel_31561,pixel_31562,pixel_31563,pixel_31564,pixel_31565,pixel_31566,pixel_31567,pixel_31568,pixel_31569,pixel_31570,pixel_31571,pixel_31572,pixel_31573,pixel_31574,pixel_31575,pixel_31576,pixel_31577,pixel_31578,pixel_31579,pixel_31580,pixel_31581,pixel_31582,pixel_31583,pixel_31584,pixel_31585,pixel_31586,pixel_31587,pixel_31588,pixel_31589,pixel_31590,pixel_31591,pixel_31592,pixel_31593,pixel_31594,pixel_31595,pixel_31596,pixel_31597,pixel_31598,pixel_31599,pixel_31600,pixel_31601,pixel_31602,pixel_31603,pixel_31604,pixel_31605,pixel_31606,pixel_31607,pixel_31608,pixel_31609,pixel_31610,pixel_31611,pixel_31612,pixel_31613,pixel_31614,pixel_31615,pixel_31616,pixel_31617,pixel_31618,pixel_31619,pixel_31620,pixel_31621,pixel_31622,pixel_31623,pixel_31624,pixel_31625,pixel_31626,pixel_31627,pixel_31628,pixel_31629,pixel_31630,pixel_31631,pixel_31632,pixel_31633,pixel_31634,pixel_31635,pixel_31636,pixel_31637,pixel_31638,pixel_31639,pixel_31640,pixel_31641,pixel_31642,pixel_31643,pixel_31644,pixel_31645,pixel_31646,pixel_31647,pixel_31648,pixel_31649,pixel_31650,pixel_31651,pixel_31652,pixel_31653,pixel_31654,pixel_31655,pixel_31656,pixel_31657,pixel_31658,pixel_31659,pixel_31660,pixel_31661,pixel_31662,pixel_31663,pixel_31664,pixel_31665,pixel_31666,pixel_31667,pixel_31668,pixel_31669,pixel_31670,pixel_31671,pixel_31672,pixel_31673,pixel_31674,pixel_31675,pixel_31676,pixel_31677,pixel_31678,pixel_31679,pixel_31680,pixel_31681,pixel_31682,pixel_31683,pixel_31684,pixel_31685,pixel_31686,pixel_31687,pixel_31688,pixel_31689,pixel_31690,pixel_31691,pixel_31692,pixel_31693,pixel_31694,pixel_31695,pixel_31696,pixel_31697,pixel_31698,pixel_31699,pixel_31700,pixel_31701,pixel_31702,pixel_31703,pixel_31704,pixel_31705,pixel_31706,pixel_31707,pixel_31708,pixel_31709,pixel_31710,pixel_31711,pixel_31712,pixel_31713,pixel_31714,pixel_31715,pixel_31716,pixel_31717,pixel_31718,pixel_31719,pixel_31720,pixel_31721,pixel_31722,pixel_31723,pixel_31724,pixel_31725,pixel_31726,pixel_31727,pixel_31728,pixel_31729,pixel_31730,pixel_31731,pixel_31732,pixel_31733,pixel_31734,pixel_31735,pixel_31736,pixel_31737,pixel_31738,pixel_31739,pixel_31740,pixel_31741,pixel_31742,pixel_31743,pixel_31744,pixel_31745,pixel_31746,pixel_31747,pixel_31748,pixel_31749,pixel_31750,pixel_31751,pixel_31752,pixel_31753,pixel_31754,pixel_31755,pixel_31756,pixel_31757,pixel_31758,pixel_31759,pixel_31760,pixel_31761,pixel_31762,pixel_31763,pixel_31764,pixel_31765,pixel_31766,pixel_31767,pixel_31768,pixel_31769,pixel_31770,pixel_31771,pixel_31772,pixel_31773,pixel_31774,pixel_31775,pixel_31776,pixel_31777,pixel_31778,pixel_31779,pixel_31780,pixel_31781,pixel_31782,pixel_31783,pixel_31784,pixel_31785,pixel_31786,pixel_31787,pixel_31788,pixel_31789,pixel_31790,pixel_31791,pixel_31792,pixel_31793,pixel_31794,pixel_31795,pixel_31796,pixel_31797,pixel_31798,pixel_31799,pixel_31800,pixel_31801,pixel_31802,pixel_31803,pixel_31804,pixel_31805,pixel_31806,pixel_31807,pixel_31808,pixel_31809,pixel_31810,pixel_31811,pixel_31812,pixel_31813,pixel_31814,pixel_31815,pixel_31816,pixel_31817,pixel_31818,pixel_31819,pixel_31820,pixel_31821,pixel_31822,pixel_31823,pixel_31824,pixel_31825,pixel_31826,pixel_31827,pixel_31828,pixel_31829,pixel_31830,pixel_31831,pixel_31832,pixel_31833,pixel_31834,pixel_31835,pixel_31836,pixel_31837,pixel_31838,pixel_31839,pixel_31840,pixel_31841,pixel_31842,pixel_31843,pixel_31844,pixel_31845,pixel_31846,pixel_31847,pixel_31848,pixel_31849,pixel_31850,pixel_31851,pixel_31852,pixel_31853,pixel_31854,pixel_31855,pixel_31856,pixel_31857,pixel_31858,pixel_31859,pixel_31860,pixel_31861,pixel_31862,pixel_31863,pixel_31864,pixel_31865,pixel_31866,pixel_31867,pixel_31868,pixel_31869,pixel_31870,pixel_31871,pixel_31872,pixel_31873,pixel_31874,pixel_31875,pixel_31876,pixel_31877,pixel_31878,pixel_31879,pixel_31880,pixel_31881,pixel_31882,pixel_31883,pixel_31884,pixel_31885,pixel_31886,pixel_31887,pixel_31888,pixel_31889,pixel_31890,pixel_31891,pixel_31892,pixel_31893,pixel_31894,pixel_31895,pixel_31896,pixel_31897,pixel_31898,pixel_31899,pixel_31900,pixel_31901,pixel_31902,pixel_31903,pixel_31904,pixel_31905,pixel_31906,pixel_31907,pixel_31908,pixel_31909,pixel_31910,pixel_31911,pixel_31912,pixel_31913,pixel_31914,pixel_31915,pixel_31916,pixel_31917,pixel_31918,pixel_31919,pixel_31920,pixel_31921,pixel_31922,pixel_31923,pixel_31924,pixel_31925,pixel_31926,pixel_31927,pixel_31928,pixel_31929,pixel_31930,pixel_31931,pixel_31932,pixel_31933,pixel_31934,pixel_31935,pixel_31936,pixel_31937,pixel_31938,pixel_31939,pixel_31940,pixel_31941,pixel_31942,pixel_31943,pixel_31944,pixel_31945,pixel_31946,pixel_31947,pixel_31948,pixel_31949,pixel_31950,pixel_31951,pixel_31952,pixel_31953,pixel_31954,pixel_31955,pixel_31956,pixel_31957,pixel_31958,pixel_31959,pixel_31960,pixel_31961,pixel_31962,pixel_31963,pixel_31964,pixel_31965,pixel_31966,pixel_31967,pixel_31968,pixel_31969,pixel_31970,pixel_31971,pixel_31972,pixel_31973,pixel_31974,pixel_31975,pixel_31976,pixel_31977,pixel_31978,pixel_31979,pixel_31980,pixel_31981,pixel_31982,pixel_31983,pixel_31984,pixel_31985,pixel_31986,pixel_31987,pixel_31988,pixel_31989,pixel_31990,pixel_31991,pixel_31992,pixel_31993,pixel_31994,pixel_31995,pixel_31996,pixel_31997,pixel_31998,pixel_31999,pixel_32000,pixel_32001,pixel_32002,pixel_32003,pixel_32004,pixel_32005,pixel_32006,pixel_32007,pixel_32008,pixel_32009,pixel_32010,pixel_32011,pixel_32012,pixel_32013,pixel_32014,pixel_32015,pixel_32016,pixel_32017,pixel_32018,pixel_32019,pixel_32020,pixel_32021,pixel_32022,pixel_32023,pixel_32024,pixel_32025,pixel_32026,pixel_32027,pixel_32028,pixel_32029,pixel_32030,pixel_32031,pixel_32032,pixel_32033,pixel_32034,pixel_32035,pixel_32036,pixel_32037,pixel_32038,pixel_32039,pixel_32040,pixel_32041,pixel_32042,pixel_32043,pixel_32044,pixel_32045,pixel_32046,pixel_32047,pixel_32048,pixel_32049,pixel_32050,pixel_32051,pixel_32052,pixel_32053,pixel_32054,pixel_32055,pixel_32056,pixel_32057,pixel_32058,pixel_32059,pixel_32060,pixel_32061,pixel_32062,pixel_32063,pixel_32064,pixel_32065,pixel_32066,pixel_32067,pixel_32068,pixel_32069,pixel_32070,pixel_32071,pixel_32072,pixel_32073,pixel_32074,pixel_32075,pixel_32076,pixel_32077,pixel_32078,pixel_32079,pixel_32080,pixel_32081,pixel_32082,pixel_32083,pixel_32084,pixel_32085,pixel_32086,pixel_32087,pixel_32088,pixel_32089,pixel_32090,pixel_32091,pixel_32092,pixel_32093,pixel_32094,pixel_32095,pixel_32096,pixel_32097,pixel_32098,pixel_32099,pixel_32100,pixel_32101,pixel_32102,pixel_32103,pixel_32104,pixel_32105,pixel_32106,pixel_32107,pixel_32108,pixel_32109,pixel_32110,pixel_32111,pixel_32112,pixel_32113,pixel_32114,pixel_32115,pixel_32116,pixel_32117,pixel_32118,pixel_32119,pixel_32120,pixel_32121,pixel_32122,pixel_32123,pixel_32124,pixel_32125,pixel_32126,pixel_32127,pixel_32128,pixel_32129,pixel_32130,pixel_32131,pixel_32132,pixel_32133,pixel_32134,pixel_32135,pixel_32136,pixel_32137,pixel_32138,pixel_32139,pixel_32140,pixel_32141,pixel_32142,pixel_32143,pixel_32144,pixel_32145,pixel_32146,pixel_32147,pixel_32148,pixel_32149,pixel_32150,pixel_32151,pixel_32152,pixel_32153,pixel_32154,pixel_32155,pixel_32156,pixel_32157,pixel_32158,pixel_32159,pixel_32160,pixel_32161,pixel_32162,pixel_32163,pixel_32164,pixel_32165,pixel_32166,pixel_32167,pixel_32168,pixel_32169,pixel_32170,pixel_32171,pixel_32172,pixel_32173,pixel_32174,pixel_32175,pixel_32176,pixel_32177,pixel_32178,pixel_32179,pixel_32180,pixel_32181,pixel_32182,pixel_32183,pixel_32184,pixel_32185,pixel_32186,pixel_32187,pixel_32188,pixel_32189,pixel_32190,pixel_32191,pixel_32192,pixel_32193,pixel_32194,pixel_32195,pixel_32196,pixel_32197,pixel_32198,pixel_32199,pixel_32200,pixel_32201,pixel_32202,pixel_32203,pixel_32204,pixel_32205,pixel_32206,pixel_32207,pixel_32208,pixel_32209,pixel_32210,pixel_32211,pixel_32212,pixel_32213,pixel_32214,pixel_32215,pixel_32216,pixel_32217,pixel_32218,pixel_32219,pixel_32220,pixel_32221,pixel_32222,pixel_32223,pixel_32224,pixel_32225,pixel_32226,pixel_32227,pixel_32228,pixel_32229,pixel_32230,pixel_32231,pixel_32232,pixel_32233,pixel_32234,pixel_32235,pixel_32236,pixel_32237,pixel_32238,pixel_32239,pixel_32240,pixel_32241,pixel_32242,pixel_32243,pixel_32244,pixel_32245,pixel_32246,pixel_32247,pixel_32248,pixel_32249,pixel_32250,pixel_32251,pixel_32252,pixel_32253,pixel_32254,pixel_32255,pixel_32256,pixel_32257,pixel_32258,pixel_32259,pixel_32260,pixel_32261,pixel_32262,pixel_32263,pixel_32264,pixel_32265,pixel_32266,pixel_32267,pixel_32268,pixel_32269,pixel_32270,pixel_32271,pixel_32272,pixel_32273,pixel_32274,pixel_32275,pixel_32276,pixel_32277,pixel_32278,pixel_32279,pixel_32280,pixel_32281,pixel_32282,pixel_32283,pixel_32284,pixel_32285,pixel_32286,pixel_32287,pixel_32288,pixel_32289,pixel_32290,pixel_32291,pixel_32292,pixel_32293,pixel_32294,pixel_32295,pixel_32296,pixel_32297,pixel_32298,pixel_32299,pixel_32300,pixel_32301,pixel_32302,pixel_32303,pixel_32304,pixel_32305,pixel_32306,pixel_32307,pixel_32308,pixel_32309,pixel_32310,pixel_32311,pixel_32312,pixel_32313,pixel_32314,pixel_32315,pixel_32316,pixel_32317,pixel_32318,pixel_32319,pixel_32320,pixel_32321,pixel_32322,pixel_32323,pixel_32324,pixel_32325,pixel_32326,pixel_32327,pixel_32328,pixel_32329,pixel_32330,pixel_32331,pixel_32332,pixel_32333,pixel_32334,pixel_32335,pixel_32336,pixel_32337,pixel_32338,pixel_32339,pixel_32340,pixel_32341,pixel_32342,pixel_32343,pixel_32344,pixel_32345,pixel_32346,pixel_32347,pixel_32348,pixel_32349,pixel_32350,pixel_32351,pixel_32352,pixel_32353,pixel_32354,pixel_32355,pixel_32356,pixel_32357,pixel_32358,pixel_32359,pixel_32360,pixel_32361,pixel_32362,pixel_32363,pixel_32364,pixel_32365,pixel_32366,pixel_32367,pixel_32368,pixel_32369,pixel_32370,pixel_32371,pixel_32372,pixel_32373,pixel_32374,pixel_32375,pixel_32376,pixel_32377,pixel_32378,pixel_32379,pixel_32380,pixel_32381,pixel_32382,pixel_32383,pixel_32384,pixel_32385,pixel_32386,pixel_32387,pixel_32388,pixel_32389,pixel_32390,pixel_32391,pixel_32392,pixel_32393,pixel_32394,pixel_32395,pixel_32396,pixel_32397,pixel_32398,pixel_32399,pixel_32400,pixel_32401,pixel_32402,pixel_32403,pixel_32404,pixel_32405,pixel_32406,pixel_32407,pixel_32408,pixel_32409,pixel_32410,pixel_32411,pixel_32412,pixel_32413,pixel_32414,pixel_32415,pixel_32416,pixel_32417,pixel_32418,pixel_32419,pixel_32420,pixel_32421,pixel_32422,pixel_32423,pixel_32424,pixel_32425,pixel_32426,pixel_32427,pixel_32428,pixel_32429,pixel_32430,pixel_32431,pixel_32432,pixel_32433,pixel_32434,pixel_32435,pixel_32436,pixel_32437,pixel_32438,pixel_32439,pixel_32440,pixel_32441,pixel_32442,pixel_32443,pixel_32444,pixel_32445,pixel_32446,pixel_32447,pixel_32448,pixel_32449,pixel_32450,pixel_32451,pixel_32452,pixel_32453,pixel_32454,pixel_32455,pixel_32456,pixel_32457,pixel_32458,pixel_32459,pixel_32460,pixel_32461,pixel_32462,pixel_32463,pixel_32464,pixel_32465,pixel_32466,pixel_32467,pixel_32468,pixel_32469,pixel_32470,pixel_32471,pixel_32472,pixel_32473,pixel_32474,pixel_32475,pixel_32476,pixel_32477,pixel_32478,pixel_32479,pixel_32480,pixel_32481,pixel_32482,pixel_32483,pixel_32484,pixel_32485,pixel_32486,pixel_32487,pixel_32488,pixel_32489,pixel_32490,pixel_32491,pixel_32492,pixel_32493,pixel_32494,pixel_32495,pixel_32496,pixel_32497,pixel_32498,pixel_32499,pixel_32500,pixel_32501,pixel_32502,pixel_32503,pixel_32504,pixel_32505,pixel_32506,pixel_32507,pixel_32508,pixel_32509,pixel_32510,pixel_32511,pixel_32512,pixel_32513,pixel_32514,pixel_32515,pixel_32516,pixel_32517,pixel_32518,pixel_32519,pixel_32520,pixel_32521,pixel_32522,pixel_32523,pixel_32524,pixel_32525,pixel_32526,pixel_32527,pixel_32528,pixel_32529,pixel_32530,pixel_32531,pixel_32532,pixel_32533,pixel_32534,pixel_32535,pixel_32536,pixel_32537,pixel_32538,pixel_32539,pixel_32540,pixel_32541,pixel_32542,pixel_32543,pixel_32544,pixel_32545,pixel_32546,pixel_32547,pixel_32548,pixel_32549,pixel_32550,pixel_32551,pixel_32552,pixel_32553,pixel_32554,pixel_32555,pixel_32556,pixel_32557,pixel_32558,pixel_32559,pixel_32560,pixel_32561,pixel_32562,pixel_32563,pixel_32564,pixel_32565,pixel_32566,pixel_32567,pixel_32568,pixel_32569,pixel_32570,pixel_32571,pixel_32572,pixel_32573,pixel_32574,pixel_32575,pixel_32576,pixel_32577,pixel_32578,pixel_32579,pixel_32580,pixel_32581,pixel_32582,pixel_32583,pixel_32584,pixel_32585,pixel_32586,pixel_32587,pixel_32588,pixel_32589,pixel_32590,pixel_32591,pixel_32592,pixel_32593,pixel_32594,pixel_32595,pixel_32596,pixel_32597,pixel_32598,pixel_32599,pixel_32600,pixel_32601,pixel_32602,pixel_32603,pixel_32604,pixel_32605,pixel_32606,pixel_32607,pixel_32608,pixel_32609,pixel_32610,pixel_32611,pixel_32612,pixel_32613,pixel_32614,pixel_32615,pixel_32616,pixel_32617,pixel_32618,pixel_32619,pixel_32620,pixel_32621,pixel_32622,pixel_32623,pixel_32624,pixel_32625,pixel_32626,pixel_32627,pixel_32628,pixel_32629,pixel_32630,pixel_32631,pixel_32632,pixel_32633,pixel_32634,pixel_32635,pixel_32636,pixel_32637,pixel_32638,pixel_32639,pixel_32640,pixel_32641,pixel_32642,pixel_32643,pixel_32644,pixel_32645,pixel_32646,pixel_32647,pixel_32648,pixel_32649,pixel_32650,pixel_32651,pixel_32652,pixel_32653,pixel_32654,pixel_32655,pixel_32656,pixel_32657,pixel_32658,pixel_32659,pixel_32660,pixel_32661,pixel_32662,pixel_32663,pixel_32664,pixel_32665,pixel_32666,pixel_32667,pixel_32668,pixel_32669,pixel_32670,pixel_32671,pixel_32672,pixel_32673,pixel_32674,pixel_32675,pixel_32676,pixel_32677,pixel_32678,pixel_32679,pixel_32680,pixel_32681,pixel_32682,pixel_32683,pixel_32684,pixel_32685,pixel_32686,pixel_32687,pixel_32688,pixel_32689,pixel_32690,pixel_32691,pixel_32692,pixel_32693,pixel_32694,pixel_32695,pixel_32696,pixel_32697,pixel_32698,pixel_32699,pixel_32700,pixel_32701,pixel_32702,pixel_32703,pixel_32704,pixel_32705,pixel_32706,pixel_32707,pixel_32708,pixel_32709,pixel_32710,pixel_32711,pixel_32712,pixel_32713,pixel_32714,pixel_32715,pixel_32716,pixel_32717,pixel_32718,pixel_32719,pixel_32720,pixel_32721,pixel_32722,pixel_32723,pixel_32724,pixel_32725,pixel_32726,pixel_32727,pixel_32728,pixel_32729,pixel_32730,pixel_32731,pixel_32732,pixel_32733,pixel_32734,pixel_32735,pixel_32736,pixel_32737,pixel_32738,pixel_32739,pixel_32740,pixel_32741,pixel_32742,pixel_32743,pixel_32744,pixel_32745,pixel_32746,pixel_32747,pixel_32748,pixel_32749,pixel_32750,pixel_32751,pixel_32752,pixel_32753,pixel_32754,pixel_32755,pixel_32756,pixel_32757,pixel_32758,pixel_32759,pixel_32760,pixel_32761,pixel_32762,pixel_32763,pixel_32764,pixel_32765,pixel_32766,pixel_32767,pixel_32768,pixel_32769,pixel_32770,pixel_32771,pixel_32772,pixel_32773,pixel_32774,pixel_32775,pixel_32776,pixel_32777,pixel_32778,pixel_32779,pixel_32780,pixel_32781,pixel_32782,pixel_32783,pixel_32784,pixel_32785,pixel_32786,pixel_32787,pixel_32788,pixel_32789,pixel_32790,pixel_32791,pixel_32792,pixel_32793,pixel_32794,pixel_32795,pixel_32796,pixel_32797,pixel_32798,pixel_32799,pixel_32800,pixel_32801,pixel_32802,pixel_32803,pixel_32804,pixel_32805,pixel_32806,pixel_32807,pixel_32808,pixel_32809,pixel_32810,pixel_32811,pixel_32812,pixel_32813,pixel_32814,pixel_32815,pixel_32816,pixel_32817,pixel_32818,pixel_32819,pixel_32820,pixel_32821,pixel_32822,pixel_32823,pixel_32824,pixel_32825,pixel_32826,pixel_32827,pixel_32828,pixel_32829,pixel_32830,pixel_32831,pixel_32832,pixel_32833,pixel_32834,pixel_32835,pixel_32836,pixel_32837,pixel_32838,pixel_32839,pixel_32840,pixel_32841,pixel_32842,pixel_32843,pixel_32844,pixel_32845,pixel_32846,pixel_32847,pixel_32848,pixel_32849,pixel_32850,pixel_32851,pixel_32852,pixel_32853,pixel_32854,pixel_32855,pixel_32856,pixel_32857,pixel_32858,pixel_32859,pixel_32860,pixel_32861,pixel_32862,pixel_32863,pixel_32864,pixel_32865,pixel_32866,pixel_32867,pixel_32868,pixel_32869,pixel_32870,pixel_32871,pixel_32872,pixel_32873,pixel_32874,pixel_32875,pixel_32876,pixel_32877,pixel_32878,pixel_32879,pixel_32880,pixel_32881,pixel_32882,pixel_32883,pixel_32884,pixel_32885,pixel_32886,pixel_32887,pixel_32888,pixel_32889,pixel_32890,pixel_32891,pixel_32892,pixel_32893,pixel_32894,pixel_32895,pixel_32896,pixel_32897,pixel_32898,pixel_32899,pixel_32900,pixel_32901,pixel_32902,pixel_32903,pixel_32904,pixel_32905,pixel_32906,pixel_32907,pixel_32908,pixel_32909,pixel_32910,pixel_32911,pixel_32912,pixel_32913,pixel_32914,pixel_32915,pixel_32916,pixel_32917,pixel_32918,pixel_32919,pixel_32920,pixel_32921,pixel_32922,pixel_32923,pixel_32924,pixel_32925,pixel_32926,pixel_32927,pixel_32928,pixel_32929,pixel_32930,pixel_32931,pixel_32932,pixel_32933,pixel_32934,pixel_32935,pixel_32936,pixel_32937,pixel_32938,pixel_32939,pixel_32940,pixel_32941,pixel_32942,pixel_32943,pixel_32944,pixel_32945,pixel_32946,pixel_32947,pixel_32948,pixel_32949,pixel_32950,pixel_32951,pixel_32952,pixel_32953,pixel_32954,pixel_32955,pixel_32956,pixel_32957,pixel_32958,pixel_32959,pixel_32960,pixel_32961,pixel_32962,pixel_32963,pixel_32964,pixel_32965,pixel_32966,pixel_32967,pixel_32968,pixel_32969,pixel_32970,pixel_32971,pixel_32972,pixel_32973,pixel_32974,pixel_32975,pixel_32976,pixel_32977,pixel_32978,pixel_32979,pixel_32980,pixel_32981,pixel_32982,pixel_32983,pixel_32984,pixel_32985,pixel_32986,pixel_32987,pixel_32988,pixel_32989,pixel_32990,pixel_32991,pixel_32992,pixel_32993,pixel_32994,pixel_32995,pixel_32996,pixel_32997,pixel_32998,pixel_32999,pixel_33000,pixel_33001,pixel_33002,pixel_33003,pixel_33004,pixel_33005,pixel_33006,pixel_33007,pixel_33008,pixel_33009,pixel_33010,pixel_33011,pixel_33012,pixel_33013,pixel_33014,pixel_33015,pixel_33016,pixel_33017,pixel_33018,pixel_33019,pixel_33020,pixel_33021,pixel_33022,pixel_33023,pixel_33024,pixel_33025,pixel_33026,pixel_33027,pixel_33028,pixel_33029,pixel_33030,pixel_33031,pixel_33032,pixel_33033,pixel_33034,pixel_33035,pixel_33036,pixel_33037,pixel_33038,pixel_33039,pixel_33040,pixel_33041,pixel_33042,pixel_33043,pixel_33044,pixel_33045,pixel_33046,pixel_33047,pixel_33048,pixel_33049,pixel_33050,pixel_33051,pixel_33052,pixel_33053,pixel_33054,pixel_33055,pixel_33056,pixel_33057,pixel_33058,pixel_33059,pixel_33060,pixel_33061,pixel_33062,pixel_33063,pixel_33064,pixel_33065,pixel_33066,pixel_33067,pixel_33068,pixel_33069,pixel_33070,pixel_33071,pixel_33072,pixel_33073,pixel_33074,pixel_33075,pixel_33076,pixel_33077,pixel_33078,pixel_33079,pixel_33080,pixel_33081,pixel_33082,pixel_33083,pixel_33084,pixel_33085,pixel_33086,pixel_33087,pixel_33088,pixel_33089,pixel_33090,pixel_33091,pixel_33092,pixel_33093,pixel_33094,pixel_33095,pixel_33096,pixel_33097,pixel_33098,pixel_33099,pixel_33100,pixel_33101,pixel_33102,pixel_33103,pixel_33104,pixel_33105,pixel_33106,pixel_33107,pixel_33108,pixel_33109,pixel_33110,pixel_33111,pixel_33112,pixel_33113,pixel_33114,pixel_33115,pixel_33116,pixel_33117,pixel_33118,pixel_33119,pixel_33120,pixel_33121,pixel_33122,pixel_33123,pixel_33124,pixel_33125,pixel_33126,pixel_33127,pixel_33128,pixel_33129,pixel_33130,pixel_33131,pixel_33132,pixel_33133,pixel_33134,pixel_33135,pixel_33136,pixel_33137,pixel_33138,pixel_33139,pixel_33140,pixel_33141,pixel_33142,pixel_33143,pixel_33144,pixel_33145,pixel_33146,pixel_33147,pixel_33148,pixel_33149,pixel_33150,pixel_33151,pixel_33152,pixel_33153,pixel_33154,pixel_33155,pixel_33156,pixel_33157,pixel_33158,pixel_33159,pixel_33160,pixel_33161,pixel_33162,pixel_33163,pixel_33164,pixel_33165,pixel_33166,pixel_33167,pixel_33168,pixel_33169,pixel_33170,pixel_33171,pixel_33172,pixel_33173,pixel_33174,pixel_33175,pixel_33176,pixel_33177,pixel_33178,pixel_33179,pixel_33180,pixel_33181,pixel_33182,pixel_33183,pixel_33184,pixel_33185,pixel_33186,pixel_33187,pixel_33188,pixel_33189,pixel_33190,pixel_33191,pixel_33192,pixel_33193,pixel_33194,pixel_33195,pixel_33196,pixel_33197,pixel_33198,pixel_33199,pixel_33200,pixel_33201,pixel_33202,pixel_33203,pixel_33204,pixel_33205,pixel_33206,pixel_33207,pixel_33208,pixel_33209,pixel_33210,pixel_33211,pixel_33212,pixel_33213,pixel_33214,pixel_33215,pixel_33216,pixel_33217,pixel_33218,pixel_33219,pixel_33220,pixel_33221,pixel_33222,pixel_33223,pixel_33224,pixel_33225,pixel_33226,pixel_33227,pixel_33228,pixel_33229,pixel_33230,pixel_33231,pixel_33232,pixel_33233,pixel_33234,pixel_33235,pixel_33236,pixel_33237,pixel_33238,pixel_33239,pixel_33240,pixel_33241,pixel_33242,pixel_33243,pixel_33244,pixel_33245,pixel_33246,pixel_33247,pixel_33248,pixel_33249,pixel_33250,pixel_33251,pixel_33252,pixel_33253,pixel_33254,pixel_33255,pixel_33256,pixel_33257,pixel_33258,pixel_33259,pixel_33260,pixel_33261,pixel_33262,pixel_33263,pixel_33264,pixel_33265,pixel_33266,pixel_33267,pixel_33268,pixel_33269,pixel_33270,pixel_33271,pixel_33272,pixel_33273,pixel_33274,pixel_33275,pixel_33276,pixel_33277,pixel_33278,pixel_33279,pixel_33280,pixel_33281,pixel_33282,pixel_33283,pixel_33284,pixel_33285,pixel_33286,pixel_33287,pixel_33288,pixel_33289,pixel_33290,pixel_33291,pixel_33292,pixel_33293,pixel_33294,pixel_33295,pixel_33296,pixel_33297,pixel_33298,pixel_33299,pixel_33300,pixel_33301,pixel_33302,pixel_33303,pixel_33304,pixel_33305,pixel_33306,pixel_33307,pixel_33308,pixel_33309,pixel_33310,pixel_33311,pixel_33312,pixel_33313,pixel_33314,pixel_33315,pixel_33316,pixel_33317,pixel_33318,pixel_33319,pixel_33320,pixel_33321,pixel_33322,pixel_33323,pixel_33324,pixel_33325,pixel_33326,pixel_33327,pixel_33328,pixel_33329,pixel_33330,pixel_33331,pixel_33332,pixel_33333,pixel_33334,pixel_33335,pixel_33336,pixel_33337,pixel_33338,pixel_33339,pixel_33340,pixel_33341,pixel_33342,pixel_33343,pixel_33344,pixel_33345,pixel_33346,pixel_33347,pixel_33348,pixel_33349,pixel_33350,pixel_33351,pixel_33352,pixel_33353,pixel_33354,pixel_33355,pixel_33356,pixel_33357,pixel_33358,pixel_33359,pixel_33360,pixel_33361,pixel_33362,pixel_33363,pixel_33364,pixel_33365,pixel_33366,pixel_33367,pixel_33368,pixel_33369,pixel_33370,pixel_33371,pixel_33372,pixel_33373,pixel_33374,pixel_33375,pixel_33376,pixel_33377,pixel_33378,pixel_33379,pixel_33380,pixel_33381,pixel_33382,pixel_33383,pixel_33384,pixel_33385,pixel_33386,pixel_33387,pixel_33388,pixel_33389,pixel_33390,pixel_33391,pixel_33392,pixel_33393,pixel_33394,pixel_33395,pixel_33396,pixel_33397,pixel_33398,pixel_33399,pixel_33400,pixel_33401,pixel_33402,pixel_33403,pixel_33404,pixel_33405,pixel_33406,pixel_33407,pixel_33408,pixel_33409,pixel_33410,pixel_33411,pixel_33412,pixel_33413,pixel_33414,pixel_33415,pixel_33416,pixel_33417,pixel_33418,pixel_33419,pixel_33420,pixel_33421,pixel_33422,pixel_33423,pixel_33424,pixel_33425,pixel_33426,pixel_33427,pixel_33428,pixel_33429,pixel_33430,pixel_33431,pixel_33432,pixel_33433,pixel_33434,pixel_33435,pixel_33436,pixel_33437,pixel_33438,pixel_33439,pixel_33440,pixel_33441,pixel_33442,pixel_33443,pixel_33444,pixel_33445,pixel_33446,pixel_33447,pixel_33448,pixel_33449,pixel_33450,pixel_33451,pixel_33452,pixel_33453,pixel_33454,pixel_33455,pixel_33456,pixel_33457,pixel_33458,pixel_33459,pixel_33460,pixel_33461,pixel_33462,pixel_33463,pixel_33464,pixel_33465,pixel_33466,pixel_33467,pixel_33468,pixel_33469,pixel_33470,pixel_33471,pixel_33472,pixel_33473,pixel_33474,pixel_33475,pixel_33476,pixel_33477,pixel_33478,pixel_33479,pixel_33480,pixel_33481,pixel_33482,pixel_33483,pixel_33484,pixel_33485,pixel_33486,pixel_33487,pixel_33488,pixel_33489,pixel_33490,pixel_33491,pixel_33492,pixel_33493,pixel_33494,pixel_33495,pixel_33496,pixel_33497,pixel_33498,pixel_33499,pixel_33500,pixel_33501,pixel_33502,pixel_33503,pixel_33504,pixel_33505,pixel_33506,pixel_33507,pixel_33508,pixel_33509,pixel_33510,pixel_33511,pixel_33512,pixel_33513,pixel_33514,pixel_33515,pixel_33516,pixel_33517,pixel_33518,pixel_33519,pixel_33520,pixel_33521,pixel_33522,pixel_33523,pixel_33524,pixel_33525,pixel_33526,pixel_33527,pixel_33528,pixel_33529,pixel_33530,pixel_33531,pixel_33532,pixel_33533,pixel_33534,pixel_33535,pixel_33536,pixel_33537,pixel_33538,pixel_33539,pixel_33540,pixel_33541,pixel_33542,pixel_33543,pixel_33544,pixel_33545,pixel_33546,pixel_33547,pixel_33548,pixel_33549,pixel_33550,pixel_33551,pixel_33552,pixel_33553,pixel_33554,pixel_33555,pixel_33556,pixel_33557,pixel_33558,pixel_33559,pixel_33560,pixel_33561,pixel_33562,pixel_33563,pixel_33564,pixel_33565,pixel_33566,pixel_33567,pixel_33568,pixel_33569,pixel_33570,pixel_33571,pixel_33572,pixel_33573,pixel_33574,pixel_33575,pixel_33576,pixel_33577,pixel_33578,pixel_33579,pixel_33580,pixel_33581,pixel_33582,pixel_33583,pixel_33584,pixel_33585,pixel_33586,pixel_33587,pixel_33588,pixel_33589,pixel_33590,pixel_33591,pixel_33592,pixel_33593,pixel_33594,pixel_33595,pixel_33596,pixel_33597,pixel_33598,pixel_33599,pixel_33600,pixel_33601,pixel_33602,pixel_33603,pixel_33604,pixel_33605,pixel_33606,pixel_33607,pixel_33608,pixel_33609,pixel_33610,pixel_33611,pixel_33612,pixel_33613,pixel_33614,pixel_33615,pixel_33616,pixel_33617,pixel_33618,pixel_33619,pixel_33620,pixel_33621,pixel_33622,pixel_33623,pixel_33624,pixel_33625,pixel_33626,pixel_33627,pixel_33628,pixel_33629,pixel_33630,pixel_33631,pixel_33632,pixel_33633,pixel_33634,pixel_33635,pixel_33636,pixel_33637,pixel_33638,pixel_33639,pixel_33640,pixel_33641,pixel_33642,pixel_33643,pixel_33644,pixel_33645,pixel_33646,pixel_33647,pixel_33648,pixel_33649,pixel_33650,pixel_33651,pixel_33652,pixel_33653,pixel_33654,pixel_33655,pixel_33656,pixel_33657,pixel_33658,pixel_33659,pixel_33660,pixel_33661,pixel_33662,pixel_33663,pixel_33664,pixel_33665,pixel_33666,pixel_33667,pixel_33668,pixel_33669,pixel_33670,pixel_33671,pixel_33672,pixel_33673,pixel_33674,pixel_33675,pixel_33676,pixel_33677,pixel_33678,pixel_33679,pixel_33680,pixel_33681,pixel_33682,pixel_33683,pixel_33684,pixel_33685,pixel_33686,pixel_33687,pixel_33688,pixel_33689,pixel_33690,pixel_33691,pixel_33692,pixel_33693,pixel_33694,pixel_33695,pixel_33696,pixel_33697,pixel_33698,pixel_33699,pixel_33700,pixel_33701,pixel_33702,pixel_33703,pixel_33704,pixel_33705,pixel_33706,pixel_33707,pixel_33708,pixel_33709,pixel_33710,pixel_33711,pixel_33712,pixel_33713,pixel_33714,pixel_33715,pixel_33716,pixel_33717,pixel_33718,pixel_33719,pixel_33720,pixel_33721,pixel_33722,pixel_33723,pixel_33724,pixel_33725,pixel_33726,pixel_33727,pixel_33728,pixel_33729,pixel_33730,pixel_33731,pixel_33732,pixel_33733,pixel_33734,pixel_33735,pixel_33736,pixel_33737,pixel_33738,pixel_33739,pixel_33740,pixel_33741,pixel_33742,pixel_33743,pixel_33744,pixel_33745,pixel_33746,pixel_33747,pixel_33748,pixel_33749,pixel_33750,pixel_33751,pixel_33752,pixel_33753,pixel_33754,pixel_33755,pixel_33756,pixel_33757,pixel_33758,pixel_33759,pixel_33760,pixel_33761,pixel_33762,pixel_33763,pixel_33764,pixel_33765,pixel_33766,pixel_33767,pixel_33768,pixel_33769,pixel_33770,pixel_33771,pixel_33772,pixel_33773,pixel_33774,pixel_33775,pixel_33776,pixel_33777,pixel_33778,pixel_33779,pixel_33780,pixel_33781,pixel_33782,pixel_33783,pixel_33784,pixel_33785,pixel_33786,pixel_33787,pixel_33788,pixel_33789,pixel_33790,pixel_33791,pixel_33792,pixel_33793,pixel_33794,pixel_33795,pixel_33796,pixel_33797,pixel_33798,pixel_33799,pixel_33800,pixel_33801,pixel_33802,pixel_33803,pixel_33804,pixel_33805,pixel_33806,pixel_33807,pixel_33808,pixel_33809,pixel_33810,pixel_33811,pixel_33812,pixel_33813,pixel_33814,pixel_33815,pixel_33816,pixel_33817,pixel_33818,pixel_33819,pixel_33820,pixel_33821,pixel_33822,pixel_33823,pixel_33824,pixel_33825,pixel_33826,pixel_33827,pixel_33828,pixel_33829,pixel_33830,pixel_33831,pixel_33832,pixel_33833,pixel_33834,pixel_33835,pixel_33836,pixel_33837,pixel_33838,pixel_33839,pixel_33840,pixel_33841,pixel_33842,pixel_33843,pixel_33844,pixel_33845,pixel_33846,pixel_33847,pixel_33848,pixel_33849,pixel_33850,pixel_33851,pixel_33852,pixel_33853,pixel_33854,pixel_33855,pixel_33856,pixel_33857,pixel_33858,pixel_33859,pixel_33860,pixel_33861,pixel_33862,pixel_33863,pixel_33864,pixel_33865,pixel_33866,pixel_33867,pixel_33868,pixel_33869,pixel_33870,pixel_33871,pixel_33872,pixel_33873,pixel_33874,pixel_33875,pixel_33876,pixel_33877,pixel_33878,pixel_33879,pixel_33880,pixel_33881,pixel_33882,pixel_33883,pixel_33884,pixel_33885,pixel_33886,pixel_33887,pixel_33888,pixel_33889,pixel_33890,pixel_33891,pixel_33892,pixel_33893,pixel_33894,pixel_33895,pixel_33896,pixel_33897,pixel_33898,pixel_33899,pixel_33900,pixel_33901,pixel_33902,pixel_33903,pixel_33904,pixel_33905,pixel_33906,pixel_33907,pixel_33908,pixel_33909,pixel_33910,pixel_33911,pixel_33912,pixel_33913,pixel_33914,pixel_33915,pixel_33916,pixel_33917,pixel_33918,pixel_33919,pixel_33920,pixel_33921,pixel_33922,pixel_33923,pixel_33924,pixel_33925,pixel_33926,pixel_33927,pixel_33928,pixel_33929,pixel_33930,pixel_33931,pixel_33932,pixel_33933,pixel_33934,pixel_33935,pixel_33936,pixel_33937,pixel_33938,pixel_33939,pixel_33940,pixel_33941,pixel_33942,pixel_33943,pixel_33944,pixel_33945,pixel_33946,pixel_33947,pixel_33948,pixel_33949,pixel_33950,pixel_33951,pixel_33952,pixel_33953,pixel_33954,pixel_33955,pixel_33956,pixel_33957,pixel_33958,pixel_33959,pixel_33960,pixel_33961,pixel_33962,pixel_33963,pixel_33964,pixel_33965,pixel_33966,pixel_33967,pixel_33968,pixel_33969,pixel_33970,pixel_33971,pixel_33972,pixel_33973,pixel_33974,pixel_33975,pixel_33976,pixel_33977,pixel_33978,pixel_33979,pixel_33980,pixel_33981,pixel_33982,pixel_33983,pixel_33984,pixel_33985,pixel_33986,pixel_33987,pixel_33988,pixel_33989,pixel_33990,pixel_33991,pixel_33992,pixel_33993,pixel_33994,pixel_33995,pixel_33996,pixel_33997,pixel_33998,pixel_33999,pixel_34000,pixel_34001,pixel_34002,pixel_34003,pixel_34004,pixel_34005,pixel_34006,pixel_34007,pixel_34008,pixel_34009,pixel_34010,pixel_34011,pixel_34012,pixel_34013,pixel_34014,pixel_34015,pixel_34016,pixel_34017,pixel_34018,pixel_34019,pixel_34020,pixel_34021,pixel_34022,pixel_34023,pixel_34024,pixel_34025,pixel_34026,pixel_34027,pixel_34028,pixel_34029,pixel_34030,pixel_34031,pixel_34032,pixel_34033,pixel_34034,pixel_34035,pixel_34036,pixel_34037,pixel_34038,pixel_34039,pixel_34040,pixel_34041,pixel_34042,pixel_34043,pixel_34044,pixel_34045,pixel_34046,pixel_34047,pixel_34048,pixel_34049,pixel_34050,pixel_34051,pixel_34052,pixel_34053,pixel_34054,pixel_34055,pixel_34056,pixel_34057,pixel_34058,pixel_34059,pixel_34060,pixel_34061,pixel_34062,pixel_34063,pixel_34064,pixel_34065,pixel_34066,pixel_34067,pixel_34068,pixel_34069,pixel_34070,pixel_34071,pixel_34072,pixel_34073,pixel_34074,pixel_34075,pixel_34076,pixel_34077,pixel_34078,pixel_34079,pixel_34080,pixel_34081,pixel_34082,pixel_34083,pixel_34084,pixel_34085,pixel_34086,pixel_34087,pixel_34088,pixel_34089,pixel_34090,pixel_34091,pixel_34092,pixel_34093,pixel_34094,pixel_34095,pixel_34096,pixel_34097,pixel_34098,pixel_34099,pixel_34100,pixel_34101,pixel_34102,pixel_34103,pixel_34104,pixel_34105,pixel_34106,pixel_34107,pixel_34108,pixel_34109,pixel_34110,pixel_34111,pixel_34112,pixel_34113,pixel_34114,pixel_34115,pixel_34116,pixel_34117,pixel_34118,pixel_34119,pixel_34120,pixel_34121,pixel_34122,pixel_34123,pixel_34124,pixel_34125,pixel_34126,pixel_34127,pixel_34128,pixel_34129,pixel_34130,pixel_34131,pixel_34132,pixel_34133,pixel_34134,pixel_34135,pixel_34136,pixel_34137,pixel_34138,pixel_34139,pixel_34140,pixel_34141,pixel_34142,pixel_34143,pixel_34144,pixel_34145,pixel_34146,pixel_34147,pixel_34148,pixel_34149,pixel_34150,pixel_34151,pixel_34152,pixel_34153,pixel_34154,pixel_34155,pixel_34156,pixel_34157,pixel_34158,pixel_34159,pixel_34160,pixel_34161,pixel_34162,pixel_34163,pixel_34164,pixel_34165,pixel_34166,pixel_34167,pixel_34168,pixel_34169,pixel_34170,pixel_34171,pixel_34172,pixel_34173,pixel_34174,pixel_34175,pixel_34176,pixel_34177,pixel_34178,pixel_34179,pixel_34180,pixel_34181,pixel_34182,pixel_34183,pixel_34184,pixel_34185,pixel_34186,pixel_34187,pixel_34188,pixel_34189,pixel_34190,pixel_34191,pixel_34192,pixel_34193,pixel_34194,pixel_34195,pixel_34196,pixel_34197,pixel_34198,pixel_34199,pixel_34200,pixel_34201,pixel_34202,pixel_34203,pixel_34204,pixel_34205,pixel_34206,pixel_34207,pixel_34208,pixel_34209,pixel_34210,pixel_34211,pixel_34212,pixel_34213,pixel_34214,pixel_34215,pixel_34216,pixel_34217,pixel_34218,pixel_34219,pixel_34220,pixel_34221,pixel_34222,pixel_34223,pixel_34224,pixel_34225,pixel_34226,pixel_34227,pixel_34228,pixel_34229,pixel_34230,pixel_34231,pixel_34232,pixel_34233,pixel_34234,pixel_34235,pixel_34236,pixel_34237,pixel_34238,pixel_34239,pixel_34240,pixel_34241,pixel_34242,pixel_34243,pixel_34244,pixel_34245,pixel_34246,pixel_34247,pixel_34248,pixel_34249,pixel_34250,pixel_34251,pixel_34252,pixel_34253,pixel_34254,pixel_34255,pixel_34256,pixel_34257,pixel_34258,pixel_34259,pixel_34260,pixel_34261,pixel_34262,pixel_34263,pixel_34264,pixel_34265,pixel_34266,pixel_34267,pixel_34268,pixel_34269,pixel_34270,pixel_34271,pixel_34272,pixel_34273,pixel_34274,pixel_34275,pixel_34276,pixel_34277,pixel_34278,pixel_34279,pixel_34280,pixel_34281,pixel_34282,pixel_34283,pixel_34284,pixel_34285,pixel_34286,pixel_34287,pixel_34288,pixel_34289,pixel_34290,pixel_34291,pixel_34292,pixel_34293,pixel_34294,pixel_34295,pixel_34296,pixel_34297,pixel_34298,pixel_34299,pixel_34300,pixel_34301,pixel_34302,pixel_34303,pixel_34304,pixel_34305,pixel_34306,pixel_34307,pixel_34308,pixel_34309,pixel_34310,pixel_34311,pixel_34312,pixel_34313,pixel_34314,pixel_34315,pixel_34316,pixel_34317,pixel_34318,pixel_34319,pixel_34320,pixel_34321,pixel_34322,pixel_34323,pixel_34324,pixel_34325,pixel_34326,pixel_34327,pixel_34328,pixel_34329,pixel_34330,pixel_34331,pixel_34332,pixel_34333,pixel_34334,pixel_34335,pixel_34336,pixel_34337,pixel_34338,pixel_34339,pixel_34340,pixel_34341,pixel_34342,pixel_34343,pixel_34344,pixel_34345,pixel_34346,pixel_34347,pixel_34348,pixel_34349,pixel_34350,pixel_34351,pixel_34352,pixel_34353,pixel_34354,pixel_34355,pixel_34356,pixel_34357,pixel_34358,pixel_34359,pixel_34360,pixel_34361,pixel_34362,pixel_34363,pixel_34364,pixel_34365,pixel_34366,pixel_34367,pixel_34368,pixel_34369,pixel_34370,pixel_34371,pixel_34372,pixel_34373,pixel_34374,pixel_34375,pixel_34376,pixel_34377,pixel_34378,pixel_34379,pixel_34380,pixel_34381,pixel_34382,pixel_34383,pixel_34384,pixel_34385,pixel_34386,pixel_34387,pixel_34388,pixel_34389,pixel_34390,pixel_34391,pixel_34392,pixel_34393,pixel_34394,pixel_34395,pixel_34396,pixel_34397,pixel_34398,pixel_34399,pixel_34400,pixel_34401,pixel_34402,pixel_34403,pixel_34404,pixel_34405,pixel_34406,pixel_34407,pixel_34408,pixel_34409,pixel_34410,pixel_34411,pixel_34412,pixel_34413,pixel_34414,pixel_34415,pixel_34416,pixel_34417,pixel_34418,pixel_34419,pixel_34420,pixel_34421,pixel_34422,pixel_34423,pixel_34424,pixel_34425,pixel_34426,pixel_34427,pixel_34428,pixel_34429,pixel_34430,pixel_34431,pixel_34432,pixel_34433,pixel_34434,pixel_34435,pixel_34436,pixel_34437,pixel_34438,pixel_34439,pixel_34440,pixel_34441,pixel_34442,pixel_34443,pixel_34444,pixel_34445,pixel_34446,pixel_34447,pixel_34448,pixel_34449,pixel_34450,pixel_34451,pixel_34452,pixel_34453,pixel_34454,pixel_34455,pixel_34456,pixel_34457,pixel_34458,pixel_34459,pixel_34460,pixel_34461,pixel_34462,pixel_34463,pixel_34464,pixel_34465,pixel_34466,pixel_34467,pixel_34468,pixel_34469,pixel_34470,pixel_34471,pixel_34472,pixel_34473,pixel_34474,pixel_34475,pixel_34476,pixel_34477,pixel_34478,pixel_34479,pixel_34480,pixel_34481,pixel_34482,pixel_34483,pixel_34484,pixel_34485,pixel_34486,pixel_34487,pixel_34488,pixel_34489,pixel_34490,pixel_34491,pixel_34492,pixel_34493,pixel_34494,pixel_34495,pixel_34496,pixel_34497,pixel_34498,pixel_34499,pixel_34500,pixel_34501,pixel_34502,pixel_34503,pixel_34504,pixel_34505,pixel_34506,pixel_34507,pixel_34508,pixel_34509,pixel_34510,pixel_34511,pixel_34512,pixel_34513,pixel_34514,pixel_34515,pixel_34516,pixel_34517,pixel_34518,pixel_34519,pixel_34520,pixel_34521,pixel_34522,pixel_34523,pixel_34524,pixel_34525,pixel_34526,pixel_34527,pixel_34528,pixel_34529,pixel_34530,pixel_34531,pixel_34532,pixel_34533,pixel_34534,pixel_34535,pixel_34536,pixel_34537,pixel_34538,pixel_34539,pixel_34540,pixel_34541,pixel_34542,pixel_34543,pixel_34544,pixel_34545,pixel_34546,pixel_34547,pixel_34548,pixel_34549,pixel_34550,pixel_34551,pixel_34552,pixel_34553,pixel_34554,pixel_34555,pixel_34556,pixel_34557,pixel_34558,pixel_34559,pixel_34560,pixel_34561,pixel_34562,pixel_34563,pixel_34564,pixel_34565,pixel_34566,pixel_34567,pixel_34568,pixel_34569,pixel_34570,pixel_34571,pixel_34572,pixel_34573,pixel_34574,pixel_34575,pixel_34576,pixel_34577,pixel_34578,pixel_34579,pixel_34580,pixel_34581,pixel_34582,pixel_34583,pixel_34584,pixel_34585,pixel_34586,pixel_34587,pixel_34588,pixel_34589,pixel_34590,pixel_34591,pixel_34592,pixel_34593,pixel_34594,pixel_34595,pixel_34596,pixel_34597,pixel_34598,pixel_34599,pixel_34600,pixel_34601,pixel_34602,pixel_34603,pixel_34604,pixel_34605,pixel_34606,pixel_34607,pixel_34608,pixel_34609,pixel_34610,pixel_34611,pixel_34612,pixel_34613,pixel_34614,pixel_34615,pixel_34616,pixel_34617,pixel_34618,pixel_34619,pixel_34620,pixel_34621,pixel_34622,pixel_34623,pixel_34624,pixel_34625,pixel_34626,pixel_34627,pixel_34628,pixel_34629,pixel_34630,pixel_34631,pixel_34632,pixel_34633,pixel_34634,pixel_34635,pixel_34636,pixel_34637,pixel_34638,pixel_34639,pixel_34640,pixel_34641,pixel_34642,pixel_34643,pixel_34644,pixel_34645,pixel_34646,pixel_34647,pixel_34648,pixel_34649,pixel_34650,pixel_34651,pixel_34652,pixel_34653,pixel_34654,pixel_34655,pixel_34656,pixel_34657,pixel_34658,pixel_34659,pixel_34660,pixel_34661,pixel_34662,pixel_34663,pixel_34664,pixel_34665,pixel_34666,pixel_34667,pixel_34668,pixel_34669,pixel_34670,pixel_34671,pixel_34672,pixel_34673,pixel_34674,pixel_34675,pixel_34676,pixel_34677,pixel_34678,pixel_34679,pixel_34680,pixel_34681,pixel_34682,pixel_34683,pixel_34684,pixel_34685,pixel_34686,pixel_34687,pixel_34688,pixel_34689,pixel_34690,pixel_34691,pixel_34692,pixel_34693,pixel_34694,pixel_34695,pixel_34696,pixel_34697,pixel_34698,pixel_34699,pixel_34700,pixel_34701,pixel_34702,pixel_34703,pixel_34704,pixel_34705,pixel_34706,pixel_34707,pixel_34708,pixel_34709,pixel_34710,pixel_34711,pixel_34712,pixel_34713,pixel_34714,pixel_34715,pixel_34716,pixel_34717,pixel_34718,pixel_34719,pixel_34720,pixel_34721,pixel_34722,pixel_34723,pixel_34724,pixel_34725,pixel_34726,pixel_34727,pixel_34728,pixel_34729,pixel_34730,pixel_34731,pixel_34732,pixel_34733,pixel_34734,pixel_34735,pixel_34736,pixel_34737,pixel_34738,pixel_34739,pixel_34740,pixel_34741,pixel_34742,pixel_34743,pixel_34744,pixel_34745,pixel_34746,pixel_34747,pixel_34748,pixel_34749,pixel_34750,pixel_34751,pixel_34752,pixel_34753,pixel_34754,pixel_34755,pixel_34756,pixel_34757,pixel_34758,pixel_34759,pixel_34760,pixel_34761,pixel_34762,pixel_34763,pixel_34764,pixel_34765,pixel_34766,pixel_34767,pixel_34768,pixel_34769,pixel_34770,pixel_34771,pixel_34772,pixel_34773,pixel_34774,pixel_34775,pixel_34776,pixel_34777,pixel_34778,pixel_34779,pixel_34780,pixel_34781,pixel_34782,pixel_34783,pixel_34784,pixel_34785,pixel_34786,pixel_34787,pixel_34788,pixel_34789,pixel_34790,pixel_34791,pixel_34792,pixel_34793,pixel_34794,pixel_34795,pixel_34796,pixel_34797,pixel_34798,pixel_34799,pixel_34800,pixel_34801,pixel_34802,pixel_34803,pixel_34804,pixel_34805,pixel_34806,pixel_34807,pixel_34808,pixel_34809,pixel_34810,pixel_34811,pixel_34812,pixel_34813,pixel_34814,pixel_34815,pixel_34816,pixel_34817,pixel_34818,pixel_34819,pixel_34820,pixel_34821,pixel_34822,pixel_34823,pixel_34824,pixel_34825,pixel_34826,pixel_34827,pixel_34828,pixel_34829,pixel_34830,pixel_34831,pixel_34832,pixel_34833,pixel_34834,pixel_34835,pixel_34836,pixel_34837,pixel_34838,pixel_34839,pixel_34840,pixel_34841,pixel_34842,pixel_34843,pixel_34844,pixel_34845,pixel_34846,pixel_34847,pixel_34848,pixel_34849,pixel_34850,pixel_34851,pixel_34852,pixel_34853,pixel_34854,pixel_34855,pixel_34856,pixel_34857,pixel_34858,pixel_34859,pixel_34860,pixel_34861,pixel_34862,pixel_34863,pixel_34864,pixel_34865,pixel_34866,pixel_34867,pixel_34868,pixel_34869,pixel_34870,pixel_34871,pixel_34872,pixel_34873,pixel_34874,pixel_34875,pixel_34876,pixel_34877,pixel_34878,pixel_34879,pixel_34880,pixel_34881,pixel_34882,pixel_34883,pixel_34884,pixel_34885,pixel_34886,pixel_34887,pixel_34888,pixel_34889,pixel_34890,pixel_34891,pixel_34892,pixel_34893,pixel_34894,pixel_34895,pixel_34896,pixel_34897,pixel_34898,pixel_34899,pixel_34900,pixel_34901,pixel_34902,pixel_34903,pixel_34904,pixel_34905,pixel_34906,pixel_34907,pixel_34908,pixel_34909,pixel_34910,pixel_34911,pixel_34912,pixel_34913,pixel_34914,pixel_34915,pixel_34916,pixel_34917,pixel_34918,pixel_34919,pixel_34920,pixel_34921,pixel_34922,pixel_34923,pixel_34924,pixel_34925,pixel_34926,pixel_34927,pixel_34928,pixel_34929,pixel_34930,pixel_34931,pixel_34932,pixel_34933,pixel_34934,pixel_34935,pixel_34936,pixel_34937,pixel_34938,pixel_34939,pixel_34940,pixel_34941,pixel_34942,pixel_34943,pixel_34944,pixel_34945,pixel_34946,pixel_34947,pixel_34948,pixel_34949,pixel_34950,pixel_34951,pixel_34952,pixel_34953,pixel_34954,pixel_34955,pixel_34956,pixel_34957,pixel_34958,pixel_34959,pixel_34960,pixel_34961,pixel_34962,pixel_34963,pixel_34964,pixel_34965,pixel_34966,pixel_34967,pixel_34968,pixel_34969,pixel_34970,pixel_34971,pixel_34972,pixel_34973,pixel_34974,pixel_34975,pixel_34976,pixel_34977,pixel_34978,pixel_34979,pixel_34980,pixel_34981,pixel_34982,pixel_34983,pixel_34984,pixel_34985,pixel_34986,pixel_34987,pixel_34988,pixel_34989,pixel_34990,pixel_34991,pixel_34992,pixel_34993,pixel_34994,pixel_34995,pixel_34996,pixel_34997,pixel_34998,pixel_34999,pixel_35000,pixel_35001,pixel_35002,pixel_35003,pixel_35004,pixel_35005,pixel_35006,pixel_35007,pixel_35008,pixel_35009,pixel_35010,pixel_35011,pixel_35012,pixel_35013,pixel_35014,pixel_35015,pixel_35016,pixel_35017,pixel_35018,pixel_35019,pixel_35020,pixel_35021,pixel_35022,pixel_35023,pixel_35024,pixel_35025,pixel_35026,pixel_35027,pixel_35028,pixel_35029,pixel_35030,pixel_35031,pixel_35032,pixel_35033,pixel_35034,pixel_35035,pixel_35036,pixel_35037,pixel_35038,pixel_35039,pixel_35040,pixel_35041,pixel_35042,pixel_35043,pixel_35044,pixel_35045,pixel_35046,pixel_35047,pixel_35048,pixel_35049,pixel_35050,pixel_35051,pixel_35052,pixel_35053,pixel_35054,pixel_35055,pixel_35056,pixel_35057,pixel_35058,pixel_35059,pixel_35060,pixel_35061,pixel_35062,pixel_35063,pixel_35064,pixel_35065,pixel_35066,pixel_35067,pixel_35068,pixel_35069,pixel_35070,pixel_35071,pixel_35072,pixel_35073,pixel_35074,pixel_35075,pixel_35076,pixel_35077,pixel_35078,pixel_35079,pixel_35080,pixel_35081,pixel_35082,pixel_35083,pixel_35084,pixel_35085,pixel_35086,pixel_35087,pixel_35088,pixel_35089,pixel_35090,pixel_35091,pixel_35092,pixel_35093,pixel_35094,pixel_35095,pixel_35096,pixel_35097,pixel_35098,pixel_35099,pixel_35100,pixel_35101,pixel_35102,pixel_35103,pixel_35104,pixel_35105,pixel_35106,pixel_35107,pixel_35108,pixel_35109,pixel_35110,pixel_35111,pixel_35112,pixel_35113,pixel_35114,pixel_35115,pixel_35116,pixel_35117,pixel_35118,pixel_35119,pixel_35120,pixel_35121,pixel_35122,pixel_35123,pixel_35124,pixel_35125,pixel_35126,pixel_35127,pixel_35128,pixel_35129,pixel_35130,pixel_35131,pixel_35132,pixel_35133,pixel_35134,pixel_35135,pixel_35136,pixel_35137,pixel_35138,pixel_35139,pixel_35140,pixel_35141,pixel_35142,pixel_35143,pixel_35144,pixel_35145,pixel_35146,pixel_35147,pixel_35148,pixel_35149,pixel_35150,pixel_35151,pixel_35152,pixel_35153,pixel_35154,pixel_35155,pixel_35156,pixel_35157,pixel_35158,pixel_35159,pixel_35160,pixel_35161,pixel_35162,pixel_35163,pixel_35164,pixel_35165,pixel_35166,pixel_35167,pixel_35168,pixel_35169,pixel_35170,pixel_35171,pixel_35172,pixel_35173,pixel_35174,pixel_35175,pixel_35176,pixel_35177,pixel_35178,pixel_35179,pixel_35180,pixel_35181,pixel_35182,pixel_35183,pixel_35184,pixel_35185,pixel_35186,pixel_35187,pixel_35188,pixel_35189,pixel_35190,pixel_35191,pixel_35192,pixel_35193,pixel_35194,pixel_35195,pixel_35196,pixel_35197,pixel_35198,pixel_35199,pixel_35200,pixel_35201,pixel_35202,pixel_35203,pixel_35204,pixel_35205,pixel_35206,pixel_35207,pixel_35208,pixel_35209,pixel_35210,pixel_35211,pixel_35212,pixel_35213,pixel_35214,pixel_35215,pixel_35216,pixel_35217,pixel_35218,pixel_35219,pixel_35220,pixel_35221,pixel_35222,pixel_35223,pixel_35224,pixel_35225,pixel_35226,pixel_35227,pixel_35228,pixel_35229,pixel_35230,pixel_35231,pixel_35232,pixel_35233,pixel_35234,pixel_35235,pixel_35236,pixel_35237,pixel_35238,pixel_35239,pixel_35240,pixel_35241,pixel_35242,pixel_35243,pixel_35244,pixel_35245,pixel_35246,pixel_35247,pixel_35248,pixel_35249,pixel_35250,pixel_35251,pixel_35252,pixel_35253,pixel_35254,pixel_35255,pixel_35256,pixel_35257,pixel_35258,pixel_35259,pixel_35260,pixel_35261,pixel_35262,pixel_35263,pixel_35264,pixel_35265,pixel_35266,pixel_35267,pixel_35268,pixel_35269,pixel_35270,pixel_35271,pixel_35272,pixel_35273,pixel_35274,pixel_35275,pixel_35276,pixel_35277,pixel_35278,pixel_35279,pixel_35280,pixel_35281,pixel_35282,pixel_35283,pixel_35284,pixel_35285,pixel_35286,pixel_35287,pixel_35288,pixel_35289,pixel_35290,pixel_35291,pixel_35292,pixel_35293,pixel_35294,pixel_35295,pixel_35296,pixel_35297,pixel_35298,pixel_35299,pixel_35300,pixel_35301,pixel_35302,pixel_35303,pixel_35304,pixel_35305,pixel_35306,pixel_35307,pixel_35308,pixel_35309,pixel_35310,pixel_35311,pixel_35312,pixel_35313,pixel_35314,pixel_35315,pixel_35316,pixel_35317,pixel_35318,pixel_35319,pixel_35320,pixel_35321,pixel_35322,pixel_35323,pixel_35324,pixel_35325,pixel_35326,pixel_35327,pixel_35328,pixel_35329,pixel_35330,pixel_35331,pixel_35332,pixel_35333,pixel_35334,pixel_35335,pixel_35336,pixel_35337,pixel_35338,pixel_35339,pixel_35340,pixel_35341,pixel_35342,pixel_35343,pixel_35344,pixel_35345,pixel_35346,pixel_35347,pixel_35348,pixel_35349,pixel_35350,pixel_35351,pixel_35352,pixel_35353,pixel_35354,pixel_35355,pixel_35356,pixel_35357,pixel_35358,pixel_35359,pixel_35360,pixel_35361,pixel_35362,pixel_35363,pixel_35364,pixel_35365,pixel_35366,pixel_35367,pixel_35368,pixel_35369,pixel_35370,pixel_35371,pixel_35372,pixel_35373,pixel_35374,pixel_35375,pixel_35376,pixel_35377,pixel_35378,pixel_35379,pixel_35380,pixel_35381,pixel_35382,pixel_35383,pixel_35384,pixel_35385,pixel_35386,pixel_35387,pixel_35388,pixel_35389,pixel_35390,pixel_35391,pixel_35392,pixel_35393,pixel_35394,pixel_35395,pixel_35396,pixel_35397,pixel_35398,pixel_35399,pixel_35400,pixel_35401,pixel_35402,pixel_35403,pixel_35404,pixel_35405,pixel_35406,pixel_35407,pixel_35408,pixel_35409,pixel_35410,pixel_35411,pixel_35412,pixel_35413,pixel_35414,pixel_35415,pixel_35416,pixel_35417,pixel_35418,pixel_35419,pixel_35420,pixel_35421,pixel_35422,pixel_35423,pixel_35424,pixel_35425,pixel_35426,pixel_35427,pixel_35428,pixel_35429,pixel_35430,pixel_35431,pixel_35432,pixel_35433,pixel_35434,pixel_35435,pixel_35436,pixel_35437,pixel_35438,pixel_35439,pixel_35440,pixel_35441,pixel_35442,pixel_35443,pixel_35444,pixel_35445,pixel_35446,pixel_35447,pixel_35448,pixel_35449,pixel_35450,pixel_35451,pixel_35452,pixel_35453,pixel_35454,pixel_35455,pixel_35456,pixel_35457,pixel_35458,pixel_35459,pixel_35460,pixel_35461,pixel_35462,pixel_35463,pixel_35464,pixel_35465,pixel_35466,pixel_35467,pixel_35468,pixel_35469,pixel_35470,pixel_35471,pixel_35472,pixel_35473,pixel_35474,pixel_35475,pixel_35476,pixel_35477,pixel_35478,pixel_35479,pixel_35480,pixel_35481,pixel_35482,pixel_35483,pixel_35484,pixel_35485,pixel_35486,pixel_35487,pixel_35488,pixel_35489,pixel_35490,pixel_35491,pixel_35492,pixel_35493,pixel_35494,pixel_35495,pixel_35496,pixel_35497,pixel_35498,pixel_35499,pixel_35500,pixel_35501,pixel_35502,pixel_35503,pixel_35504,pixel_35505,pixel_35506,pixel_35507,pixel_35508,pixel_35509,pixel_35510,pixel_35511,pixel_35512,pixel_35513,pixel_35514,pixel_35515,pixel_35516,pixel_35517,pixel_35518,pixel_35519,pixel_35520,pixel_35521,pixel_35522,pixel_35523,pixel_35524,pixel_35525,pixel_35526,pixel_35527,pixel_35528,pixel_35529,pixel_35530,pixel_35531,pixel_35532,pixel_35533,pixel_35534,pixel_35535,pixel_35536,pixel_35537,pixel_35538,pixel_35539,pixel_35540,pixel_35541,pixel_35542,pixel_35543,pixel_35544,pixel_35545,pixel_35546,pixel_35547,pixel_35548,pixel_35549,pixel_35550,pixel_35551,pixel_35552,pixel_35553,pixel_35554,pixel_35555,pixel_35556,pixel_35557,pixel_35558,pixel_35559,pixel_35560,pixel_35561,pixel_35562,pixel_35563,pixel_35564,pixel_35565,pixel_35566,pixel_35567,pixel_35568,pixel_35569,pixel_35570,pixel_35571,pixel_35572,pixel_35573,pixel_35574,pixel_35575,pixel_35576,pixel_35577,pixel_35578,pixel_35579,pixel_35580,pixel_35581,pixel_35582,pixel_35583,pixel_35584,pixel_35585,pixel_35586,pixel_35587,pixel_35588,pixel_35589,pixel_35590,pixel_35591,pixel_35592,pixel_35593,pixel_35594,pixel_35595,pixel_35596,pixel_35597,pixel_35598,pixel_35599,pixel_35600,pixel_35601,pixel_35602,pixel_35603,pixel_35604,pixel_35605,pixel_35606,pixel_35607,pixel_35608,pixel_35609,pixel_35610,pixel_35611,pixel_35612,pixel_35613,pixel_35614,pixel_35615,pixel_35616,pixel_35617,pixel_35618,pixel_35619,pixel_35620,pixel_35621,pixel_35622,pixel_35623,pixel_35624,pixel_35625,pixel_35626,pixel_35627,pixel_35628,pixel_35629,pixel_35630,pixel_35631,pixel_35632,pixel_35633,pixel_35634,pixel_35635,pixel_35636,pixel_35637,pixel_35638,pixel_35639,pixel_35640,pixel_35641,pixel_35642,pixel_35643,pixel_35644,pixel_35645,pixel_35646,pixel_35647,pixel_35648,pixel_35649,pixel_35650,pixel_35651,pixel_35652,pixel_35653,pixel_35654,pixel_35655,pixel_35656,pixel_35657,pixel_35658,pixel_35659,pixel_35660,pixel_35661,pixel_35662,pixel_35663,pixel_35664,pixel_35665,pixel_35666,pixel_35667,pixel_35668,pixel_35669,pixel_35670,pixel_35671,pixel_35672,pixel_35673,pixel_35674,pixel_35675,pixel_35676,pixel_35677,pixel_35678,pixel_35679,pixel_35680,pixel_35681,pixel_35682,pixel_35683,pixel_35684,pixel_35685,pixel_35686,pixel_35687,pixel_35688,pixel_35689,pixel_35690,pixel_35691,pixel_35692,pixel_35693,pixel_35694,pixel_35695,pixel_35696,pixel_35697,pixel_35698,pixel_35699,pixel_35700,pixel_35701,pixel_35702,pixel_35703,pixel_35704,pixel_35705,pixel_35706,pixel_35707,pixel_35708,pixel_35709,pixel_35710,pixel_35711,pixel_35712,pixel_35713,pixel_35714,pixel_35715,pixel_35716,pixel_35717,pixel_35718,pixel_35719,pixel_35720,pixel_35721,pixel_35722,pixel_35723,pixel_35724,pixel_35725,pixel_35726,pixel_35727,pixel_35728,pixel_35729,pixel_35730,pixel_35731,pixel_35732,pixel_35733,pixel_35734,pixel_35735,pixel_35736,pixel_35737,pixel_35738,pixel_35739,pixel_35740,pixel_35741,pixel_35742,pixel_35743,pixel_35744,pixel_35745,pixel_35746,pixel_35747,pixel_35748,pixel_35749,pixel_35750,pixel_35751,pixel_35752,pixel_35753,pixel_35754,pixel_35755,pixel_35756,pixel_35757,pixel_35758,pixel_35759,pixel_35760,pixel_35761,pixel_35762,pixel_35763,pixel_35764,pixel_35765,pixel_35766,pixel_35767,pixel_35768,pixel_35769,pixel_35770,pixel_35771,pixel_35772,pixel_35773,pixel_35774,pixel_35775,pixel_35776,pixel_35777,pixel_35778,pixel_35779,pixel_35780,pixel_35781,pixel_35782,pixel_35783,pixel_35784,pixel_35785,pixel_35786,pixel_35787,pixel_35788,pixel_35789,pixel_35790,pixel_35791,pixel_35792,pixel_35793,pixel_35794,pixel_35795,pixel_35796,pixel_35797,pixel_35798,pixel_35799,pixel_35800,pixel_35801,pixel_35802,pixel_35803,pixel_35804,pixel_35805,pixel_35806,pixel_35807,pixel_35808,pixel_35809,pixel_35810,pixel_35811,pixel_35812,pixel_35813,pixel_35814,pixel_35815,pixel_35816,pixel_35817,pixel_35818,pixel_35819,pixel_35820,pixel_35821,pixel_35822,pixel_35823,pixel_35824,pixel_35825,pixel_35826,pixel_35827,pixel_35828,pixel_35829,pixel_35830,pixel_35831,pixel_35832,pixel_35833,pixel_35834,pixel_35835,pixel_35836,pixel_35837,pixel_35838,pixel_35839,pixel_35840,pixel_35841,pixel_35842,pixel_35843,pixel_35844,pixel_35845,pixel_35846,pixel_35847,pixel_35848,pixel_35849,pixel_35850,pixel_35851,pixel_35852,pixel_35853,pixel_35854,pixel_35855,pixel_35856,pixel_35857,pixel_35858,pixel_35859,pixel_35860,pixel_35861,pixel_35862,pixel_35863,pixel_35864,pixel_35865,pixel_35866,pixel_35867,pixel_35868,pixel_35869,pixel_35870,pixel_35871,pixel_35872,pixel_35873,pixel_35874,pixel_35875,pixel_35876,pixel_35877,pixel_35878,pixel_35879,pixel_35880,pixel_35881,pixel_35882,pixel_35883,pixel_35884,pixel_35885,pixel_35886,pixel_35887,pixel_35888,pixel_35889,pixel_35890,pixel_35891,pixel_35892,pixel_35893,pixel_35894,pixel_35895,pixel_35896,pixel_35897,pixel_35898,pixel_35899,pixel_35900,pixel_35901,pixel_35902,pixel_35903,pixel_35904,pixel_35905,pixel_35906,pixel_35907,pixel_35908,pixel_35909,pixel_35910,pixel_35911,pixel_35912,pixel_35913,pixel_35914,pixel_35915,pixel_35916,pixel_35917,pixel_35918,pixel_35919,pixel_35920,pixel_35921,pixel_35922,pixel_35923,pixel_35924,pixel_35925,pixel_35926,pixel_35927,pixel_35928,pixel_35929,pixel_35930,pixel_35931,pixel_35932,pixel_35933,pixel_35934,pixel_35935,pixel_35936,pixel_35937,pixel_35938,pixel_35939,pixel_35940,pixel_35941,pixel_35942,pixel_35943,pixel_35944,pixel_35945,pixel_35946,pixel_35947,pixel_35948,pixel_35949,pixel_35950,pixel_35951,pixel_35952,pixel_35953,pixel_35954,pixel_35955,pixel_35956,pixel_35957,pixel_35958,pixel_35959,pixel_35960,pixel_35961,pixel_35962,pixel_35963,pixel_35964,pixel_35965,pixel_35966,pixel_35967,pixel_35968,pixel_35969,pixel_35970,pixel_35971,pixel_35972,pixel_35973,pixel_35974,pixel_35975,pixel_35976,pixel_35977,pixel_35978,pixel_35979,pixel_35980,pixel_35981,pixel_35982,pixel_35983,pixel_35984,pixel_35985,pixel_35986,pixel_35987,pixel_35988,pixel_35989,pixel_35990,pixel_35991,pixel_35992,pixel_35993,pixel_35994,pixel_35995,pixel_35996,pixel_35997,pixel_35998,pixel_35999,pixel_36000,pixel_36001,pixel_36002,pixel_36003,pixel_36004,pixel_36005,pixel_36006,pixel_36007,pixel_36008,pixel_36009,pixel_36010,pixel_36011,pixel_36012,pixel_36013,pixel_36014,pixel_36015,pixel_36016,pixel_36017,pixel_36018,pixel_36019,pixel_36020,pixel_36021,pixel_36022,pixel_36023,pixel_36024,pixel_36025,pixel_36026,pixel_36027,pixel_36028,pixel_36029,pixel_36030,pixel_36031,pixel_36032,pixel_36033,pixel_36034,pixel_36035,pixel_36036,pixel_36037,pixel_36038,pixel_36039,pixel_36040,pixel_36041,pixel_36042,pixel_36043,pixel_36044,pixel_36045,pixel_36046,pixel_36047,pixel_36048,pixel_36049,pixel_36050,pixel_36051,pixel_36052,pixel_36053,pixel_36054,pixel_36055,pixel_36056,pixel_36057,pixel_36058,pixel_36059,pixel_36060,pixel_36061,pixel_36062,pixel_36063,pixel_36064,pixel_36065,pixel_36066,pixel_36067,pixel_36068,pixel_36069,pixel_36070,pixel_36071,pixel_36072,pixel_36073,pixel_36074,pixel_36075,pixel_36076,pixel_36077,pixel_36078,pixel_36079,pixel_36080,pixel_36081,pixel_36082,pixel_36083,pixel_36084,pixel_36085,pixel_36086,pixel_36087,pixel_36088,pixel_36089,pixel_36090,pixel_36091,pixel_36092,pixel_36093,pixel_36094,pixel_36095,pixel_36096,pixel_36097,pixel_36098,pixel_36099,pixel_36100,pixel_36101,pixel_36102,pixel_36103,pixel_36104,pixel_36105,pixel_36106,pixel_36107,pixel_36108,pixel_36109,pixel_36110,pixel_36111,pixel_36112,pixel_36113,pixel_36114,pixel_36115,pixel_36116,pixel_36117,pixel_36118,pixel_36119,pixel_36120,pixel_36121,pixel_36122,pixel_36123,pixel_36124,pixel_36125,pixel_36126,pixel_36127,pixel_36128,pixel_36129,pixel_36130,pixel_36131,pixel_36132,pixel_36133,pixel_36134,pixel_36135,pixel_36136,pixel_36137,pixel_36138,pixel_36139,pixel_36140,pixel_36141,pixel_36142,pixel_36143,pixel_36144,pixel_36145,pixel_36146,pixel_36147,pixel_36148,pixel_36149,pixel_36150,pixel_36151,pixel_36152,pixel_36153,pixel_36154,pixel_36155,pixel_36156,pixel_36157,pixel_36158,pixel_36159,pixel_36160,pixel_36161,pixel_36162,pixel_36163,pixel_36164,pixel_36165,pixel_36166,pixel_36167,pixel_36168,pixel_36169,pixel_36170,pixel_36171,pixel_36172,pixel_36173,pixel_36174,pixel_36175,pixel_36176,pixel_36177,pixel_36178,pixel_36179,pixel_36180,pixel_36181,pixel_36182,pixel_36183,pixel_36184,pixel_36185,pixel_36186,pixel_36187,pixel_36188,pixel_36189,pixel_36190,pixel_36191,pixel_36192,pixel_36193,pixel_36194,pixel_36195,pixel_36196,pixel_36197,pixel_36198,pixel_36199,pixel_36200,pixel_36201,pixel_36202,pixel_36203,pixel_36204,pixel_36205,pixel_36206,pixel_36207,pixel_36208,pixel_36209,pixel_36210,pixel_36211,pixel_36212,pixel_36213,pixel_36214,pixel_36215,pixel_36216,pixel_36217,pixel_36218,pixel_36219,pixel_36220,pixel_36221,pixel_36222,pixel_36223,pixel_36224,pixel_36225,pixel_36226,pixel_36227,pixel_36228,pixel_36229,pixel_36230,pixel_36231,pixel_36232,pixel_36233,pixel_36234,pixel_36235,pixel_36236,pixel_36237,pixel_36238,pixel_36239,pixel_36240,pixel_36241,pixel_36242,pixel_36243,pixel_36244,pixel_36245,pixel_36246,pixel_36247,pixel_36248,pixel_36249,pixel_36250,pixel_36251,pixel_36252,pixel_36253,pixel_36254,pixel_36255,pixel_36256,pixel_36257,pixel_36258,pixel_36259,pixel_36260,pixel_36261,pixel_36262,pixel_36263,pixel_36264,pixel_36265,pixel_36266,pixel_36267,pixel_36268,pixel_36269,pixel_36270,pixel_36271,pixel_36272,pixel_36273,pixel_36274,pixel_36275,pixel_36276,pixel_36277,pixel_36278,pixel_36279,pixel_36280,pixel_36281,pixel_36282,pixel_36283,pixel_36284,pixel_36285,pixel_36286,pixel_36287,pixel_36288,pixel_36289,pixel_36290,pixel_36291,pixel_36292,pixel_36293,pixel_36294,pixel_36295,pixel_36296,pixel_36297,pixel_36298,pixel_36299,pixel_36300,pixel_36301,pixel_36302,pixel_36303,pixel_36304,pixel_36305,pixel_36306,pixel_36307,pixel_36308,pixel_36309,pixel_36310,pixel_36311,pixel_36312,pixel_36313,pixel_36314,pixel_36315,pixel_36316,pixel_36317,pixel_36318,pixel_36319,pixel_36320,pixel_36321,pixel_36322,pixel_36323,pixel_36324,pixel_36325,pixel_36326,pixel_36327,pixel_36328,pixel_36329,pixel_36330,pixel_36331,pixel_36332,pixel_36333,pixel_36334,pixel_36335,pixel_36336,pixel_36337,pixel_36338,pixel_36339,pixel_36340,pixel_36341,pixel_36342,pixel_36343,pixel_36344,pixel_36345,pixel_36346,pixel_36347,pixel_36348,pixel_36349,pixel_36350,pixel_36351,pixel_36352,pixel_36353,pixel_36354,pixel_36355,pixel_36356,pixel_36357,pixel_36358,pixel_36359,pixel_36360,pixel_36361,pixel_36362,pixel_36363,pixel_36364,pixel_36365,pixel_36366,pixel_36367,pixel_36368,pixel_36369,pixel_36370,pixel_36371,pixel_36372,pixel_36373,pixel_36374,pixel_36375,pixel_36376,pixel_36377,pixel_36378,pixel_36379,pixel_36380,pixel_36381,pixel_36382,pixel_36383,pixel_36384,pixel_36385,pixel_36386,pixel_36387,pixel_36388,pixel_36389,pixel_36390,pixel_36391,pixel_36392,pixel_36393,pixel_36394,pixel_36395,pixel_36396,pixel_36397,pixel_36398,pixel_36399,pixel_36400,pixel_36401,pixel_36402,pixel_36403,pixel_36404,pixel_36405,pixel_36406,pixel_36407,pixel_36408,pixel_36409,pixel_36410,pixel_36411,pixel_36412,pixel_36413,pixel_36414,pixel_36415,pixel_36416,pixel_36417,pixel_36418,pixel_36419,pixel_36420,pixel_36421,pixel_36422,pixel_36423,pixel_36424,pixel_36425,pixel_36426,pixel_36427,pixel_36428,pixel_36429,pixel_36430,pixel_36431,pixel_36432,pixel_36433,pixel_36434,pixel_36435,pixel_36436,pixel_36437,pixel_36438,pixel_36439,pixel_36440,pixel_36441,pixel_36442,pixel_36443,pixel_36444,pixel_36445,pixel_36446,pixel_36447,pixel_36448,pixel_36449,pixel_36450,pixel_36451,pixel_36452,pixel_36453,pixel_36454,pixel_36455,pixel_36456,pixel_36457,pixel_36458,pixel_36459,pixel_36460,pixel_36461,pixel_36462,pixel_36463,pixel_36464,pixel_36465,pixel_36466,pixel_36467,pixel_36468,pixel_36469,pixel_36470,pixel_36471,pixel_36472,pixel_36473,pixel_36474,pixel_36475,pixel_36476,pixel_36477,pixel_36478,pixel_36479,pixel_36480,pixel_36481,pixel_36482,pixel_36483,pixel_36484,pixel_36485,pixel_36486,pixel_36487,pixel_36488,pixel_36489,pixel_36490,pixel_36491,pixel_36492,pixel_36493,pixel_36494,pixel_36495,pixel_36496,pixel_36497,pixel_36498,pixel_36499,pixel_36500,pixel_36501,pixel_36502,pixel_36503,pixel_36504,pixel_36505,pixel_36506,pixel_36507,pixel_36508,pixel_36509,pixel_36510,pixel_36511,pixel_36512,pixel_36513,pixel_36514,pixel_36515,pixel_36516,pixel_36517,pixel_36518,pixel_36519,pixel_36520,pixel_36521,pixel_36522,pixel_36523,pixel_36524,pixel_36525,pixel_36526,pixel_36527,pixel_36528,pixel_36529,pixel_36530,pixel_36531,pixel_36532,pixel_36533,pixel_36534,pixel_36535,pixel_36536,pixel_36537,pixel_36538,pixel_36539,pixel_36540,pixel_36541,pixel_36542,pixel_36543,pixel_36544,pixel_36545,pixel_36546,pixel_36547,pixel_36548,pixel_36549,pixel_36550,pixel_36551,pixel_36552,pixel_36553,pixel_36554,pixel_36555,pixel_36556,pixel_36557,pixel_36558,pixel_36559,pixel_36560,pixel_36561,pixel_36562,pixel_36563,pixel_36564,pixel_36565,pixel_36566,pixel_36567,pixel_36568,pixel_36569,pixel_36570,pixel_36571,pixel_36572,pixel_36573,pixel_36574,pixel_36575,pixel_36576,pixel_36577,pixel_36578,pixel_36579,pixel_36580,pixel_36581,pixel_36582,pixel_36583,pixel_36584,pixel_36585,pixel_36586,pixel_36587,pixel_36588,pixel_36589,pixel_36590,pixel_36591,pixel_36592,pixel_36593,pixel_36594,pixel_36595,pixel_36596,pixel_36597,pixel_36598,pixel_36599,pixel_36600,pixel_36601,pixel_36602,pixel_36603,pixel_36604,pixel_36605,pixel_36606,pixel_36607,pixel_36608,pixel_36609,pixel_36610,pixel_36611,pixel_36612,pixel_36613,pixel_36614,pixel_36615,pixel_36616,pixel_36617,pixel_36618,pixel_36619,pixel_36620,pixel_36621,pixel_36622,pixel_36623,pixel_36624,pixel_36625,pixel_36626,pixel_36627,pixel_36628,pixel_36629,pixel_36630,pixel_36631,pixel_36632,pixel_36633,pixel_36634,pixel_36635,pixel_36636,pixel_36637,pixel_36638,pixel_36639,pixel_36640,pixel_36641,pixel_36642,pixel_36643,pixel_36644,pixel_36645,pixel_36646,pixel_36647,pixel_36648,pixel_36649,pixel_36650,pixel_36651,pixel_36652,pixel_36653,pixel_36654,pixel_36655,pixel_36656,pixel_36657,pixel_36658,pixel_36659,pixel_36660,pixel_36661,pixel_36662,pixel_36663,pixel_36664,pixel_36665,pixel_36666,pixel_36667,pixel_36668,pixel_36669,pixel_36670,pixel_36671,pixel_36672,pixel_36673,pixel_36674,pixel_36675,pixel_36676,pixel_36677,pixel_36678,pixel_36679,pixel_36680,pixel_36681,pixel_36682,pixel_36683,pixel_36684,pixel_36685,pixel_36686,pixel_36687,pixel_36688,pixel_36689,pixel_36690,pixel_36691,pixel_36692,pixel_36693,pixel_36694,pixel_36695,pixel_36696,pixel_36697,pixel_36698,pixel_36699,pixel_36700,pixel_36701,pixel_36702,pixel_36703,pixel_36704,pixel_36705,pixel_36706,pixel_36707,pixel_36708,pixel_36709,pixel_36710,pixel_36711,pixel_36712,pixel_36713,pixel_36714,pixel_36715,pixel_36716,pixel_36717,pixel_36718,pixel_36719,pixel_36720,pixel_36721,pixel_36722,pixel_36723,pixel_36724,pixel_36725,pixel_36726,pixel_36727,pixel_36728,pixel_36729,pixel_36730,pixel_36731,pixel_36732,pixel_36733,pixel_36734,pixel_36735,pixel_36736,pixel_36737,pixel_36738,pixel_36739,pixel_36740,pixel_36741,pixel_36742,pixel_36743,pixel_36744,pixel_36745,pixel_36746,pixel_36747,pixel_36748,pixel_36749,pixel_36750,pixel_36751,pixel_36752,pixel_36753,pixel_36754,pixel_36755,pixel_36756,pixel_36757,pixel_36758,pixel_36759,pixel_36760,pixel_36761,pixel_36762,pixel_36763,pixel_36764,pixel_36765,pixel_36766,pixel_36767,pixel_36768,pixel_36769,pixel_36770,pixel_36771,pixel_36772,pixel_36773,pixel_36774,pixel_36775,pixel_36776,pixel_36777,pixel_36778,pixel_36779,pixel_36780,pixel_36781,pixel_36782,pixel_36783,pixel_36784,pixel_36785,pixel_36786,pixel_36787,pixel_36788,pixel_36789,pixel_36790,pixel_36791,pixel_36792,pixel_36793,pixel_36794,pixel_36795,pixel_36796,pixel_36797,pixel_36798,pixel_36799,pixel_36800,pixel_36801,pixel_36802,pixel_36803,pixel_36804,pixel_36805,pixel_36806,pixel_36807,pixel_36808,pixel_36809,pixel_36810,pixel_36811,pixel_36812,pixel_36813,pixel_36814,pixel_36815,pixel_36816,pixel_36817,pixel_36818,pixel_36819,pixel_36820,pixel_36821,pixel_36822,pixel_36823,pixel_36824,pixel_36825,pixel_36826,pixel_36827,pixel_36828,pixel_36829,pixel_36830,pixel_36831,pixel_36832,pixel_36833,pixel_36834,pixel_36835,pixel_36836,pixel_36837,pixel_36838,pixel_36839,pixel_36840,pixel_36841,pixel_36842,pixel_36843,pixel_36844,pixel_36845,pixel_36846,pixel_36847,pixel_36848,pixel_36849,pixel_36850,pixel_36851,pixel_36852,pixel_36853,pixel_36854,pixel_36855,pixel_36856,pixel_36857,pixel_36858,pixel_36859,pixel_36860,pixel_36861,pixel_36862,pixel_36863,pixel_36864,pixel_36865,pixel_36866,pixel_36867,pixel_36868,pixel_36869,pixel_36870,pixel_36871,pixel_36872,pixel_36873,pixel_36874,pixel_36875,pixel_36876,pixel_36877,pixel_36878,pixel_36879,pixel_36880,pixel_36881,pixel_36882,pixel_36883,pixel_36884,pixel_36885,pixel_36886,pixel_36887,pixel_36888,pixel_36889,pixel_36890,pixel_36891,pixel_36892,pixel_36893,pixel_36894,pixel_36895,pixel_36896,pixel_36897,pixel_36898,pixel_36899,pixel_36900,pixel_36901,pixel_36902,pixel_36903,pixel_36904,pixel_36905,pixel_36906,pixel_36907,pixel_36908,pixel_36909,pixel_36910,pixel_36911,pixel_36912,pixel_36913,pixel_36914,pixel_36915,pixel_36916,pixel_36917,pixel_36918,pixel_36919,pixel_36920,pixel_36921,pixel_36922,pixel_36923,pixel_36924,pixel_36925,pixel_36926,pixel_36927,pixel_36928,pixel_36929,pixel_36930,pixel_36931,pixel_36932,pixel_36933,pixel_36934,pixel_36935,pixel_36936,pixel_36937,pixel_36938,pixel_36939,pixel_36940,pixel_36941,pixel_36942,pixel_36943,pixel_36944,pixel_36945,pixel_36946,pixel_36947,pixel_36948,pixel_36949,pixel_36950,pixel_36951,pixel_36952,pixel_36953,pixel_36954,pixel_36955,pixel_36956,pixel_36957,pixel_36958,pixel_36959,pixel_36960,pixel_36961,pixel_36962,pixel_36963,pixel_36964,pixel_36965,pixel_36966,pixel_36967,pixel_36968,pixel_36969,pixel_36970,pixel_36971,pixel_36972,pixel_36973,pixel_36974,pixel_36975,pixel_36976,pixel_36977,pixel_36978,pixel_36979,pixel_36980,pixel_36981,pixel_36982,pixel_36983,pixel_36984,pixel_36985,pixel_36986,pixel_36987,pixel_36988,pixel_36989,pixel_36990,pixel_36991,pixel_36992,pixel_36993,pixel_36994,pixel_36995,pixel_36996,pixel_36997,pixel_36998,pixel_36999,pixel_37000,pixel_37001,pixel_37002,pixel_37003,pixel_37004,pixel_37005,pixel_37006,pixel_37007,pixel_37008,pixel_37009,pixel_37010,pixel_37011,pixel_37012,pixel_37013,pixel_37014,pixel_37015,pixel_37016,pixel_37017,pixel_37018,pixel_37019,pixel_37020,pixel_37021,pixel_37022,pixel_37023,pixel_37024,pixel_37025,pixel_37026,pixel_37027,pixel_37028,pixel_37029,pixel_37030,pixel_37031,pixel_37032,pixel_37033,pixel_37034,pixel_37035,pixel_37036,pixel_37037,pixel_37038,pixel_37039,pixel_37040,pixel_37041,pixel_37042,pixel_37043,pixel_37044,pixel_37045,pixel_37046,pixel_37047,pixel_37048,pixel_37049,pixel_37050,pixel_37051,pixel_37052,pixel_37053,pixel_37054,pixel_37055,pixel_37056,pixel_37057,pixel_37058,pixel_37059,pixel_37060,pixel_37061,pixel_37062,pixel_37063,pixel_37064,pixel_37065,pixel_37066,pixel_37067,pixel_37068,pixel_37069,pixel_37070,pixel_37071,pixel_37072,pixel_37073,pixel_37074,pixel_37075,pixel_37076,pixel_37077,pixel_37078,pixel_37079,pixel_37080,pixel_37081,pixel_37082,pixel_37083,pixel_37084,pixel_37085,pixel_37086,pixel_37087,pixel_37088,pixel_37089,pixel_37090,pixel_37091,pixel_37092,pixel_37093,pixel_37094,pixel_37095,pixel_37096,pixel_37097,pixel_37098,pixel_37099,pixel_37100,pixel_37101,pixel_37102,pixel_37103,pixel_37104,pixel_37105,pixel_37106,pixel_37107,pixel_37108,pixel_37109,pixel_37110,pixel_37111,pixel_37112,pixel_37113,pixel_37114,pixel_37115,pixel_37116,pixel_37117,pixel_37118,pixel_37119,pixel_37120,pixel_37121,pixel_37122,pixel_37123,pixel_37124,pixel_37125,pixel_37126,pixel_37127,pixel_37128,pixel_37129,pixel_37130,pixel_37131,pixel_37132,pixel_37133,pixel_37134,pixel_37135,pixel_37136,pixel_37137,pixel_37138,pixel_37139,pixel_37140,pixel_37141,pixel_37142,pixel_37143,pixel_37144,pixel_37145,pixel_37146,pixel_37147,pixel_37148,pixel_37149,pixel_37150,pixel_37151,pixel_37152,pixel_37153,pixel_37154,pixel_37155,pixel_37156,pixel_37157,pixel_37158,pixel_37159,pixel_37160,pixel_37161,pixel_37162,pixel_37163,pixel_37164,pixel_37165,pixel_37166,pixel_37167,pixel_37168,pixel_37169,pixel_37170,pixel_37171,pixel_37172,pixel_37173,pixel_37174,pixel_37175,pixel_37176,pixel_37177,pixel_37178,pixel_37179,pixel_37180,pixel_37181,pixel_37182,pixel_37183,pixel_37184,pixel_37185,pixel_37186,pixel_37187,pixel_37188,pixel_37189,pixel_37190,pixel_37191,pixel_37192,pixel_37193,pixel_37194,pixel_37195,pixel_37196,pixel_37197,pixel_37198,pixel_37199,pixel_37200,pixel_37201,pixel_37202,pixel_37203,pixel_37204,pixel_37205,pixel_37206,pixel_37207,pixel_37208,pixel_37209,pixel_37210,pixel_37211,pixel_37212,pixel_37213,pixel_37214,pixel_37215,pixel_37216,pixel_37217,pixel_37218,pixel_37219,pixel_37220,pixel_37221,pixel_37222,pixel_37223,pixel_37224,pixel_37225,pixel_37226,pixel_37227,pixel_37228,pixel_37229,pixel_37230,pixel_37231,pixel_37232,pixel_37233,pixel_37234,pixel_37235,pixel_37236,pixel_37237,pixel_37238,pixel_37239,pixel_37240,pixel_37241,pixel_37242,pixel_37243,pixel_37244,pixel_37245,pixel_37246,pixel_37247,pixel_37248,pixel_37249,pixel_37250,pixel_37251,pixel_37252,pixel_37253,pixel_37254,pixel_37255,pixel_37256,pixel_37257,pixel_37258,pixel_37259,pixel_37260,pixel_37261,pixel_37262,pixel_37263,pixel_37264,pixel_37265,pixel_37266,pixel_37267,pixel_37268,pixel_37269,pixel_37270,pixel_37271,pixel_37272,pixel_37273,pixel_37274,pixel_37275,pixel_37276,pixel_37277,pixel_37278,pixel_37279,pixel_37280,pixel_37281,pixel_37282,pixel_37283,pixel_37284,pixel_37285,pixel_37286,pixel_37287,pixel_37288,pixel_37289,pixel_37290,pixel_37291,pixel_37292,pixel_37293,pixel_37294,pixel_37295,pixel_37296,pixel_37297,pixel_37298,pixel_37299,pixel_37300,pixel_37301,pixel_37302,pixel_37303,pixel_37304,pixel_37305,pixel_37306,pixel_37307,pixel_37308,pixel_37309,pixel_37310,pixel_37311,pixel_37312,pixel_37313,pixel_37314,pixel_37315,pixel_37316,pixel_37317,pixel_37318,pixel_37319,pixel_37320,pixel_37321,pixel_37322,pixel_37323,pixel_37324,pixel_37325,pixel_37326,pixel_37327,pixel_37328,pixel_37329,pixel_37330,pixel_37331,pixel_37332,pixel_37333,pixel_37334,pixel_37335,pixel_37336,pixel_37337,pixel_37338,pixel_37339,pixel_37340,pixel_37341,pixel_37342,pixel_37343,pixel_37344,pixel_37345,pixel_37346,pixel_37347,pixel_37348,pixel_37349,pixel_37350,pixel_37351,pixel_37352,pixel_37353,pixel_37354,pixel_37355,pixel_37356,pixel_37357,pixel_37358,pixel_37359,pixel_37360,pixel_37361,pixel_37362,pixel_37363,pixel_37364,pixel_37365,pixel_37366,pixel_37367,pixel_37368,pixel_37369,pixel_37370,pixel_37371,pixel_37372,pixel_37373,pixel_37374,pixel_37375,pixel_37376,pixel_37377,pixel_37378,pixel_37379,pixel_37380,pixel_37381,pixel_37382,pixel_37383,pixel_37384,pixel_37385,pixel_37386,pixel_37387,pixel_37388,pixel_37389,pixel_37390,pixel_37391,pixel_37392,pixel_37393,pixel_37394,pixel_37395,pixel_37396,pixel_37397,pixel_37398,pixel_37399,pixel_37400,pixel_37401,pixel_37402,pixel_37403,pixel_37404,pixel_37405,pixel_37406,pixel_37407,pixel_37408,pixel_37409,pixel_37410,pixel_37411,pixel_37412,pixel_37413,pixel_37414,pixel_37415,pixel_37416,pixel_37417,pixel_37418,pixel_37419,pixel_37420,pixel_37421,pixel_37422,pixel_37423,pixel_37424,pixel_37425,pixel_37426,pixel_37427,pixel_37428,pixel_37429,pixel_37430,pixel_37431,pixel_37432,pixel_37433,pixel_37434,pixel_37435,pixel_37436,pixel_37437,pixel_37438,pixel_37439,pixel_37440,pixel_37441,pixel_37442,pixel_37443,pixel_37444,pixel_37445,pixel_37446,pixel_37447,pixel_37448,pixel_37449,pixel_37450,pixel_37451,pixel_37452,pixel_37453,pixel_37454,pixel_37455,pixel_37456,pixel_37457,pixel_37458,pixel_37459,pixel_37460,pixel_37461,pixel_37462,pixel_37463,pixel_37464,pixel_37465,pixel_37466,pixel_37467,pixel_37468,pixel_37469,pixel_37470,pixel_37471,pixel_37472,pixel_37473,pixel_37474,pixel_37475,pixel_37476,pixel_37477,pixel_37478,pixel_37479,pixel_37480,pixel_37481,pixel_37482,pixel_37483,pixel_37484,pixel_37485,pixel_37486,pixel_37487,pixel_37488,pixel_37489,pixel_37490,pixel_37491,pixel_37492,pixel_37493,pixel_37494,pixel_37495,pixel_37496,pixel_37497,pixel_37498,pixel_37499,pixel_37500,pixel_37501,pixel_37502,pixel_37503,pixel_37504,pixel_37505,pixel_37506,pixel_37507,pixel_37508,pixel_37509,pixel_37510,pixel_37511,pixel_37512,pixel_37513,pixel_37514,pixel_37515,pixel_37516,pixel_37517,pixel_37518,pixel_37519,pixel_37520,pixel_37521,pixel_37522,pixel_37523,pixel_37524,pixel_37525,pixel_37526,pixel_37527,pixel_37528,pixel_37529,pixel_37530,pixel_37531,pixel_37532,pixel_37533,pixel_37534,pixel_37535,pixel_37536,pixel_37537,pixel_37538,pixel_37539,pixel_37540,pixel_37541,pixel_37542,pixel_37543,pixel_37544,pixel_37545,pixel_37546,pixel_37547,pixel_37548,pixel_37549,pixel_37550,pixel_37551,pixel_37552,pixel_37553,pixel_37554,pixel_37555,pixel_37556,pixel_37557,pixel_37558,pixel_37559,pixel_37560,pixel_37561,pixel_37562,pixel_37563,pixel_37564,pixel_37565,pixel_37566,pixel_37567,pixel_37568,pixel_37569,pixel_37570,pixel_37571,pixel_37572,pixel_37573,pixel_37574,pixel_37575,pixel_37576,pixel_37577,pixel_37578,pixel_37579,pixel_37580,pixel_37581,pixel_37582,pixel_37583,pixel_37584,pixel_37585,pixel_37586,pixel_37587,pixel_37588,pixel_37589,pixel_37590,pixel_37591,pixel_37592,pixel_37593,pixel_37594,pixel_37595,pixel_37596,pixel_37597,pixel_37598,pixel_37599,pixel_37600,pixel_37601,pixel_37602,pixel_37603,pixel_37604,pixel_37605,pixel_37606,pixel_37607,pixel_37608,pixel_37609,pixel_37610,pixel_37611,pixel_37612,pixel_37613,pixel_37614,pixel_37615,pixel_37616,pixel_37617,pixel_37618,pixel_37619,pixel_37620,pixel_37621,pixel_37622,pixel_37623,pixel_37624,pixel_37625,pixel_37626,pixel_37627,pixel_37628,pixel_37629,pixel_37630,pixel_37631,pixel_37632,pixel_37633,pixel_37634,pixel_37635,pixel_37636,pixel_37637,pixel_37638,pixel_37639,pixel_37640,pixel_37641,pixel_37642,pixel_37643,pixel_37644,pixel_37645,pixel_37646,pixel_37647,pixel_37648,pixel_37649,pixel_37650,pixel_37651,pixel_37652,pixel_37653,pixel_37654,pixel_37655,pixel_37656,pixel_37657,pixel_37658,pixel_37659,pixel_37660,pixel_37661,pixel_37662,pixel_37663,pixel_37664,pixel_37665,pixel_37666,pixel_37667,pixel_37668,pixel_37669,pixel_37670,pixel_37671,pixel_37672,pixel_37673,pixel_37674,pixel_37675,pixel_37676,pixel_37677,pixel_37678,pixel_37679,pixel_37680,pixel_37681,pixel_37682,pixel_37683,pixel_37684,pixel_37685,pixel_37686,pixel_37687,pixel_37688,pixel_37689,pixel_37690,pixel_37691,pixel_37692,pixel_37693,pixel_37694,pixel_37695,pixel_37696,pixel_37697,pixel_37698,pixel_37699,pixel_37700,pixel_37701,pixel_37702,pixel_37703,pixel_37704,pixel_37705,pixel_37706,pixel_37707,pixel_37708,pixel_37709,pixel_37710,pixel_37711,pixel_37712,pixel_37713,pixel_37714,pixel_37715,pixel_37716,pixel_37717,pixel_37718,pixel_37719,pixel_37720,pixel_37721,pixel_37722,pixel_37723,pixel_37724,pixel_37725,pixel_37726,pixel_37727,pixel_37728,pixel_37729,pixel_37730,pixel_37731,pixel_37732,pixel_37733,pixel_37734,pixel_37735,pixel_37736,pixel_37737,pixel_37738,pixel_37739,pixel_37740,pixel_37741,pixel_37742,pixel_37743,pixel_37744,pixel_37745,pixel_37746,pixel_37747,pixel_37748,pixel_37749,pixel_37750,pixel_37751,pixel_37752,pixel_37753,pixel_37754,pixel_37755,pixel_37756,pixel_37757,pixel_37758,pixel_37759,pixel_37760,pixel_37761,pixel_37762,pixel_37763,pixel_37764,pixel_37765,pixel_37766,pixel_37767,pixel_37768,pixel_37769,pixel_37770,pixel_37771,pixel_37772,pixel_37773,pixel_37774,pixel_37775,pixel_37776,pixel_37777,pixel_37778,pixel_37779,pixel_37780,pixel_37781,pixel_37782,pixel_37783,pixel_37784,pixel_37785,pixel_37786,pixel_37787,pixel_37788,pixel_37789,pixel_37790,pixel_37791,pixel_37792,pixel_37793,pixel_37794,pixel_37795,pixel_37796,pixel_37797,pixel_37798,pixel_37799,pixel_37800,pixel_37801,pixel_37802,pixel_37803,pixel_37804,pixel_37805,pixel_37806,pixel_37807,pixel_37808,pixel_37809,pixel_37810,pixel_37811,pixel_37812,pixel_37813,pixel_37814,pixel_37815,pixel_37816,pixel_37817,pixel_37818,pixel_37819,pixel_37820,pixel_37821,pixel_37822,pixel_37823,pixel_37824,pixel_37825,pixel_37826,pixel_37827,pixel_37828,pixel_37829,pixel_37830,pixel_37831,pixel_37832,pixel_37833,pixel_37834,pixel_37835,pixel_37836,pixel_37837,pixel_37838,pixel_37839,pixel_37840,pixel_37841,pixel_37842,pixel_37843,pixel_37844,pixel_37845,pixel_37846,pixel_37847,pixel_37848,pixel_37849,pixel_37850,pixel_37851,pixel_37852,pixel_37853,pixel_37854,pixel_37855,pixel_37856,pixel_37857,pixel_37858,pixel_37859,pixel_37860,pixel_37861,pixel_37862,pixel_37863,pixel_37864,pixel_37865,pixel_37866,pixel_37867,pixel_37868,pixel_37869,pixel_37870,pixel_37871,pixel_37872,pixel_37873,pixel_37874,pixel_37875,pixel_37876,pixel_37877,pixel_37878,pixel_37879,pixel_37880,pixel_37881,pixel_37882,pixel_37883,pixel_37884,pixel_37885,pixel_37886,pixel_37887,pixel_37888,pixel_37889,pixel_37890,pixel_37891,pixel_37892,pixel_37893,pixel_37894,pixel_37895,pixel_37896,pixel_37897,pixel_37898,pixel_37899,pixel_37900,pixel_37901,pixel_37902,pixel_37903,pixel_37904,pixel_37905,pixel_37906,pixel_37907,pixel_37908,pixel_37909,pixel_37910,pixel_37911,pixel_37912,pixel_37913,pixel_37914,pixel_37915,pixel_37916,pixel_37917,pixel_37918,pixel_37919,pixel_37920,pixel_37921,pixel_37922,pixel_37923,pixel_37924,pixel_37925,pixel_37926,pixel_37927,pixel_37928,pixel_37929,pixel_37930,pixel_37931,pixel_37932,pixel_37933,pixel_37934,pixel_37935,pixel_37936,pixel_37937,pixel_37938,pixel_37939,pixel_37940,pixel_37941,pixel_37942,pixel_37943,pixel_37944,pixel_37945,pixel_37946,pixel_37947,pixel_37948,pixel_37949,pixel_37950,pixel_37951,pixel_37952,pixel_37953,pixel_37954,pixel_37955,pixel_37956,pixel_37957,pixel_37958,pixel_37959,pixel_37960,pixel_37961,pixel_37962,pixel_37963,pixel_37964,pixel_37965,pixel_37966,pixel_37967,pixel_37968,pixel_37969,pixel_37970,pixel_37971,pixel_37972,pixel_37973,pixel_37974,pixel_37975,pixel_37976,pixel_37977,pixel_37978,pixel_37979,pixel_37980,pixel_37981,pixel_37982,pixel_37983,pixel_37984,pixel_37985,pixel_37986,pixel_37987,pixel_37988,pixel_37989,pixel_37990,pixel_37991,pixel_37992,pixel_37993,pixel_37994,pixel_37995,pixel_37996,pixel_37997,pixel_37998,pixel_37999,pixel_38000,pixel_38001,pixel_38002,pixel_38003,pixel_38004,pixel_38005,pixel_38006,pixel_38007,pixel_38008,pixel_38009,pixel_38010,pixel_38011,pixel_38012,pixel_38013,pixel_38014,pixel_38015,pixel_38016,pixel_38017,pixel_38018,pixel_38019,pixel_38020,pixel_38021,pixel_38022,pixel_38023,pixel_38024,pixel_38025,pixel_38026,pixel_38027,pixel_38028,pixel_38029,pixel_38030,pixel_38031,pixel_38032,pixel_38033,pixel_38034,pixel_38035,pixel_38036,pixel_38037,pixel_38038,pixel_38039,pixel_38040,pixel_38041,pixel_38042,pixel_38043,pixel_38044,pixel_38045,pixel_38046,pixel_38047,pixel_38048,pixel_38049,pixel_38050,pixel_38051,pixel_38052,pixel_38053,pixel_38054,pixel_38055,pixel_38056,pixel_38057,pixel_38058,pixel_38059,pixel_38060,pixel_38061,pixel_38062,pixel_38063,pixel_38064,pixel_38065,pixel_38066,pixel_38067,pixel_38068,pixel_38069,pixel_38070,pixel_38071,pixel_38072,pixel_38073,pixel_38074,pixel_38075,pixel_38076,pixel_38077,pixel_38078,pixel_38079,pixel_38080,pixel_38081,pixel_38082,pixel_38083,pixel_38084,pixel_38085,pixel_38086,pixel_38087,pixel_38088,pixel_38089,pixel_38090,pixel_38091,pixel_38092,pixel_38093,pixel_38094,pixel_38095,pixel_38096,pixel_38097,pixel_38098,pixel_38099,pixel_38100,pixel_38101,pixel_38102,pixel_38103,pixel_38104,pixel_38105,pixel_38106,pixel_38107,pixel_38108,pixel_38109,pixel_38110,pixel_38111,pixel_38112,pixel_38113,pixel_38114,pixel_38115,pixel_38116,pixel_38117,pixel_38118,pixel_38119,pixel_38120,pixel_38121,pixel_38122,pixel_38123,pixel_38124,pixel_38125,pixel_38126,pixel_38127,pixel_38128,pixel_38129,pixel_38130,pixel_38131,pixel_38132,pixel_38133,pixel_38134,pixel_38135,pixel_38136,pixel_38137,pixel_38138,pixel_38139,pixel_38140,pixel_38141,pixel_38142,pixel_38143,pixel_38144,pixel_38145,pixel_38146,pixel_38147,pixel_38148,pixel_38149,pixel_38150,pixel_38151,pixel_38152,pixel_38153,pixel_38154,pixel_38155,pixel_38156,pixel_38157,pixel_38158,pixel_38159,pixel_38160,pixel_38161,pixel_38162,pixel_38163,pixel_38164,pixel_38165,pixel_38166,pixel_38167,pixel_38168,pixel_38169,pixel_38170,pixel_38171,pixel_38172,pixel_38173,pixel_38174,pixel_38175,pixel_38176,pixel_38177,pixel_38178,pixel_38179,pixel_38180,pixel_38181,pixel_38182,pixel_38183,pixel_38184,pixel_38185,pixel_38186,pixel_38187,pixel_38188,pixel_38189,pixel_38190,pixel_38191,pixel_38192,pixel_38193,pixel_38194,pixel_38195,pixel_38196,pixel_38197,pixel_38198,pixel_38199,pixel_38200,pixel_38201,pixel_38202,pixel_38203,pixel_38204,pixel_38205,pixel_38206,pixel_38207,pixel_38208,pixel_38209,pixel_38210,pixel_38211,pixel_38212,pixel_38213,pixel_38214,pixel_38215,pixel_38216,pixel_38217,pixel_38218,pixel_38219,pixel_38220,pixel_38221,pixel_38222,pixel_38223,pixel_38224,pixel_38225,pixel_38226,pixel_38227,pixel_38228,pixel_38229,pixel_38230,pixel_38231,pixel_38232,pixel_38233,pixel_38234,pixel_38235,pixel_38236,pixel_38237,pixel_38238,pixel_38239,pixel_38240,pixel_38241,pixel_38242,pixel_38243,pixel_38244,pixel_38245,pixel_38246,pixel_38247,pixel_38248,pixel_38249,pixel_38250,pixel_38251,pixel_38252,pixel_38253,pixel_38254,pixel_38255,pixel_38256,pixel_38257,pixel_38258,pixel_38259,pixel_38260,pixel_38261,pixel_38262,pixel_38263,pixel_38264,pixel_38265,pixel_38266,pixel_38267,pixel_38268,pixel_38269,pixel_38270,pixel_38271,pixel_38272,pixel_38273,pixel_38274,pixel_38275,pixel_38276,pixel_38277,pixel_38278,pixel_38279,pixel_38280,pixel_38281,pixel_38282,pixel_38283,pixel_38284,pixel_38285,pixel_38286,pixel_38287,pixel_38288,pixel_38289,pixel_38290,pixel_38291,pixel_38292,pixel_38293,pixel_38294,pixel_38295,pixel_38296,pixel_38297,pixel_38298,pixel_38299,pixel_38300,pixel_38301,pixel_38302,pixel_38303,pixel_38304,pixel_38305,pixel_38306,pixel_38307,pixel_38308,pixel_38309,pixel_38310,pixel_38311,pixel_38312,pixel_38313,pixel_38314,pixel_38315,pixel_38316,pixel_38317,pixel_38318,pixel_38319,pixel_38320,pixel_38321,pixel_38322,pixel_38323,pixel_38324,pixel_38325,pixel_38326,pixel_38327,pixel_38328,pixel_38329,pixel_38330,pixel_38331,pixel_38332,pixel_38333,pixel_38334,pixel_38335,pixel_38336,pixel_38337,pixel_38338,pixel_38339,pixel_38340,pixel_38341,pixel_38342,pixel_38343,pixel_38344,pixel_38345,pixel_38346,pixel_38347,pixel_38348,pixel_38349,pixel_38350,pixel_38351,pixel_38352,pixel_38353,pixel_38354,pixel_38355,pixel_38356,pixel_38357,pixel_38358,pixel_38359,pixel_38360,pixel_38361,pixel_38362,pixel_38363,pixel_38364,pixel_38365,pixel_38366,pixel_38367,pixel_38368,pixel_38369,pixel_38370,pixel_38371,pixel_38372,pixel_38373,pixel_38374,pixel_38375,pixel_38376,pixel_38377,pixel_38378,pixel_38379,pixel_38380,pixel_38381,pixel_38382,pixel_38383,pixel_38384,pixel_38385,pixel_38386,pixel_38387,pixel_38388,pixel_38389,pixel_38390,pixel_38391,pixel_38392,pixel_38393,pixel_38394,pixel_38395,pixel_38396,pixel_38397,pixel_38398,pixel_38399,pixel_38400,pixel_38401,pixel_38402,pixel_38403,pixel_38404,pixel_38405,pixel_38406,pixel_38407,pixel_38408,pixel_38409,pixel_38410,pixel_38411,pixel_38412,pixel_38413,pixel_38414,pixel_38415,pixel_38416,pixel_38417,pixel_38418,pixel_38419,pixel_38420,pixel_38421,pixel_38422,pixel_38423,pixel_38424,pixel_38425,pixel_38426,pixel_38427,pixel_38428,pixel_38429,pixel_38430,pixel_38431,pixel_38432,pixel_38433,pixel_38434,pixel_38435,pixel_38436,pixel_38437,pixel_38438,pixel_38439,pixel_38440,pixel_38441,pixel_38442,pixel_38443,pixel_38444,pixel_38445,pixel_38446,pixel_38447,pixel_38448,pixel_38449,pixel_38450,pixel_38451,pixel_38452,pixel_38453,pixel_38454,pixel_38455,pixel_38456,pixel_38457,pixel_38458,pixel_38459,pixel_38460,pixel_38461,pixel_38462,pixel_38463,pixel_38464,pixel_38465,pixel_38466,pixel_38467,pixel_38468,pixel_38469,pixel_38470,pixel_38471,pixel_38472,pixel_38473,pixel_38474,pixel_38475,pixel_38476,pixel_38477,pixel_38478,pixel_38479,pixel_38480,pixel_38481,pixel_38482,pixel_38483,pixel_38484,pixel_38485,pixel_38486,pixel_38487,pixel_38488,pixel_38489,pixel_38490,pixel_38491,pixel_38492,pixel_38493,pixel_38494,pixel_38495,pixel_38496,pixel_38497,pixel_38498,pixel_38499,pixel_38500,pixel_38501,pixel_38502,pixel_38503,pixel_38504,pixel_38505,pixel_38506,pixel_38507,pixel_38508,pixel_38509,pixel_38510,pixel_38511,pixel_38512,pixel_38513,pixel_38514,pixel_38515,pixel_38516,pixel_38517,pixel_38518,pixel_38519,pixel_38520,pixel_38521,pixel_38522,pixel_38523,pixel_38524,pixel_38525,pixel_38526,pixel_38527,pixel_38528,pixel_38529,pixel_38530,pixel_38531,pixel_38532,pixel_38533,pixel_38534,pixel_38535,pixel_38536,pixel_38537,pixel_38538,pixel_38539,pixel_38540,pixel_38541,pixel_38542,pixel_38543,pixel_38544,pixel_38545,pixel_38546,pixel_38547,pixel_38548,pixel_38549,pixel_38550,pixel_38551,pixel_38552,pixel_38553,pixel_38554,pixel_38555,pixel_38556,pixel_38557,pixel_38558,pixel_38559,pixel_38560,pixel_38561,pixel_38562,pixel_38563,pixel_38564,pixel_38565,pixel_38566,pixel_38567,pixel_38568,pixel_38569,pixel_38570,pixel_38571,pixel_38572,pixel_38573,pixel_38574,pixel_38575,pixel_38576,pixel_38577,pixel_38578,pixel_38579,pixel_38580,pixel_38581,pixel_38582,pixel_38583,pixel_38584,pixel_38585,pixel_38586,pixel_38587,pixel_38588,pixel_38589,pixel_38590,pixel_38591,pixel_38592,pixel_38593,pixel_38594,pixel_38595,pixel_38596,pixel_38597,pixel_38598,pixel_38599,pixel_38600,pixel_38601,pixel_38602,pixel_38603,pixel_38604,pixel_38605,pixel_38606,pixel_38607,pixel_38608,pixel_38609,pixel_38610,pixel_38611,pixel_38612,pixel_38613,pixel_38614,pixel_38615,pixel_38616,pixel_38617,pixel_38618,pixel_38619,pixel_38620,pixel_38621,pixel_38622,pixel_38623,pixel_38624,pixel_38625,pixel_38626,pixel_38627,pixel_38628,pixel_38629,pixel_38630,pixel_38631,pixel_38632,pixel_38633,pixel_38634,pixel_38635,pixel_38636,pixel_38637,pixel_38638,pixel_38639,pixel_38640,pixel_38641,pixel_38642,pixel_38643,pixel_38644,pixel_38645,pixel_38646,pixel_38647,pixel_38648,pixel_38649,pixel_38650,pixel_38651,pixel_38652,pixel_38653,pixel_38654,pixel_38655,pixel_38656,pixel_38657,pixel_38658,pixel_38659,pixel_38660,pixel_38661,pixel_38662,pixel_38663,pixel_38664,pixel_38665,pixel_38666,pixel_38667,pixel_38668,pixel_38669,pixel_38670,pixel_38671,pixel_38672,pixel_38673,pixel_38674,pixel_38675,pixel_38676,pixel_38677,pixel_38678,pixel_38679,pixel_38680,pixel_38681,pixel_38682,pixel_38683,pixel_38684,pixel_38685,pixel_38686,pixel_38687,pixel_38688,pixel_38689,pixel_38690,pixel_38691,pixel_38692,pixel_38693,pixel_38694,pixel_38695,pixel_38696,pixel_38697,pixel_38698,pixel_38699,pixel_38700,pixel_38701,pixel_38702,pixel_38703,pixel_38704,pixel_38705,pixel_38706,pixel_38707,pixel_38708,pixel_38709,pixel_38710,pixel_38711,pixel_38712,pixel_38713,pixel_38714,pixel_38715,pixel_38716,pixel_38717,pixel_38718,pixel_38719,pixel_38720,pixel_38721,pixel_38722,pixel_38723,pixel_38724,pixel_38725,pixel_38726,pixel_38727,pixel_38728,pixel_38729,pixel_38730,pixel_38731,pixel_38732,pixel_38733,pixel_38734,pixel_38735,pixel_38736,pixel_38737,pixel_38738,pixel_38739,pixel_38740,pixel_38741,pixel_38742,pixel_38743,pixel_38744,pixel_38745,pixel_38746,pixel_38747,pixel_38748,pixel_38749,pixel_38750,pixel_38751,pixel_38752,pixel_38753,pixel_38754,pixel_38755,pixel_38756,pixel_38757,pixel_38758,pixel_38759,pixel_38760,pixel_38761,pixel_38762,pixel_38763,pixel_38764,pixel_38765,pixel_38766,pixel_38767,pixel_38768,pixel_38769,pixel_38770,pixel_38771,pixel_38772,pixel_38773,pixel_38774,pixel_38775,pixel_38776,pixel_38777,pixel_38778,pixel_38779,pixel_38780,pixel_38781,pixel_38782,pixel_38783,pixel_38784,pixel_38785,pixel_38786,pixel_38787,pixel_38788,pixel_38789,pixel_38790,pixel_38791,pixel_38792,pixel_38793,pixel_38794,pixel_38795,pixel_38796,pixel_38797,pixel_38798,pixel_38799,pixel_38800,pixel_38801,pixel_38802,pixel_38803,pixel_38804,pixel_38805,pixel_38806,pixel_38807,pixel_38808,pixel_38809,pixel_38810,pixel_38811,pixel_38812,pixel_38813,pixel_38814,pixel_38815,pixel_38816,pixel_38817,pixel_38818,pixel_38819,pixel_38820,pixel_38821,pixel_38822,pixel_38823,pixel_38824,pixel_38825,pixel_38826,pixel_38827,pixel_38828,pixel_38829,pixel_38830,pixel_38831,pixel_38832,pixel_38833,pixel_38834,pixel_38835,pixel_38836,pixel_38837,pixel_38838,pixel_38839,pixel_38840,pixel_38841,pixel_38842,pixel_38843,pixel_38844,pixel_38845,pixel_38846,pixel_38847,pixel_38848,pixel_38849,pixel_38850,pixel_38851,pixel_38852,pixel_38853,pixel_38854,pixel_38855,pixel_38856,pixel_38857,pixel_38858,pixel_38859,pixel_38860,pixel_38861,pixel_38862,pixel_38863,pixel_38864,pixel_38865,pixel_38866,pixel_38867,pixel_38868,pixel_38869,pixel_38870,pixel_38871,pixel_38872,pixel_38873,pixel_38874,pixel_38875,pixel_38876,pixel_38877,pixel_38878,pixel_38879,pixel_38880,pixel_38881,pixel_38882,pixel_38883,pixel_38884,pixel_38885,pixel_38886,pixel_38887,pixel_38888,pixel_38889,pixel_38890,pixel_38891,pixel_38892,pixel_38893,pixel_38894,pixel_38895,pixel_38896,pixel_38897,pixel_38898,pixel_38899,pixel_38900,pixel_38901,pixel_38902,pixel_38903,pixel_38904,pixel_38905,pixel_38906,pixel_38907,pixel_38908,pixel_38909,pixel_38910,pixel_38911,pixel_38912,pixel_38913,pixel_38914,pixel_38915,pixel_38916,pixel_38917,pixel_38918,pixel_38919,pixel_38920,pixel_38921,pixel_38922,pixel_38923,pixel_38924,pixel_38925,pixel_38926,pixel_38927,pixel_38928,pixel_38929,pixel_38930,pixel_38931,pixel_38932,pixel_38933,pixel_38934,pixel_38935,pixel_38936,pixel_38937,pixel_38938,pixel_38939,pixel_38940,pixel_38941,pixel_38942,pixel_38943,pixel_38944,pixel_38945,pixel_38946,pixel_38947,pixel_38948,pixel_38949,pixel_38950,pixel_38951,pixel_38952,pixel_38953,pixel_38954,pixel_38955,pixel_38956,pixel_38957,pixel_38958,pixel_38959,pixel_38960,pixel_38961,pixel_38962,pixel_38963,pixel_38964,pixel_38965,pixel_38966,pixel_38967,pixel_38968,pixel_38969,pixel_38970,pixel_38971,pixel_38972,pixel_38973,pixel_38974,pixel_38975,pixel_38976,pixel_38977,pixel_38978,pixel_38979,pixel_38980,pixel_38981,pixel_38982,pixel_38983,pixel_38984,pixel_38985,pixel_38986,pixel_38987,pixel_38988,pixel_38989,pixel_38990,pixel_38991,pixel_38992,pixel_38993,pixel_38994,pixel_38995,pixel_38996,pixel_38997,pixel_38998,pixel_38999,pixel_39000,pixel_39001,pixel_39002,pixel_39003,pixel_39004,pixel_39005,pixel_39006,pixel_39007,pixel_39008,pixel_39009,pixel_39010,pixel_39011,pixel_39012,pixel_39013,pixel_39014,pixel_39015,pixel_39016,pixel_39017,pixel_39018,pixel_39019,pixel_39020,pixel_39021,pixel_39022,pixel_39023,pixel_39024,pixel_39025,pixel_39026,pixel_39027,pixel_39028,pixel_39029,pixel_39030,pixel_39031,pixel_39032,pixel_39033,pixel_39034,pixel_39035,pixel_39036,pixel_39037,pixel_39038,pixel_39039,pixel_39040,pixel_39041,pixel_39042,pixel_39043,pixel_39044,pixel_39045,pixel_39046,pixel_39047,pixel_39048,pixel_39049,pixel_39050,pixel_39051,pixel_39052,pixel_39053,pixel_39054,pixel_39055,pixel_39056,pixel_39057,pixel_39058,pixel_39059,pixel_39060,pixel_39061,pixel_39062,pixel_39063,pixel_39064,pixel_39065,pixel_39066,pixel_39067,pixel_39068,pixel_39069,pixel_39070,pixel_39071,pixel_39072,pixel_39073,pixel_39074,pixel_39075,pixel_39076,pixel_39077,pixel_39078,pixel_39079,pixel_39080,pixel_39081,pixel_39082,pixel_39083,pixel_39084,pixel_39085,pixel_39086,pixel_39087,pixel_39088,pixel_39089,pixel_39090,pixel_39091,pixel_39092,pixel_39093,pixel_39094,pixel_39095,pixel_39096,pixel_39097,pixel_39098,pixel_39099,pixel_39100,pixel_39101,pixel_39102,pixel_39103,pixel_39104,pixel_39105,pixel_39106,pixel_39107,pixel_39108,pixel_39109,pixel_39110,pixel_39111,pixel_39112,pixel_39113,pixel_39114,pixel_39115,pixel_39116,pixel_39117,pixel_39118,pixel_39119,pixel_39120,pixel_39121,pixel_39122,pixel_39123,pixel_39124,pixel_39125,pixel_39126,pixel_39127,pixel_39128,pixel_39129,pixel_39130,pixel_39131,pixel_39132,pixel_39133,pixel_39134,pixel_39135,pixel_39136,pixel_39137,pixel_39138,pixel_39139,pixel_39140,pixel_39141,pixel_39142,pixel_39143,pixel_39144,pixel_39145,pixel_39146,pixel_39147,pixel_39148,pixel_39149,pixel_39150,pixel_39151,pixel_39152,pixel_39153,pixel_39154,pixel_39155,pixel_39156,pixel_39157,pixel_39158,pixel_39159,pixel_39160,pixel_39161,pixel_39162,pixel_39163,pixel_39164,pixel_39165,pixel_39166,pixel_39167,pixel_39168,pixel_39169,pixel_39170,pixel_39171,pixel_39172,pixel_39173,pixel_39174,pixel_39175,pixel_39176,pixel_39177,pixel_39178,pixel_39179,pixel_39180,pixel_39181,pixel_39182,pixel_39183,pixel_39184,pixel_39185,pixel_39186,pixel_39187,pixel_39188,pixel_39189,pixel_39190,pixel_39191,pixel_39192,pixel_39193,pixel_39194,pixel_39195,pixel_39196,pixel_39197,pixel_39198,pixel_39199,pixel_39200,pixel_39201,pixel_39202,pixel_39203,pixel_39204,pixel_39205,pixel_39206,pixel_39207,pixel_39208,pixel_39209,pixel_39210,pixel_39211,pixel_39212,pixel_39213,pixel_39214,pixel_39215,pixel_39216,pixel_39217,pixel_39218,pixel_39219,pixel_39220,pixel_39221,pixel_39222,pixel_39223,pixel_39224,pixel_39225,pixel_39226,pixel_39227,pixel_39228,pixel_39229,pixel_39230,pixel_39231,pixel_39232,pixel_39233,pixel_39234,pixel_39235,pixel_39236,pixel_39237,pixel_39238,pixel_39239,pixel_39240,pixel_39241,pixel_39242,pixel_39243,pixel_39244,pixel_39245,pixel_39246,pixel_39247,pixel_39248,pixel_39249,pixel_39250,pixel_39251,pixel_39252,pixel_39253,pixel_39254,pixel_39255,pixel_39256,pixel_39257,pixel_39258,pixel_39259,pixel_39260,pixel_39261,pixel_39262,pixel_39263,pixel_39264,pixel_39265,pixel_39266,pixel_39267,pixel_39268,pixel_39269,pixel_39270,pixel_39271,pixel_39272,pixel_39273,pixel_39274,pixel_39275,pixel_39276,pixel_39277,pixel_39278,pixel_39279,pixel_39280,pixel_39281,pixel_39282,pixel_39283,pixel_39284,pixel_39285,pixel_39286,pixel_39287,pixel_39288,pixel_39289,pixel_39290,pixel_39291,pixel_39292,pixel_39293,pixel_39294,pixel_39295,pixel_39296,pixel_39297,pixel_39298,pixel_39299,pixel_39300,pixel_39301,pixel_39302,pixel_39303,pixel_39304,pixel_39305,pixel_39306,pixel_39307,pixel_39308,pixel_39309,pixel_39310,pixel_39311,pixel_39312,pixel_39313,pixel_39314,pixel_39315,pixel_39316,pixel_39317,pixel_39318,pixel_39319,pixel_39320,pixel_39321,pixel_39322,pixel_39323,pixel_39324,pixel_39325,pixel_39326,pixel_39327,pixel_39328,pixel_39329,pixel_39330,pixel_39331,pixel_39332,pixel_39333,pixel_39334,pixel_39335,pixel_39336,pixel_39337,pixel_39338,pixel_39339,pixel_39340,pixel_39341,pixel_39342,pixel_39343,pixel_39344,pixel_39345,pixel_39346,pixel_39347,pixel_39348,pixel_39349,pixel_39350,pixel_39351,pixel_39352,pixel_39353,pixel_39354,pixel_39355,pixel_39356,pixel_39357,pixel_39358,pixel_39359,pixel_39360,pixel_39361,pixel_39362,pixel_39363,pixel_39364,pixel_39365,pixel_39366,pixel_39367,pixel_39368,pixel_39369,pixel_39370,pixel_39371,pixel_39372,pixel_39373,pixel_39374,pixel_39375,pixel_39376,pixel_39377,pixel_39378,pixel_39379,pixel_39380,pixel_39381,pixel_39382,pixel_39383,pixel_39384,pixel_39385,pixel_39386,pixel_39387,pixel_39388,pixel_39389,pixel_39390,pixel_39391,pixel_39392,pixel_39393,pixel_39394,pixel_39395,pixel_39396,pixel_39397,pixel_39398,pixel_39399,pixel_39400,pixel_39401,pixel_39402,pixel_39403,pixel_39404,pixel_39405,pixel_39406,pixel_39407,pixel_39408,pixel_39409,pixel_39410,pixel_39411,pixel_39412,pixel_39413,pixel_39414,pixel_39415,pixel_39416,pixel_39417,pixel_39418,pixel_39419,pixel_39420,pixel_39421,pixel_39422,pixel_39423,pixel_39424,pixel_39425,pixel_39426,pixel_39427,pixel_39428,pixel_39429,pixel_39430,pixel_39431,pixel_39432,pixel_39433,pixel_39434,pixel_39435,pixel_39436,pixel_39437,pixel_39438,pixel_39439,pixel_39440,pixel_39441,pixel_39442,pixel_39443,pixel_39444,pixel_39445,pixel_39446,pixel_39447,pixel_39448,pixel_39449,pixel_39450,pixel_39451,pixel_39452,pixel_39453,pixel_39454,pixel_39455,pixel_39456,pixel_39457,pixel_39458,pixel_39459,pixel_39460,pixel_39461,pixel_39462,pixel_39463,pixel_39464,pixel_39465,pixel_39466,pixel_39467,pixel_39468,pixel_39469,pixel_39470,pixel_39471,pixel_39472,pixel_39473,pixel_39474,pixel_39475,pixel_39476,pixel_39477,pixel_39478,pixel_39479,pixel_39480,pixel_39481,pixel_39482,pixel_39483,pixel_39484,pixel_39485,pixel_39486,pixel_39487,pixel_39488,pixel_39489,pixel_39490,pixel_39491,pixel_39492,pixel_39493,pixel_39494,pixel_39495,pixel_39496,pixel_39497,pixel_39498,pixel_39499,pixel_39500,pixel_39501,pixel_39502,pixel_39503,pixel_39504,pixel_39505,pixel_39506,pixel_39507,pixel_39508,pixel_39509,pixel_39510,pixel_39511,pixel_39512,pixel_39513,pixel_39514,pixel_39515,pixel_39516,pixel_39517,pixel_39518,pixel_39519,pixel_39520,pixel_39521,pixel_39522,pixel_39523,pixel_39524,pixel_39525,pixel_39526,pixel_39527,pixel_39528,pixel_39529,pixel_39530,pixel_39531,pixel_39532,pixel_39533,pixel_39534,pixel_39535,pixel_39536,pixel_39537,pixel_39538,pixel_39539,pixel_39540,pixel_39541,pixel_39542,pixel_39543,pixel_39544,pixel_39545,pixel_39546,pixel_39547,pixel_39548,pixel_39549,pixel_39550,pixel_39551,pixel_39552,pixel_39553,pixel_39554,pixel_39555,pixel_39556,pixel_39557,pixel_39558,pixel_39559,pixel_39560,pixel_39561,pixel_39562,pixel_39563,pixel_39564,pixel_39565,pixel_39566,pixel_39567,pixel_39568,pixel_39569,pixel_39570,pixel_39571,pixel_39572,pixel_39573,pixel_39574,pixel_39575,pixel_39576,pixel_39577,pixel_39578,pixel_39579,pixel_39580,pixel_39581,pixel_39582,pixel_39583,pixel_39584,pixel_39585,pixel_39586,pixel_39587,pixel_39588,pixel_39589,pixel_39590,pixel_39591,pixel_39592,pixel_39593,pixel_39594,pixel_39595,pixel_39596,pixel_39597,pixel_39598,pixel_39599,pixel_39600,pixel_39601,pixel_39602,pixel_39603,pixel_39604,pixel_39605,pixel_39606,pixel_39607,pixel_39608,pixel_39609,pixel_39610,pixel_39611,pixel_39612,pixel_39613,pixel_39614,pixel_39615,pixel_39616,pixel_39617,pixel_39618,pixel_39619,pixel_39620,pixel_39621,pixel_39622,pixel_39623,pixel_39624,pixel_39625,pixel_39626,pixel_39627,pixel_39628,pixel_39629,pixel_39630,pixel_39631,pixel_39632,pixel_39633,pixel_39634,pixel_39635,pixel_39636,pixel_39637,pixel_39638,pixel_39639,pixel_39640,pixel_39641,pixel_39642,pixel_39643,pixel_39644,pixel_39645,pixel_39646,pixel_39647,pixel_39648,pixel_39649,pixel_39650,pixel_39651,pixel_39652,pixel_39653,pixel_39654,pixel_39655,pixel_39656,pixel_39657,pixel_39658,pixel_39659,pixel_39660,pixel_39661,pixel_39662,pixel_39663,pixel_39664,pixel_39665,pixel_39666,pixel_39667,pixel_39668,pixel_39669,pixel_39670,pixel_39671,pixel_39672,pixel_39673,pixel_39674,pixel_39675,pixel_39676,pixel_39677,pixel_39678,pixel_39679,pixel_39680,pixel_39681,pixel_39682,pixel_39683,pixel_39684,pixel_39685,pixel_39686,pixel_39687,pixel_39688,pixel_39689,pixel_39690,pixel_39691,pixel_39692,pixel_39693,pixel_39694,pixel_39695,pixel_39696,pixel_39697,pixel_39698,pixel_39699,pixel_39700,pixel_39701,pixel_39702,pixel_39703,pixel_39704,pixel_39705,pixel_39706,pixel_39707,pixel_39708,pixel_39709,pixel_39710,pixel_39711,pixel_39712,pixel_39713,pixel_39714,pixel_39715,pixel_39716,pixel_39717,pixel_39718,pixel_39719,pixel_39720,pixel_39721,pixel_39722,pixel_39723,pixel_39724,pixel_39725,pixel_39726,pixel_39727,pixel_39728,pixel_39729,pixel_39730,pixel_39731,pixel_39732,pixel_39733,pixel_39734,pixel_39735,pixel_39736,pixel_39737,pixel_39738,pixel_39739,pixel_39740,pixel_39741,pixel_39742,pixel_39743,pixel_39744,pixel_39745,pixel_39746,pixel_39747,pixel_39748,pixel_39749,pixel_39750,pixel_39751,pixel_39752,pixel_39753,pixel_39754,pixel_39755,pixel_39756,pixel_39757,pixel_39758,pixel_39759,pixel_39760,pixel_39761,pixel_39762,pixel_39763,pixel_39764,pixel_39765,pixel_39766,pixel_39767,pixel_39768,pixel_39769,pixel_39770,pixel_39771,pixel_39772,pixel_39773,pixel_39774,pixel_39775,pixel_39776,pixel_39777,pixel_39778,pixel_39779,pixel_39780,pixel_39781,pixel_39782,pixel_39783,pixel_39784,pixel_39785,pixel_39786,pixel_39787,pixel_39788,pixel_39789,pixel_39790,pixel_39791,pixel_39792,pixel_39793,pixel_39794,pixel_39795,pixel_39796,pixel_39797,pixel_39798,pixel_39799,pixel_39800,pixel_39801,pixel_39802,pixel_39803,pixel_39804,pixel_39805,pixel_39806,pixel_39807,pixel_39808,pixel_39809,pixel_39810,pixel_39811,pixel_39812,pixel_39813,pixel_39814,pixel_39815,pixel_39816,pixel_39817,pixel_39818,pixel_39819,pixel_39820,pixel_39821,pixel_39822,pixel_39823,pixel_39824,pixel_39825,pixel_39826,pixel_39827,pixel_39828,pixel_39829,pixel_39830,pixel_39831,pixel_39832,pixel_39833,pixel_39834,pixel_39835,pixel_39836,pixel_39837,pixel_39838,pixel_39839,pixel_39840,pixel_39841,pixel_39842,pixel_39843,pixel_39844,pixel_39845,pixel_39846,pixel_39847,pixel_39848,pixel_39849,pixel_39850,pixel_39851,pixel_39852,pixel_39853,pixel_39854,pixel_39855,pixel_39856,pixel_39857,pixel_39858,pixel_39859,pixel_39860,pixel_39861,pixel_39862,pixel_39863,pixel_39864,pixel_39865,pixel_39866,pixel_39867,pixel_39868,pixel_39869,pixel_39870,pixel_39871,pixel_39872,pixel_39873,pixel_39874,pixel_39875,pixel_39876,pixel_39877,pixel_39878,pixel_39879,pixel_39880,pixel_39881,pixel_39882,pixel_39883,pixel_39884,pixel_39885,pixel_39886,pixel_39887,pixel_39888,pixel_39889,pixel_39890,pixel_39891,pixel_39892,pixel_39893,pixel_39894,pixel_39895,pixel_39896,pixel_39897,pixel_39898,pixel_39899,pixel_39900,pixel_39901,pixel_39902,pixel_39903,pixel_39904,pixel_39905,pixel_39906,pixel_39907,pixel_39908,pixel_39909,pixel_39910,pixel_39911,pixel_39912,pixel_39913,pixel_39914,pixel_39915,pixel_39916,pixel_39917,pixel_39918,pixel_39919,pixel_39920,pixel_39921,pixel_39922,pixel_39923,pixel_39924,pixel_39925,pixel_39926,pixel_39927,pixel_39928,pixel_39929,pixel_39930,pixel_39931,pixel_39932,pixel_39933,pixel_39934,pixel_39935,pixel_39936,pixel_39937,pixel_39938,pixel_39939,pixel_39940,pixel_39941,pixel_39942,pixel_39943,pixel_39944,pixel_39945,pixel_39946,pixel_39947,pixel_39948,pixel_39949,pixel_39950,pixel_39951,pixel_39952,pixel_39953,pixel_39954,pixel_39955,pixel_39956,pixel_39957,pixel_39958,pixel_39959,pixel_39960,pixel_39961,pixel_39962,pixel_39963,pixel_39964,pixel_39965,pixel_39966,pixel_39967,pixel_39968,pixel_39969,pixel_39970,pixel_39971,pixel_39972,pixel_39973,pixel_39974,pixel_39975,pixel_39976,pixel_39977,pixel_39978,pixel_39979,pixel_39980,pixel_39981,pixel_39982,pixel_39983,pixel_39984,pixel_39985,pixel_39986,pixel_39987,pixel_39988,pixel_39989,pixel_39990,pixel_39991,pixel_39992,pixel_39993,pixel_39994,pixel_39995,pixel_39996,pixel_39997,pixel_39998,pixel_39999,pixel_40000,pixel_40001,pixel_40002,pixel_40003,pixel_40004,pixel_40005,pixel_40006,pixel_40007,pixel_40008,pixel_40009,pixel_40010,pixel_40011,pixel_40012,pixel_40013,pixel_40014,pixel_40015,pixel_40016,pixel_40017,pixel_40018,pixel_40019,pixel_40020,pixel_40021,pixel_40022,pixel_40023,pixel_40024,pixel_40025,pixel_40026,pixel_40027,pixel_40028,pixel_40029,pixel_40030,pixel_40031,pixel_40032,pixel_40033,pixel_40034,pixel_40035,pixel_40036,pixel_40037,pixel_40038,pixel_40039,pixel_40040,pixel_40041,pixel_40042,pixel_40043,pixel_40044,pixel_40045,pixel_40046,pixel_40047,pixel_40048,pixel_40049,pixel_40050,pixel_40051,pixel_40052,pixel_40053,pixel_40054,pixel_40055,pixel_40056,pixel_40057,pixel_40058,pixel_40059,pixel_40060,pixel_40061,pixel_40062,pixel_40063,pixel_40064,pixel_40065,pixel_40066,pixel_40067,pixel_40068,pixel_40069,pixel_40070,pixel_40071,pixel_40072,pixel_40073,pixel_40074,pixel_40075,pixel_40076,pixel_40077,pixel_40078,pixel_40079,pixel_40080,pixel_40081,pixel_40082,pixel_40083,pixel_40084,pixel_40085,pixel_40086,pixel_40087,pixel_40088,pixel_40089,pixel_40090,pixel_40091,pixel_40092,pixel_40093,pixel_40094,pixel_40095,pixel_40096,pixel_40097,pixel_40098,pixel_40099,pixel_40100,pixel_40101,pixel_40102,pixel_40103,pixel_40104,pixel_40105,pixel_40106,pixel_40107,pixel_40108,pixel_40109,pixel_40110,pixel_40111,pixel_40112,pixel_40113,pixel_40114,pixel_40115,pixel_40116,pixel_40117,pixel_40118,pixel_40119,pixel_40120,pixel_40121,pixel_40122,pixel_40123,pixel_40124,pixel_40125,pixel_40126,pixel_40127,pixel_40128,pixel_40129,pixel_40130,pixel_40131,pixel_40132,pixel_40133,pixel_40134,pixel_40135,pixel_40136,pixel_40137,pixel_40138,pixel_40139,pixel_40140,pixel_40141,pixel_40142,pixel_40143,pixel_40144,pixel_40145,pixel_40146,pixel_40147,pixel_40148,pixel_40149,pixel_40150,pixel_40151,pixel_40152,pixel_40153,pixel_40154,pixel_40155,pixel_40156,pixel_40157,pixel_40158,pixel_40159,pixel_40160,pixel_40161,pixel_40162,pixel_40163,pixel_40164,pixel_40165,pixel_40166,pixel_40167,pixel_40168,pixel_40169,pixel_40170,pixel_40171,pixel_40172,pixel_40173,pixel_40174,pixel_40175,pixel_40176,pixel_40177,pixel_40178,pixel_40179,pixel_40180,pixel_40181,pixel_40182,pixel_40183,pixel_40184,pixel_40185,pixel_40186,pixel_40187,pixel_40188,pixel_40189,pixel_40190,pixel_40191,pixel_40192,pixel_40193,pixel_40194,pixel_40195,pixel_40196,pixel_40197,pixel_40198,pixel_40199,pixel_40200,pixel_40201,pixel_40202,pixel_40203,pixel_40204,pixel_40205,pixel_40206,pixel_40207,pixel_40208,pixel_40209,pixel_40210,pixel_40211,pixel_40212,pixel_40213,pixel_40214,pixel_40215,pixel_40216,pixel_40217,pixel_40218,pixel_40219,pixel_40220,pixel_40221,pixel_40222,pixel_40223,pixel_40224,pixel_40225,pixel_40226,pixel_40227,pixel_40228,pixel_40229,pixel_40230,pixel_40231,pixel_40232,pixel_40233,pixel_40234,pixel_40235,pixel_40236,pixel_40237,pixel_40238,pixel_40239,pixel_40240,pixel_40241,pixel_40242,pixel_40243,pixel_40244,pixel_40245,pixel_40246,pixel_40247,pixel_40248,pixel_40249,pixel_40250,pixel_40251,pixel_40252,pixel_40253,pixel_40254,pixel_40255,pixel_40256,pixel_40257,pixel_40258,pixel_40259,pixel_40260,pixel_40261,pixel_40262,pixel_40263,pixel_40264,pixel_40265,pixel_40266,pixel_40267,pixel_40268,pixel_40269,pixel_40270,pixel_40271,pixel_40272,pixel_40273,pixel_40274,pixel_40275,pixel_40276,pixel_40277,pixel_40278,pixel_40279,pixel_40280,pixel_40281,pixel_40282,pixel_40283,pixel_40284,pixel_40285,pixel_40286,pixel_40287,pixel_40288,pixel_40289,pixel_40290,pixel_40291,pixel_40292,pixel_40293,pixel_40294,pixel_40295,pixel_40296,pixel_40297,pixel_40298,pixel_40299,pixel_40300,pixel_40301,pixel_40302,pixel_40303,pixel_40304,pixel_40305,pixel_40306,pixel_40307,pixel_40308,pixel_40309,pixel_40310,pixel_40311,pixel_40312,pixel_40313,pixel_40314,pixel_40315,pixel_40316,pixel_40317,pixel_40318,pixel_40319,pixel_40320,pixel_40321,pixel_40322,pixel_40323,pixel_40324,pixel_40325,pixel_40326,pixel_40327,pixel_40328,pixel_40329,pixel_40330,pixel_40331,pixel_40332,pixel_40333,pixel_40334,pixel_40335,pixel_40336,pixel_40337,pixel_40338,pixel_40339,pixel_40340,pixel_40341,pixel_40342,pixel_40343,pixel_40344,pixel_40345,pixel_40346,pixel_40347,pixel_40348,pixel_40349,pixel_40350,pixel_40351,pixel_40352,pixel_40353,pixel_40354,pixel_40355,pixel_40356,pixel_40357,pixel_40358,pixel_40359,pixel_40360,pixel_40361,pixel_40362,pixel_40363,pixel_40364,pixel_40365,pixel_40366,pixel_40367,pixel_40368,pixel_40369,pixel_40370,pixel_40371,pixel_40372,pixel_40373,pixel_40374,pixel_40375,pixel_40376,pixel_40377,pixel_40378,pixel_40379,pixel_40380,pixel_40381,pixel_40382,pixel_40383,pixel_40384,pixel_40385,pixel_40386,pixel_40387,pixel_40388,pixel_40389,pixel_40390,pixel_40391,pixel_40392,pixel_40393,pixel_40394,pixel_40395,pixel_40396,pixel_40397,pixel_40398,pixel_40399,pixel_40400,pixel_40401,pixel_40402,pixel_40403,pixel_40404,pixel_40405,pixel_40406,pixel_40407,pixel_40408,pixel_40409,pixel_40410,pixel_40411,pixel_40412,pixel_40413,pixel_40414,pixel_40415,pixel_40416,pixel_40417,pixel_40418,pixel_40419,pixel_40420,pixel_40421,pixel_40422,pixel_40423,pixel_40424,pixel_40425,pixel_40426,pixel_40427,pixel_40428,pixel_40429,pixel_40430,pixel_40431,pixel_40432,pixel_40433,pixel_40434,pixel_40435,pixel_40436,pixel_40437,pixel_40438,pixel_40439,pixel_40440,pixel_40441,pixel_40442,pixel_40443,pixel_40444,pixel_40445,pixel_40446,pixel_40447,pixel_40448,pixel_40449,pixel_40450,pixel_40451,pixel_40452,pixel_40453,pixel_40454,pixel_40455,pixel_40456,pixel_40457,pixel_40458,pixel_40459,pixel_40460,pixel_40461,pixel_40462,pixel_40463,pixel_40464,pixel_40465,pixel_40466,pixel_40467,pixel_40468,pixel_40469,pixel_40470,pixel_40471,pixel_40472,pixel_40473,pixel_40474,pixel_40475,pixel_40476,pixel_40477,pixel_40478,pixel_40479,pixel_40480,pixel_40481,pixel_40482,pixel_40483,pixel_40484,pixel_40485,pixel_40486,pixel_40487,pixel_40488,pixel_40489,pixel_40490,pixel_40491,pixel_40492,pixel_40493,pixel_40494,pixel_40495,pixel_40496,pixel_40497,pixel_40498,pixel_40499,pixel_40500,pixel_40501,pixel_40502,pixel_40503,pixel_40504,pixel_40505,pixel_40506,pixel_40507,pixel_40508,pixel_40509,pixel_40510,pixel_40511,pixel_40512,pixel_40513,pixel_40514,pixel_40515,pixel_40516,pixel_40517,pixel_40518,pixel_40519,pixel_40520,pixel_40521,pixel_40522,pixel_40523,pixel_40524,pixel_40525,pixel_40526,pixel_40527,pixel_40528,pixel_40529,pixel_40530,pixel_40531,pixel_40532,pixel_40533,pixel_40534,pixel_40535,pixel_40536,pixel_40537,pixel_40538,pixel_40539,pixel_40540,pixel_40541,pixel_40542,pixel_40543,pixel_40544,pixel_40545,pixel_40546,pixel_40547,pixel_40548,pixel_40549,pixel_40550,pixel_40551,pixel_40552,pixel_40553,pixel_40554,pixel_40555,pixel_40556,pixel_40557,pixel_40558,pixel_40559,pixel_40560,pixel_40561,pixel_40562,pixel_40563,pixel_40564,pixel_40565,pixel_40566,pixel_40567,pixel_40568,pixel_40569,pixel_40570,pixel_40571,pixel_40572,pixel_40573,pixel_40574,pixel_40575,pixel_40576,pixel_40577,pixel_40578,pixel_40579,pixel_40580,pixel_40581,pixel_40582,pixel_40583,pixel_40584,pixel_40585,pixel_40586,pixel_40587,pixel_40588,pixel_40589,pixel_40590,pixel_40591,pixel_40592,pixel_40593,pixel_40594,pixel_40595,pixel_40596,pixel_40597,pixel_40598,pixel_40599,pixel_40600,pixel_40601,pixel_40602,pixel_40603,pixel_40604,pixel_40605,pixel_40606,pixel_40607,pixel_40608,pixel_40609,pixel_40610,pixel_40611,pixel_40612,pixel_40613,pixel_40614,pixel_40615,pixel_40616,pixel_40617,pixel_40618,pixel_40619,pixel_40620,pixel_40621,pixel_40622,pixel_40623,pixel_40624,pixel_40625,pixel_40626,pixel_40627,pixel_40628,pixel_40629,pixel_40630,pixel_40631,pixel_40632,pixel_40633,pixel_40634,pixel_40635,pixel_40636,pixel_40637,pixel_40638,pixel_40639,pixel_40640,pixel_40641,pixel_40642,pixel_40643,pixel_40644,pixel_40645,pixel_40646,pixel_40647,pixel_40648,pixel_40649,pixel_40650,pixel_40651,pixel_40652,pixel_40653,pixel_40654,pixel_40655,pixel_40656,pixel_40657,pixel_40658,pixel_40659,pixel_40660,pixel_40661,pixel_40662,pixel_40663,pixel_40664,pixel_40665,pixel_40666,pixel_40667,pixel_40668,pixel_40669,pixel_40670,pixel_40671,pixel_40672,pixel_40673,pixel_40674,pixel_40675,pixel_40676,pixel_40677,pixel_40678,pixel_40679,pixel_40680,pixel_40681,pixel_40682,pixel_40683,pixel_40684,pixel_40685,pixel_40686,pixel_40687,pixel_40688,pixel_40689,pixel_40690,pixel_40691,pixel_40692,pixel_40693,pixel_40694,pixel_40695,pixel_40696,pixel_40697,pixel_40698,pixel_40699,pixel_40700,pixel_40701,pixel_40702,pixel_40703,pixel_40704,pixel_40705,pixel_40706,pixel_40707,pixel_40708,pixel_40709,pixel_40710,pixel_40711,pixel_40712,pixel_40713,pixel_40714,pixel_40715,pixel_40716,pixel_40717,pixel_40718,pixel_40719,pixel_40720,pixel_40721,pixel_40722,pixel_40723,pixel_40724,pixel_40725,pixel_40726,pixel_40727,pixel_40728,pixel_40729,pixel_40730,pixel_40731,pixel_40732,pixel_40733,pixel_40734,pixel_40735,pixel_40736,pixel_40737,pixel_40738,pixel_40739,pixel_40740,pixel_40741,pixel_40742,pixel_40743,pixel_40744,pixel_40745,pixel_40746,pixel_40747,pixel_40748,pixel_40749,pixel_40750,pixel_40751,pixel_40752,pixel_40753,pixel_40754,pixel_40755,pixel_40756,pixel_40757,pixel_40758,pixel_40759,pixel_40760,pixel_40761,pixel_40762,pixel_40763,pixel_40764,pixel_40765,pixel_40766,pixel_40767,pixel_40768,pixel_40769,pixel_40770,pixel_40771,pixel_40772,pixel_40773,pixel_40774,pixel_40775,pixel_40776,pixel_40777,pixel_40778,pixel_40779,pixel_40780,pixel_40781,pixel_40782,pixel_40783,pixel_40784,pixel_40785,pixel_40786,pixel_40787,pixel_40788,pixel_40789,pixel_40790,pixel_40791,pixel_40792,pixel_40793,pixel_40794,pixel_40795,pixel_40796,pixel_40797,pixel_40798,pixel_40799,pixel_40800,pixel_40801,pixel_40802,pixel_40803,pixel_40804,pixel_40805,pixel_40806,pixel_40807,pixel_40808,pixel_40809,pixel_40810,pixel_40811,pixel_40812,pixel_40813,pixel_40814,pixel_40815,pixel_40816,pixel_40817,pixel_40818,pixel_40819,pixel_40820,pixel_40821,pixel_40822,pixel_40823,pixel_40824,pixel_40825,pixel_40826,pixel_40827,pixel_40828,pixel_40829,pixel_40830,pixel_40831,pixel_40832,pixel_40833,pixel_40834,pixel_40835,pixel_40836,pixel_40837,pixel_40838,pixel_40839,pixel_40840,pixel_40841,pixel_40842,pixel_40843,pixel_40844,pixel_40845,pixel_40846,pixel_40847,pixel_40848,pixel_40849,pixel_40850,pixel_40851,pixel_40852,pixel_40853,pixel_40854,pixel_40855,pixel_40856,pixel_40857,pixel_40858,pixel_40859,pixel_40860,pixel_40861,pixel_40862,pixel_40863,pixel_40864,pixel_40865,pixel_40866,pixel_40867,pixel_40868,pixel_40869,pixel_40870,pixel_40871,pixel_40872,pixel_40873,pixel_40874,pixel_40875,pixel_40876,pixel_40877,pixel_40878,pixel_40879,pixel_40880,pixel_40881,pixel_40882,pixel_40883,pixel_40884,pixel_40885,pixel_40886,pixel_40887,pixel_40888,pixel_40889,pixel_40890,pixel_40891,pixel_40892,pixel_40893,pixel_40894,pixel_40895,pixel_40896,pixel_40897,pixel_40898,pixel_40899,pixel_40900,pixel_40901,pixel_40902,pixel_40903,pixel_40904,pixel_40905,pixel_40906,pixel_40907,pixel_40908,pixel_40909,pixel_40910,pixel_40911,pixel_40912,pixel_40913,pixel_40914,pixel_40915,pixel_40916,pixel_40917,pixel_40918,pixel_40919,pixel_40920,pixel_40921,pixel_40922,pixel_40923,pixel_40924,pixel_40925,pixel_40926,pixel_40927,pixel_40928,pixel_40929,pixel_40930,pixel_40931,pixel_40932,pixel_40933,pixel_40934,pixel_40935,pixel_40936,pixel_40937,pixel_40938,pixel_40939,pixel_40940,pixel_40941,pixel_40942,pixel_40943,pixel_40944,pixel_40945,pixel_40946,pixel_40947,pixel_40948,pixel_40949,pixel_40950,pixel_40951,pixel_40952,pixel_40953,pixel_40954,pixel_40955,pixel_40956,pixel_40957,pixel_40958,pixel_40959,pixel_40960,pixel_40961,pixel_40962,pixel_40963,pixel_40964,pixel_40965,pixel_40966,pixel_40967,pixel_40968,pixel_40969,pixel_40970,pixel_40971,pixel_40972,pixel_40973,pixel_40974,pixel_40975,pixel_40976,pixel_40977,pixel_40978,pixel_40979,pixel_40980,pixel_40981,pixel_40982,pixel_40983,pixel_40984,pixel_40985,pixel_40986,pixel_40987,pixel_40988,pixel_40989,pixel_40990,pixel_40991,pixel_40992,pixel_40993,pixel_40994,pixel_40995,pixel_40996,pixel_40997,pixel_40998,pixel_40999,pixel_41000,pixel_41001,pixel_41002,pixel_41003,pixel_41004,pixel_41005,pixel_41006,pixel_41007,pixel_41008,pixel_41009,pixel_41010,pixel_41011,pixel_41012,pixel_41013,pixel_41014,pixel_41015,pixel_41016,pixel_41017,pixel_41018,pixel_41019,pixel_41020,pixel_41021,pixel_41022,pixel_41023,pixel_41024,pixel_41025,pixel_41026,pixel_41027,pixel_41028,pixel_41029,pixel_41030,pixel_41031,pixel_41032,pixel_41033,pixel_41034,pixel_41035,pixel_41036,pixel_41037,pixel_41038,pixel_41039,pixel_41040,pixel_41041,pixel_41042,pixel_41043,pixel_41044,pixel_41045,pixel_41046,pixel_41047,pixel_41048,pixel_41049,pixel_41050,pixel_41051,pixel_41052,pixel_41053,pixel_41054,pixel_41055,pixel_41056,pixel_41057,pixel_41058,pixel_41059,pixel_41060,pixel_41061,pixel_41062,pixel_41063,pixel_41064,pixel_41065,pixel_41066,pixel_41067,pixel_41068,pixel_41069,pixel_41070,pixel_41071,pixel_41072,pixel_41073,pixel_41074,pixel_41075,pixel_41076,pixel_41077,pixel_41078,pixel_41079,pixel_41080,pixel_41081,pixel_41082,pixel_41083,pixel_41084,pixel_41085,pixel_41086,pixel_41087,pixel_41088,pixel_41089,pixel_41090,pixel_41091,pixel_41092,pixel_41093,pixel_41094,pixel_41095,pixel_41096,pixel_41097,pixel_41098,pixel_41099,pixel_41100,pixel_41101,pixel_41102,pixel_41103,pixel_41104,pixel_41105,pixel_41106,pixel_41107,pixel_41108,pixel_41109,pixel_41110,pixel_41111,pixel_41112,pixel_41113,pixel_41114,pixel_41115,pixel_41116,pixel_41117,pixel_41118,pixel_41119,pixel_41120,pixel_41121,pixel_41122,pixel_41123,pixel_41124,pixel_41125,pixel_41126,pixel_41127,pixel_41128,pixel_41129,pixel_41130,pixel_41131,pixel_41132,pixel_41133,pixel_41134,pixel_41135,pixel_41136,pixel_41137,pixel_41138,pixel_41139,pixel_41140,pixel_41141,pixel_41142,pixel_41143,pixel_41144,pixel_41145,pixel_41146,pixel_41147,pixel_41148,pixel_41149,pixel_41150,pixel_41151,pixel_41152,pixel_41153,pixel_41154,pixel_41155,pixel_41156,pixel_41157,pixel_41158,pixel_41159,pixel_41160,pixel_41161,pixel_41162,pixel_41163,pixel_41164,pixel_41165,pixel_41166,pixel_41167,pixel_41168,pixel_41169,pixel_41170,pixel_41171,pixel_41172,pixel_41173,pixel_41174,pixel_41175,pixel_41176,pixel_41177,pixel_41178,pixel_41179,pixel_41180,pixel_41181,pixel_41182,pixel_41183,pixel_41184,pixel_41185,pixel_41186,pixel_41187,pixel_41188,pixel_41189,pixel_41190,pixel_41191,pixel_41192,pixel_41193,pixel_41194,pixel_41195,pixel_41196,pixel_41197,pixel_41198,pixel_41199,pixel_41200,pixel_41201,pixel_41202,pixel_41203,pixel_41204,pixel_41205,pixel_41206,pixel_41207,pixel_41208,pixel_41209,pixel_41210,pixel_41211,pixel_41212,pixel_41213,pixel_41214,pixel_41215,pixel_41216,pixel_41217,pixel_41218,pixel_41219,pixel_41220,pixel_41221,pixel_41222,pixel_41223,pixel_41224,pixel_41225,pixel_41226,pixel_41227,pixel_41228,pixel_41229,pixel_41230,pixel_41231,pixel_41232,pixel_41233,pixel_41234,pixel_41235,pixel_41236,pixel_41237,pixel_41238,pixel_41239,pixel_41240,pixel_41241,pixel_41242,pixel_41243,pixel_41244,pixel_41245,pixel_41246,pixel_41247,pixel_41248,pixel_41249,pixel_41250,pixel_41251,pixel_41252,pixel_41253,pixel_41254,pixel_41255,pixel_41256,pixel_41257,pixel_41258,pixel_41259,pixel_41260,pixel_41261,pixel_41262,pixel_41263,pixel_41264,pixel_41265,pixel_41266,pixel_41267,pixel_41268,pixel_41269,pixel_41270,pixel_41271,pixel_41272,pixel_41273,pixel_41274,pixel_41275,pixel_41276,pixel_41277,pixel_41278,pixel_41279,pixel_41280,pixel_41281,pixel_41282,pixel_41283,pixel_41284,pixel_41285,pixel_41286,pixel_41287,pixel_41288,pixel_41289,pixel_41290,pixel_41291,pixel_41292,pixel_41293,pixel_41294,pixel_41295,pixel_41296,pixel_41297,pixel_41298,pixel_41299,pixel_41300,pixel_41301,pixel_41302,pixel_41303,pixel_41304,pixel_41305,pixel_41306,pixel_41307,pixel_41308,pixel_41309,pixel_41310,pixel_41311,pixel_41312,pixel_41313,pixel_41314,pixel_41315,pixel_41316,pixel_41317,pixel_41318,pixel_41319,pixel_41320,pixel_41321,pixel_41322,pixel_41323,pixel_41324,pixel_41325,pixel_41326,pixel_41327,pixel_41328,pixel_41329,pixel_41330,pixel_41331,pixel_41332,pixel_41333,pixel_41334,pixel_41335,pixel_41336,pixel_41337,pixel_41338,pixel_41339,pixel_41340,pixel_41341,pixel_41342,pixel_41343,pixel_41344,pixel_41345,pixel_41346,pixel_41347,pixel_41348,pixel_41349,pixel_41350,pixel_41351,pixel_41352,pixel_41353,pixel_41354,pixel_41355,pixel_41356,pixel_41357,pixel_41358,pixel_41359,pixel_41360,pixel_41361,pixel_41362,pixel_41363,pixel_41364,pixel_41365,pixel_41366,pixel_41367,pixel_41368,pixel_41369,pixel_41370,pixel_41371,pixel_41372,pixel_41373,pixel_41374,pixel_41375,pixel_41376,pixel_41377,pixel_41378,pixel_41379,pixel_41380,pixel_41381,pixel_41382,pixel_41383,pixel_41384,pixel_41385,pixel_41386,pixel_41387,pixel_41388,pixel_41389,pixel_41390,pixel_41391,pixel_41392,pixel_41393,pixel_41394,pixel_41395,pixel_41396,pixel_41397,pixel_41398,pixel_41399,pixel_41400,pixel_41401,pixel_41402,pixel_41403,pixel_41404,pixel_41405,pixel_41406,pixel_41407,pixel_41408,pixel_41409,pixel_41410,pixel_41411,pixel_41412,pixel_41413,pixel_41414,pixel_41415,pixel_41416,pixel_41417,pixel_41418,pixel_41419,pixel_41420,pixel_41421,pixel_41422,pixel_41423,pixel_41424,pixel_41425,pixel_41426,pixel_41427,pixel_41428,pixel_41429,pixel_41430,pixel_41431,pixel_41432,pixel_41433,pixel_41434,pixel_41435,pixel_41436,pixel_41437,pixel_41438,pixel_41439,pixel_41440,pixel_41441,pixel_41442,pixel_41443,pixel_41444,pixel_41445,pixel_41446,pixel_41447,pixel_41448,pixel_41449,pixel_41450,pixel_41451,pixel_41452,pixel_41453,pixel_41454,pixel_41455,pixel_41456,pixel_41457,pixel_41458,pixel_41459,pixel_41460,pixel_41461,pixel_41462,pixel_41463,pixel_41464,pixel_41465,pixel_41466,pixel_41467,pixel_41468,pixel_41469,pixel_41470,pixel_41471,pixel_41472,pixel_41473,pixel_41474,pixel_41475,pixel_41476,pixel_41477,pixel_41478,pixel_41479,pixel_41480,pixel_41481,pixel_41482,pixel_41483,pixel_41484,pixel_41485,pixel_41486,pixel_41487,pixel_41488,pixel_41489,pixel_41490,pixel_41491,pixel_41492,pixel_41493,pixel_41494,pixel_41495,pixel_41496,pixel_41497,pixel_41498,pixel_41499,pixel_41500,pixel_41501,pixel_41502,pixel_41503,pixel_41504,pixel_41505,pixel_41506,pixel_41507,pixel_41508,pixel_41509,pixel_41510,pixel_41511,pixel_41512,pixel_41513,pixel_41514,pixel_41515,pixel_41516,pixel_41517,pixel_41518,pixel_41519,pixel_41520,pixel_41521,pixel_41522,pixel_41523,pixel_41524,pixel_41525,pixel_41526,pixel_41527,pixel_41528,pixel_41529,pixel_41530,pixel_41531,pixel_41532,pixel_41533,pixel_41534,pixel_41535,pixel_41536,pixel_41537,pixel_41538,pixel_41539,pixel_41540,pixel_41541,pixel_41542,pixel_41543,pixel_41544,pixel_41545,pixel_41546,pixel_41547,pixel_41548,pixel_41549,pixel_41550,pixel_41551,pixel_41552,pixel_41553,pixel_41554,pixel_41555,pixel_41556,pixel_41557,pixel_41558,pixel_41559,pixel_41560,pixel_41561,pixel_41562,pixel_41563,pixel_41564,pixel_41565,pixel_41566,pixel_41567,pixel_41568,pixel_41569,pixel_41570,pixel_41571,pixel_41572,pixel_41573,pixel_41574,pixel_41575,pixel_41576,pixel_41577,pixel_41578,pixel_41579,pixel_41580,pixel_41581,pixel_41582,pixel_41583,pixel_41584,pixel_41585,pixel_41586,pixel_41587,pixel_41588,pixel_41589,pixel_41590,pixel_41591,pixel_41592,pixel_41593,pixel_41594,pixel_41595,pixel_41596,pixel_41597,pixel_41598,pixel_41599,pixel_41600,pixel_41601,pixel_41602,pixel_41603,pixel_41604,pixel_41605,pixel_41606,pixel_41607,pixel_41608,pixel_41609,pixel_41610,pixel_41611,pixel_41612,pixel_41613,pixel_41614,pixel_41615,pixel_41616,pixel_41617,pixel_41618,pixel_41619,pixel_41620,pixel_41621,pixel_41622,pixel_41623,pixel_41624,pixel_41625,pixel_41626,pixel_41627,pixel_41628,pixel_41629,pixel_41630,pixel_41631,pixel_41632,pixel_41633,pixel_41634,pixel_41635,pixel_41636,pixel_41637,pixel_41638,pixel_41639,pixel_41640,pixel_41641,pixel_41642,pixel_41643,pixel_41644,pixel_41645,pixel_41646,pixel_41647,pixel_41648,pixel_41649,pixel_41650,pixel_41651,pixel_41652,pixel_41653,pixel_41654,pixel_41655,pixel_41656,pixel_41657,pixel_41658,pixel_41659,pixel_41660,pixel_41661,pixel_41662,pixel_41663,pixel_41664,pixel_41665,pixel_41666,pixel_41667,pixel_41668,pixel_41669,pixel_41670,pixel_41671,pixel_41672,pixel_41673,pixel_41674,pixel_41675,pixel_41676,pixel_41677,pixel_41678,pixel_41679,pixel_41680,pixel_41681,pixel_41682,pixel_41683,pixel_41684,pixel_41685,pixel_41686,pixel_41687,pixel_41688,pixel_41689,pixel_41690,pixel_41691,pixel_41692,pixel_41693,pixel_41694,pixel_41695,pixel_41696,pixel_41697,pixel_41698,pixel_41699,pixel_41700,pixel_41701,pixel_41702,pixel_41703,pixel_41704,pixel_41705,pixel_41706,pixel_41707,pixel_41708,pixel_41709,pixel_41710,pixel_41711,pixel_41712,pixel_41713,pixel_41714,pixel_41715,pixel_41716,pixel_41717,pixel_41718,pixel_41719,pixel_41720,pixel_41721,pixel_41722,pixel_41723,pixel_41724,pixel_41725,pixel_41726,pixel_41727,pixel_41728,pixel_41729,pixel_41730,pixel_41731,pixel_41732,pixel_41733,pixel_41734,pixel_41735,pixel_41736,pixel_41737,pixel_41738,pixel_41739,pixel_41740,pixel_41741,pixel_41742,pixel_41743,pixel_41744,pixel_41745,pixel_41746,pixel_41747,pixel_41748,pixel_41749,pixel_41750,pixel_41751,pixel_41752,pixel_41753,pixel_41754,pixel_41755,pixel_41756,pixel_41757,pixel_41758,pixel_41759,pixel_41760,pixel_41761,pixel_41762,pixel_41763,pixel_41764,pixel_41765,pixel_41766,pixel_41767,pixel_41768,pixel_41769,pixel_41770,pixel_41771,pixel_41772,pixel_41773,pixel_41774,pixel_41775,pixel_41776,pixel_41777,pixel_41778,pixel_41779,pixel_41780,pixel_41781,pixel_41782,pixel_41783,pixel_41784,pixel_41785,pixel_41786,pixel_41787,pixel_41788,pixel_41789,pixel_41790,pixel_41791,pixel_41792,pixel_41793,pixel_41794,pixel_41795,pixel_41796,pixel_41797,pixel_41798,pixel_41799,pixel_41800,pixel_41801,pixel_41802,pixel_41803,pixel_41804,pixel_41805,pixel_41806,pixel_41807,pixel_41808,pixel_41809,pixel_41810,pixel_41811,pixel_41812,pixel_41813,pixel_41814,pixel_41815,pixel_41816,pixel_41817,pixel_41818,pixel_41819,pixel_41820,pixel_41821,pixel_41822,pixel_41823,pixel_41824,pixel_41825,pixel_41826,pixel_41827,pixel_41828,pixel_41829,pixel_41830,pixel_41831,pixel_41832,pixel_41833,pixel_41834,pixel_41835,pixel_41836,pixel_41837,pixel_41838,pixel_41839,pixel_41840,pixel_41841,pixel_41842,pixel_41843,pixel_41844,pixel_41845,pixel_41846,pixel_41847,pixel_41848,pixel_41849,pixel_41850,pixel_41851,pixel_41852,pixel_41853,pixel_41854,pixel_41855,pixel_41856,pixel_41857,pixel_41858,pixel_41859,pixel_41860,pixel_41861,pixel_41862,pixel_41863,pixel_41864,pixel_41865,pixel_41866,pixel_41867,pixel_41868,pixel_41869,pixel_41870,pixel_41871,pixel_41872,pixel_41873,pixel_41874,pixel_41875,pixel_41876,pixel_41877,pixel_41878,pixel_41879,pixel_41880,pixel_41881,pixel_41882,pixel_41883,pixel_41884,pixel_41885,pixel_41886,pixel_41887,pixel_41888,pixel_41889,pixel_41890,pixel_41891,pixel_41892,pixel_41893,pixel_41894,pixel_41895,pixel_41896,pixel_41897,pixel_41898,pixel_41899,pixel_41900,pixel_41901,pixel_41902,pixel_41903,pixel_41904,pixel_41905,pixel_41906,pixel_41907,pixel_41908,pixel_41909,pixel_41910,pixel_41911,pixel_41912,pixel_41913,pixel_41914,pixel_41915,pixel_41916,pixel_41917,pixel_41918,pixel_41919,pixel_41920,pixel_41921,pixel_41922,pixel_41923,pixel_41924,pixel_41925,pixel_41926,pixel_41927,pixel_41928,pixel_41929,pixel_41930,pixel_41931,pixel_41932,pixel_41933,pixel_41934,pixel_41935,pixel_41936,pixel_41937,pixel_41938,pixel_41939,pixel_41940,pixel_41941,pixel_41942,pixel_41943,pixel_41944,pixel_41945,pixel_41946,pixel_41947,pixel_41948,pixel_41949,pixel_41950,pixel_41951,pixel_41952,pixel_41953,pixel_41954,pixel_41955,pixel_41956,pixel_41957,pixel_41958,pixel_41959,pixel_41960,pixel_41961,pixel_41962,pixel_41963,pixel_41964,pixel_41965,pixel_41966,pixel_41967,pixel_41968,pixel_41969,pixel_41970,pixel_41971,pixel_41972,pixel_41973,pixel_41974,pixel_41975,pixel_41976,pixel_41977,pixel_41978,pixel_41979,pixel_41980,pixel_41981,pixel_41982,pixel_41983,pixel_41984,pixel_41985,pixel_41986,pixel_41987,pixel_41988,pixel_41989,pixel_41990,pixel_41991,pixel_41992,pixel_41993,pixel_41994,pixel_41995,pixel_41996,pixel_41997,pixel_41998,pixel_41999,pixel_42000,pixel_42001,pixel_42002,pixel_42003,pixel_42004,pixel_42005,pixel_42006,pixel_42007,pixel_42008,pixel_42009,pixel_42010,pixel_42011,pixel_42012,pixel_42013,pixel_42014,pixel_42015,pixel_42016,pixel_42017,pixel_42018,pixel_42019,pixel_42020,pixel_42021,pixel_42022,pixel_42023,pixel_42024,pixel_42025,pixel_42026,pixel_42027,pixel_42028,pixel_42029,pixel_42030,pixel_42031,pixel_42032,pixel_42033,pixel_42034,pixel_42035,pixel_42036,pixel_42037,pixel_42038,pixel_42039,pixel_42040,pixel_42041,pixel_42042,pixel_42043,pixel_42044,pixel_42045,pixel_42046,pixel_42047,pixel_42048,pixel_42049,pixel_42050,pixel_42051,pixel_42052,pixel_42053,pixel_42054,pixel_42055,pixel_42056,pixel_42057,pixel_42058,pixel_42059,pixel_42060,pixel_42061,pixel_42062,pixel_42063,pixel_42064,pixel_42065,pixel_42066,pixel_42067,pixel_42068,pixel_42069,pixel_42070,pixel_42071,pixel_42072,pixel_42073,pixel_42074,pixel_42075,pixel_42076,pixel_42077,pixel_42078,pixel_42079,pixel_42080,pixel_42081,pixel_42082,pixel_42083,pixel_42084,pixel_42085,pixel_42086,pixel_42087,pixel_42088,pixel_42089,pixel_42090,pixel_42091,pixel_42092,pixel_42093,pixel_42094,pixel_42095,pixel_42096,pixel_42097,pixel_42098,pixel_42099,pixel_42100,pixel_42101,pixel_42102,pixel_42103,pixel_42104,pixel_42105,pixel_42106,pixel_42107,pixel_42108,pixel_42109,pixel_42110,pixel_42111,pixel_42112,pixel_42113,pixel_42114,pixel_42115,pixel_42116,pixel_42117,pixel_42118,pixel_42119,pixel_42120,pixel_42121,pixel_42122,pixel_42123,pixel_42124,pixel_42125,pixel_42126,pixel_42127,pixel_42128,pixel_42129,pixel_42130,pixel_42131,pixel_42132,pixel_42133,pixel_42134,pixel_42135,pixel_42136,pixel_42137,pixel_42138,pixel_42139,pixel_42140,pixel_42141,pixel_42142,pixel_42143,pixel_42144,pixel_42145,pixel_42146,pixel_42147,pixel_42148,pixel_42149,pixel_42150,pixel_42151,pixel_42152,pixel_42153,pixel_42154,pixel_42155,pixel_42156,pixel_42157,pixel_42158,pixel_42159,pixel_42160,pixel_42161,pixel_42162,pixel_42163,pixel_42164,pixel_42165,pixel_42166,pixel_42167,pixel_42168,pixel_42169,pixel_42170,pixel_42171,pixel_42172,pixel_42173,pixel_42174,pixel_42175,pixel_42176,pixel_42177,pixel_42178,pixel_42179,pixel_42180,pixel_42181,pixel_42182,pixel_42183,pixel_42184,pixel_42185,pixel_42186,pixel_42187,pixel_42188,pixel_42189,pixel_42190,pixel_42191,pixel_42192,pixel_42193,pixel_42194,pixel_42195,pixel_42196,pixel_42197,pixel_42198,pixel_42199,pixel_42200,pixel_42201,pixel_42202,pixel_42203,pixel_42204,pixel_42205,pixel_42206,pixel_42207,pixel_42208,pixel_42209,pixel_42210,pixel_42211,pixel_42212,pixel_42213,pixel_42214,pixel_42215,pixel_42216,pixel_42217,pixel_42218,pixel_42219,pixel_42220,pixel_42221,pixel_42222,pixel_42223,pixel_42224,pixel_42225,pixel_42226,pixel_42227,pixel_42228,pixel_42229,pixel_42230,pixel_42231,pixel_42232,pixel_42233,pixel_42234,pixel_42235,pixel_42236,pixel_42237,pixel_42238,pixel_42239,pixel_42240,pixel_42241,pixel_42242,pixel_42243,pixel_42244,pixel_42245,pixel_42246,pixel_42247,pixel_42248,pixel_42249,pixel_42250,pixel_42251,pixel_42252,pixel_42253,pixel_42254,pixel_42255,pixel_42256,pixel_42257,pixel_42258,pixel_42259,pixel_42260,pixel_42261,pixel_42262,pixel_42263,pixel_42264,pixel_42265,pixel_42266,pixel_42267,pixel_42268,pixel_42269,pixel_42270,pixel_42271,pixel_42272,pixel_42273,pixel_42274,pixel_42275,pixel_42276,pixel_42277,pixel_42278,pixel_42279,pixel_42280,pixel_42281,pixel_42282,pixel_42283,pixel_42284,pixel_42285,pixel_42286,pixel_42287,pixel_42288,pixel_42289,pixel_42290,pixel_42291,pixel_42292,pixel_42293,pixel_42294,pixel_42295,pixel_42296,pixel_42297,pixel_42298,pixel_42299,pixel_42300,pixel_42301,pixel_42302,pixel_42303,pixel_42304,pixel_42305,pixel_42306,pixel_42307,pixel_42308,pixel_42309,pixel_42310,pixel_42311,pixel_42312,pixel_42313,pixel_42314,pixel_42315,pixel_42316,pixel_42317,pixel_42318,pixel_42319,pixel_42320,pixel_42321,pixel_42322,pixel_42323,pixel_42324,pixel_42325,pixel_42326,pixel_42327,pixel_42328,pixel_42329,pixel_42330,pixel_42331,pixel_42332,pixel_42333,pixel_42334,pixel_42335,pixel_42336,pixel_42337,pixel_42338,pixel_42339,pixel_42340,pixel_42341,pixel_42342,pixel_42343,pixel_42344,pixel_42345,pixel_42346,pixel_42347,pixel_42348,pixel_42349,pixel_42350,pixel_42351,pixel_42352,pixel_42353,pixel_42354,pixel_42355,pixel_42356,pixel_42357,pixel_42358,pixel_42359,pixel_42360,pixel_42361,pixel_42362,pixel_42363,pixel_42364,pixel_42365,pixel_42366,pixel_42367,pixel_42368,pixel_42369,pixel_42370,pixel_42371,pixel_42372,pixel_42373,pixel_42374,pixel_42375,pixel_42376,pixel_42377,pixel_42378,pixel_42379,pixel_42380,pixel_42381,pixel_42382,pixel_42383,pixel_42384,pixel_42385,pixel_42386,pixel_42387,pixel_42388,pixel_42389,pixel_42390,pixel_42391,pixel_42392,pixel_42393,pixel_42394,pixel_42395,pixel_42396,pixel_42397,pixel_42398,pixel_42399,pixel_42400,pixel_42401,pixel_42402,pixel_42403,pixel_42404,pixel_42405,pixel_42406,pixel_42407,pixel_42408,pixel_42409,pixel_42410,pixel_42411,pixel_42412,pixel_42413,pixel_42414,pixel_42415,pixel_42416,pixel_42417,pixel_42418,pixel_42419,pixel_42420,pixel_42421,pixel_42422,pixel_42423,pixel_42424,pixel_42425,pixel_42426,pixel_42427,pixel_42428,pixel_42429,pixel_42430,pixel_42431,pixel_42432,pixel_42433,pixel_42434,pixel_42435,pixel_42436,pixel_42437,pixel_42438,pixel_42439,pixel_42440,pixel_42441,pixel_42442,pixel_42443,pixel_42444,pixel_42445,pixel_42446,pixel_42447,pixel_42448,pixel_42449,pixel_42450,pixel_42451,pixel_42452,pixel_42453,pixel_42454,pixel_42455,pixel_42456,pixel_42457,pixel_42458,pixel_42459,pixel_42460,pixel_42461,pixel_42462,pixel_42463,pixel_42464,pixel_42465,pixel_42466,pixel_42467,pixel_42468,pixel_42469,pixel_42470,pixel_42471,pixel_42472,pixel_42473,pixel_42474,pixel_42475,pixel_42476,pixel_42477,pixel_42478,pixel_42479,pixel_42480,pixel_42481,pixel_42482,pixel_42483,pixel_42484,pixel_42485,pixel_42486,pixel_42487,pixel_42488,pixel_42489,pixel_42490,pixel_42491,pixel_42492,pixel_42493,pixel_42494,pixel_42495,pixel_42496,pixel_42497,pixel_42498,pixel_42499,pixel_42500,pixel_42501,pixel_42502,pixel_42503,pixel_42504,pixel_42505,pixel_42506,pixel_42507,pixel_42508,pixel_42509,pixel_42510,pixel_42511,pixel_42512,pixel_42513,pixel_42514,pixel_42515,pixel_42516,pixel_42517,pixel_42518,pixel_42519,pixel_42520,pixel_42521,pixel_42522,pixel_42523,pixel_42524,pixel_42525,pixel_42526,pixel_42527,pixel_42528,pixel_42529,pixel_42530,pixel_42531,pixel_42532,pixel_42533,pixel_42534,pixel_42535,pixel_42536,pixel_42537,pixel_42538,pixel_42539,pixel_42540,pixel_42541,pixel_42542,pixel_42543,pixel_42544,pixel_42545,pixel_42546,pixel_42547,pixel_42548,pixel_42549,pixel_42550,pixel_42551,pixel_42552,pixel_42553,pixel_42554,pixel_42555,pixel_42556,pixel_42557,pixel_42558,pixel_42559,pixel_42560,pixel_42561,pixel_42562,pixel_42563,pixel_42564,pixel_42565,pixel_42566,pixel_42567,pixel_42568,pixel_42569,pixel_42570,pixel_42571,pixel_42572,pixel_42573,pixel_42574,pixel_42575,pixel_42576,pixel_42577,pixel_42578,pixel_42579,pixel_42580,pixel_42581,pixel_42582,pixel_42583,pixel_42584,pixel_42585,pixel_42586,pixel_42587,pixel_42588,pixel_42589,pixel_42590,pixel_42591,pixel_42592,pixel_42593,pixel_42594,pixel_42595,pixel_42596,pixel_42597,pixel_42598,pixel_42599,pixel_42600,pixel_42601,pixel_42602,pixel_42603,pixel_42604,pixel_42605,pixel_42606,pixel_42607,pixel_42608,pixel_42609,pixel_42610,pixel_42611,pixel_42612,pixel_42613,pixel_42614,pixel_42615,pixel_42616,pixel_42617,pixel_42618,pixel_42619,pixel_42620,pixel_42621,pixel_42622,pixel_42623,pixel_42624,pixel_42625,pixel_42626,pixel_42627,pixel_42628,pixel_42629,pixel_42630,pixel_42631,pixel_42632,pixel_42633,pixel_42634,pixel_42635,pixel_42636,pixel_42637,pixel_42638,pixel_42639,pixel_42640,pixel_42641,pixel_42642,pixel_42643,pixel_42644,pixel_42645,pixel_42646,pixel_42647,pixel_42648,pixel_42649,pixel_42650,pixel_42651,pixel_42652,pixel_42653,pixel_42654,pixel_42655,pixel_42656,pixel_42657,pixel_42658,pixel_42659,pixel_42660,pixel_42661,pixel_42662,pixel_42663,pixel_42664,pixel_42665,pixel_42666,pixel_42667,pixel_42668,pixel_42669,pixel_42670,pixel_42671,pixel_42672,pixel_42673,pixel_42674,pixel_42675,pixel_42676,pixel_42677,pixel_42678,pixel_42679,pixel_42680,pixel_42681,pixel_42682,pixel_42683,pixel_42684,pixel_42685,pixel_42686,pixel_42687,pixel_42688,pixel_42689,pixel_42690,pixel_42691,pixel_42692,pixel_42693,pixel_42694,pixel_42695,pixel_42696,pixel_42697,pixel_42698,pixel_42699,pixel_42700,pixel_42701,pixel_42702,pixel_42703,pixel_42704,pixel_42705,pixel_42706,pixel_42707,pixel_42708,pixel_42709,pixel_42710,pixel_42711,pixel_42712,pixel_42713,pixel_42714,pixel_42715,pixel_42716,pixel_42717,pixel_42718,pixel_42719,pixel_42720,pixel_42721,pixel_42722,pixel_42723,pixel_42724,pixel_42725,pixel_42726,pixel_42727,pixel_42728,pixel_42729,pixel_42730,pixel_42731,pixel_42732,pixel_42733,pixel_42734,pixel_42735,pixel_42736,pixel_42737,pixel_42738,pixel_42739,pixel_42740,pixel_42741,pixel_42742,pixel_42743,pixel_42744,pixel_42745,pixel_42746,pixel_42747,pixel_42748,pixel_42749,pixel_42750,pixel_42751,pixel_42752,pixel_42753,pixel_42754,pixel_42755,pixel_42756,pixel_42757,pixel_42758,pixel_42759,pixel_42760,pixel_42761,pixel_42762,pixel_42763,pixel_42764,pixel_42765,pixel_42766,pixel_42767,pixel_42768,pixel_42769,pixel_42770,pixel_42771,pixel_42772,pixel_42773,pixel_42774,pixel_42775,pixel_42776,pixel_42777,pixel_42778,pixel_42779,pixel_42780,pixel_42781,pixel_42782,pixel_42783,pixel_42784,pixel_42785,pixel_42786,pixel_42787,pixel_42788,pixel_42789,pixel_42790,pixel_42791,pixel_42792,pixel_42793,pixel_42794,pixel_42795,pixel_42796,pixel_42797,pixel_42798,pixel_42799,pixel_42800,pixel_42801,pixel_42802,pixel_42803,pixel_42804,pixel_42805,pixel_42806,pixel_42807,pixel_42808,pixel_42809,pixel_42810,pixel_42811,pixel_42812,pixel_42813,pixel_42814,pixel_42815,pixel_42816,pixel_42817,pixel_42818,pixel_42819,pixel_42820,pixel_42821,pixel_42822,pixel_42823,pixel_42824,pixel_42825,pixel_42826,pixel_42827,pixel_42828,pixel_42829,pixel_42830,pixel_42831,pixel_42832,pixel_42833,pixel_42834,pixel_42835,pixel_42836,pixel_42837,pixel_42838,pixel_42839,pixel_42840,pixel_42841,pixel_42842,pixel_42843,pixel_42844,pixel_42845,pixel_42846,pixel_42847,pixel_42848,pixel_42849,pixel_42850,pixel_42851,pixel_42852,pixel_42853,pixel_42854,pixel_42855,pixel_42856,pixel_42857,pixel_42858,pixel_42859,pixel_42860,pixel_42861,pixel_42862,pixel_42863,pixel_42864,pixel_42865,pixel_42866,pixel_42867,pixel_42868,pixel_42869,pixel_42870,pixel_42871,pixel_42872,pixel_42873,pixel_42874,pixel_42875,pixel_42876,pixel_42877,pixel_42878,pixel_42879,pixel_42880,pixel_42881,pixel_42882,pixel_42883,pixel_42884,pixel_42885,pixel_42886,pixel_42887,pixel_42888,pixel_42889,pixel_42890,pixel_42891,pixel_42892,pixel_42893,pixel_42894,pixel_42895,pixel_42896,pixel_42897,pixel_42898,pixel_42899,pixel_42900,pixel_42901,pixel_42902,pixel_42903,pixel_42904,pixel_42905,pixel_42906,pixel_42907,pixel_42908,pixel_42909,pixel_42910,pixel_42911,pixel_42912,pixel_42913,pixel_42914,pixel_42915,pixel_42916,pixel_42917,pixel_42918,pixel_42919,pixel_42920,pixel_42921,pixel_42922,pixel_42923,pixel_42924,pixel_42925,pixel_42926,pixel_42927,pixel_42928,pixel_42929,pixel_42930,pixel_42931,pixel_42932,pixel_42933,pixel_42934,pixel_42935,pixel_42936,pixel_42937,pixel_42938,pixel_42939,pixel_42940,pixel_42941,pixel_42942,pixel_42943,pixel_42944,pixel_42945,pixel_42946,pixel_42947,pixel_42948,pixel_42949,pixel_42950,pixel_42951,pixel_42952,pixel_42953,pixel_42954,pixel_42955,pixel_42956,pixel_42957,pixel_42958,pixel_42959,pixel_42960,pixel_42961,pixel_42962,pixel_42963,pixel_42964,pixel_42965,pixel_42966,pixel_42967,pixel_42968,pixel_42969,pixel_42970,pixel_42971,pixel_42972,pixel_42973,pixel_42974,pixel_42975,pixel_42976,pixel_42977,pixel_42978,pixel_42979,pixel_42980,pixel_42981,pixel_42982,pixel_42983,pixel_42984,pixel_42985,pixel_42986,pixel_42987,pixel_42988,pixel_42989,pixel_42990,pixel_42991,pixel_42992,pixel_42993,pixel_42994,pixel_42995,pixel_42996,pixel_42997,pixel_42998,pixel_42999,pixel_43000,pixel_43001,pixel_43002,pixel_43003,pixel_43004,pixel_43005,pixel_43006,pixel_43007,pixel_43008,pixel_43009,pixel_43010,pixel_43011,pixel_43012,pixel_43013,pixel_43014,pixel_43015,pixel_43016,pixel_43017,pixel_43018,pixel_43019,pixel_43020,pixel_43021,pixel_43022,pixel_43023,pixel_43024,pixel_43025,pixel_43026,pixel_43027,pixel_43028,pixel_43029,pixel_43030,pixel_43031,pixel_43032,pixel_43033,pixel_43034,pixel_43035,pixel_43036,pixel_43037,pixel_43038,pixel_43039,pixel_43040,pixel_43041,pixel_43042,pixel_43043,pixel_43044,pixel_43045,pixel_43046,pixel_43047,pixel_43048,pixel_43049,pixel_43050,pixel_43051,pixel_43052,pixel_43053,pixel_43054,pixel_43055,pixel_43056,pixel_43057,pixel_43058,pixel_43059,pixel_43060,pixel_43061,pixel_43062,pixel_43063,pixel_43064,pixel_43065,pixel_43066,pixel_43067,pixel_43068,pixel_43069,pixel_43070,pixel_43071,pixel_43072,pixel_43073,pixel_43074,pixel_43075,pixel_43076,pixel_43077,pixel_43078,pixel_43079,pixel_43080,pixel_43081,pixel_43082,pixel_43083,pixel_43084,pixel_43085,pixel_43086,pixel_43087,pixel_43088,pixel_43089,pixel_43090,pixel_43091,pixel_43092,pixel_43093,pixel_43094,pixel_43095,pixel_43096,pixel_43097,pixel_43098,pixel_43099,pixel_43100,pixel_43101,pixel_43102,pixel_43103,pixel_43104,pixel_43105,pixel_43106,pixel_43107,pixel_43108,pixel_43109,pixel_43110,pixel_43111,pixel_43112,pixel_43113,pixel_43114,pixel_43115,pixel_43116,pixel_43117,pixel_43118,pixel_43119,pixel_43120,pixel_43121,pixel_43122,pixel_43123,pixel_43124,pixel_43125,pixel_43126,pixel_43127,pixel_43128,pixel_43129,pixel_43130,pixel_43131,pixel_43132,pixel_43133,pixel_43134,pixel_43135,pixel_43136,pixel_43137,pixel_43138,pixel_43139,pixel_43140,pixel_43141,pixel_43142,pixel_43143,pixel_43144,pixel_43145,pixel_43146,pixel_43147,pixel_43148,pixel_43149,pixel_43150,pixel_43151,pixel_43152,pixel_43153,pixel_43154,pixel_43155,pixel_43156,pixel_43157,pixel_43158,pixel_43159,pixel_43160,pixel_43161,pixel_43162,pixel_43163,pixel_43164,pixel_43165,pixel_43166,pixel_43167,pixel_43168,pixel_43169,pixel_43170,pixel_43171,pixel_43172,pixel_43173,pixel_43174,pixel_43175,pixel_43176,pixel_43177,pixel_43178,pixel_43179,pixel_43180,pixel_43181,pixel_43182,pixel_43183,pixel_43184,pixel_43185,pixel_43186,pixel_43187,pixel_43188,pixel_43189,pixel_43190,pixel_43191,pixel_43192,pixel_43193,pixel_43194,pixel_43195,pixel_43196,pixel_43197,pixel_43198,pixel_43199,pixel_43200,pixel_43201,pixel_43202,pixel_43203,pixel_43204,pixel_43205,pixel_43206,pixel_43207,pixel_43208,pixel_43209,pixel_43210,pixel_43211,pixel_43212,pixel_43213,pixel_43214,pixel_43215,pixel_43216,pixel_43217,pixel_43218,pixel_43219,pixel_43220,pixel_43221,pixel_43222,pixel_43223,pixel_43224,pixel_43225,pixel_43226,pixel_43227,pixel_43228,pixel_43229,pixel_43230,pixel_43231,pixel_43232,pixel_43233,pixel_43234,pixel_43235,pixel_43236,pixel_43237,pixel_43238,pixel_43239,pixel_43240,pixel_43241,pixel_43242,pixel_43243,pixel_43244,pixel_43245,pixel_43246,pixel_43247,pixel_43248,pixel_43249,pixel_43250,pixel_43251,pixel_43252,pixel_43253,pixel_43254,pixel_43255,pixel_43256,pixel_43257,pixel_43258,pixel_43259,pixel_43260,pixel_43261,pixel_43262,pixel_43263,pixel_43264,pixel_43265,pixel_43266,pixel_43267,pixel_43268,pixel_43269,pixel_43270,pixel_43271,pixel_43272,pixel_43273,pixel_43274,pixel_43275,pixel_43276,pixel_43277,pixel_43278,pixel_43279,pixel_43280,pixel_43281,pixel_43282,pixel_43283,pixel_43284,pixel_43285,pixel_43286,pixel_43287,pixel_43288,pixel_43289,pixel_43290,pixel_43291,pixel_43292,pixel_43293,pixel_43294,pixel_43295,pixel_43296,pixel_43297,pixel_43298,pixel_43299,pixel_43300,pixel_43301,pixel_43302,pixel_43303,pixel_43304,pixel_43305,pixel_43306,pixel_43307,pixel_43308,pixel_43309,pixel_43310,pixel_43311,pixel_43312,pixel_43313,pixel_43314,pixel_43315,pixel_43316,pixel_43317,pixel_43318,pixel_43319,pixel_43320,pixel_43321,pixel_43322,pixel_43323,pixel_43324,pixel_43325,pixel_43326,pixel_43327,pixel_43328,pixel_43329,pixel_43330,pixel_43331,pixel_43332,pixel_43333,pixel_43334,pixel_43335,pixel_43336,pixel_43337,pixel_43338,pixel_43339,pixel_43340,pixel_43341,pixel_43342,pixel_43343,pixel_43344,pixel_43345,pixel_43346,pixel_43347,pixel_43348,pixel_43349,pixel_43350,pixel_43351,pixel_43352,pixel_43353,pixel_43354,pixel_43355,pixel_43356,pixel_43357,pixel_43358,pixel_43359,pixel_43360,pixel_43361,pixel_43362,pixel_43363,pixel_43364,pixel_43365,pixel_43366,pixel_43367,pixel_43368,pixel_43369,pixel_43370,pixel_43371,pixel_43372,pixel_43373,pixel_43374,pixel_43375,pixel_43376,pixel_43377,pixel_43378,pixel_43379,pixel_43380,pixel_43381,pixel_43382,pixel_43383,pixel_43384,pixel_43385,pixel_43386,pixel_43387,pixel_43388,pixel_43389,pixel_43390,pixel_43391,pixel_43392,pixel_43393,pixel_43394,pixel_43395,pixel_43396,pixel_43397,pixel_43398,pixel_43399,pixel_43400,pixel_43401,pixel_43402,pixel_43403,pixel_43404,pixel_43405,pixel_43406,pixel_43407,pixel_43408,pixel_43409,pixel_43410,pixel_43411,pixel_43412,pixel_43413,pixel_43414,pixel_43415,pixel_43416,pixel_43417,pixel_43418,pixel_43419,pixel_43420,pixel_43421,pixel_43422,pixel_43423,pixel_43424,pixel_43425,pixel_43426,pixel_43427,pixel_43428,pixel_43429,pixel_43430,pixel_43431,pixel_43432,pixel_43433,pixel_43434,pixel_43435,pixel_43436,pixel_43437,pixel_43438,pixel_43439,pixel_43440,pixel_43441,pixel_43442,pixel_43443,pixel_43444,pixel_43445,pixel_43446,pixel_43447,pixel_43448,pixel_43449,pixel_43450,pixel_43451,pixel_43452,pixel_43453,pixel_43454,pixel_43455,pixel_43456,pixel_43457,pixel_43458,pixel_43459,pixel_43460,pixel_43461,pixel_43462,pixel_43463,pixel_43464,pixel_43465,pixel_43466,pixel_43467,pixel_43468,pixel_43469,pixel_43470,pixel_43471,pixel_43472,pixel_43473,pixel_43474,pixel_43475,pixel_43476,pixel_43477,pixel_43478,pixel_43479,pixel_43480,pixel_43481,pixel_43482,pixel_43483,pixel_43484,pixel_43485,pixel_43486,pixel_43487,pixel_43488,pixel_43489,pixel_43490,pixel_43491,pixel_43492,pixel_43493,pixel_43494,pixel_43495,pixel_43496,pixel_43497,pixel_43498,pixel_43499,pixel_43500,pixel_43501,pixel_43502,pixel_43503,pixel_43504,pixel_43505,pixel_43506,pixel_43507,pixel_43508,pixel_43509,pixel_43510,pixel_43511,pixel_43512,pixel_43513,pixel_43514,pixel_43515,pixel_43516,pixel_43517,pixel_43518,pixel_43519,pixel_43520,pixel_43521,pixel_43522,pixel_43523,pixel_43524,pixel_43525,pixel_43526,pixel_43527,pixel_43528,pixel_43529,pixel_43530,pixel_43531,pixel_43532,pixel_43533,pixel_43534,pixel_43535,pixel_43536,pixel_43537,pixel_43538,pixel_43539,pixel_43540,pixel_43541,pixel_43542,pixel_43543,pixel_43544,pixel_43545,pixel_43546,pixel_43547,pixel_43548,pixel_43549,pixel_43550,pixel_43551,pixel_43552,pixel_43553,pixel_43554,pixel_43555,pixel_43556,pixel_43557,pixel_43558,pixel_43559,pixel_43560,pixel_43561,pixel_43562,pixel_43563,pixel_43564,pixel_43565,pixel_43566,pixel_43567,pixel_43568,pixel_43569,pixel_43570,pixel_43571,pixel_43572,pixel_43573,pixel_43574,pixel_43575,pixel_43576,pixel_43577,pixel_43578,pixel_43579,pixel_43580,pixel_43581,pixel_43582,pixel_43583,pixel_43584,pixel_43585,pixel_43586,pixel_43587,pixel_43588,pixel_43589,pixel_43590,pixel_43591,pixel_43592,pixel_43593,pixel_43594,pixel_43595,pixel_43596,pixel_43597,pixel_43598,pixel_43599,pixel_43600,pixel_43601,pixel_43602,pixel_43603,pixel_43604,pixel_43605,pixel_43606,pixel_43607,pixel_43608,pixel_43609,pixel_43610,pixel_43611,pixel_43612,pixel_43613,pixel_43614,pixel_43615,pixel_43616,pixel_43617,pixel_43618,pixel_43619,pixel_43620,pixel_43621,pixel_43622,pixel_43623,pixel_43624,pixel_43625,pixel_43626,pixel_43627,pixel_43628,pixel_43629,pixel_43630,pixel_43631,pixel_43632,pixel_43633,pixel_43634,pixel_43635,pixel_43636,pixel_43637,pixel_43638,pixel_43639,pixel_43640,pixel_43641,pixel_43642,pixel_43643,pixel_43644,pixel_43645,pixel_43646,pixel_43647,pixel_43648,pixel_43649,pixel_43650,pixel_43651,pixel_43652,pixel_43653,pixel_43654,pixel_43655,pixel_43656,pixel_43657,pixel_43658,pixel_43659,pixel_43660,pixel_43661,pixel_43662,pixel_43663,pixel_43664,pixel_43665,pixel_43666,pixel_43667,pixel_43668,pixel_43669,pixel_43670,pixel_43671,pixel_43672,pixel_43673,pixel_43674,pixel_43675,pixel_43676,pixel_43677,pixel_43678,pixel_43679,pixel_43680,pixel_43681,pixel_43682,pixel_43683,pixel_43684,pixel_43685,pixel_43686,pixel_43687,pixel_43688,pixel_43689,pixel_43690,pixel_43691,pixel_43692,pixel_43693,pixel_43694,pixel_43695,pixel_43696,pixel_43697,pixel_43698,pixel_43699,pixel_43700,pixel_43701,pixel_43702,pixel_43703,pixel_43704,pixel_43705,pixel_43706,pixel_43707,pixel_43708,pixel_43709,pixel_43710,pixel_43711,pixel_43712,pixel_43713,pixel_43714,pixel_43715,pixel_43716,pixel_43717,pixel_43718,pixel_43719,pixel_43720,pixel_43721,pixel_43722,pixel_43723,pixel_43724,pixel_43725,pixel_43726,pixel_43727,pixel_43728,pixel_43729,pixel_43730,pixel_43731,pixel_43732,pixel_43733,pixel_43734,pixel_43735,pixel_43736,pixel_43737,pixel_43738,pixel_43739,pixel_43740,pixel_43741,pixel_43742,pixel_43743,pixel_43744,pixel_43745,pixel_43746,pixel_43747,pixel_43748,pixel_43749,pixel_43750,pixel_43751,pixel_43752,pixel_43753,pixel_43754,pixel_43755,pixel_43756,pixel_43757,pixel_43758,pixel_43759,pixel_43760,pixel_43761,pixel_43762,pixel_43763,pixel_43764,pixel_43765,pixel_43766,pixel_43767,pixel_43768,pixel_43769,pixel_43770,pixel_43771,pixel_43772,pixel_43773,pixel_43774,pixel_43775,pixel_43776,pixel_43777,pixel_43778,pixel_43779,pixel_43780,pixel_43781,pixel_43782,pixel_43783,pixel_43784,pixel_43785,pixel_43786,pixel_43787,pixel_43788,pixel_43789,pixel_43790,pixel_43791,pixel_43792,pixel_43793,pixel_43794,pixel_43795,pixel_43796,pixel_43797,pixel_43798,pixel_43799,pixel_43800,pixel_43801,pixel_43802,pixel_43803,pixel_43804,pixel_43805,pixel_43806,pixel_43807,pixel_43808,pixel_43809,pixel_43810,pixel_43811,pixel_43812,pixel_43813,pixel_43814,pixel_43815,pixel_43816,pixel_43817,pixel_43818,pixel_43819,pixel_43820,pixel_43821,pixel_43822,pixel_43823,pixel_43824,pixel_43825,pixel_43826,pixel_43827,pixel_43828,pixel_43829,pixel_43830,pixel_43831,pixel_43832,pixel_43833,pixel_43834,pixel_43835,pixel_43836,pixel_43837,pixel_43838,pixel_43839,pixel_43840,pixel_43841,pixel_43842,pixel_43843,pixel_43844,pixel_43845,pixel_43846,pixel_43847,pixel_43848,pixel_43849,pixel_43850,pixel_43851,pixel_43852,pixel_43853,pixel_43854,pixel_43855,pixel_43856,pixel_43857,pixel_43858,pixel_43859,pixel_43860,pixel_43861,pixel_43862,pixel_43863,pixel_43864,pixel_43865,pixel_43866,pixel_43867,pixel_43868,pixel_43869,pixel_43870,pixel_43871,pixel_43872,pixel_43873,pixel_43874,pixel_43875,pixel_43876,pixel_43877,pixel_43878,pixel_43879,pixel_43880,pixel_43881,pixel_43882,pixel_43883,pixel_43884,pixel_43885,pixel_43886,pixel_43887,pixel_43888,pixel_43889,pixel_43890,pixel_43891,pixel_43892,pixel_43893,pixel_43894,pixel_43895,pixel_43896,pixel_43897,pixel_43898,pixel_43899,pixel_43900,pixel_43901,pixel_43902,pixel_43903,pixel_43904,pixel_43905,pixel_43906,pixel_43907,pixel_43908,pixel_43909,pixel_43910,pixel_43911,pixel_43912,pixel_43913,pixel_43914,pixel_43915,pixel_43916,pixel_43917,pixel_43918,pixel_43919,pixel_43920,pixel_43921,pixel_43922,pixel_43923,pixel_43924,pixel_43925,pixel_43926,pixel_43927,pixel_43928,pixel_43929,pixel_43930,pixel_43931,pixel_43932,pixel_43933,pixel_43934,pixel_43935,pixel_43936,pixel_43937,pixel_43938,pixel_43939,pixel_43940,pixel_43941,pixel_43942,pixel_43943,pixel_43944,pixel_43945,pixel_43946,pixel_43947,pixel_43948,pixel_43949,pixel_43950,pixel_43951,pixel_43952,pixel_43953,pixel_43954,pixel_43955,pixel_43956,pixel_43957,pixel_43958,pixel_43959,pixel_43960,pixel_43961,pixel_43962,pixel_43963,pixel_43964,pixel_43965,pixel_43966,pixel_43967,pixel_43968,pixel_43969,pixel_43970,pixel_43971,pixel_43972,pixel_43973,pixel_43974,pixel_43975,pixel_43976,pixel_43977,pixel_43978,pixel_43979,pixel_43980,pixel_43981,pixel_43982,pixel_43983,pixel_43984,pixel_43985,pixel_43986,pixel_43987,pixel_43988,pixel_43989,pixel_43990,pixel_43991,pixel_43992,pixel_43993,pixel_43994,pixel_43995,pixel_43996,pixel_43997,pixel_43998,pixel_43999,pixel_44000,pixel_44001,pixel_44002,pixel_44003,pixel_44004,pixel_44005,pixel_44006,pixel_44007,pixel_44008,pixel_44009,pixel_44010,pixel_44011,pixel_44012,pixel_44013,pixel_44014,pixel_44015,pixel_44016,pixel_44017,pixel_44018,pixel_44019,pixel_44020,pixel_44021,pixel_44022,pixel_44023,pixel_44024,pixel_44025,pixel_44026,pixel_44027,pixel_44028,pixel_44029,pixel_44030,pixel_44031,pixel_44032,pixel_44033,pixel_44034,pixel_44035,pixel_44036,pixel_44037,pixel_44038,pixel_44039,pixel_44040,pixel_44041,pixel_44042,pixel_44043,pixel_44044,pixel_44045,pixel_44046,pixel_44047,pixel_44048,pixel_44049,pixel_44050,pixel_44051,pixel_44052,pixel_44053,pixel_44054,pixel_44055,pixel_44056,pixel_44057,pixel_44058,pixel_44059,pixel_44060,pixel_44061,pixel_44062,pixel_44063,pixel_44064,pixel_44065,pixel_44066,pixel_44067,pixel_44068,pixel_44069,pixel_44070,pixel_44071,pixel_44072,pixel_44073,pixel_44074,pixel_44075,pixel_44076,pixel_44077,pixel_44078,pixel_44079,pixel_44080,pixel_44081,pixel_44082,pixel_44083,pixel_44084,pixel_44085,pixel_44086,pixel_44087,pixel_44088,pixel_44089,pixel_44090,pixel_44091,pixel_44092,pixel_44093,pixel_44094,pixel_44095,pixel_44096,pixel_44097,pixel_44098,pixel_44099,pixel_44100,pixel_44101,pixel_44102,pixel_44103,pixel_44104,pixel_44105,pixel_44106,pixel_44107,pixel_44108,pixel_44109,pixel_44110,pixel_44111,pixel_44112,pixel_44113,pixel_44114,pixel_44115,pixel_44116,pixel_44117,pixel_44118,pixel_44119,pixel_44120,pixel_44121,pixel_44122,pixel_44123,pixel_44124,pixel_44125,pixel_44126,pixel_44127,pixel_44128,pixel_44129,pixel_44130,pixel_44131,pixel_44132,pixel_44133,pixel_44134,pixel_44135,pixel_44136,pixel_44137,pixel_44138,pixel_44139,pixel_44140,pixel_44141,pixel_44142,pixel_44143,pixel_44144,pixel_44145,pixel_44146,pixel_44147,pixel_44148,pixel_44149,pixel_44150,pixel_44151,pixel_44152,pixel_44153,pixel_44154,pixel_44155,pixel_44156,pixel_44157,pixel_44158,pixel_44159,pixel_44160,pixel_44161,pixel_44162,pixel_44163,pixel_44164,pixel_44165,pixel_44166,pixel_44167,pixel_44168,pixel_44169,pixel_44170,pixel_44171,pixel_44172,pixel_44173,pixel_44174,pixel_44175,pixel_44176,pixel_44177,pixel_44178,pixel_44179,pixel_44180,pixel_44181,pixel_44182,pixel_44183,pixel_44184,pixel_44185,pixel_44186,pixel_44187,pixel_44188,pixel_44189,pixel_44190,pixel_44191,pixel_44192,pixel_44193,pixel_44194,pixel_44195,pixel_44196,pixel_44197,pixel_44198,pixel_44199,pixel_44200,pixel_44201,pixel_44202,pixel_44203,pixel_44204,pixel_44205,pixel_44206,pixel_44207,pixel_44208,pixel_44209,pixel_44210,pixel_44211,pixel_44212,pixel_44213,pixel_44214,pixel_44215,pixel_44216,pixel_44217,pixel_44218,pixel_44219,pixel_44220,pixel_44221,pixel_44222,pixel_44223,pixel_44224,pixel_44225,pixel_44226,pixel_44227,pixel_44228,pixel_44229,pixel_44230,pixel_44231,pixel_44232,pixel_44233,pixel_44234,pixel_44235,pixel_44236,pixel_44237,pixel_44238,pixel_44239,pixel_44240,pixel_44241,pixel_44242,pixel_44243,pixel_44244,pixel_44245,pixel_44246,pixel_44247,pixel_44248,pixel_44249,pixel_44250,pixel_44251,pixel_44252,pixel_44253,pixel_44254,pixel_44255,pixel_44256,pixel_44257,pixel_44258,pixel_44259,pixel_44260,pixel_44261,pixel_44262,pixel_44263,pixel_44264,pixel_44265,pixel_44266,pixel_44267,pixel_44268,pixel_44269,pixel_44270,pixel_44271,pixel_44272,pixel_44273,pixel_44274,pixel_44275,pixel_44276,pixel_44277,pixel_44278,pixel_44279,pixel_44280,pixel_44281,pixel_44282,pixel_44283,pixel_44284,pixel_44285,pixel_44286,pixel_44287,pixel_44288,pixel_44289,pixel_44290,pixel_44291,pixel_44292,pixel_44293,pixel_44294,pixel_44295,pixel_44296,pixel_44297,pixel_44298,pixel_44299,pixel_44300,pixel_44301,pixel_44302,pixel_44303,pixel_44304,pixel_44305,pixel_44306,pixel_44307,pixel_44308,pixel_44309,pixel_44310,pixel_44311,pixel_44312,pixel_44313,pixel_44314,pixel_44315,pixel_44316,pixel_44317,pixel_44318,pixel_44319,pixel_44320,pixel_44321,pixel_44322,pixel_44323,pixel_44324,pixel_44325,pixel_44326,pixel_44327,pixel_44328,pixel_44329,pixel_44330,pixel_44331,pixel_44332,pixel_44333,pixel_44334,pixel_44335,pixel_44336,pixel_44337,pixel_44338,pixel_44339,pixel_44340,pixel_44341,pixel_44342,pixel_44343,pixel_44344,pixel_44345,pixel_44346,pixel_44347,pixel_44348,pixel_44349,pixel_44350,pixel_44351,pixel_44352,pixel_44353,pixel_44354,pixel_44355,pixel_44356,pixel_44357,pixel_44358,pixel_44359,pixel_44360,pixel_44361,pixel_44362,pixel_44363,pixel_44364,pixel_44365,pixel_44366,pixel_44367,pixel_44368,pixel_44369,pixel_44370,pixel_44371,pixel_44372,pixel_44373,pixel_44374,pixel_44375,pixel_44376,pixel_44377,pixel_44378,pixel_44379,pixel_44380,pixel_44381,pixel_44382,pixel_44383,pixel_44384,pixel_44385,pixel_44386,pixel_44387,pixel_44388,pixel_44389,pixel_44390,pixel_44391,pixel_44392,pixel_44393,pixel_44394,pixel_44395,pixel_44396,pixel_44397,pixel_44398,pixel_44399,pixel_44400,pixel_44401,pixel_44402,pixel_44403,pixel_44404,pixel_44405,pixel_44406,pixel_44407,pixel_44408,pixel_44409,pixel_44410,pixel_44411,pixel_44412,pixel_44413,pixel_44414,pixel_44415,pixel_44416,pixel_44417,pixel_44418,pixel_44419,pixel_44420,pixel_44421,pixel_44422,pixel_44423,pixel_44424,pixel_44425,pixel_44426,pixel_44427,pixel_44428,pixel_44429,pixel_44430,pixel_44431,pixel_44432,pixel_44433,pixel_44434,pixel_44435,pixel_44436,pixel_44437,pixel_44438,pixel_44439,pixel_44440,pixel_44441,pixel_44442,pixel_44443,pixel_44444,pixel_44445,pixel_44446,pixel_44447,pixel_44448,pixel_44449,pixel_44450,pixel_44451,pixel_44452,pixel_44453,pixel_44454,pixel_44455,pixel_44456,pixel_44457,pixel_44458,pixel_44459,pixel_44460,pixel_44461,pixel_44462,pixel_44463,pixel_44464,pixel_44465,pixel_44466,pixel_44467,pixel_44468,pixel_44469,pixel_44470,pixel_44471,pixel_44472,pixel_44473,pixel_44474,pixel_44475,pixel_44476,pixel_44477,pixel_44478,pixel_44479,pixel_44480,pixel_44481,pixel_44482,pixel_44483,pixel_44484,pixel_44485,pixel_44486,pixel_44487,pixel_44488,pixel_44489,pixel_44490,pixel_44491,pixel_44492,pixel_44493,pixel_44494,pixel_44495,pixel_44496,pixel_44497,pixel_44498,pixel_44499,pixel_44500,pixel_44501,pixel_44502,pixel_44503,pixel_44504,pixel_44505,pixel_44506,pixel_44507,pixel_44508,pixel_44509,pixel_44510,pixel_44511,pixel_44512,pixel_44513,pixel_44514,pixel_44515,pixel_44516,pixel_44517,pixel_44518,pixel_44519,pixel_44520,pixel_44521,pixel_44522,pixel_44523,pixel_44524,pixel_44525,pixel_44526,pixel_44527,pixel_44528,pixel_44529,pixel_44530,pixel_44531,pixel_44532,pixel_44533,pixel_44534,pixel_44535,pixel_44536,pixel_44537,pixel_44538,pixel_44539,pixel_44540,pixel_44541,pixel_44542,pixel_44543,pixel_44544,pixel_44545,pixel_44546,pixel_44547,pixel_44548,pixel_44549,pixel_44550,pixel_44551,pixel_44552,pixel_44553,pixel_44554,pixel_44555,pixel_44556,pixel_44557,pixel_44558,pixel_44559,pixel_44560,pixel_44561,pixel_44562,pixel_44563,pixel_44564,pixel_44565,pixel_44566,pixel_44567,pixel_44568,pixel_44569,pixel_44570,pixel_44571,pixel_44572,pixel_44573,pixel_44574,pixel_44575,pixel_44576,pixel_44577,pixel_44578,pixel_44579,pixel_44580,pixel_44581,pixel_44582,pixel_44583,pixel_44584,pixel_44585,pixel_44586,pixel_44587,pixel_44588,pixel_44589,pixel_44590,pixel_44591,pixel_44592,pixel_44593,pixel_44594,pixel_44595,pixel_44596,pixel_44597,pixel_44598,pixel_44599,pixel_44600,pixel_44601,pixel_44602,pixel_44603,pixel_44604,pixel_44605,pixel_44606,pixel_44607,pixel_44608,pixel_44609,pixel_44610,pixel_44611,pixel_44612,pixel_44613,pixel_44614,pixel_44615,pixel_44616,pixel_44617,pixel_44618,pixel_44619,pixel_44620,pixel_44621,pixel_44622,pixel_44623,pixel_44624,pixel_44625,pixel_44626,pixel_44627,pixel_44628,pixel_44629,pixel_44630,pixel_44631,pixel_44632,pixel_44633,pixel_44634,pixel_44635,pixel_44636,pixel_44637,pixel_44638,pixel_44639,pixel_44640,pixel_44641,pixel_44642,pixel_44643,pixel_44644,pixel_44645,pixel_44646,pixel_44647,pixel_44648,pixel_44649,pixel_44650,pixel_44651,pixel_44652,pixel_44653,pixel_44654,pixel_44655,pixel_44656,pixel_44657,pixel_44658,pixel_44659,pixel_44660,pixel_44661,pixel_44662,pixel_44663,pixel_44664,pixel_44665,pixel_44666,pixel_44667,pixel_44668,pixel_44669,pixel_44670,pixel_44671,pixel_44672,pixel_44673,pixel_44674,pixel_44675,pixel_44676,pixel_44677,pixel_44678,pixel_44679,pixel_44680,pixel_44681,pixel_44682,pixel_44683,pixel_44684,pixel_44685,pixel_44686,pixel_44687,pixel_44688,pixel_44689,pixel_44690,pixel_44691,pixel_44692,pixel_44693,pixel_44694,pixel_44695,pixel_44696,pixel_44697,pixel_44698,pixel_44699,pixel_44700,pixel_44701,pixel_44702,pixel_44703,pixel_44704,pixel_44705,pixel_44706,pixel_44707,pixel_44708,pixel_44709,pixel_44710,pixel_44711,pixel_44712,pixel_44713,pixel_44714,pixel_44715,pixel_44716,pixel_44717,pixel_44718,pixel_44719,pixel_44720,pixel_44721,pixel_44722,pixel_44723,pixel_44724,pixel_44725,pixel_44726,pixel_44727,pixel_44728,pixel_44729,pixel_44730,pixel_44731,pixel_44732,pixel_44733,pixel_44734,pixel_44735,pixel_44736,pixel_44737,pixel_44738,pixel_44739,pixel_44740,pixel_44741,pixel_44742,pixel_44743,pixel_44744,pixel_44745,pixel_44746,pixel_44747,pixel_44748,pixel_44749,pixel_44750,pixel_44751,pixel_44752,pixel_44753,pixel_44754,pixel_44755,pixel_44756,pixel_44757,pixel_44758,pixel_44759,pixel_44760,pixel_44761,pixel_44762,pixel_44763,pixel_44764,pixel_44765,pixel_44766,pixel_44767,pixel_44768,pixel_44769,pixel_44770,pixel_44771,pixel_44772,pixel_44773,pixel_44774,pixel_44775,pixel_44776,pixel_44777,pixel_44778,pixel_44779,pixel_44780,pixel_44781,pixel_44782,pixel_44783,pixel_44784,pixel_44785,pixel_44786,pixel_44787,pixel_44788,pixel_44789,pixel_44790,pixel_44791,pixel_44792,pixel_44793,pixel_44794,pixel_44795,pixel_44796,pixel_44797,pixel_44798,pixel_44799,pixel_44800,pixel_44801,pixel_44802,pixel_44803,pixel_44804,pixel_44805,pixel_44806,pixel_44807,pixel_44808,pixel_44809,pixel_44810,pixel_44811,pixel_44812,pixel_44813,pixel_44814,pixel_44815,pixel_44816,pixel_44817,pixel_44818,pixel_44819,pixel_44820,pixel_44821,pixel_44822,pixel_44823,pixel_44824,pixel_44825,pixel_44826,pixel_44827,pixel_44828,pixel_44829,pixel_44830,pixel_44831,pixel_44832,pixel_44833,pixel_44834,pixel_44835,pixel_44836,pixel_44837,pixel_44838,pixel_44839,pixel_44840,pixel_44841,pixel_44842,pixel_44843,pixel_44844,pixel_44845,pixel_44846,pixel_44847,pixel_44848,pixel_44849,pixel_44850,pixel_44851,pixel_44852,pixel_44853,pixel_44854,pixel_44855,pixel_44856,pixel_44857,pixel_44858,pixel_44859,pixel_44860,pixel_44861,pixel_44862,pixel_44863,pixel_44864,pixel_44865,pixel_44866,pixel_44867,pixel_44868,pixel_44869,pixel_44870,pixel_44871,pixel_44872,pixel_44873,pixel_44874,pixel_44875,pixel_44876,pixel_44877,pixel_44878,pixel_44879,pixel_44880,pixel_44881,pixel_44882,pixel_44883,pixel_44884,pixel_44885,pixel_44886,pixel_44887,pixel_44888,pixel_44889,pixel_44890,pixel_44891,pixel_44892,pixel_44893,pixel_44894,pixel_44895,pixel_44896,pixel_44897,pixel_44898,pixel_44899,pixel_44900,pixel_44901,pixel_44902,pixel_44903,pixel_44904,pixel_44905,pixel_44906,pixel_44907,pixel_44908,pixel_44909,pixel_44910,pixel_44911,pixel_44912,pixel_44913,pixel_44914,pixel_44915,pixel_44916,pixel_44917,pixel_44918,pixel_44919,pixel_44920,pixel_44921,pixel_44922,pixel_44923,pixel_44924,pixel_44925,pixel_44926,pixel_44927,pixel_44928,pixel_44929,pixel_44930,pixel_44931,pixel_44932,pixel_44933,pixel_44934,pixel_44935,pixel_44936,pixel_44937,pixel_44938,pixel_44939,pixel_44940,pixel_44941,pixel_44942,pixel_44943,pixel_44944,pixel_44945,pixel_44946,pixel_44947,pixel_44948,pixel_44949,pixel_44950,pixel_44951,pixel_44952,pixel_44953,pixel_44954,pixel_44955,pixel_44956,pixel_44957,pixel_44958,pixel_44959,pixel_44960,pixel_44961,pixel_44962,pixel_44963,pixel_44964,pixel_44965,pixel_44966,pixel_44967,pixel_44968,pixel_44969,pixel_44970,pixel_44971,pixel_44972,pixel_44973,pixel_44974,pixel_44975,pixel_44976,pixel_44977,pixel_44978,pixel_44979,pixel_44980,pixel_44981,pixel_44982,pixel_44983,pixel_44984,pixel_44985,pixel_44986,pixel_44987,pixel_44988,pixel_44989,pixel_44990,pixel_44991,pixel_44992,pixel_44993,pixel_44994,pixel_44995,pixel_44996,pixel_44997,pixel_44998,pixel_44999,pixel_45000,pixel_45001,pixel_45002,pixel_45003,pixel_45004,pixel_45005,pixel_45006,pixel_45007,pixel_45008,pixel_45009,pixel_45010,pixel_45011,pixel_45012,pixel_45013,pixel_45014,pixel_45015,pixel_45016,pixel_45017,pixel_45018,pixel_45019,pixel_45020,pixel_45021,pixel_45022,pixel_45023,pixel_45024,pixel_45025,pixel_45026,pixel_45027,pixel_45028,pixel_45029,pixel_45030,pixel_45031,pixel_45032,pixel_45033,pixel_45034,pixel_45035,pixel_45036,pixel_45037,pixel_45038,pixel_45039,pixel_45040,pixel_45041,pixel_45042,pixel_45043,pixel_45044,pixel_45045,pixel_45046,pixel_45047,pixel_45048,pixel_45049,pixel_45050,pixel_45051,pixel_45052,pixel_45053,pixel_45054,pixel_45055,pixel_45056,pixel_45057,pixel_45058,pixel_45059,pixel_45060,pixel_45061,pixel_45062,pixel_45063,pixel_45064,pixel_45065,pixel_45066,pixel_45067,pixel_45068,pixel_45069,pixel_45070,pixel_45071,pixel_45072,pixel_45073,pixel_45074,pixel_45075,pixel_45076,pixel_45077,pixel_45078,pixel_45079,pixel_45080,pixel_45081,pixel_45082,pixel_45083,pixel_45084,pixel_45085,pixel_45086,pixel_45087,pixel_45088,pixel_45089,pixel_45090,pixel_45091,pixel_45092,pixel_45093,pixel_45094,pixel_45095,pixel_45096,pixel_45097,pixel_45098,pixel_45099,pixel_45100,pixel_45101,pixel_45102,pixel_45103,pixel_45104,pixel_45105,pixel_45106,pixel_45107,pixel_45108,pixel_45109,pixel_45110,pixel_45111,pixel_45112,pixel_45113,pixel_45114,pixel_45115,pixel_45116,pixel_45117,pixel_45118,pixel_45119,pixel_45120,pixel_45121,pixel_45122,pixel_45123,pixel_45124,pixel_45125,pixel_45126,pixel_45127,pixel_45128,pixel_45129,pixel_45130,pixel_45131,pixel_45132,pixel_45133,pixel_45134,pixel_45135,pixel_45136,pixel_45137,pixel_45138,pixel_45139,pixel_45140,pixel_45141,pixel_45142,pixel_45143,pixel_45144,pixel_45145,pixel_45146,pixel_45147,pixel_45148,pixel_45149,pixel_45150,pixel_45151,pixel_45152,pixel_45153,pixel_45154,pixel_45155,pixel_45156,pixel_45157,pixel_45158,pixel_45159,pixel_45160,pixel_45161,pixel_45162,pixel_45163,pixel_45164,pixel_45165,pixel_45166,pixel_45167,pixel_45168,pixel_45169,pixel_45170,pixel_45171,pixel_45172,pixel_45173,pixel_45174,pixel_45175,pixel_45176,pixel_45177,pixel_45178,pixel_45179,pixel_45180,pixel_45181,pixel_45182,pixel_45183,pixel_45184,pixel_45185,pixel_45186,pixel_45187,pixel_45188,pixel_45189,pixel_45190,pixel_45191,pixel_45192,pixel_45193,pixel_45194,pixel_45195,pixel_45196,pixel_45197,pixel_45198,pixel_45199,pixel_45200,pixel_45201,pixel_45202,pixel_45203,pixel_45204,pixel_45205,pixel_45206,pixel_45207,pixel_45208,pixel_45209,pixel_45210,pixel_45211,pixel_45212,pixel_45213,pixel_45214,pixel_45215,pixel_45216,pixel_45217,pixel_45218,pixel_45219,pixel_45220,pixel_45221,pixel_45222,pixel_45223,pixel_45224,pixel_45225,pixel_45226,pixel_45227,pixel_45228,pixel_45229,pixel_45230,pixel_45231,pixel_45232,pixel_45233,pixel_45234,pixel_45235,pixel_45236,pixel_45237,pixel_45238,pixel_45239,pixel_45240,pixel_45241,pixel_45242,pixel_45243,pixel_45244,pixel_45245,pixel_45246,pixel_45247,pixel_45248,pixel_45249,pixel_45250,pixel_45251,pixel_45252,pixel_45253,pixel_45254,pixel_45255,pixel_45256,pixel_45257,pixel_45258,pixel_45259,pixel_45260,pixel_45261,pixel_45262,pixel_45263,pixel_45264,pixel_45265,pixel_45266,pixel_45267,pixel_45268,pixel_45269,pixel_45270,pixel_45271,pixel_45272,pixel_45273,pixel_45274,pixel_45275,pixel_45276,pixel_45277,pixel_45278,pixel_45279,pixel_45280,pixel_45281,pixel_45282,pixel_45283,pixel_45284,pixel_45285,pixel_45286,pixel_45287,pixel_45288,pixel_45289,pixel_45290,pixel_45291,pixel_45292,pixel_45293,pixel_45294,pixel_45295,pixel_45296,pixel_45297,pixel_45298,pixel_45299,pixel_45300,pixel_45301,pixel_45302,pixel_45303,pixel_45304,pixel_45305,pixel_45306,pixel_45307,pixel_45308,pixel_45309,pixel_45310,pixel_45311,pixel_45312,pixel_45313,pixel_45314,pixel_45315,pixel_45316,pixel_45317,pixel_45318,pixel_45319,pixel_45320,pixel_45321,pixel_45322,pixel_45323,pixel_45324,pixel_45325,pixel_45326,pixel_45327,pixel_45328,pixel_45329,pixel_45330,pixel_45331,pixel_45332,pixel_45333,pixel_45334,pixel_45335,pixel_45336,pixel_45337,pixel_45338,pixel_45339,pixel_45340,pixel_45341,pixel_45342,pixel_45343,pixel_45344,pixel_45345,pixel_45346,pixel_45347,pixel_45348,pixel_45349,pixel_45350,pixel_45351,pixel_45352,pixel_45353,pixel_45354,pixel_45355,pixel_45356,pixel_45357,pixel_45358,pixel_45359,pixel_45360,pixel_45361,pixel_45362,pixel_45363,pixel_45364,pixel_45365,pixel_45366,pixel_45367,pixel_45368,pixel_45369,pixel_45370,pixel_45371,pixel_45372,pixel_45373,pixel_45374,pixel_45375,pixel_45376,pixel_45377,pixel_45378,pixel_45379,pixel_45380,pixel_45381,pixel_45382,pixel_45383,pixel_45384,pixel_45385,pixel_45386,pixel_45387,pixel_45388,pixel_45389,pixel_45390,pixel_45391,pixel_45392,pixel_45393,pixel_45394,pixel_45395,pixel_45396,pixel_45397,pixel_45398,pixel_45399,pixel_45400,pixel_45401,pixel_45402,pixel_45403,pixel_45404,pixel_45405,pixel_45406,pixel_45407,pixel_45408,pixel_45409,pixel_45410,pixel_45411,pixel_45412,pixel_45413,pixel_45414,pixel_45415,pixel_45416,pixel_45417,pixel_45418,pixel_45419,pixel_45420,pixel_45421,pixel_45422,pixel_45423,pixel_45424,pixel_45425,pixel_45426,pixel_45427,pixel_45428,pixel_45429,pixel_45430,pixel_45431,pixel_45432,pixel_45433,pixel_45434,pixel_45435,pixel_45436,pixel_45437,pixel_45438,pixel_45439,pixel_45440,pixel_45441,pixel_45442,pixel_45443,pixel_45444,pixel_45445,pixel_45446,pixel_45447,pixel_45448,pixel_45449,pixel_45450,pixel_45451,pixel_45452,pixel_45453,pixel_45454,pixel_45455,pixel_45456,pixel_45457,pixel_45458,pixel_45459,pixel_45460,pixel_45461,pixel_45462,pixel_45463,pixel_45464,pixel_45465,pixel_45466,pixel_45467,pixel_45468,pixel_45469,pixel_45470,pixel_45471,pixel_45472,pixel_45473,pixel_45474,pixel_45475,pixel_45476,pixel_45477,pixel_45478,pixel_45479,pixel_45480,pixel_45481,pixel_45482,pixel_45483,pixel_45484,pixel_45485,pixel_45486,pixel_45487,pixel_45488,pixel_45489,pixel_45490,pixel_45491,pixel_45492,pixel_45493,pixel_45494,pixel_45495,pixel_45496,pixel_45497,pixel_45498,pixel_45499,pixel_45500,pixel_45501,pixel_45502,pixel_45503,pixel_45504,pixel_45505,pixel_45506,pixel_45507,pixel_45508,pixel_45509,pixel_45510,pixel_45511,pixel_45512,pixel_45513,pixel_45514,pixel_45515,pixel_45516,pixel_45517,pixel_45518,pixel_45519,pixel_45520,pixel_45521,pixel_45522,pixel_45523,pixel_45524,pixel_45525,pixel_45526,pixel_45527,pixel_45528,pixel_45529,pixel_45530,pixel_45531,pixel_45532,pixel_45533,pixel_45534,pixel_45535,pixel_45536,pixel_45537,pixel_45538,pixel_45539,pixel_45540,pixel_45541,pixel_45542,pixel_45543,pixel_45544,pixel_45545,pixel_45546,pixel_45547,pixel_45548,pixel_45549,pixel_45550,pixel_45551,pixel_45552,pixel_45553,pixel_45554,pixel_45555,pixel_45556,pixel_45557,pixel_45558,pixel_45559,pixel_45560,pixel_45561,pixel_45562,pixel_45563,pixel_45564,pixel_45565,pixel_45566,pixel_45567,pixel_45568,pixel_45569,pixel_45570,pixel_45571,pixel_45572,pixel_45573,pixel_45574,pixel_45575,pixel_45576,pixel_45577,pixel_45578,pixel_45579,pixel_45580,pixel_45581,pixel_45582,pixel_45583,pixel_45584,pixel_45585,pixel_45586,pixel_45587,pixel_45588,pixel_45589,pixel_45590,pixel_45591,pixel_45592,pixel_45593,pixel_45594,pixel_45595,pixel_45596,pixel_45597,pixel_45598,pixel_45599,pixel_45600,pixel_45601,pixel_45602,pixel_45603,pixel_45604,pixel_45605,pixel_45606,pixel_45607,pixel_45608,pixel_45609,pixel_45610,pixel_45611,pixel_45612,pixel_45613,pixel_45614,pixel_45615,pixel_45616,pixel_45617,pixel_45618,pixel_45619,pixel_45620,pixel_45621,pixel_45622,pixel_45623,pixel_45624,pixel_45625,pixel_45626,pixel_45627,pixel_45628,pixel_45629,pixel_45630,pixel_45631,pixel_45632,pixel_45633,pixel_45634,pixel_45635,pixel_45636,pixel_45637,pixel_45638,pixel_45639,pixel_45640,pixel_45641,pixel_45642,pixel_45643,pixel_45644,pixel_45645,pixel_45646,pixel_45647,pixel_45648,pixel_45649,pixel_45650,pixel_45651,pixel_45652,pixel_45653,pixel_45654,pixel_45655,pixel_45656,pixel_45657,pixel_45658,pixel_45659,pixel_45660,pixel_45661,pixel_45662,pixel_45663,pixel_45664,pixel_45665,pixel_45666,pixel_45667,pixel_45668,pixel_45669,pixel_45670,pixel_45671,pixel_45672,pixel_45673,pixel_45674,pixel_45675,pixel_45676,pixel_45677,pixel_45678,pixel_45679,pixel_45680,pixel_45681,pixel_45682,pixel_45683,pixel_45684,pixel_45685,pixel_45686,pixel_45687,pixel_45688,pixel_45689,pixel_45690,pixel_45691,pixel_45692,pixel_45693,pixel_45694,pixel_45695,pixel_45696,pixel_45697,pixel_45698,pixel_45699,pixel_45700,pixel_45701,pixel_45702,pixel_45703,pixel_45704,pixel_45705,pixel_45706,pixel_45707,pixel_45708,pixel_45709,pixel_45710,pixel_45711,pixel_45712,pixel_45713,pixel_45714,pixel_45715,pixel_45716,pixel_45717,pixel_45718,pixel_45719,pixel_45720,pixel_45721,pixel_45722,pixel_45723,pixel_45724,pixel_45725,pixel_45726,pixel_45727,pixel_45728,pixel_45729,pixel_45730,pixel_45731,pixel_45732,pixel_45733,pixel_45734,pixel_45735,pixel_45736,pixel_45737,pixel_45738,pixel_45739,pixel_45740,pixel_45741,pixel_45742,pixel_45743,pixel_45744,pixel_45745,pixel_45746,pixel_45747,pixel_45748,pixel_45749,pixel_45750,pixel_45751,pixel_45752,pixel_45753,pixel_45754,pixel_45755,pixel_45756,pixel_45757,pixel_45758,pixel_45759,pixel_45760,pixel_45761,pixel_45762,pixel_45763,pixel_45764,pixel_45765,pixel_45766,pixel_45767,pixel_45768,pixel_45769,pixel_45770,pixel_45771,pixel_45772,pixel_45773,pixel_45774,pixel_45775,pixel_45776,pixel_45777,pixel_45778,pixel_45779,pixel_45780,pixel_45781,pixel_45782,pixel_45783,pixel_45784,pixel_45785,pixel_45786,pixel_45787,pixel_45788,pixel_45789,pixel_45790,pixel_45791,pixel_45792,pixel_45793,pixel_45794,pixel_45795,pixel_45796,pixel_45797,pixel_45798,pixel_45799,pixel_45800,pixel_45801,pixel_45802,pixel_45803,pixel_45804,pixel_45805,pixel_45806,pixel_45807,pixel_45808,pixel_45809,pixel_45810,pixel_45811,pixel_45812,pixel_45813,pixel_45814,pixel_45815,pixel_45816,pixel_45817,pixel_45818,pixel_45819,pixel_45820,pixel_45821,pixel_45822,pixel_45823,pixel_45824,pixel_45825,pixel_45826,pixel_45827,pixel_45828,pixel_45829,pixel_45830,pixel_45831,pixel_45832,pixel_45833,pixel_45834,pixel_45835,pixel_45836,pixel_45837,pixel_45838,pixel_45839,pixel_45840,pixel_45841,pixel_45842,pixel_45843,pixel_45844,pixel_45845,pixel_45846,pixel_45847,pixel_45848,pixel_45849,pixel_45850,pixel_45851,pixel_45852,pixel_45853,pixel_45854,pixel_45855,pixel_45856,pixel_45857,pixel_45858,pixel_45859,pixel_45860,pixel_45861,pixel_45862,pixel_45863,pixel_45864,pixel_45865,pixel_45866,pixel_45867,pixel_45868,pixel_45869,pixel_45870,pixel_45871,pixel_45872,pixel_45873,pixel_45874,pixel_45875,pixel_45876,pixel_45877,pixel_45878,pixel_45879,pixel_45880,pixel_45881,pixel_45882,pixel_45883,pixel_45884,pixel_45885,pixel_45886,pixel_45887,pixel_45888,pixel_45889,pixel_45890,pixel_45891,pixel_45892,pixel_45893,pixel_45894,pixel_45895,pixel_45896,pixel_45897,pixel_45898,pixel_45899,pixel_45900,pixel_45901,pixel_45902,pixel_45903,pixel_45904,pixel_45905,pixel_45906,pixel_45907,pixel_45908,pixel_45909,pixel_45910,pixel_45911,pixel_45912,pixel_45913,pixel_45914,pixel_45915,pixel_45916,pixel_45917,pixel_45918,pixel_45919,pixel_45920,pixel_45921,pixel_45922,pixel_45923,pixel_45924,pixel_45925,pixel_45926,pixel_45927,pixel_45928,pixel_45929,pixel_45930,pixel_45931,pixel_45932,pixel_45933,pixel_45934,pixel_45935,pixel_45936,pixel_45937,pixel_45938,pixel_45939,pixel_45940,pixel_45941,pixel_45942,pixel_45943,pixel_45944,pixel_45945,pixel_45946,pixel_45947,pixel_45948,pixel_45949,pixel_45950,pixel_45951,pixel_45952,pixel_45953,pixel_45954,pixel_45955,pixel_45956,pixel_45957,pixel_45958,pixel_45959,pixel_45960,pixel_45961,pixel_45962,pixel_45963,pixel_45964,pixel_45965,pixel_45966,pixel_45967,pixel_45968,pixel_45969,pixel_45970,pixel_45971,pixel_45972,pixel_45973,pixel_45974,pixel_45975,pixel_45976,pixel_45977,pixel_45978,pixel_45979,pixel_45980,pixel_45981,pixel_45982,pixel_45983,pixel_45984,pixel_45985,pixel_45986,pixel_45987,pixel_45988,pixel_45989,pixel_45990,pixel_45991,pixel_45992,pixel_45993,pixel_45994,pixel_45995,pixel_45996,pixel_45997,pixel_45998,pixel_45999,pixel_46000,pixel_46001,pixel_46002,pixel_46003,pixel_46004,pixel_46005,pixel_46006,pixel_46007,pixel_46008,pixel_46009,pixel_46010,pixel_46011,pixel_46012,pixel_46013,pixel_46014,pixel_46015,pixel_46016,pixel_46017,pixel_46018,pixel_46019,pixel_46020,pixel_46021,pixel_46022,pixel_46023,pixel_46024,pixel_46025,pixel_46026,pixel_46027,pixel_46028,pixel_46029,pixel_46030,pixel_46031,pixel_46032,pixel_46033,pixel_46034,pixel_46035,pixel_46036,pixel_46037,pixel_46038,pixel_46039,pixel_46040,pixel_46041,pixel_46042,pixel_46043,pixel_46044,pixel_46045,pixel_46046,pixel_46047,pixel_46048,pixel_46049,pixel_46050,pixel_46051,pixel_46052,pixel_46053,pixel_46054,pixel_46055,pixel_46056,pixel_46057,pixel_46058,pixel_46059,pixel_46060,pixel_46061,pixel_46062,pixel_46063,pixel_46064,pixel_46065,pixel_46066,pixel_46067,pixel_46068,pixel_46069,pixel_46070,pixel_46071,pixel_46072,pixel_46073,pixel_46074,pixel_46075,pixel_46076,pixel_46077,pixel_46078,pixel_46079,pixel_46080,pixel_46081,pixel_46082,pixel_46083,pixel_46084,pixel_46085,pixel_46086,pixel_46087,pixel_46088,pixel_46089,pixel_46090,pixel_46091,pixel_46092,pixel_46093,pixel_46094,pixel_46095,pixel_46096,pixel_46097,pixel_46098,pixel_46099,pixel_46100,pixel_46101,pixel_46102,pixel_46103,pixel_46104,pixel_46105,pixel_46106,pixel_46107,pixel_46108,pixel_46109,pixel_46110,pixel_46111,pixel_46112,pixel_46113,pixel_46114,pixel_46115,pixel_46116,pixel_46117,pixel_46118,pixel_46119,pixel_46120,pixel_46121,pixel_46122,pixel_46123,pixel_46124,pixel_46125,pixel_46126,pixel_46127,pixel_46128,pixel_46129,pixel_46130,pixel_46131,pixel_46132,pixel_46133,pixel_46134,pixel_46135,pixel_46136,pixel_46137,pixel_46138,pixel_46139,pixel_46140,pixel_46141,pixel_46142,pixel_46143,pixel_46144,pixel_46145,pixel_46146,pixel_46147,pixel_46148,pixel_46149,pixel_46150,pixel_46151,pixel_46152,pixel_46153,pixel_46154,pixel_46155,pixel_46156,pixel_46157,pixel_46158,pixel_46159,pixel_46160,pixel_46161,pixel_46162,pixel_46163,pixel_46164,pixel_46165,pixel_46166,pixel_46167,pixel_46168,pixel_46169,pixel_46170,pixel_46171,pixel_46172,pixel_46173,pixel_46174,pixel_46175,pixel_46176,pixel_46177,pixel_46178,pixel_46179,pixel_46180,pixel_46181,pixel_46182,pixel_46183,pixel_46184,pixel_46185,pixel_46186,pixel_46187,pixel_46188,pixel_46189,pixel_46190,pixel_46191,pixel_46192,pixel_46193,pixel_46194,pixel_46195,pixel_46196,pixel_46197,pixel_46198,pixel_46199,pixel_46200,pixel_46201,pixel_46202,pixel_46203,pixel_46204,pixel_46205,pixel_46206,pixel_46207,pixel_46208,pixel_46209,pixel_46210,pixel_46211,pixel_46212,pixel_46213,pixel_46214,pixel_46215,pixel_46216,pixel_46217,pixel_46218,pixel_46219,pixel_46220,pixel_46221,pixel_46222,pixel_46223,pixel_46224,pixel_46225,pixel_46226,pixel_46227,pixel_46228,pixel_46229,pixel_46230,pixel_46231,pixel_46232,pixel_46233,pixel_46234,pixel_46235,pixel_46236,pixel_46237,pixel_46238,pixel_46239,pixel_46240,pixel_46241,pixel_46242,pixel_46243,pixel_46244,pixel_46245,pixel_46246,pixel_46247,pixel_46248,pixel_46249,pixel_46250,pixel_46251,pixel_46252,pixel_46253,pixel_46254,pixel_46255,pixel_46256,pixel_46257,pixel_46258,pixel_46259,pixel_46260,pixel_46261,pixel_46262,pixel_46263,pixel_46264,pixel_46265,pixel_46266,pixel_46267,pixel_46268,pixel_46269,pixel_46270,pixel_46271,pixel_46272,pixel_46273,pixel_46274,pixel_46275,pixel_46276,pixel_46277,pixel_46278,pixel_46279,pixel_46280,pixel_46281,pixel_46282,pixel_46283,pixel_46284,pixel_46285,pixel_46286,pixel_46287,pixel_46288,pixel_46289,pixel_46290,pixel_46291,pixel_46292,pixel_46293,pixel_46294,pixel_46295,pixel_46296,pixel_46297,pixel_46298,pixel_46299,pixel_46300,pixel_46301,pixel_46302,pixel_46303,pixel_46304,pixel_46305,pixel_46306,pixel_46307,pixel_46308,pixel_46309,pixel_46310,pixel_46311,pixel_46312,pixel_46313,pixel_46314,pixel_46315,pixel_46316,pixel_46317,pixel_46318,pixel_46319,pixel_46320,pixel_46321,pixel_46322,pixel_46323,pixel_46324,pixel_46325,pixel_46326,pixel_46327,pixel_46328,pixel_46329,pixel_46330,pixel_46331,pixel_46332,pixel_46333,pixel_46334,pixel_46335,pixel_46336,pixel_46337,pixel_46338,pixel_46339,pixel_46340,pixel_46341,pixel_46342,pixel_46343,pixel_46344,pixel_46345,pixel_46346,pixel_46347,pixel_46348,pixel_46349,pixel_46350,pixel_46351,pixel_46352,pixel_46353,pixel_46354,pixel_46355,pixel_46356,pixel_46357,pixel_46358,pixel_46359,pixel_46360,pixel_46361,pixel_46362,pixel_46363,pixel_46364,pixel_46365,pixel_46366,pixel_46367,pixel_46368,pixel_46369,pixel_46370,pixel_46371,pixel_46372,pixel_46373,pixel_46374,pixel_46375,pixel_46376,pixel_46377,pixel_46378,pixel_46379,pixel_46380,pixel_46381,pixel_46382,pixel_46383,pixel_46384,pixel_46385,pixel_46386,pixel_46387,pixel_46388,pixel_46389,pixel_46390,pixel_46391,pixel_46392,pixel_46393,pixel_46394,pixel_46395,pixel_46396,pixel_46397,pixel_46398,pixel_46399,pixel_46400,pixel_46401,pixel_46402,pixel_46403,pixel_46404,pixel_46405,pixel_46406,pixel_46407,pixel_46408,pixel_46409,pixel_46410,pixel_46411,pixel_46412,pixel_46413,pixel_46414,pixel_46415,pixel_46416,pixel_46417,pixel_46418,pixel_46419,pixel_46420,pixel_46421,pixel_46422,pixel_46423,pixel_46424,pixel_46425,pixel_46426,pixel_46427,pixel_46428,pixel_46429,pixel_46430,pixel_46431,pixel_46432,pixel_46433,pixel_46434,pixel_46435,pixel_46436,pixel_46437,pixel_46438,pixel_46439,pixel_46440,pixel_46441,pixel_46442,pixel_46443,pixel_46444,pixel_46445,pixel_46446,pixel_46447,pixel_46448,pixel_46449,pixel_46450,pixel_46451,pixel_46452,pixel_46453,pixel_46454,pixel_46455,pixel_46456,pixel_46457,pixel_46458,pixel_46459,pixel_46460,pixel_46461,pixel_46462,pixel_46463,pixel_46464,pixel_46465,pixel_46466,pixel_46467,pixel_46468,pixel_46469,pixel_46470,pixel_46471,pixel_46472,pixel_46473,pixel_46474,pixel_46475,pixel_46476,pixel_46477,pixel_46478,pixel_46479,pixel_46480,pixel_46481,pixel_46482,pixel_46483,pixel_46484,pixel_46485,pixel_46486,pixel_46487,pixel_46488,pixel_46489,pixel_46490,pixel_46491,pixel_46492,pixel_46493,pixel_46494,pixel_46495,pixel_46496,pixel_46497,pixel_46498,pixel_46499,pixel_46500,pixel_46501,pixel_46502,pixel_46503,pixel_46504,pixel_46505,pixel_46506,pixel_46507,pixel_46508,pixel_46509,pixel_46510,pixel_46511,pixel_46512,pixel_46513,pixel_46514,pixel_46515,pixel_46516,pixel_46517,pixel_46518,pixel_46519,pixel_46520,pixel_46521,pixel_46522,pixel_46523,pixel_46524,pixel_46525,pixel_46526,pixel_46527,pixel_46528,pixel_46529,pixel_46530,pixel_46531,pixel_46532,pixel_46533,pixel_46534,pixel_46535,pixel_46536,pixel_46537,pixel_46538,pixel_46539,pixel_46540,pixel_46541,pixel_46542,pixel_46543,pixel_46544,pixel_46545,pixel_46546,pixel_46547,pixel_46548,pixel_46549,pixel_46550,pixel_46551,pixel_46552,pixel_46553,pixel_46554,pixel_46555,pixel_46556,pixel_46557,pixel_46558,pixel_46559,pixel_46560,pixel_46561,pixel_46562,pixel_46563,pixel_46564,pixel_46565,pixel_46566,pixel_46567,pixel_46568,pixel_46569,pixel_46570,pixel_46571,pixel_46572,pixel_46573,pixel_46574,pixel_46575,pixel_46576,pixel_46577,pixel_46578,pixel_46579,pixel_46580,pixel_46581,pixel_46582,pixel_46583,pixel_46584,pixel_46585,pixel_46586,pixel_46587,pixel_46588,pixel_46589,pixel_46590,pixel_46591,pixel_46592,pixel_46593,pixel_46594,pixel_46595,pixel_46596,pixel_46597,pixel_46598,pixel_46599,pixel_46600,pixel_46601,pixel_46602,pixel_46603,pixel_46604,pixel_46605,pixel_46606,pixel_46607,pixel_46608,pixel_46609,pixel_46610,pixel_46611,pixel_46612,pixel_46613,pixel_46614,pixel_46615,pixel_46616,pixel_46617,pixel_46618,pixel_46619,pixel_46620,pixel_46621,pixel_46622,pixel_46623,pixel_46624,pixel_46625,pixel_46626,pixel_46627,pixel_46628,pixel_46629,pixel_46630,pixel_46631,pixel_46632,pixel_46633,pixel_46634,pixel_46635,pixel_46636,pixel_46637,pixel_46638,pixel_46639,pixel_46640,pixel_46641,pixel_46642,pixel_46643,pixel_46644,pixel_46645,pixel_46646,pixel_46647,pixel_46648,pixel_46649,pixel_46650,pixel_46651,pixel_46652,pixel_46653,pixel_46654,pixel_46655,pixel_46656,pixel_46657,pixel_46658,pixel_46659,pixel_46660,pixel_46661,pixel_46662,pixel_46663,pixel_46664,pixel_46665,pixel_46666,pixel_46667,pixel_46668,pixel_46669,pixel_46670,pixel_46671,pixel_46672,pixel_46673,pixel_46674,pixel_46675,pixel_46676,pixel_46677,pixel_46678,pixel_46679,pixel_46680,pixel_46681,pixel_46682,pixel_46683,pixel_46684,pixel_46685,pixel_46686,pixel_46687,pixel_46688,pixel_46689,pixel_46690,pixel_46691,pixel_46692,pixel_46693,pixel_46694,pixel_46695,pixel_46696,pixel_46697,pixel_46698,pixel_46699,pixel_46700,pixel_46701,pixel_46702,pixel_46703,pixel_46704,pixel_46705,pixel_46706,pixel_46707,pixel_46708,pixel_46709,pixel_46710,pixel_46711,pixel_46712,pixel_46713,pixel_46714,pixel_46715,pixel_46716,pixel_46717,pixel_46718,pixel_46719,pixel_46720,pixel_46721,pixel_46722,pixel_46723,pixel_46724,pixel_46725,pixel_46726,pixel_46727,pixel_46728,pixel_46729,pixel_46730,pixel_46731,pixel_46732,pixel_46733,pixel_46734,pixel_46735,pixel_46736,pixel_46737,pixel_46738,pixel_46739,pixel_46740,pixel_46741,pixel_46742,pixel_46743,pixel_46744,pixel_46745,pixel_46746,pixel_46747,pixel_46748,pixel_46749,pixel_46750,pixel_46751,pixel_46752,pixel_46753,pixel_46754,pixel_46755,pixel_46756,pixel_46757,pixel_46758,pixel_46759,pixel_46760,pixel_46761,pixel_46762,pixel_46763,pixel_46764,pixel_46765,pixel_46766,pixel_46767,pixel_46768,pixel_46769,pixel_46770,pixel_46771,pixel_46772,pixel_46773,pixel_46774,pixel_46775,pixel_46776,pixel_46777,pixel_46778,pixel_46779,pixel_46780,pixel_46781,pixel_46782,pixel_46783,pixel_46784,pixel_46785,pixel_46786,pixel_46787,pixel_46788,pixel_46789,pixel_46790,pixel_46791,pixel_46792,pixel_46793,pixel_46794,pixel_46795,pixel_46796,pixel_46797,pixel_46798,pixel_46799,pixel_46800,pixel_46801,pixel_46802,pixel_46803,pixel_46804,pixel_46805,pixel_46806,pixel_46807,pixel_46808,pixel_46809,pixel_46810,pixel_46811,pixel_46812,pixel_46813,pixel_46814,pixel_46815,pixel_46816,pixel_46817,pixel_46818,pixel_46819,pixel_46820,pixel_46821,pixel_46822,pixel_46823,pixel_46824,pixel_46825,pixel_46826,pixel_46827,pixel_46828,pixel_46829,pixel_46830,pixel_46831,pixel_46832,pixel_46833,pixel_46834,pixel_46835,pixel_46836,pixel_46837,pixel_46838,pixel_46839,pixel_46840,pixel_46841,pixel_46842,pixel_46843,pixel_46844,pixel_46845,pixel_46846,pixel_46847,pixel_46848,pixel_46849,pixel_46850,pixel_46851,pixel_46852,pixel_46853,pixel_46854,pixel_46855,pixel_46856,pixel_46857,pixel_46858,pixel_46859,pixel_46860,pixel_46861,pixel_46862,pixel_46863,pixel_46864,pixel_46865,pixel_46866,pixel_46867,pixel_46868,pixel_46869,pixel_46870,pixel_46871,pixel_46872,pixel_46873,pixel_46874,pixel_46875,pixel_46876,pixel_46877,pixel_46878,pixel_46879,pixel_46880,pixel_46881,pixel_46882,pixel_46883,pixel_46884,pixel_46885,pixel_46886,pixel_46887,pixel_46888,pixel_46889,pixel_46890,pixel_46891,pixel_46892,pixel_46893,pixel_46894,pixel_46895,pixel_46896,pixel_46897,pixel_46898,pixel_46899,pixel_46900,pixel_46901,pixel_46902,pixel_46903,pixel_46904,pixel_46905,pixel_46906,pixel_46907,pixel_46908,pixel_46909,pixel_46910,pixel_46911,pixel_46912,pixel_46913,pixel_46914,pixel_46915,pixel_46916,pixel_46917,pixel_46918,pixel_46919,pixel_46920,pixel_46921,pixel_46922,pixel_46923,pixel_46924,pixel_46925,pixel_46926,pixel_46927,pixel_46928,pixel_46929,pixel_46930,pixel_46931,pixel_46932,pixel_46933,pixel_46934,pixel_46935,pixel_46936,pixel_46937,pixel_46938,pixel_46939,pixel_46940,pixel_46941,pixel_46942,pixel_46943,pixel_46944,pixel_46945,pixel_46946,pixel_46947,pixel_46948,pixel_46949,pixel_46950,pixel_46951,pixel_46952,pixel_46953,pixel_46954,pixel_46955,pixel_46956,pixel_46957,pixel_46958,pixel_46959,pixel_46960,pixel_46961,pixel_46962,pixel_46963,pixel_46964,pixel_46965,pixel_46966,pixel_46967,pixel_46968,pixel_46969,pixel_46970,pixel_46971,pixel_46972,pixel_46973,pixel_46974,pixel_46975,pixel_46976,pixel_46977,pixel_46978,pixel_46979,pixel_46980,pixel_46981,pixel_46982,pixel_46983,pixel_46984,pixel_46985,pixel_46986,pixel_46987,pixel_46988,pixel_46989,pixel_46990,pixel_46991,pixel_46992,pixel_46993,pixel_46994,pixel_46995,pixel_46996,pixel_46997,pixel_46998,pixel_46999,pixel_47000,pixel_47001,pixel_47002,pixel_47003,pixel_47004,pixel_47005,pixel_47006,pixel_47007,pixel_47008,pixel_47009,pixel_47010,pixel_47011,pixel_47012,pixel_47013,pixel_47014,pixel_47015,pixel_47016,pixel_47017,pixel_47018,pixel_47019,pixel_47020,pixel_47021,pixel_47022,pixel_47023,pixel_47024,pixel_47025,pixel_47026,pixel_47027,pixel_47028,pixel_47029,pixel_47030,pixel_47031,pixel_47032,pixel_47033,pixel_47034,pixel_47035,pixel_47036,pixel_47037,pixel_47038,pixel_47039,pixel_47040,pixel_47041,pixel_47042,pixel_47043,pixel_47044,pixel_47045,pixel_47046,pixel_47047,pixel_47048,pixel_47049,pixel_47050,pixel_47051,pixel_47052,pixel_47053,pixel_47054,pixel_47055,pixel_47056,pixel_47057,pixel_47058,pixel_47059,pixel_47060,pixel_47061,pixel_47062,pixel_47063,pixel_47064,pixel_47065,pixel_47066,pixel_47067,pixel_47068,pixel_47069,pixel_47070,pixel_47071,pixel_47072,pixel_47073,pixel_47074,pixel_47075,pixel_47076,pixel_47077,pixel_47078,pixel_47079,pixel_47080,pixel_47081,pixel_47082,pixel_47083,pixel_47084,pixel_47085,pixel_47086,pixel_47087,pixel_47088,pixel_47089,pixel_47090,pixel_47091,pixel_47092,pixel_47093,pixel_47094,pixel_47095,pixel_47096,pixel_47097,pixel_47098,pixel_47099,pixel_47100,pixel_47101,pixel_47102,pixel_47103,pixel_47104,pixel_47105,pixel_47106,pixel_47107,pixel_47108,pixel_47109,pixel_47110,pixel_47111,pixel_47112,pixel_47113,pixel_47114,pixel_47115,pixel_47116,pixel_47117,pixel_47118,pixel_47119,pixel_47120,pixel_47121,pixel_47122,pixel_47123,pixel_47124,pixel_47125,pixel_47126,pixel_47127,pixel_47128,pixel_47129,pixel_47130,pixel_47131,pixel_47132,pixel_47133,pixel_47134,pixel_47135,pixel_47136,pixel_47137,pixel_47138,pixel_47139,pixel_47140,pixel_47141,pixel_47142,pixel_47143,pixel_47144,pixel_47145,pixel_47146,pixel_47147,pixel_47148,pixel_47149,pixel_47150,pixel_47151,pixel_47152,pixel_47153,pixel_47154,pixel_47155,pixel_47156,pixel_47157,pixel_47158,pixel_47159,pixel_47160,pixel_47161,pixel_47162,pixel_47163,pixel_47164,pixel_47165,pixel_47166,pixel_47167,pixel_47168,pixel_47169,pixel_47170,pixel_47171,pixel_47172,pixel_47173,pixel_47174,pixel_47175,pixel_47176,pixel_47177,pixel_47178,pixel_47179,pixel_47180,pixel_47181,pixel_47182,pixel_47183,pixel_47184,pixel_47185,pixel_47186,pixel_47187,pixel_47188,pixel_47189,pixel_47190,pixel_47191,pixel_47192,pixel_47193,pixel_47194,pixel_47195,pixel_47196,pixel_47197,pixel_47198,pixel_47199,pixel_47200,pixel_47201,pixel_47202,pixel_47203,pixel_47204,pixel_47205,pixel_47206,pixel_47207,pixel_47208,pixel_47209,pixel_47210,pixel_47211,pixel_47212,pixel_47213,pixel_47214,pixel_47215,pixel_47216,pixel_47217,pixel_47218,pixel_47219,pixel_47220,pixel_47221,pixel_47222,pixel_47223,pixel_47224,pixel_47225,pixel_47226,pixel_47227,pixel_47228,pixel_47229,pixel_47230,pixel_47231,pixel_47232,pixel_47233,pixel_47234,pixel_47235,pixel_47236,pixel_47237,pixel_47238,pixel_47239,pixel_47240,pixel_47241,pixel_47242,pixel_47243,pixel_47244,pixel_47245,pixel_47246,pixel_47247,pixel_47248,pixel_47249,pixel_47250,pixel_47251,pixel_47252,pixel_47253,pixel_47254,pixel_47255,pixel_47256,pixel_47257,pixel_47258,pixel_47259,pixel_47260,pixel_47261,pixel_47262,pixel_47263,pixel_47264,pixel_47265,pixel_47266,pixel_47267,pixel_47268,pixel_47269,pixel_47270,pixel_47271,pixel_47272,pixel_47273,pixel_47274,pixel_47275,pixel_47276,pixel_47277,pixel_47278,pixel_47279,pixel_47280,pixel_47281,pixel_47282,pixel_47283,pixel_47284,pixel_47285,pixel_47286,pixel_47287,pixel_47288,pixel_47289,pixel_47290,pixel_47291,pixel_47292,pixel_47293,pixel_47294,pixel_47295,pixel_47296,pixel_47297,pixel_47298,pixel_47299,pixel_47300,pixel_47301,pixel_47302,pixel_47303,pixel_47304,pixel_47305,pixel_47306,pixel_47307,pixel_47308,pixel_47309,pixel_47310,pixel_47311,pixel_47312,pixel_47313,pixel_47314,pixel_47315,pixel_47316,pixel_47317,pixel_47318,pixel_47319,pixel_47320,pixel_47321,pixel_47322,pixel_47323,pixel_47324,pixel_47325,pixel_47326,pixel_47327,pixel_47328,pixel_47329,pixel_47330,pixel_47331,pixel_47332,pixel_47333,pixel_47334,pixel_47335,pixel_47336,pixel_47337,pixel_47338,pixel_47339,pixel_47340,pixel_47341,pixel_47342,pixel_47343,pixel_47344,pixel_47345,pixel_47346,pixel_47347,pixel_47348,pixel_47349,pixel_47350,pixel_47351,pixel_47352,pixel_47353,pixel_47354,pixel_47355,pixel_47356,pixel_47357,pixel_47358,pixel_47359,pixel_47360,pixel_47361,pixel_47362,pixel_47363,pixel_47364,pixel_47365,pixel_47366,pixel_47367,pixel_47368,pixel_47369,pixel_47370,pixel_47371,pixel_47372,pixel_47373,pixel_47374,pixel_47375,pixel_47376,pixel_47377,pixel_47378,pixel_47379,pixel_47380,pixel_47381,pixel_47382,pixel_47383,pixel_47384,pixel_47385,pixel_47386,pixel_47387,pixel_47388,pixel_47389,pixel_47390,pixel_47391,pixel_47392,pixel_47393,pixel_47394,pixel_47395,pixel_47396,pixel_47397,pixel_47398,pixel_47399,pixel_47400,pixel_47401,pixel_47402,pixel_47403,pixel_47404,pixel_47405,pixel_47406,pixel_47407,pixel_47408,pixel_47409,pixel_47410,pixel_47411,pixel_47412,pixel_47413,pixel_47414,pixel_47415,pixel_47416,pixel_47417,pixel_47418,pixel_47419,pixel_47420,pixel_47421,pixel_47422,pixel_47423,pixel_47424,pixel_47425,pixel_47426,pixel_47427,pixel_47428,pixel_47429,pixel_47430,pixel_47431,pixel_47432,pixel_47433,pixel_47434,pixel_47435,pixel_47436,pixel_47437,pixel_47438,pixel_47439,pixel_47440,pixel_47441,pixel_47442,pixel_47443,pixel_47444,pixel_47445,pixel_47446,pixel_47447,pixel_47448,pixel_47449,pixel_47450,pixel_47451,pixel_47452,pixel_47453,pixel_47454,pixel_47455,pixel_47456,pixel_47457,pixel_47458,pixel_47459,pixel_47460,pixel_47461,pixel_47462,pixel_47463,pixel_47464,pixel_47465,pixel_47466,pixel_47467,pixel_47468,pixel_47469,pixel_47470,pixel_47471,pixel_47472,pixel_47473,pixel_47474,pixel_47475,pixel_47476,pixel_47477,pixel_47478,pixel_47479,pixel_47480,pixel_47481,pixel_47482,pixel_47483,pixel_47484,pixel_47485,pixel_47486,pixel_47487,pixel_47488,pixel_47489,pixel_47490,pixel_47491,pixel_47492,pixel_47493,pixel_47494,pixel_47495,pixel_47496,pixel_47497,pixel_47498,pixel_47499,pixel_47500,pixel_47501,pixel_47502,pixel_47503,pixel_47504,pixel_47505,pixel_47506,pixel_47507,pixel_47508,pixel_47509,pixel_47510,pixel_47511,pixel_47512,pixel_47513,pixel_47514,pixel_47515,pixel_47516,pixel_47517,pixel_47518,pixel_47519,pixel_47520,pixel_47521,pixel_47522,pixel_47523,pixel_47524,pixel_47525,pixel_47526,pixel_47527,pixel_47528,pixel_47529,pixel_47530,pixel_47531,pixel_47532,pixel_47533,pixel_47534,pixel_47535,pixel_47536,pixel_47537,pixel_47538,pixel_47539,pixel_47540,pixel_47541,pixel_47542,pixel_47543,pixel_47544,pixel_47545,pixel_47546,pixel_47547,pixel_47548,pixel_47549,pixel_47550,pixel_47551,pixel_47552,pixel_47553,pixel_47554,pixel_47555,pixel_47556,pixel_47557,pixel_47558,pixel_47559,pixel_47560,pixel_47561,pixel_47562,pixel_47563,pixel_47564,pixel_47565,pixel_47566,pixel_47567,pixel_47568,pixel_47569,pixel_47570,pixel_47571,pixel_47572,pixel_47573,pixel_47574,pixel_47575,pixel_47576,pixel_47577,pixel_47578,pixel_47579,pixel_47580,pixel_47581,pixel_47582,pixel_47583,pixel_47584,pixel_47585,pixel_47586,pixel_47587,pixel_47588,pixel_47589,pixel_47590,pixel_47591,pixel_47592,pixel_47593,pixel_47594,pixel_47595,pixel_47596,pixel_47597,pixel_47598,pixel_47599,pixel_47600,pixel_47601,pixel_47602,pixel_47603,pixel_47604,pixel_47605,pixel_47606,pixel_47607,pixel_47608,pixel_47609,pixel_47610,pixel_47611,pixel_47612,pixel_47613,pixel_47614,pixel_47615,pixel_47616,pixel_47617,pixel_47618,pixel_47619,pixel_47620,pixel_47621,pixel_47622,pixel_47623,pixel_47624,pixel_47625,pixel_47626,pixel_47627,pixel_47628,pixel_47629,pixel_47630,pixel_47631,pixel_47632,pixel_47633,pixel_47634,pixel_47635,pixel_47636,pixel_47637,pixel_47638,pixel_47639,pixel_47640,pixel_47641,pixel_47642,pixel_47643,pixel_47644,pixel_47645,pixel_47646,pixel_47647,pixel_47648,pixel_47649,pixel_47650,pixel_47651,pixel_47652,pixel_47653,pixel_47654,pixel_47655,pixel_47656,pixel_47657,pixel_47658,pixel_47659,pixel_47660,pixel_47661,pixel_47662,pixel_47663,pixel_47664,pixel_47665,pixel_47666,pixel_47667,pixel_47668,pixel_47669,pixel_47670,pixel_47671,pixel_47672,pixel_47673,pixel_47674,pixel_47675,pixel_47676,pixel_47677,pixel_47678,pixel_47679,pixel_47680,pixel_47681,pixel_47682,pixel_47683,pixel_47684,pixel_47685,pixel_47686,pixel_47687,pixel_47688,pixel_47689,pixel_47690,pixel_47691,pixel_47692,pixel_47693,pixel_47694,pixel_47695,pixel_47696,pixel_47697,pixel_47698,pixel_47699,pixel_47700,pixel_47701,pixel_47702,pixel_47703,pixel_47704,pixel_47705,pixel_47706,pixel_47707,pixel_47708,pixel_47709,pixel_47710,pixel_47711,pixel_47712,pixel_47713,pixel_47714,pixel_47715,pixel_47716,pixel_47717,pixel_47718,pixel_47719,pixel_47720,pixel_47721,pixel_47722,pixel_47723,pixel_47724,pixel_47725,pixel_47726,pixel_47727,pixel_47728,pixel_47729,pixel_47730,pixel_47731,pixel_47732,pixel_47733,pixel_47734,pixel_47735,pixel_47736,pixel_47737,pixel_47738,pixel_47739,pixel_47740,pixel_47741,pixel_47742,pixel_47743,pixel_47744,pixel_47745,pixel_47746,pixel_47747,pixel_47748,pixel_47749,pixel_47750,pixel_47751,pixel_47752,pixel_47753,pixel_47754,pixel_47755,pixel_47756,pixel_47757,pixel_47758,pixel_47759,pixel_47760,pixel_47761,pixel_47762,pixel_47763,pixel_47764,pixel_47765,pixel_47766,pixel_47767,pixel_47768,pixel_47769,pixel_47770,pixel_47771,pixel_47772,pixel_47773,pixel_47774,pixel_47775,pixel_47776,pixel_47777,pixel_47778,pixel_47779,pixel_47780,pixel_47781,pixel_47782,pixel_47783,pixel_47784,pixel_47785,pixel_47786,pixel_47787,pixel_47788,pixel_47789,pixel_47790,pixel_47791,pixel_47792,pixel_47793,pixel_47794,pixel_47795,pixel_47796,pixel_47797,pixel_47798,pixel_47799,pixel_47800,pixel_47801,pixel_47802,pixel_47803,pixel_47804,pixel_47805,pixel_47806,pixel_47807,pixel_47808,pixel_47809,pixel_47810,pixel_47811,pixel_47812,pixel_47813,pixel_47814,pixel_47815,pixel_47816,pixel_47817,pixel_47818,pixel_47819,pixel_47820,pixel_47821,pixel_47822,pixel_47823,pixel_47824,pixel_47825,pixel_47826,pixel_47827,pixel_47828,pixel_47829,pixel_47830,pixel_47831,pixel_47832,pixel_47833,pixel_47834,pixel_47835,pixel_47836,pixel_47837,pixel_47838,pixel_47839,pixel_47840,pixel_47841,pixel_47842,pixel_47843,pixel_47844,pixel_47845,pixel_47846,pixel_47847,pixel_47848,pixel_47849,pixel_47850,pixel_47851,pixel_47852,pixel_47853,pixel_47854,pixel_47855,pixel_47856,pixel_47857,pixel_47858,pixel_47859,pixel_47860,pixel_47861,pixel_47862,pixel_47863,pixel_47864,pixel_47865,pixel_47866,pixel_47867,pixel_47868,pixel_47869,pixel_47870,pixel_47871,pixel_47872,pixel_47873,pixel_47874,pixel_47875,pixel_47876,pixel_47877,pixel_47878,pixel_47879,pixel_47880,pixel_47881,pixel_47882,pixel_47883,pixel_47884,pixel_47885,pixel_47886,pixel_47887,pixel_47888,pixel_47889,pixel_47890,pixel_47891,pixel_47892,pixel_47893,pixel_47894,pixel_47895,pixel_47896,pixel_47897,pixel_47898,pixel_47899,pixel_47900,pixel_47901,pixel_47902,pixel_47903,pixel_47904,pixel_47905,pixel_47906,pixel_47907,pixel_47908,pixel_47909,pixel_47910,pixel_47911,pixel_47912,pixel_47913,pixel_47914,pixel_47915,pixel_47916,pixel_47917,pixel_47918,pixel_47919,pixel_47920,pixel_47921,pixel_47922,pixel_47923,pixel_47924,pixel_47925,pixel_47926,pixel_47927,pixel_47928,pixel_47929,pixel_47930,pixel_47931,pixel_47932,pixel_47933,pixel_47934,pixel_47935,pixel_47936,pixel_47937,pixel_47938,pixel_47939,pixel_47940,pixel_47941,pixel_47942,pixel_47943,pixel_47944,pixel_47945,pixel_47946,pixel_47947,pixel_47948,pixel_47949,pixel_47950,pixel_47951,pixel_47952,pixel_47953,pixel_47954,pixel_47955,pixel_47956,pixel_47957,pixel_47958,pixel_47959,pixel_47960,pixel_47961,pixel_47962,pixel_47963,pixel_47964,pixel_47965,pixel_47966,pixel_47967,pixel_47968,pixel_47969,pixel_47970,pixel_47971,pixel_47972,pixel_47973,pixel_47974,pixel_47975,pixel_47976,pixel_47977,pixel_47978,pixel_47979,pixel_47980,pixel_47981,pixel_47982,pixel_47983,pixel_47984,pixel_47985,pixel_47986,pixel_47987,pixel_47988,pixel_47989,pixel_47990,pixel_47991,pixel_47992,pixel_47993,pixel_47994,pixel_47995,pixel_47996,pixel_47997,pixel_47998,pixel_47999,pixel_48000,pixel_48001,pixel_48002,pixel_48003,pixel_48004,pixel_48005,pixel_48006,pixel_48007,pixel_48008,pixel_48009,pixel_48010,pixel_48011,pixel_48012,pixel_48013,pixel_48014,pixel_48015,pixel_48016,pixel_48017,pixel_48018,pixel_48019,pixel_48020,pixel_48021,pixel_48022,pixel_48023,pixel_48024,pixel_48025,pixel_48026,pixel_48027,pixel_48028,pixel_48029,pixel_48030,pixel_48031,pixel_48032,pixel_48033,pixel_48034,pixel_48035,pixel_48036,pixel_48037,pixel_48038,pixel_48039,pixel_48040,pixel_48041,pixel_48042,pixel_48043,pixel_48044,pixel_48045,pixel_48046,pixel_48047,pixel_48048,pixel_48049,pixel_48050,pixel_48051,pixel_48052,pixel_48053,pixel_48054,pixel_48055,pixel_48056,pixel_48057,pixel_48058,pixel_48059,pixel_48060,pixel_48061,pixel_48062,pixel_48063,pixel_48064,pixel_48065,pixel_48066,pixel_48067,pixel_48068,pixel_48069,pixel_48070,pixel_48071,pixel_48072,pixel_48073,pixel_48074,pixel_48075,pixel_48076,pixel_48077,pixel_48078,pixel_48079,pixel_48080,pixel_48081,pixel_48082,pixel_48083,pixel_48084,pixel_48085,pixel_48086,pixel_48087,pixel_48088,pixel_48089,pixel_48090,pixel_48091,pixel_48092,pixel_48093,pixel_48094,pixel_48095,pixel_48096,pixel_48097,pixel_48098,pixel_48099,pixel_48100,pixel_48101,pixel_48102,pixel_48103,pixel_48104,pixel_48105,pixel_48106,pixel_48107,pixel_48108,pixel_48109,pixel_48110,pixel_48111,pixel_48112,pixel_48113,pixel_48114,pixel_48115,pixel_48116,pixel_48117,pixel_48118,pixel_48119,pixel_48120,pixel_48121,pixel_48122,pixel_48123,pixel_48124,pixel_48125,pixel_48126,pixel_48127,pixel_48128,pixel_48129,pixel_48130,pixel_48131,pixel_48132,pixel_48133,pixel_48134,pixel_48135,pixel_48136,pixel_48137,pixel_48138,pixel_48139,pixel_48140,pixel_48141,pixel_48142,pixel_48143,pixel_48144,pixel_48145,pixel_48146,pixel_48147,pixel_48148,pixel_48149,pixel_48150,pixel_48151,pixel_48152,pixel_48153,pixel_48154,pixel_48155,pixel_48156,pixel_48157,pixel_48158,pixel_48159,pixel_48160,pixel_48161,pixel_48162,pixel_48163,pixel_48164,pixel_48165,pixel_48166,pixel_48167,pixel_48168,pixel_48169,pixel_48170,pixel_48171,pixel_48172,pixel_48173,pixel_48174,pixel_48175,pixel_48176,pixel_48177,pixel_48178,pixel_48179,pixel_48180,pixel_48181,pixel_48182,pixel_48183,pixel_48184,pixel_48185,pixel_48186,pixel_48187,pixel_48188,pixel_48189,pixel_48190,pixel_48191,pixel_48192,pixel_48193,pixel_48194,pixel_48195,pixel_48196,pixel_48197,pixel_48198,pixel_48199,pixel_48200,pixel_48201,pixel_48202,pixel_48203,pixel_48204,pixel_48205,pixel_48206,pixel_48207,pixel_48208,pixel_48209,pixel_48210,pixel_48211,pixel_48212,pixel_48213,pixel_48214,pixel_48215,pixel_48216,pixel_48217,pixel_48218,pixel_48219,pixel_48220,pixel_48221,pixel_48222,pixel_48223,pixel_48224,pixel_48225,pixel_48226,pixel_48227,pixel_48228,pixel_48229,pixel_48230,pixel_48231,pixel_48232,pixel_48233,pixel_48234,pixel_48235,pixel_48236,pixel_48237,pixel_48238,pixel_48239,pixel_48240,pixel_48241,pixel_48242,pixel_48243,pixel_48244,pixel_48245,pixel_48246,pixel_48247,pixel_48248,pixel_48249,pixel_48250,pixel_48251,pixel_48252,pixel_48253,pixel_48254,pixel_48255,pixel_48256,pixel_48257,pixel_48258,pixel_48259,pixel_48260,pixel_48261,pixel_48262,pixel_48263,pixel_48264,pixel_48265,pixel_48266,pixel_48267,pixel_48268,pixel_48269,pixel_48270,pixel_48271,pixel_48272,pixel_48273,pixel_48274,pixel_48275,pixel_48276,pixel_48277,pixel_48278,pixel_48279,pixel_48280,pixel_48281,pixel_48282,pixel_48283,pixel_48284,pixel_48285,pixel_48286,pixel_48287,pixel_48288,pixel_48289,pixel_48290,pixel_48291,pixel_48292,pixel_48293,pixel_48294,pixel_48295,pixel_48296,pixel_48297,pixel_48298,pixel_48299,pixel_48300,pixel_48301,pixel_48302,pixel_48303,pixel_48304,pixel_48305,pixel_48306,pixel_48307,pixel_48308,pixel_48309,pixel_48310,pixel_48311,pixel_48312,pixel_48313,pixel_48314,pixel_48315,pixel_48316,pixel_48317,pixel_48318,pixel_48319,pixel_48320,pixel_48321,pixel_48322,pixel_48323,pixel_48324,pixel_48325,pixel_48326,pixel_48327,pixel_48328,pixel_48329,pixel_48330,pixel_48331,pixel_48332,pixel_48333,pixel_48334,pixel_48335,pixel_48336,pixel_48337,pixel_48338,pixel_48339,pixel_48340,pixel_48341,pixel_48342,pixel_48343,pixel_48344,pixel_48345,pixel_48346,pixel_48347,pixel_48348,pixel_48349,pixel_48350,pixel_48351,pixel_48352,pixel_48353,pixel_48354,pixel_48355,pixel_48356,pixel_48357,pixel_48358,pixel_48359,pixel_48360,pixel_48361,pixel_48362,pixel_48363,pixel_48364,pixel_48365,pixel_48366,pixel_48367,pixel_48368,pixel_48369,pixel_48370,pixel_48371,pixel_48372,pixel_48373,pixel_48374,pixel_48375,pixel_48376,pixel_48377,pixel_48378,pixel_48379,pixel_48380,pixel_48381,pixel_48382,pixel_48383,pixel_48384,pixel_48385,pixel_48386,pixel_48387,pixel_48388,pixel_48389,pixel_48390,pixel_48391,pixel_48392,pixel_48393,pixel_48394,pixel_48395,pixel_48396,pixel_48397,pixel_48398,pixel_48399,pixel_48400,pixel_48401,pixel_48402,pixel_48403,pixel_48404,pixel_48405,pixel_48406,pixel_48407,pixel_48408,pixel_48409,pixel_48410,pixel_48411,pixel_48412,pixel_48413,pixel_48414,pixel_48415,pixel_48416,pixel_48417,pixel_48418,pixel_48419,pixel_48420,pixel_48421,pixel_48422,pixel_48423,pixel_48424,pixel_48425,pixel_48426,pixel_48427,pixel_48428,pixel_48429,pixel_48430,pixel_48431,pixel_48432,pixel_48433,pixel_48434,pixel_48435,pixel_48436,pixel_48437,pixel_48438,pixel_48439,pixel_48440,pixel_48441,pixel_48442,pixel_48443,pixel_48444,pixel_48445,pixel_48446,pixel_48447,pixel_48448,pixel_48449,pixel_48450,pixel_48451,pixel_48452,pixel_48453,pixel_48454,pixel_48455,pixel_48456,pixel_48457,pixel_48458,pixel_48459,pixel_48460,pixel_48461,pixel_48462,pixel_48463,pixel_48464,pixel_48465,pixel_48466,pixel_48467,pixel_48468,pixel_48469,pixel_48470,pixel_48471,pixel_48472,pixel_48473,pixel_48474,pixel_48475,pixel_48476,pixel_48477,pixel_48478,pixel_48479,pixel_48480,pixel_48481,pixel_48482,pixel_48483,pixel_48484,pixel_48485,pixel_48486,pixel_48487,pixel_48488,pixel_48489,pixel_48490,pixel_48491,pixel_48492,pixel_48493,pixel_48494,pixel_48495,pixel_48496,pixel_48497,pixel_48498,pixel_48499,pixel_48500,pixel_48501,pixel_48502,pixel_48503,pixel_48504,pixel_48505,pixel_48506,pixel_48507,pixel_48508,pixel_48509,pixel_48510,pixel_48511,pixel_48512,pixel_48513,pixel_48514,pixel_48515,pixel_48516,pixel_48517,pixel_48518,pixel_48519,pixel_48520,pixel_48521,pixel_48522,pixel_48523,pixel_48524,pixel_48525,pixel_48526,pixel_48527,pixel_48528,pixel_48529,pixel_48530,pixel_48531,pixel_48532,pixel_48533,pixel_48534,pixel_48535,pixel_48536,pixel_48537,pixel_48538,pixel_48539,pixel_48540,pixel_48541,pixel_48542,pixel_48543,pixel_48544,pixel_48545,pixel_48546,pixel_48547,pixel_48548,pixel_48549,pixel_48550,pixel_48551,pixel_48552,pixel_48553,pixel_48554,pixel_48555,pixel_48556,pixel_48557,pixel_48558,pixel_48559,pixel_48560,pixel_48561,pixel_48562,pixel_48563,pixel_48564,pixel_48565,pixel_48566,pixel_48567,pixel_48568,pixel_48569,pixel_48570,pixel_48571,pixel_48572,pixel_48573,pixel_48574,pixel_48575,pixel_48576,pixel_48577,pixel_48578,pixel_48579,pixel_48580,pixel_48581,pixel_48582,pixel_48583,pixel_48584,pixel_48585,pixel_48586,pixel_48587,pixel_48588,pixel_48589,pixel_48590,pixel_48591,pixel_48592,pixel_48593,pixel_48594,pixel_48595,pixel_48596,pixel_48597,pixel_48598,pixel_48599,pixel_48600,pixel_48601,pixel_48602,pixel_48603,pixel_48604,pixel_48605,pixel_48606,pixel_48607,pixel_48608,pixel_48609,pixel_48610,pixel_48611,pixel_48612,pixel_48613,pixel_48614,pixel_48615,pixel_48616,pixel_48617,pixel_48618,pixel_48619,pixel_48620,pixel_48621,pixel_48622,pixel_48623,pixel_48624,pixel_48625,pixel_48626,pixel_48627,pixel_48628,pixel_48629,pixel_48630,pixel_48631,pixel_48632,pixel_48633,pixel_48634,pixel_48635,pixel_48636,pixel_48637,pixel_48638,pixel_48639,pixel_48640,pixel_48641,pixel_48642,pixel_48643,pixel_48644,pixel_48645,pixel_48646,pixel_48647,pixel_48648,pixel_48649,pixel_48650,pixel_48651,pixel_48652,pixel_48653,pixel_48654,pixel_48655,pixel_48656,pixel_48657,pixel_48658,pixel_48659,pixel_48660,pixel_48661,pixel_48662,pixel_48663,pixel_48664,pixel_48665,pixel_48666,pixel_48667,pixel_48668,pixel_48669,pixel_48670,pixel_48671,pixel_48672,pixel_48673,pixel_48674,pixel_48675,pixel_48676,pixel_48677,pixel_48678,pixel_48679,pixel_48680,pixel_48681,pixel_48682,pixel_48683,pixel_48684,pixel_48685,pixel_48686,pixel_48687,pixel_48688,pixel_48689,pixel_48690,pixel_48691,pixel_48692,pixel_48693,pixel_48694,pixel_48695,pixel_48696,pixel_48697,pixel_48698,pixel_48699,pixel_48700,pixel_48701,pixel_48702,pixel_48703,pixel_48704,pixel_48705,pixel_48706,pixel_48707,pixel_48708,pixel_48709,pixel_48710,pixel_48711,pixel_48712,pixel_48713,pixel_48714,pixel_48715,pixel_48716,pixel_48717,pixel_48718,pixel_48719,pixel_48720,pixel_48721,pixel_48722,pixel_48723,pixel_48724,pixel_48725,pixel_48726,pixel_48727,pixel_48728,pixel_48729,pixel_48730,pixel_48731,pixel_48732,pixel_48733,pixel_48734,pixel_48735,pixel_48736,pixel_48737,pixel_48738,pixel_48739,pixel_48740,pixel_48741,pixel_48742,pixel_48743,pixel_48744,pixel_48745,pixel_48746,pixel_48747,pixel_48748,pixel_48749,pixel_48750,pixel_48751,pixel_48752,pixel_48753,pixel_48754,pixel_48755,pixel_48756,pixel_48757,pixel_48758,pixel_48759,pixel_48760,pixel_48761,pixel_48762,pixel_48763,pixel_48764,pixel_48765,pixel_48766,pixel_48767,pixel_48768,pixel_48769,pixel_48770,pixel_48771,pixel_48772,pixel_48773,pixel_48774,pixel_48775,pixel_48776,pixel_48777,pixel_48778,pixel_48779,pixel_48780,pixel_48781,pixel_48782,pixel_48783,pixel_48784,pixel_48785,pixel_48786,pixel_48787,pixel_48788,pixel_48789,pixel_48790,pixel_48791,pixel_48792,pixel_48793,pixel_48794,pixel_48795,pixel_48796,pixel_48797,pixel_48798,pixel_48799,pixel_48800,pixel_48801,pixel_48802,pixel_48803,pixel_48804,pixel_48805,pixel_48806,pixel_48807,pixel_48808,pixel_48809,pixel_48810,pixel_48811,pixel_48812,pixel_48813,pixel_48814,pixel_48815,pixel_48816,pixel_48817,pixel_48818,pixel_48819,pixel_48820,pixel_48821,pixel_48822,pixel_48823,pixel_48824,pixel_48825,pixel_48826,pixel_48827,pixel_48828,pixel_48829,pixel_48830,pixel_48831,pixel_48832,pixel_48833,pixel_48834,pixel_48835,pixel_48836,pixel_48837,pixel_48838,pixel_48839,pixel_48840,pixel_48841,pixel_48842,pixel_48843,pixel_48844,pixel_48845,pixel_48846,pixel_48847,pixel_48848,pixel_48849,pixel_48850,pixel_48851,pixel_48852,pixel_48853,pixel_48854,pixel_48855,pixel_48856,pixel_48857,pixel_48858,pixel_48859,pixel_48860,pixel_48861,pixel_48862,pixel_48863,pixel_48864,pixel_48865,pixel_48866,pixel_48867,pixel_48868,pixel_48869,pixel_48870,pixel_48871,pixel_48872,pixel_48873,pixel_48874,pixel_48875,pixel_48876,pixel_48877,pixel_48878,pixel_48879,pixel_48880,pixel_48881,pixel_48882,pixel_48883,pixel_48884,pixel_48885,pixel_48886,pixel_48887,pixel_48888,pixel_48889,pixel_48890,pixel_48891,pixel_48892,pixel_48893,pixel_48894,pixel_48895,pixel_48896,pixel_48897,pixel_48898,pixel_48899,pixel_48900,pixel_48901,pixel_48902,pixel_48903,pixel_48904,pixel_48905,pixel_48906,pixel_48907,pixel_48908,pixel_48909,pixel_48910,pixel_48911,pixel_48912,pixel_48913,pixel_48914,pixel_48915,pixel_48916,pixel_48917,pixel_48918,pixel_48919,pixel_48920,pixel_48921,pixel_48922,pixel_48923,pixel_48924,pixel_48925,pixel_48926,pixel_48927,pixel_48928,pixel_48929,pixel_48930,pixel_48931,pixel_48932,pixel_48933,pixel_48934,pixel_48935,pixel_48936,pixel_48937,pixel_48938,pixel_48939,pixel_48940,pixel_48941,pixel_48942,pixel_48943,pixel_48944,pixel_48945,pixel_48946,pixel_48947,pixel_48948,pixel_48949,pixel_48950,pixel_48951,pixel_48952,pixel_48953,pixel_48954,pixel_48955,pixel_48956,pixel_48957,pixel_48958,pixel_48959,pixel_48960,pixel_48961,pixel_48962,pixel_48963,pixel_48964,pixel_48965,pixel_48966,pixel_48967,pixel_48968,pixel_48969,pixel_48970,pixel_48971,pixel_48972,pixel_48973,pixel_48974,pixel_48975,pixel_48976,pixel_48977,pixel_48978,pixel_48979,pixel_48980,pixel_48981,pixel_48982,pixel_48983,pixel_48984,pixel_48985,pixel_48986,pixel_48987,pixel_48988,pixel_48989,pixel_48990,pixel_48991,pixel_48992,pixel_48993,pixel_48994,pixel_48995,pixel_48996,pixel_48997,pixel_48998,pixel_48999,pixel_49000,pixel_49001,pixel_49002,pixel_49003,pixel_49004,pixel_49005,pixel_49006,pixel_49007,pixel_49008,pixel_49009,pixel_49010,pixel_49011,pixel_49012,pixel_49013,pixel_49014,pixel_49015,pixel_49016,pixel_49017,pixel_49018,pixel_49019,pixel_49020,pixel_49021,pixel_49022,pixel_49023,pixel_49024,pixel_49025,pixel_49026,pixel_49027,pixel_49028,pixel_49029,pixel_49030,pixel_49031,pixel_49032,pixel_49033,pixel_49034,pixel_49035,pixel_49036,pixel_49037,pixel_49038,pixel_49039,pixel_49040,pixel_49041,pixel_49042,pixel_49043,pixel_49044,pixel_49045,pixel_49046,pixel_49047,pixel_49048,pixel_49049,pixel_49050,pixel_49051,pixel_49052,pixel_49053,pixel_49054,pixel_49055,pixel_49056,pixel_49057,pixel_49058,pixel_49059,pixel_49060,pixel_49061,pixel_49062,pixel_49063,pixel_49064,pixel_49065,pixel_49066,pixel_49067,pixel_49068,pixel_49069,pixel_49070,pixel_49071,pixel_49072,pixel_49073,pixel_49074,pixel_49075,pixel_49076,pixel_49077,pixel_49078,pixel_49079,pixel_49080,pixel_49081,pixel_49082,pixel_49083,pixel_49084,pixel_49085,pixel_49086,pixel_49087,pixel_49088,pixel_49089,pixel_49090,pixel_49091,pixel_49092,pixel_49093,pixel_49094,pixel_49095,pixel_49096,pixel_49097,pixel_49098,pixel_49099,pixel_49100,pixel_49101,pixel_49102,pixel_49103,pixel_49104,pixel_49105,pixel_49106,pixel_49107,pixel_49108,pixel_49109,pixel_49110,pixel_49111,pixel_49112,pixel_49113,pixel_49114,pixel_49115,pixel_49116,pixel_49117,pixel_49118,pixel_49119,pixel_49120,pixel_49121,pixel_49122,pixel_49123,pixel_49124,pixel_49125,pixel_49126,pixel_49127,pixel_49128,pixel_49129,pixel_49130,pixel_49131,pixel_49132,pixel_49133,pixel_49134,pixel_49135,pixel_49136,pixel_49137,pixel_49138,pixel_49139,pixel_49140,pixel_49141,pixel_49142,pixel_49143,pixel_49144,pixel_49145,pixel_49146,pixel_49147,pixel_49148,pixel_49149,pixel_49150,pixel_49151,pixel_49152,pixel_49153,pixel_49154,pixel_49155,pixel_49156,pixel_49157,pixel_49158,pixel_49159,pixel_49160,pixel_49161,pixel_49162,pixel_49163,pixel_49164,pixel_49165,pixel_49166,pixel_49167,pixel_49168,pixel_49169,pixel_49170,pixel_49171,pixel_49172,pixel_49173,pixel_49174,pixel_49175,pixel_49176,pixel_49177,pixel_49178,pixel_49179,pixel_49180,pixel_49181,pixel_49182,pixel_49183,pixel_49184,pixel_49185,pixel_49186,pixel_49187,pixel_49188,pixel_49189,pixel_49190,pixel_49191,pixel_49192,pixel_49193,pixel_49194,pixel_49195,pixel_49196,pixel_49197,pixel_49198,pixel_49199,pixel_49200,pixel_49201,pixel_49202,pixel_49203,pixel_49204,pixel_49205,pixel_49206,pixel_49207,pixel_49208,pixel_49209,pixel_49210,pixel_49211,pixel_49212,pixel_49213,pixel_49214,pixel_49215,pixel_49216,pixel_49217,pixel_49218,pixel_49219,pixel_49220,pixel_49221,pixel_49222,pixel_49223,pixel_49224,pixel_49225,pixel_49226,pixel_49227,pixel_49228,pixel_49229,pixel_49230,pixel_49231,pixel_49232,pixel_49233,pixel_49234,pixel_49235,pixel_49236,pixel_49237,pixel_49238,pixel_49239,pixel_49240,pixel_49241,pixel_49242,pixel_49243,pixel_49244,pixel_49245,pixel_49246,pixel_49247,pixel_49248,pixel_49249,pixel_49250,pixel_49251,pixel_49252,pixel_49253,pixel_49254,pixel_49255,pixel_49256,pixel_49257,pixel_49258,pixel_49259,pixel_49260,pixel_49261,pixel_49262,pixel_49263,pixel_49264,pixel_49265,pixel_49266,pixel_49267,pixel_49268,pixel_49269,pixel_49270,pixel_49271,pixel_49272,pixel_49273,pixel_49274,pixel_49275,pixel_49276,pixel_49277,pixel_49278,pixel_49279,pixel_49280,pixel_49281,pixel_49282,pixel_49283,pixel_49284,pixel_49285,pixel_49286,pixel_49287,pixel_49288,pixel_49289,pixel_49290,pixel_49291,pixel_49292,pixel_49293,pixel_49294,pixel_49295,pixel_49296,pixel_49297,pixel_49298,pixel_49299,pixel_49300,pixel_49301,pixel_49302,pixel_49303,pixel_49304,pixel_49305,pixel_49306,pixel_49307,pixel_49308,pixel_49309,pixel_49310,pixel_49311,pixel_49312,pixel_49313,pixel_49314,pixel_49315,pixel_49316,pixel_49317,pixel_49318,pixel_49319,pixel_49320,pixel_49321,pixel_49322,pixel_49323,pixel_49324,pixel_49325,pixel_49326,pixel_49327,pixel_49328,pixel_49329,pixel_49330,pixel_49331,pixel_49332,pixel_49333,pixel_49334,pixel_49335,pixel_49336,pixel_49337,pixel_49338,pixel_49339,pixel_49340,pixel_49341,pixel_49342,pixel_49343,pixel_49344,pixel_49345,pixel_49346,pixel_49347,pixel_49348,pixel_49349,pixel_49350,pixel_49351,pixel_49352,pixel_49353,pixel_49354,pixel_49355,pixel_49356,pixel_49357,pixel_49358,pixel_49359,pixel_49360,pixel_49361,pixel_49362,pixel_49363,pixel_49364,pixel_49365,pixel_49366,pixel_49367,pixel_49368,pixel_49369,pixel_49370,pixel_49371,pixel_49372,pixel_49373,pixel_49374,pixel_49375,pixel_49376,pixel_49377,pixel_49378,pixel_49379,pixel_49380,pixel_49381,pixel_49382,pixel_49383,pixel_49384,pixel_49385,pixel_49386,pixel_49387,pixel_49388,pixel_49389,pixel_49390,pixel_49391,pixel_49392,pixel_49393,pixel_49394,pixel_49395,pixel_49396,pixel_49397,pixel_49398,pixel_49399,pixel_49400,pixel_49401,pixel_49402,pixel_49403,pixel_49404,pixel_49405,pixel_49406,pixel_49407,pixel_49408,pixel_49409,pixel_49410,pixel_49411,pixel_49412,pixel_49413,pixel_49414,pixel_49415,pixel_49416,pixel_49417,pixel_49418,pixel_49419,pixel_49420,pixel_49421,pixel_49422,pixel_49423,pixel_49424,pixel_49425,pixel_49426,pixel_49427,pixel_49428,pixel_49429,pixel_49430,pixel_49431,pixel_49432,pixel_49433,pixel_49434,pixel_49435,pixel_49436,pixel_49437,pixel_49438,pixel_49439,pixel_49440,pixel_49441,pixel_49442,pixel_49443,pixel_49444,pixel_49445,pixel_49446,pixel_49447,pixel_49448,pixel_49449,pixel_49450,pixel_49451,pixel_49452,pixel_49453,pixel_49454,pixel_49455,pixel_49456,pixel_49457,pixel_49458,pixel_49459,pixel_49460,pixel_49461,pixel_49462,pixel_49463,pixel_49464,pixel_49465,pixel_49466,pixel_49467,pixel_49468,pixel_49469,pixel_49470,pixel_49471,pixel_49472,pixel_49473,pixel_49474,pixel_49475,pixel_49476,pixel_49477,pixel_49478,pixel_49479,pixel_49480,pixel_49481,pixel_49482,pixel_49483,pixel_49484,pixel_49485,pixel_49486,pixel_49487,pixel_49488,pixel_49489,pixel_49490,pixel_49491,pixel_49492,pixel_49493,pixel_49494,pixel_49495,pixel_49496,pixel_49497,pixel_49498,pixel_49499,pixel_49500,pixel_49501,pixel_49502,pixel_49503,pixel_49504,pixel_49505,pixel_49506,pixel_49507,pixel_49508,pixel_49509,pixel_49510,pixel_49511,pixel_49512,pixel_49513,pixel_49514,pixel_49515,pixel_49516,pixel_49517,pixel_49518,pixel_49519,pixel_49520,pixel_49521,pixel_49522,pixel_49523,pixel_49524,pixel_49525,pixel_49526,pixel_49527,pixel_49528,pixel_49529,pixel_49530,pixel_49531,pixel_49532,pixel_49533,pixel_49534,pixel_49535,pixel_49536,pixel_49537,pixel_49538,pixel_49539,pixel_49540,pixel_49541,pixel_49542,pixel_49543,pixel_49544,pixel_49545,pixel_49546,pixel_49547,pixel_49548,pixel_49549,pixel_49550,pixel_49551,pixel_49552,pixel_49553,pixel_49554,pixel_49555,pixel_49556,pixel_49557,pixel_49558,pixel_49559,pixel_49560,pixel_49561,pixel_49562,pixel_49563,pixel_49564,pixel_49565,pixel_49566,pixel_49567,pixel_49568,pixel_49569,pixel_49570,pixel_49571,pixel_49572,pixel_49573,pixel_49574,pixel_49575,pixel_49576,pixel_49577,pixel_49578,pixel_49579,pixel_49580,pixel_49581,pixel_49582,pixel_49583,pixel_49584,pixel_49585,pixel_49586,pixel_49587,pixel_49588,pixel_49589,pixel_49590,pixel_49591,pixel_49592,pixel_49593,pixel_49594,pixel_49595,pixel_49596,pixel_49597,pixel_49598,pixel_49599,pixel_49600,pixel_49601,pixel_49602,pixel_49603,pixel_49604,pixel_49605,pixel_49606,pixel_49607,pixel_49608,pixel_49609,pixel_49610,pixel_49611,pixel_49612,pixel_49613,pixel_49614,pixel_49615,pixel_49616,pixel_49617,pixel_49618,pixel_49619,pixel_49620,pixel_49621,pixel_49622,pixel_49623,pixel_49624,pixel_49625,pixel_49626,pixel_49627,pixel_49628,pixel_49629,pixel_49630,pixel_49631,pixel_49632,pixel_49633,pixel_49634,pixel_49635,pixel_49636,pixel_49637,pixel_49638,pixel_49639,pixel_49640,pixel_49641,pixel_49642,pixel_49643,pixel_49644,pixel_49645,pixel_49646,pixel_49647,pixel_49648,pixel_49649,pixel_49650,pixel_49651,pixel_49652,pixel_49653,pixel_49654,pixel_49655,pixel_49656,pixel_49657,pixel_49658,pixel_49659,pixel_49660,pixel_49661,pixel_49662,pixel_49663,pixel_49664,pixel_49665,pixel_49666,pixel_49667,pixel_49668,pixel_49669,pixel_49670,pixel_49671,pixel_49672,pixel_49673,pixel_49674,pixel_49675,pixel_49676,pixel_49677,pixel_49678,pixel_49679,pixel_49680,pixel_49681,pixel_49682,pixel_49683,pixel_49684,pixel_49685,pixel_49686,pixel_49687,pixel_49688,pixel_49689,pixel_49690,pixel_49691,pixel_49692,pixel_49693,pixel_49694,pixel_49695,pixel_49696,pixel_49697,pixel_49698,pixel_49699,pixel_49700,pixel_49701,pixel_49702,pixel_49703,pixel_49704,pixel_49705,pixel_49706,pixel_49707,pixel_49708,pixel_49709,pixel_49710,pixel_49711,pixel_49712,pixel_49713,pixel_49714,pixel_49715,pixel_49716,pixel_49717,pixel_49718,pixel_49719,pixel_49720,pixel_49721,pixel_49722,pixel_49723,pixel_49724,pixel_49725,pixel_49726,pixel_49727,pixel_49728,pixel_49729,pixel_49730,pixel_49731,pixel_49732,pixel_49733,pixel_49734,pixel_49735,pixel_49736,pixel_49737,pixel_49738,pixel_49739,pixel_49740,pixel_49741,pixel_49742,pixel_49743,pixel_49744,pixel_49745,pixel_49746,pixel_49747,pixel_49748,pixel_49749,pixel_49750,pixel_49751,pixel_49752,pixel_49753,pixel_49754,pixel_49755,pixel_49756,pixel_49757,pixel_49758,pixel_49759,pixel_49760,pixel_49761,pixel_49762,pixel_49763,pixel_49764,pixel_49765,pixel_49766,pixel_49767,pixel_49768,pixel_49769,pixel_49770,pixel_49771,pixel_49772,pixel_49773,pixel_49774,pixel_49775,pixel_49776,pixel_49777,pixel_49778,pixel_49779,pixel_49780,pixel_49781,pixel_49782,pixel_49783,pixel_49784,pixel_49785,pixel_49786,pixel_49787,pixel_49788,pixel_49789,pixel_49790,pixel_49791,pixel_49792,pixel_49793,pixel_49794,pixel_49795,pixel_49796,pixel_49797,pixel_49798,pixel_49799,pixel_49800,pixel_49801,pixel_49802,pixel_49803,pixel_49804,pixel_49805,pixel_49806,pixel_49807,pixel_49808,pixel_49809,pixel_49810,pixel_49811,pixel_49812,pixel_49813,pixel_49814,pixel_49815,pixel_49816,pixel_49817,pixel_49818,pixel_49819,pixel_49820,pixel_49821,pixel_49822,pixel_49823,pixel_49824,pixel_49825,pixel_49826,pixel_49827,pixel_49828,pixel_49829,pixel_49830,pixel_49831,pixel_49832,pixel_49833,pixel_49834,pixel_49835,pixel_49836,pixel_49837,pixel_49838,pixel_49839,pixel_49840,pixel_49841,pixel_49842,pixel_49843,pixel_49844,pixel_49845,pixel_49846,pixel_49847,pixel_49848,pixel_49849,pixel_49850,pixel_49851,pixel_49852,pixel_49853,pixel_49854,pixel_49855,pixel_49856,pixel_49857,pixel_49858,pixel_49859,pixel_49860,pixel_49861,pixel_49862,pixel_49863,pixel_49864,pixel_49865,pixel_49866,pixel_49867,pixel_49868,pixel_49869,pixel_49870,pixel_49871,pixel_49872,pixel_49873,pixel_49874,pixel_49875,pixel_49876,pixel_49877,pixel_49878,pixel_49879,pixel_49880,pixel_49881,pixel_49882,pixel_49883,pixel_49884,pixel_49885,pixel_49886,pixel_49887,pixel_49888,pixel_49889,pixel_49890,pixel_49891,pixel_49892,pixel_49893,pixel_49894,pixel_49895,pixel_49896,pixel_49897,pixel_49898,pixel_49899,pixel_49900,pixel_49901,pixel_49902,pixel_49903,pixel_49904,pixel_49905,pixel_49906,pixel_49907,pixel_49908,pixel_49909,pixel_49910,pixel_49911,pixel_49912,pixel_49913,pixel_49914,pixel_49915,pixel_49916,pixel_49917,pixel_49918,pixel_49919,pixel_49920,pixel_49921,pixel_49922,pixel_49923,pixel_49924,pixel_49925,pixel_49926,pixel_49927,pixel_49928,pixel_49929,pixel_49930,pixel_49931,pixel_49932,pixel_49933,pixel_49934,pixel_49935,pixel_49936,pixel_49937,pixel_49938,pixel_49939,pixel_49940,pixel_49941,pixel_49942,pixel_49943,pixel_49944,pixel_49945,pixel_49946,pixel_49947,pixel_49948,pixel_49949,pixel_49950,pixel_49951,pixel_49952,pixel_49953,pixel_49954,pixel_49955,pixel_49956,pixel_49957,pixel_49958,pixel_49959,pixel_49960,pixel_49961,pixel_49962,pixel_49963,pixel_49964,pixel_49965,pixel_49966,pixel_49967,pixel_49968,pixel_49969,pixel_49970,pixel_49971,pixel_49972,pixel_49973,pixel_49974,pixel_49975,pixel_49976,pixel_49977,pixel_49978,pixel_49979,pixel_49980,pixel_49981,pixel_49982,pixel_49983,pixel_49984,pixel_49985,pixel_49986,pixel_49987,pixel_49988,pixel_49989,pixel_49990,pixel_49991,pixel_49992,pixel_49993,pixel_49994,pixel_49995,pixel_49996,pixel_49997,pixel_49998,pixel_49999,pixel_50000,pixel_50001,pixel_50002,pixel_50003,pixel_50004,pixel_50005,pixel_50006,pixel_50007,pixel_50008,pixel_50009,pixel_50010,pixel_50011,pixel_50012,pixel_50013,pixel_50014,pixel_50015,pixel_50016,pixel_50017,pixel_50018,pixel_50019,pixel_50020,pixel_50021,pixel_50022,pixel_50023,pixel_50024,pixel_50025,pixel_50026,pixel_50027,pixel_50028,pixel_50029,pixel_50030,pixel_50031,pixel_50032,pixel_50033,pixel_50034,pixel_50035,pixel_50036,pixel_50037,pixel_50038,pixel_50039,pixel_50040,pixel_50041,pixel_50042,pixel_50043,pixel_50044,pixel_50045,pixel_50046,pixel_50047,pixel_50048,pixel_50049,pixel_50050,pixel_50051,pixel_50052,pixel_50053,pixel_50054,pixel_50055,pixel_50056,pixel_50057,pixel_50058,pixel_50059,pixel_50060,pixel_50061,pixel_50062,pixel_50063,pixel_50064,pixel_50065,pixel_50066,pixel_50067,pixel_50068,pixel_50069,pixel_50070,pixel_50071,pixel_50072,pixel_50073,pixel_50074,pixel_50075,pixel_50076,pixel_50077,pixel_50078,pixel_50079,pixel_50080,pixel_50081,pixel_50082,pixel_50083,pixel_50084,pixel_50085,pixel_50086,pixel_50087,pixel_50088,pixel_50089,pixel_50090,pixel_50091,pixel_50092,pixel_50093,pixel_50094,pixel_50095,pixel_50096,pixel_50097,pixel_50098,pixel_50099,pixel_50100,pixel_50101,pixel_50102,pixel_50103,pixel_50104,pixel_50105,pixel_50106,pixel_50107,pixel_50108,pixel_50109,pixel_50110,pixel_50111,pixel_50112,pixel_50113,pixel_50114,pixel_50115,pixel_50116,pixel_50117,pixel_50118,pixel_50119,pixel_50120,pixel_50121,pixel_50122,pixel_50123,pixel_50124,pixel_50125,pixel_50126,pixel_50127,pixel_50128,pixel_50129,pixel_50130,pixel_50131,pixel_50132,pixel_50133,pixel_50134,pixel_50135,pixel_50136,pixel_50137,pixel_50138,pixel_50139,pixel_50140,pixel_50141,pixel_50142,pixel_50143,pixel_50144,pixel_50145,pixel_50146,pixel_50147,pixel_50148,pixel_50149,pixel_50150,pixel_50151,pixel_50152,pixel_50153,pixel_50154,pixel_50155,pixel_50156,pixel_50157,pixel_50158,pixel_50159,pixel_50160,pixel_50161,pixel_50162,pixel_50163,pixel_50164,pixel_50165,pixel_50166,pixel_50167,pixel_50168,pixel_50169,pixel_50170,pixel_50171,pixel_50172,pixel_50173,pixel_50174,pixel_50175,pixel_50176,pixel_50177,pixel_50178,pixel_50179,pixel_50180,pixel_50181,pixel_50182,pixel_50183,pixel_50184,pixel_50185,pixel_50186,pixel_50187,pixel_50188,pixel_50189,pixel_50190,pixel_50191,pixel_50192,pixel_50193,pixel_50194,pixel_50195,pixel_50196,pixel_50197,pixel_50198,pixel_50199,pixel_50200,pixel_50201,pixel_50202,pixel_50203,pixel_50204,pixel_50205,pixel_50206,pixel_50207,pixel_50208,pixel_50209,pixel_50210,pixel_50211,pixel_50212,pixel_50213,pixel_50214,pixel_50215,pixel_50216,pixel_50217,pixel_50218,pixel_50219,pixel_50220,pixel_50221,pixel_50222,pixel_50223,pixel_50224,pixel_50225,pixel_50226,pixel_50227,pixel_50228,pixel_50229,pixel_50230,pixel_50231,pixel_50232,pixel_50233,pixel_50234,pixel_50235,pixel_50236,pixel_50237,pixel_50238,pixel_50239,pixel_50240,pixel_50241,pixel_50242,pixel_50243,pixel_50244,pixel_50245,pixel_50246,pixel_50247,pixel_50248,pixel_50249,pixel_50250,pixel_50251,pixel_50252,pixel_50253,pixel_50254,pixel_50255,pixel_50256,pixel_50257,pixel_50258,pixel_50259,pixel_50260,pixel_50261,pixel_50262,pixel_50263,pixel_50264,pixel_50265,pixel_50266,pixel_50267,pixel_50268,pixel_50269,pixel_50270,pixel_50271,pixel_50272,pixel_50273,pixel_50274,pixel_50275,pixel_50276,pixel_50277,pixel_50278,pixel_50279,pixel_50280,pixel_50281,pixel_50282,pixel_50283,pixel_50284,pixel_50285,pixel_50286,pixel_50287,pixel_50288,pixel_50289,pixel_50290,pixel_50291,pixel_50292,pixel_50293,pixel_50294,pixel_50295,pixel_50296,pixel_50297,pixel_50298,pixel_50299,pixel_50300,pixel_50301,pixel_50302,pixel_50303,pixel_50304,pixel_50305,pixel_50306,pixel_50307,pixel_50308,pixel_50309,pixel_50310,pixel_50311,pixel_50312,pixel_50313,pixel_50314,pixel_50315,pixel_50316,pixel_50317,pixel_50318,pixel_50319,pixel_50320,pixel_50321,pixel_50322,pixel_50323,pixel_50324,pixel_50325,pixel_50326,pixel_50327,pixel_50328,pixel_50329,pixel_50330,pixel_50331,pixel_50332,pixel_50333,pixel_50334,pixel_50335,pixel_50336,pixel_50337,pixel_50338,pixel_50339,pixel_50340,pixel_50341,pixel_50342,pixel_50343,pixel_50344,pixel_50345,pixel_50346,pixel_50347,pixel_50348,pixel_50349,pixel_50350,pixel_50351,pixel_50352,pixel_50353,pixel_50354,pixel_50355,pixel_50356,pixel_50357,pixel_50358,pixel_50359,pixel_50360,pixel_50361,pixel_50362,pixel_50363,pixel_50364,pixel_50365,pixel_50366,pixel_50367,pixel_50368,pixel_50369,pixel_50370,pixel_50371,pixel_50372,pixel_50373,pixel_50374,pixel_50375,pixel_50376,pixel_50377,pixel_50378,pixel_50379,pixel_50380,pixel_50381,pixel_50382,pixel_50383,pixel_50384,pixel_50385,pixel_50386,pixel_50387,pixel_50388,pixel_50389,pixel_50390,pixel_50391,pixel_50392,pixel_50393,pixel_50394,pixel_50395,pixel_50396,pixel_50397,pixel_50398,pixel_50399,pixel_50400,pixel_50401,pixel_50402,pixel_50403,pixel_50404,pixel_50405,pixel_50406,pixel_50407,pixel_50408,pixel_50409,pixel_50410,pixel_50411,pixel_50412,pixel_50413,pixel_50414,pixel_50415,pixel_50416,pixel_50417,pixel_50418,pixel_50419,pixel_50420,pixel_50421,pixel_50422,pixel_50423,pixel_50424,pixel_50425,pixel_50426,pixel_50427,pixel_50428,pixel_50429,pixel_50430,pixel_50431,pixel_50432,pixel_50433,pixel_50434,pixel_50435,pixel_50436,pixel_50437,pixel_50438,pixel_50439,pixel_50440,pixel_50441,pixel_50442,pixel_50443,pixel_50444,pixel_50445,pixel_50446,pixel_50447,pixel_50448,pixel_50449,pixel_50450,pixel_50451,pixel_50452,pixel_50453,pixel_50454,pixel_50455,pixel_50456,pixel_50457,pixel_50458,pixel_50459,pixel_50460,pixel_50461,pixel_50462,pixel_50463,pixel_50464,pixel_50465,pixel_50466,pixel_50467,pixel_50468,pixel_50469,pixel_50470,pixel_50471,pixel_50472,pixel_50473,pixel_50474,pixel_50475,pixel_50476,pixel_50477,pixel_50478,pixel_50479,pixel_50480,pixel_50481,pixel_50482,pixel_50483,pixel_50484,pixel_50485,pixel_50486,pixel_50487,pixel_50488,pixel_50489,pixel_50490,pixel_50491,pixel_50492,pixel_50493,pixel_50494,pixel_50495,pixel_50496,pixel_50497,pixel_50498,pixel_50499,pixel_50500,pixel_50501,pixel_50502,pixel_50503,pixel_50504,pixel_50505,pixel_50506,pixel_50507,pixel_50508,pixel_50509,pixel_50510,pixel_50511,pixel_50512,pixel_50513,pixel_50514,pixel_50515,pixel_50516,pixel_50517,pixel_50518,pixel_50519,pixel_50520,pixel_50521,pixel_50522,pixel_50523,pixel_50524,pixel_50525,pixel_50526,pixel_50527,pixel_50528,pixel_50529,pixel_50530,pixel_50531,pixel_50532,pixel_50533,pixel_50534,pixel_50535,pixel_50536,pixel_50537,pixel_50538,pixel_50539,pixel_50540,pixel_50541,pixel_50542,pixel_50543,pixel_50544,pixel_50545,pixel_50546,pixel_50547,pixel_50548,pixel_50549,pixel_50550,pixel_50551,pixel_50552,pixel_50553,pixel_50554,pixel_50555,pixel_50556,pixel_50557,pixel_50558,pixel_50559,pixel_50560,pixel_50561,pixel_50562,pixel_50563,pixel_50564,pixel_50565,pixel_50566,pixel_50567,pixel_50568,pixel_50569,pixel_50570,pixel_50571,pixel_50572,pixel_50573,pixel_50574,pixel_50575,pixel_50576,pixel_50577,pixel_50578,pixel_50579,pixel_50580,pixel_50581,pixel_50582,pixel_50583,pixel_50584,pixel_50585,pixel_50586,pixel_50587,pixel_50588,pixel_50589,pixel_50590,pixel_50591,pixel_50592,pixel_50593,pixel_50594,pixel_50595,pixel_50596,pixel_50597,pixel_50598,pixel_50599,pixel_50600,pixel_50601,pixel_50602,pixel_50603,pixel_50604,pixel_50605,pixel_50606,pixel_50607,pixel_50608,pixel_50609,pixel_50610,pixel_50611,pixel_50612,pixel_50613,pixel_50614,pixel_50615,pixel_50616,pixel_50617,pixel_50618,pixel_50619,pixel_50620,pixel_50621,pixel_50622,pixel_50623,pixel_50624,pixel_50625,pixel_50626,pixel_50627,pixel_50628,pixel_50629,pixel_50630,pixel_50631,pixel_50632,pixel_50633,pixel_50634,pixel_50635,pixel_50636,pixel_50637,pixel_50638,pixel_50639,pixel_50640,pixel_50641,pixel_50642,pixel_50643,pixel_50644,pixel_50645,pixel_50646,pixel_50647,pixel_50648,pixel_50649,pixel_50650,pixel_50651,pixel_50652,pixel_50653,pixel_50654,pixel_50655,pixel_50656,pixel_50657,pixel_50658,pixel_50659,pixel_50660,pixel_50661,pixel_50662,pixel_50663,pixel_50664,pixel_50665,pixel_50666,pixel_50667,pixel_50668,pixel_50669,pixel_50670,pixel_50671,pixel_50672,pixel_50673,pixel_50674,pixel_50675,pixel_50676,pixel_50677,pixel_50678,pixel_50679,pixel_50680,pixel_50681,pixel_50682,pixel_50683,pixel_50684,pixel_50685,pixel_50686,pixel_50687,pixel_50688,pixel_50689,pixel_50690,pixel_50691,pixel_50692,pixel_50693,pixel_50694,pixel_50695,pixel_50696,pixel_50697,pixel_50698,pixel_50699,pixel_50700,pixel_50701,pixel_50702,pixel_50703,pixel_50704,pixel_50705,pixel_50706,pixel_50707,pixel_50708,pixel_50709,pixel_50710,pixel_50711,pixel_50712,pixel_50713,pixel_50714,pixel_50715,pixel_50716,pixel_50717,pixel_50718,pixel_50719,pixel_50720,pixel_50721,pixel_50722,pixel_50723,pixel_50724,pixel_50725,pixel_50726,pixel_50727,pixel_50728,pixel_50729,pixel_50730,pixel_50731,pixel_50732,pixel_50733,pixel_50734,pixel_50735,pixel_50736,pixel_50737,pixel_50738,pixel_50739,pixel_50740,pixel_50741,pixel_50742,pixel_50743,pixel_50744,pixel_50745,pixel_50746,pixel_50747,pixel_50748,pixel_50749,pixel_50750,pixel_50751,pixel_50752,pixel_50753,pixel_50754,pixel_50755,pixel_50756,pixel_50757,pixel_50758,pixel_50759,pixel_50760,pixel_50761,pixel_50762,pixel_50763,pixel_50764,pixel_50765,pixel_50766,pixel_50767,pixel_50768,pixel_50769,pixel_50770,pixel_50771,pixel_50772,pixel_50773,pixel_50774,pixel_50775,pixel_50776,pixel_50777,pixel_50778,pixel_50779,pixel_50780,pixel_50781,pixel_50782,pixel_50783,pixel_50784,pixel_50785,pixel_50786,pixel_50787,pixel_50788,pixel_50789,pixel_50790,pixel_50791,pixel_50792,pixel_50793,pixel_50794,pixel_50795,pixel_50796,pixel_50797,pixel_50798,pixel_50799,pixel_50800,pixel_50801,pixel_50802,pixel_50803,pixel_50804,pixel_50805,pixel_50806,pixel_50807,pixel_50808,pixel_50809,pixel_50810,pixel_50811,pixel_50812,pixel_50813,pixel_50814,pixel_50815,pixel_50816,pixel_50817,pixel_50818,pixel_50819,pixel_50820,pixel_50821,pixel_50822,pixel_50823,pixel_50824,pixel_50825,pixel_50826,pixel_50827,pixel_50828,pixel_50829,pixel_50830,pixel_50831,pixel_50832,pixel_50833,pixel_50834,pixel_50835,pixel_50836,pixel_50837,pixel_50838,pixel_50839,pixel_50840,pixel_50841,pixel_50842,pixel_50843,pixel_50844,pixel_50845,pixel_50846,pixel_50847,pixel_50848,pixel_50849,pixel_50850,pixel_50851,pixel_50852,pixel_50853,pixel_50854,pixel_50855,pixel_50856,pixel_50857,pixel_50858,pixel_50859,pixel_50860,pixel_50861,pixel_50862,pixel_50863,pixel_50864,pixel_50865,pixel_50866,pixel_50867,pixel_50868,pixel_50869,pixel_50870,pixel_50871,pixel_50872,pixel_50873,pixel_50874,pixel_50875,pixel_50876,pixel_50877,pixel_50878,pixel_50879,pixel_50880,pixel_50881,pixel_50882,pixel_50883,pixel_50884,pixel_50885,pixel_50886,pixel_50887,pixel_50888,pixel_50889,pixel_50890,pixel_50891,pixel_50892,pixel_50893,pixel_50894,pixel_50895,pixel_50896,pixel_50897,pixel_50898,pixel_50899,pixel_50900,pixel_50901,pixel_50902,pixel_50903,pixel_50904,pixel_50905,pixel_50906,pixel_50907,pixel_50908,pixel_50909,pixel_50910,pixel_50911,pixel_50912,pixel_50913,pixel_50914,pixel_50915,pixel_50916,pixel_50917,pixel_50918,pixel_50919,pixel_50920,pixel_50921,pixel_50922,pixel_50923,pixel_50924,pixel_50925,pixel_50926,pixel_50927,pixel_50928,pixel_50929,pixel_50930,pixel_50931,pixel_50932,pixel_50933,pixel_50934,pixel_50935,pixel_50936,pixel_50937,pixel_50938,pixel_50939,pixel_50940,pixel_50941,pixel_50942,pixel_50943,pixel_50944,pixel_50945,pixel_50946,pixel_50947,pixel_50948,pixel_50949,pixel_50950,pixel_50951,pixel_50952,pixel_50953,pixel_50954,pixel_50955,pixel_50956,pixel_50957,pixel_50958,pixel_50959,pixel_50960,pixel_50961,pixel_50962,pixel_50963,pixel_50964,pixel_50965,pixel_50966,pixel_50967,pixel_50968,pixel_50969,pixel_50970,pixel_50971,pixel_50972,pixel_50973,pixel_50974,pixel_50975,pixel_50976,pixel_50977,pixel_50978,pixel_50979,pixel_50980,pixel_50981,pixel_50982,pixel_50983,pixel_50984,pixel_50985,pixel_50986,pixel_50987,pixel_50988,pixel_50989,pixel_50990,pixel_50991,pixel_50992,pixel_50993,pixel_50994,pixel_50995,pixel_50996,pixel_50997,pixel_50998,pixel_50999,pixel_51000,pixel_51001,pixel_51002,pixel_51003,pixel_51004,pixel_51005,pixel_51006,pixel_51007,pixel_51008,pixel_51009,pixel_51010,pixel_51011,pixel_51012,pixel_51013,pixel_51014,pixel_51015,pixel_51016,pixel_51017,pixel_51018,pixel_51019,pixel_51020,pixel_51021,pixel_51022,pixel_51023,pixel_51024,pixel_51025,pixel_51026,pixel_51027,pixel_51028,pixel_51029,pixel_51030,pixel_51031,pixel_51032,pixel_51033,pixel_51034,pixel_51035,pixel_51036,pixel_51037,pixel_51038,pixel_51039,pixel_51040,pixel_51041,pixel_51042,pixel_51043,pixel_51044,pixel_51045,pixel_51046,pixel_51047,pixel_51048,pixel_51049,pixel_51050,pixel_51051,pixel_51052,pixel_51053,pixel_51054,pixel_51055,pixel_51056,pixel_51057,pixel_51058,pixel_51059,pixel_51060,pixel_51061,pixel_51062,pixel_51063,pixel_51064,pixel_51065,pixel_51066,pixel_51067,pixel_51068,pixel_51069,pixel_51070,pixel_51071,pixel_51072,pixel_51073,pixel_51074,pixel_51075,pixel_51076,pixel_51077,pixel_51078,pixel_51079,pixel_51080,pixel_51081,pixel_51082,pixel_51083,pixel_51084,pixel_51085,pixel_51086,pixel_51087,pixel_51088,pixel_51089,pixel_51090,pixel_51091,pixel_51092,pixel_51093,pixel_51094,pixel_51095,pixel_51096,pixel_51097,pixel_51098,pixel_51099,pixel_51100,pixel_51101,pixel_51102,pixel_51103,pixel_51104,pixel_51105,pixel_51106,pixel_51107,pixel_51108,pixel_51109,pixel_51110,pixel_51111,pixel_51112,pixel_51113,pixel_51114,pixel_51115,pixel_51116,pixel_51117,pixel_51118,pixel_51119,pixel_51120,pixel_51121,pixel_51122,pixel_51123,pixel_51124,pixel_51125,pixel_51126,pixel_51127,pixel_51128,pixel_51129,pixel_51130,pixel_51131,pixel_51132,pixel_51133,pixel_51134,pixel_51135,pixel_51136,pixel_51137,pixel_51138,pixel_51139,pixel_51140,pixel_51141,pixel_51142,pixel_51143,pixel_51144,pixel_51145,pixel_51146,pixel_51147,pixel_51148,pixel_51149,pixel_51150,pixel_51151,pixel_51152,pixel_51153,pixel_51154,pixel_51155,pixel_51156,pixel_51157,pixel_51158,pixel_51159,pixel_51160,pixel_51161,pixel_51162,pixel_51163,pixel_51164,pixel_51165,pixel_51166,pixel_51167,pixel_51168,pixel_51169,pixel_51170,pixel_51171,pixel_51172,pixel_51173,pixel_51174,pixel_51175,pixel_51176,pixel_51177,pixel_51178,pixel_51179,pixel_51180,pixel_51181,pixel_51182,pixel_51183,pixel_51184,pixel_51185,pixel_51186,pixel_51187,pixel_51188,pixel_51189,pixel_51190,pixel_51191,pixel_51192,pixel_51193,pixel_51194,pixel_51195,pixel_51196,pixel_51197,pixel_51198,pixel_51199,pixel_51200,pixel_51201,pixel_51202,pixel_51203,pixel_51204,pixel_51205,pixel_51206,pixel_51207,pixel_51208,pixel_51209,pixel_51210,pixel_51211,pixel_51212,pixel_51213,pixel_51214,pixel_51215,pixel_51216,pixel_51217,pixel_51218,pixel_51219,pixel_51220,pixel_51221,pixel_51222,pixel_51223,pixel_51224,pixel_51225,pixel_51226,pixel_51227,pixel_51228,pixel_51229,pixel_51230,pixel_51231,pixel_51232,pixel_51233,pixel_51234,pixel_51235,pixel_51236,pixel_51237,pixel_51238,pixel_51239,pixel_51240,pixel_51241,pixel_51242,pixel_51243,pixel_51244,pixel_51245,pixel_51246,pixel_51247,pixel_51248,pixel_51249,pixel_51250,pixel_51251,pixel_51252,pixel_51253,pixel_51254,pixel_51255,pixel_51256,pixel_51257,pixel_51258,pixel_51259,pixel_51260,pixel_51261,pixel_51262,pixel_51263,pixel_51264,pixel_51265,pixel_51266,pixel_51267,pixel_51268,pixel_51269,pixel_51270,pixel_51271,pixel_51272,pixel_51273,pixel_51274,pixel_51275,pixel_51276,pixel_51277,pixel_51278,pixel_51279,pixel_51280,pixel_51281,pixel_51282,pixel_51283,pixel_51284,pixel_51285,pixel_51286,pixel_51287,pixel_51288,pixel_51289,pixel_51290,pixel_51291,pixel_51292,pixel_51293,pixel_51294,pixel_51295,pixel_51296,pixel_51297,pixel_51298,pixel_51299,pixel_51300,pixel_51301,pixel_51302,pixel_51303,pixel_51304,pixel_51305,pixel_51306,pixel_51307,pixel_51308,pixel_51309,pixel_51310,pixel_51311,pixel_51312,pixel_51313,pixel_51314,pixel_51315,pixel_51316,pixel_51317,pixel_51318,pixel_51319,pixel_51320,pixel_51321,pixel_51322,pixel_51323,pixel_51324,pixel_51325,pixel_51326,pixel_51327,pixel_51328,pixel_51329,pixel_51330,pixel_51331,pixel_51332,pixel_51333,pixel_51334,pixel_51335,pixel_51336,pixel_51337,pixel_51338,pixel_51339,pixel_51340,pixel_51341,pixel_51342,pixel_51343,pixel_51344,pixel_51345,pixel_51346,pixel_51347,pixel_51348,pixel_51349,pixel_51350,pixel_51351,pixel_51352,pixel_51353,pixel_51354,pixel_51355,pixel_51356,pixel_51357,pixel_51358,pixel_51359,pixel_51360,pixel_51361,pixel_51362,pixel_51363,pixel_51364,pixel_51365,pixel_51366,pixel_51367,pixel_51368,pixel_51369,pixel_51370,pixel_51371,pixel_51372,pixel_51373,pixel_51374,pixel_51375,pixel_51376,pixel_51377,pixel_51378,pixel_51379,pixel_51380,pixel_51381,pixel_51382,pixel_51383,pixel_51384,pixel_51385,pixel_51386,pixel_51387,pixel_51388,pixel_51389,pixel_51390,pixel_51391,pixel_51392,pixel_51393,pixel_51394,pixel_51395,pixel_51396,pixel_51397,pixel_51398,pixel_51399,pixel_51400,pixel_51401,pixel_51402,pixel_51403,pixel_51404,pixel_51405,pixel_51406,pixel_51407,pixel_51408,pixel_51409,pixel_51410,pixel_51411,pixel_51412,pixel_51413,pixel_51414,pixel_51415,pixel_51416,pixel_51417,pixel_51418,pixel_51419,pixel_51420,pixel_51421,pixel_51422,pixel_51423,pixel_51424,pixel_51425,pixel_51426,pixel_51427,pixel_51428,pixel_51429,pixel_51430,pixel_51431,pixel_51432,pixel_51433,pixel_51434,pixel_51435,pixel_51436,pixel_51437,pixel_51438,pixel_51439,pixel_51440,pixel_51441,pixel_51442,pixel_51443,pixel_51444,pixel_51445,pixel_51446,pixel_51447,pixel_51448,pixel_51449,pixel_51450,pixel_51451,pixel_51452,pixel_51453,pixel_51454,pixel_51455,pixel_51456,pixel_51457,pixel_51458,pixel_51459,pixel_51460,pixel_51461,pixel_51462,pixel_51463,pixel_51464,pixel_51465,pixel_51466,pixel_51467,pixel_51468,pixel_51469,pixel_51470,pixel_51471,pixel_51472,pixel_51473,pixel_51474,pixel_51475,pixel_51476,pixel_51477,pixel_51478,pixel_51479,pixel_51480,pixel_51481,pixel_51482,pixel_51483,pixel_51484,pixel_51485,pixel_51486,pixel_51487,pixel_51488,pixel_51489,pixel_51490,pixel_51491,pixel_51492,pixel_51493,pixel_51494,pixel_51495,pixel_51496,pixel_51497,pixel_51498,pixel_51499,pixel_51500,pixel_51501,pixel_51502,pixel_51503,pixel_51504,pixel_51505,pixel_51506,pixel_51507,pixel_51508,pixel_51509,pixel_51510,pixel_51511,pixel_51512,pixel_51513,pixel_51514,pixel_51515,pixel_51516,pixel_51517,pixel_51518,pixel_51519,pixel_51520,pixel_51521,pixel_51522,pixel_51523,pixel_51524,pixel_51525,pixel_51526,pixel_51527,pixel_51528,pixel_51529,pixel_51530,pixel_51531,pixel_51532,pixel_51533,pixel_51534,pixel_51535,pixel_51536,pixel_51537,pixel_51538,pixel_51539,pixel_51540,pixel_51541,pixel_51542,pixel_51543,pixel_51544,pixel_51545,pixel_51546,pixel_51547,pixel_51548,pixel_51549,pixel_51550,pixel_51551,pixel_51552,pixel_51553,pixel_51554,pixel_51555,pixel_51556,pixel_51557,pixel_51558,pixel_51559,pixel_51560,pixel_51561,pixel_51562,pixel_51563,pixel_51564,pixel_51565,pixel_51566,pixel_51567,pixel_51568,pixel_51569,pixel_51570,pixel_51571,pixel_51572,pixel_51573,pixel_51574,pixel_51575,pixel_51576,pixel_51577,pixel_51578,pixel_51579,pixel_51580,pixel_51581,pixel_51582,pixel_51583,pixel_51584,pixel_51585,pixel_51586,pixel_51587,pixel_51588,pixel_51589,pixel_51590,pixel_51591,pixel_51592,pixel_51593,pixel_51594,pixel_51595,pixel_51596,pixel_51597,pixel_51598,pixel_51599,pixel_51600,pixel_51601,pixel_51602,pixel_51603,pixel_51604,pixel_51605,pixel_51606,pixel_51607,pixel_51608,pixel_51609,pixel_51610,pixel_51611,pixel_51612,pixel_51613,pixel_51614,pixel_51615,pixel_51616,pixel_51617,pixel_51618,pixel_51619,pixel_51620,pixel_51621,pixel_51622,pixel_51623,pixel_51624,pixel_51625,pixel_51626,pixel_51627,pixel_51628,pixel_51629,pixel_51630,pixel_51631,pixel_51632,pixel_51633,pixel_51634,pixel_51635,pixel_51636,pixel_51637,pixel_51638,pixel_51639,pixel_51640,pixel_51641,pixel_51642,pixel_51643,pixel_51644,pixel_51645,pixel_51646,pixel_51647,pixel_51648,pixel_51649,pixel_51650,pixel_51651,pixel_51652,pixel_51653,pixel_51654,pixel_51655,pixel_51656,pixel_51657,pixel_51658,pixel_51659,pixel_51660,pixel_51661,pixel_51662,pixel_51663,pixel_51664,pixel_51665,pixel_51666,pixel_51667,pixel_51668,pixel_51669,pixel_51670,pixel_51671,pixel_51672,pixel_51673,pixel_51674,pixel_51675,pixel_51676,pixel_51677,pixel_51678,pixel_51679,pixel_51680,pixel_51681,pixel_51682,pixel_51683,pixel_51684,pixel_51685,pixel_51686,pixel_51687,pixel_51688,pixel_51689,pixel_51690,pixel_51691,pixel_51692,pixel_51693,pixel_51694,pixel_51695,pixel_51696,pixel_51697,pixel_51698,pixel_51699,pixel_51700,pixel_51701,pixel_51702,pixel_51703,pixel_51704,pixel_51705,pixel_51706,pixel_51707,pixel_51708,pixel_51709,pixel_51710,pixel_51711,pixel_51712,pixel_51713,pixel_51714,pixel_51715,pixel_51716,pixel_51717,pixel_51718,pixel_51719,pixel_51720,pixel_51721,pixel_51722,pixel_51723,pixel_51724,pixel_51725,pixel_51726,pixel_51727,pixel_51728,pixel_51729,pixel_51730,pixel_51731,pixel_51732,pixel_51733,pixel_51734,pixel_51735,pixel_51736,pixel_51737,pixel_51738,pixel_51739,pixel_51740,pixel_51741,pixel_51742,pixel_51743,pixel_51744,pixel_51745,pixel_51746,pixel_51747,pixel_51748,pixel_51749,pixel_51750,pixel_51751,pixel_51752,pixel_51753,pixel_51754,pixel_51755,pixel_51756,pixel_51757,pixel_51758,pixel_51759,pixel_51760,pixel_51761,pixel_51762,pixel_51763,pixel_51764,pixel_51765,pixel_51766,pixel_51767,pixel_51768,pixel_51769,pixel_51770,pixel_51771,pixel_51772,pixel_51773,pixel_51774,pixel_51775,pixel_51776,pixel_51777,pixel_51778,pixel_51779,pixel_51780,pixel_51781,pixel_51782,pixel_51783,pixel_51784,pixel_51785,pixel_51786,pixel_51787,pixel_51788,pixel_51789,pixel_51790,pixel_51791,pixel_51792,pixel_51793,pixel_51794,pixel_51795,pixel_51796,pixel_51797,pixel_51798,pixel_51799,pixel_51800,pixel_51801,pixel_51802,pixel_51803,pixel_51804,pixel_51805,pixel_51806,pixel_51807,pixel_51808,pixel_51809,pixel_51810,pixel_51811,pixel_51812,pixel_51813,pixel_51814,pixel_51815,pixel_51816,pixel_51817,pixel_51818,pixel_51819,pixel_51820,pixel_51821,pixel_51822,pixel_51823,pixel_51824,pixel_51825,pixel_51826,pixel_51827,pixel_51828,pixel_51829,pixel_51830,pixel_51831,pixel_51832,pixel_51833,pixel_51834,pixel_51835,pixel_51836,pixel_51837,pixel_51838,pixel_51839,pixel_51840,pixel_51841,pixel_51842,pixel_51843,pixel_51844,pixel_51845,pixel_51846,pixel_51847,pixel_51848,pixel_51849,pixel_51850,pixel_51851,pixel_51852,pixel_51853,pixel_51854,pixel_51855,pixel_51856,pixel_51857,pixel_51858,pixel_51859,pixel_51860,pixel_51861,pixel_51862,pixel_51863,pixel_51864,pixel_51865,pixel_51866,pixel_51867,pixel_51868,pixel_51869,pixel_51870,pixel_51871,pixel_51872,pixel_51873,pixel_51874,pixel_51875,pixel_51876,pixel_51877,pixel_51878,pixel_51879,pixel_51880,pixel_51881,pixel_51882,pixel_51883,pixel_51884,pixel_51885,pixel_51886,pixel_51887,pixel_51888,pixel_51889,pixel_51890,pixel_51891,pixel_51892,pixel_51893,pixel_51894,pixel_51895,pixel_51896,pixel_51897,pixel_51898,pixel_51899,pixel_51900,pixel_51901,pixel_51902,pixel_51903,pixel_51904,pixel_51905,pixel_51906,pixel_51907,pixel_51908,pixel_51909,pixel_51910,pixel_51911,pixel_51912,pixel_51913,pixel_51914,pixel_51915,pixel_51916,pixel_51917,pixel_51918,pixel_51919,pixel_51920,pixel_51921,pixel_51922,pixel_51923,pixel_51924,pixel_51925,pixel_51926,pixel_51927,pixel_51928,pixel_51929,pixel_51930,pixel_51931,pixel_51932,pixel_51933,pixel_51934,pixel_51935,pixel_51936,pixel_51937,pixel_51938,pixel_51939,pixel_51940,pixel_51941,pixel_51942,pixel_51943,pixel_51944,pixel_51945,pixel_51946,pixel_51947,pixel_51948,pixel_51949,pixel_51950,pixel_51951,pixel_51952,pixel_51953,pixel_51954,pixel_51955,pixel_51956,pixel_51957,pixel_51958,pixel_51959,pixel_51960,pixel_51961,pixel_51962,pixel_51963,pixel_51964,pixel_51965,pixel_51966,pixel_51967,pixel_51968,pixel_51969,pixel_51970,pixel_51971,pixel_51972,pixel_51973,pixel_51974,pixel_51975,pixel_51976,pixel_51977,pixel_51978,pixel_51979,pixel_51980,pixel_51981,pixel_51982,pixel_51983,pixel_51984,pixel_51985,pixel_51986,pixel_51987,pixel_51988,pixel_51989,pixel_51990,pixel_51991,pixel_51992,pixel_51993,pixel_51994,pixel_51995,pixel_51996,pixel_51997,pixel_51998,pixel_51999,pixel_52000,pixel_52001,pixel_52002,pixel_52003,pixel_52004,pixel_52005,pixel_52006,pixel_52007,pixel_52008,pixel_52009,pixel_52010,pixel_52011,pixel_52012,pixel_52013,pixel_52014,pixel_52015,pixel_52016,pixel_52017,pixel_52018,pixel_52019,pixel_52020,pixel_52021,pixel_52022,pixel_52023,pixel_52024,pixel_52025,pixel_52026,pixel_52027,pixel_52028,pixel_52029,pixel_52030,pixel_52031,pixel_52032,pixel_52033,pixel_52034,pixel_52035,pixel_52036,pixel_52037,pixel_52038,pixel_52039,pixel_52040,pixel_52041,pixel_52042,pixel_52043,pixel_52044,pixel_52045,pixel_52046,pixel_52047,pixel_52048,pixel_52049,pixel_52050,pixel_52051,pixel_52052,pixel_52053,pixel_52054,pixel_52055,pixel_52056,pixel_52057,pixel_52058,pixel_52059,pixel_52060,pixel_52061,pixel_52062,pixel_52063,pixel_52064,pixel_52065,pixel_52066,pixel_52067,pixel_52068,pixel_52069,pixel_52070,pixel_52071,pixel_52072,pixel_52073,pixel_52074,pixel_52075,pixel_52076,pixel_52077,pixel_52078,pixel_52079,pixel_52080,pixel_52081,pixel_52082,pixel_52083,pixel_52084,pixel_52085,pixel_52086,pixel_52087,pixel_52088,pixel_52089,pixel_52090,pixel_52091,pixel_52092,pixel_52093,pixel_52094,pixel_52095,pixel_52096,pixel_52097,pixel_52098,pixel_52099,pixel_52100,pixel_52101,pixel_52102,pixel_52103,pixel_52104,pixel_52105,pixel_52106,pixel_52107,pixel_52108,pixel_52109,pixel_52110,pixel_52111,pixel_52112,pixel_52113,pixel_52114,pixel_52115,pixel_52116,pixel_52117,pixel_52118,pixel_52119,pixel_52120,pixel_52121,pixel_52122,pixel_52123,pixel_52124,pixel_52125,pixel_52126,pixel_52127,pixel_52128,pixel_52129,pixel_52130,pixel_52131,pixel_52132,pixel_52133,pixel_52134,pixel_52135,pixel_52136,pixel_52137,pixel_52138,pixel_52139,pixel_52140,pixel_52141,pixel_52142,pixel_52143,pixel_52144,pixel_52145,pixel_52146,pixel_52147,pixel_52148,pixel_52149,pixel_52150,pixel_52151,pixel_52152,pixel_52153,pixel_52154,pixel_52155,pixel_52156,pixel_52157,pixel_52158,pixel_52159,pixel_52160,pixel_52161,pixel_52162,pixel_52163,pixel_52164,pixel_52165,pixel_52166,pixel_52167,pixel_52168,pixel_52169,pixel_52170,pixel_52171,pixel_52172,pixel_52173,pixel_52174,pixel_52175,pixel_52176,pixel_52177,pixel_52178,pixel_52179,pixel_52180,pixel_52181,pixel_52182,pixel_52183,pixel_52184,pixel_52185,pixel_52186,pixel_52187,pixel_52188,pixel_52189,pixel_52190,pixel_52191,pixel_52192,pixel_52193,pixel_52194,pixel_52195,pixel_52196,pixel_52197,pixel_52198,pixel_52199,pixel_52200,pixel_52201,pixel_52202,pixel_52203,pixel_52204,pixel_52205,pixel_52206,pixel_52207,pixel_52208,pixel_52209,pixel_52210,pixel_52211,pixel_52212,pixel_52213,pixel_52214,pixel_52215,pixel_52216,pixel_52217,pixel_52218,pixel_52219,pixel_52220,pixel_52221,pixel_52222,pixel_52223,pixel_52224,pixel_52225,pixel_52226,pixel_52227,pixel_52228,pixel_52229,pixel_52230,pixel_52231,pixel_52232,pixel_52233,pixel_52234,pixel_52235,pixel_52236,pixel_52237,pixel_52238,pixel_52239,pixel_52240,pixel_52241,pixel_52242,pixel_52243,pixel_52244,pixel_52245,pixel_52246,pixel_52247,pixel_52248,pixel_52249,pixel_52250,pixel_52251,pixel_52252,pixel_52253,pixel_52254,pixel_52255,pixel_52256,pixel_52257,pixel_52258,pixel_52259,pixel_52260,pixel_52261,pixel_52262,pixel_52263,pixel_52264,pixel_52265,pixel_52266,pixel_52267,pixel_52268,pixel_52269,pixel_52270,pixel_52271,pixel_52272,pixel_52273,pixel_52274,pixel_52275,pixel_52276,pixel_52277,pixel_52278,pixel_52279,pixel_52280,pixel_52281,pixel_52282,pixel_52283,pixel_52284,pixel_52285,pixel_52286,pixel_52287,pixel_52288,pixel_52289,pixel_52290,pixel_52291,pixel_52292,pixel_52293,pixel_52294,pixel_52295,pixel_52296,pixel_52297,pixel_52298,pixel_52299,pixel_52300,pixel_52301,pixel_52302,pixel_52303,pixel_52304,pixel_52305,pixel_52306,pixel_52307,pixel_52308,pixel_52309,pixel_52310,pixel_52311,pixel_52312,pixel_52313,pixel_52314,pixel_52315,pixel_52316,pixel_52317,pixel_52318,pixel_52319,pixel_52320,pixel_52321,pixel_52322,pixel_52323,pixel_52324,pixel_52325,pixel_52326,pixel_52327,pixel_52328,pixel_52329,pixel_52330,pixel_52331,pixel_52332,pixel_52333,pixel_52334,pixel_52335,pixel_52336,pixel_52337,pixel_52338,pixel_52339,pixel_52340,pixel_52341,pixel_52342,pixel_52343,pixel_52344,pixel_52345,pixel_52346,pixel_52347,pixel_52348,pixel_52349,pixel_52350,pixel_52351,pixel_52352,pixel_52353,pixel_52354,pixel_52355,pixel_52356,pixel_52357,pixel_52358,pixel_52359,pixel_52360,pixel_52361,pixel_52362,pixel_52363,pixel_52364,pixel_52365,pixel_52366,pixel_52367,pixel_52368,pixel_52369,pixel_52370,pixel_52371,pixel_52372,pixel_52373,pixel_52374,pixel_52375,pixel_52376,pixel_52377,pixel_52378,pixel_52379,pixel_52380,pixel_52381,pixel_52382,pixel_52383,pixel_52384,pixel_52385,pixel_52386,pixel_52387,pixel_52388,pixel_52389,pixel_52390,pixel_52391,pixel_52392,pixel_52393,pixel_52394,pixel_52395,pixel_52396,pixel_52397,pixel_52398,pixel_52399,pixel_52400,pixel_52401,pixel_52402,pixel_52403,pixel_52404,pixel_52405,pixel_52406,pixel_52407,pixel_52408,pixel_52409,pixel_52410,pixel_52411,pixel_52412,pixel_52413,pixel_52414,pixel_52415,pixel_52416,pixel_52417,pixel_52418,pixel_52419,pixel_52420,pixel_52421,pixel_52422,pixel_52423,pixel_52424,pixel_52425,pixel_52426,pixel_52427,pixel_52428,pixel_52429,pixel_52430,pixel_52431,pixel_52432,pixel_52433,pixel_52434,pixel_52435,pixel_52436,pixel_52437,pixel_52438,pixel_52439,pixel_52440,pixel_52441,pixel_52442,pixel_52443,pixel_52444,pixel_52445,pixel_52446,pixel_52447,pixel_52448,pixel_52449,pixel_52450,pixel_52451,pixel_52452,pixel_52453,pixel_52454,pixel_52455,pixel_52456,pixel_52457,pixel_52458,pixel_52459,pixel_52460,pixel_52461,pixel_52462,pixel_52463,pixel_52464,pixel_52465,pixel_52466,pixel_52467,pixel_52468,pixel_52469,pixel_52470,pixel_52471,pixel_52472,pixel_52473,pixel_52474,pixel_52475,pixel_52476,pixel_52477,pixel_52478,pixel_52479,pixel_52480,pixel_52481,pixel_52482,pixel_52483,pixel_52484,pixel_52485,pixel_52486,pixel_52487,pixel_52488,pixel_52489,pixel_52490,pixel_52491,pixel_52492,pixel_52493,pixel_52494,pixel_52495,pixel_52496,pixel_52497,pixel_52498,pixel_52499,pixel_52500,pixel_52501,pixel_52502,pixel_52503,pixel_52504,pixel_52505,pixel_52506,pixel_52507,pixel_52508,pixel_52509,pixel_52510,pixel_52511,pixel_52512,pixel_52513,pixel_52514,pixel_52515,pixel_52516,pixel_52517,pixel_52518,pixel_52519,pixel_52520,pixel_52521,pixel_52522,pixel_52523,pixel_52524,pixel_52525,pixel_52526,pixel_52527,pixel_52528,pixel_52529,pixel_52530,pixel_52531,pixel_52532,pixel_52533,pixel_52534,pixel_52535,pixel_52536,pixel_52537,pixel_52538,pixel_52539,pixel_52540,pixel_52541,pixel_52542,pixel_52543,pixel_52544,pixel_52545,pixel_52546,pixel_52547,pixel_52548,pixel_52549,pixel_52550,pixel_52551,pixel_52552,pixel_52553,pixel_52554,pixel_52555,pixel_52556,pixel_52557,pixel_52558,pixel_52559,pixel_52560,pixel_52561,pixel_52562,pixel_52563,pixel_52564,pixel_52565,pixel_52566,pixel_52567,pixel_52568,pixel_52569,pixel_52570,pixel_52571,pixel_52572,pixel_52573,pixel_52574,pixel_52575,pixel_52576,pixel_52577,pixel_52578,pixel_52579,pixel_52580,pixel_52581,pixel_52582,pixel_52583,pixel_52584,pixel_52585,pixel_52586,pixel_52587,pixel_52588,pixel_52589,pixel_52590,pixel_52591,pixel_52592,pixel_52593,pixel_52594,pixel_52595,pixel_52596,pixel_52597,pixel_52598,pixel_52599,pixel_52600,pixel_52601,pixel_52602,pixel_52603,pixel_52604,pixel_52605,pixel_52606,pixel_52607,pixel_52608,pixel_52609,pixel_52610,pixel_52611,pixel_52612,pixel_52613,pixel_52614,pixel_52615,pixel_52616,pixel_52617,pixel_52618,pixel_52619,pixel_52620,pixel_52621,pixel_52622,pixel_52623,pixel_52624,pixel_52625,pixel_52626,pixel_52627,pixel_52628,pixel_52629,pixel_52630,pixel_52631,pixel_52632,pixel_52633,pixel_52634,pixel_52635,pixel_52636,pixel_52637,pixel_52638,pixel_52639,pixel_52640,pixel_52641,pixel_52642,pixel_52643,pixel_52644,pixel_52645,pixel_52646,pixel_52647,pixel_52648,pixel_52649,pixel_52650,pixel_52651,pixel_52652,pixel_52653,pixel_52654,pixel_52655,pixel_52656,pixel_52657,pixel_52658,pixel_52659,pixel_52660,pixel_52661,pixel_52662,pixel_52663,pixel_52664,pixel_52665,pixel_52666,pixel_52667,pixel_52668,pixel_52669,pixel_52670,pixel_52671,pixel_52672,pixel_52673,pixel_52674,pixel_52675,pixel_52676,pixel_52677,pixel_52678,pixel_52679,pixel_52680,pixel_52681,pixel_52682,pixel_52683,pixel_52684,pixel_52685,pixel_52686,pixel_52687,pixel_52688,pixel_52689,pixel_52690,pixel_52691,pixel_52692,pixel_52693,pixel_52694,pixel_52695,pixel_52696,pixel_52697,pixel_52698,pixel_52699,pixel_52700,pixel_52701,pixel_52702,pixel_52703,pixel_52704,pixel_52705,pixel_52706,pixel_52707,pixel_52708,pixel_52709,pixel_52710,pixel_52711,pixel_52712,pixel_52713,pixel_52714,pixel_52715,pixel_52716,pixel_52717,pixel_52718,pixel_52719,pixel_52720,pixel_52721,pixel_52722,pixel_52723,pixel_52724,pixel_52725,pixel_52726,pixel_52727,pixel_52728,pixel_52729,pixel_52730,pixel_52731,pixel_52732,pixel_52733,pixel_52734,pixel_52735,pixel_52736,pixel_52737,pixel_52738,pixel_52739,pixel_52740,pixel_52741,pixel_52742,pixel_52743,pixel_52744,pixel_52745,pixel_52746,pixel_52747,pixel_52748,pixel_52749,pixel_52750,pixel_52751,pixel_52752,pixel_52753,pixel_52754,pixel_52755,pixel_52756,pixel_52757,pixel_52758,pixel_52759,pixel_52760,pixel_52761,pixel_52762,pixel_52763,pixel_52764,pixel_52765,pixel_52766,pixel_52767,pixel_52768,pixel_52769,pixel_52770,pixel_52771,pixel_52772,pixel_52773,pixel_52774,pixel_52775,pixel_52776,pixel_52777,pixel_52778,pixel_52779,pixel_52780,pixel_52781,pixel_52782,pixel_52783,pixel_52784,pixel_52785,pixel_52786,pixel_52787,pixel_52788,pixel_52789,pixel_52790,pixel_52791,pixel_52792,pixel_52793,pixel_52794,pixel_52795,pixel_52796,pixel_52797,pixel_52798,pixel_52799,pixel_52800,pixel_52801,pixel_52802,pixel_52803,pixel_52804,pixel_52805,pixel_52806,pixel_52807,pixel_52808,pixel_52809,pixel_52810,pixel_52811,pixel_52812,pixel_52813,pixel_52814,pixel_52815,pixel_52816,pixel_52817,pixel_52818,pixel_52819,pixel_52820,pixel_52821,pixel_52822,pixel_52823,pixel_52824,pixel_52825,pixel_52826,pixel_52827,pixel_52828,pixel_52829,pixel_52830,pixel_52831,pixel_52832,pixel_52833,pixel_52834,pixel_52835,pixel_52836,pixel_52837,pixel_52838,pixel_52839,pixel_52840,pixel_52841,pixel_52842,pixel_52843,pixel_52844,pixel_52845,pixel_52846,pixel_52847,pixel_52848,pixel_52849,pixel_52850,pixel_52851,pixel_52852,pixel_52853,pixel_52854,pixel_52855,pixel_52856,pixel_52857,pixel_52858,pixel_52859,pixel_52860,pixel_52861,pixel_52862,pixel_52863,pixel_52864,pixel_52865,pixel_52866,pixel_52867,pixel_52868,pixel_52869,pixel_52870,pixel_52871,pixel_52872,pixel_52873,pixel_52874,pixel_52875,pixel_52876,pixel_52877,pixel_52878,pixel_52879,pixel_52880,pixel_52881,pixel_52882,pixel_52883,pixel_52884,pixel_52885,pixel_52886,pixel_52887,pixel_52888,pixel_52889,pixel_52890,pixel_52891,pixel_52892,pixel_52893,pixel_52894,pixel_52895,pixel_52896,pixel_52897,pixel_52898,pixel_52899,pixel_52900,pixel_52901,pixel_52902,pixel_52903,pixel_52904,pixel_52905,pixel_52906,pixel_52907,pixel_52908,pixel_52909,pixel_52910,pixel_52911,pixel_52912,pixel_52913,pixel_52914,pixel_52915,pixel_52916,pixel_52917,pixel_52918,pixel_52919,pixel_52920,pixel_52921,pixel_52922,pixel_52923,pixel_52924,pixel_52925,pixel_52926,pixel_52927,pixel_52928,pixel_52929,pixel_52930,pixel_52931,pixel_52932,pixel_52933,pixel_52934,pixel_52935,pixel_52936,pixel_52937,pixel_52938,pixel_52939,pixel_52940,pixel_52941,pixel_52942,pixel_52943,pixel_52944,pixel_52945,pixel_52946,pixel_52947,pixel_52948,pixel_52949,pixel_52950,pixel_52951,pixel_52952,pixel_52953,pixel_52954,pixel_52955,pixel_52956,pixel_52957,pixel_52958,pixel_52959,pixel_52960,pixel_52961,pixel_52962,pixel_52963,pixel_52964,pixel_52965,pixel_52966,pixel_52967,pixel_52968,pixel_52969,pixel_52970,pixel_52971,pixel_52972,pixel_52973,pixel_52974,pixel_52975,pixel_52976,pixel_52977,pixel_52978,pixel_52979,pixel_52980,pixel_52981,pixel_52982,pixel_52983,pixel_52984,pixel_52985,pixel_52986,pixel_52987,pixel_52988,pixel_52989,pixel_52990,pixel_52991,pixel_52992,pixel_52993,pixel_52994,pixel_52995,pixel_52996,pixel_52997,pixel_52998,pixel_52999,pixel_53000,pixel_53001,pixel_53002,pixel_53003,pixel_53004,pixel_53005,pixel_53006,pixel_53007,pixel_53008,pixel_53009,pixel_53010,pixel_53011,pixel_53012,pixel_53013,pixel_53014,pixel_53015,pixel_53016,pixel_53017,pixel_53018,pixel_53019,pixel_53020,pixel_53021,pixel_53022,pixel_53023,pixel_53024,pixel_53025,pixel_53026,pixel_53027,pixel_53028,pixel_53029,pixel_53030,pixel_53031,pixel_53032,pixel_53033,pixel_53034,pixel_53035,pixel_53036,pixel_53037,pixel_53038,pixel_53039,pixel_53040,pixel_53041,pixel_53042,pixel_53043,pixel_53044,pixel_53045,pixel_53046,pixel_53047,pixel_53048,pixel_53049,pixel_53050,pixel_53051,pixel_53052,pixel_53053,pixel_53054,pixel_53055,pixel_53056,pixel_53057,pixel_53058,pixel_53059,pixel_53060,pixel_53061,pixel_53062,pixel_53063,pixel_53064,pixel_53065,pixel_53066,pixel_53067,pixel_53068,pixel_53069,pixel_53070,pixel_53071,pixel_53072,pixel_53073,pixel_53074,pixel_53075,pixel_53076,pixel_53077,pixel_53078,pixel_53079,pixel_53080,pixel_53081,pixel_53082,pixel_53083,pixel_53084,pixel_53085,pixel_53086,pixel_53087,pixel_53088,pixel_53089,pixel_53090,pixel_53091,pixel_53092,pixel_53093,pixel_53094,pixel_53095,pixel_53096,pixel_53097,pixel_53098,pixel_53099,pixel_53100,pixel_53101,pixel_53102,pixel_53103,pixel_53104,pixel_53105,pixel_53106,pixel_53107,pixel_53108,pixel_53109,pixel_53110,pixel_53111,pixel_53112,pixel_53113,pixel_53114,pixel_53115,pixel_53116,pixel_53117,pixel_53118,pixel_53119,pixel_53120,pixel_53121,pixel_53122,pixel_53123,pixel_53124,pixel_53125,pixel_53126,pixel_53127,pixel_53128,pixel_53129,pixel_53130,pixel_53131,pixel_53132,pixel_53133,pixel_53134,pixel_53135,pixel_53136,pixel_53137,pixel_53138,pixel_53139,pixel_53140,pixel_53141,pixel_53142,pixel_53143,pixel_53144,pixel_53145,pixel_53146,pixel_53147,pixel_53148,pixel_53149,pixel_53150,pixel_53151,pixel_53152,pixel_53153,pixel_53154,pixel_53155,pixel_53156,pixel_53157,pixel_53158,pixel_53159,pixel_53160,pixel_53161,pixel_53162,pixel_53163,pixel_53164,pixel_53165,pixel_53166,pixel_53167,pixel_53168,pixel_53169,pixel_53170,pixel_53171,pixel_53172,pixel_53173,pixel_53174,pixel_53175,pixel_53176,pixel_53177,pixel_53178,pixel_53179,pixel_53180,pixel_53181,pixel_53182,pixel_53183,pixel_53184,pixel_53185,pixel_53186,pixel_53187,pixel_53188,pixel_53189,pixel_53190,pixel_53191,pixel_53192,pixel_53193,pixel_53194,pixel_53195,pixel_53196,pixel_53197,pixel_53198,pixel_53199,pixel_53200,pixel_53201,pixel_53202,pixel_53203,pixel_53204,pixel_53205,pixel_53206,pixel_53207,pixel_53208,pixel_53209,pixel_53210,pixel_53211,pixel_53212,pixel_53213,pixel_53214,pixel_53215,pixel_53216,pixel_53217,pixel_53218,pixel_53219,pixel_53220,pixel_53221,pixel_53222,pixel_53223,pixel_53224,pixel_53225,pixel_53226,pixel_53227,pixel_53228,pixel_53229,pixel_53230,pixel_53231,pixel_53232,pixel_53233,pixel_53234,pixel_53235,pixel_53236,pixel_53237,pixel_53238,pixel_53239,pixel_53240,pixel_53241,pixel_53242,pixel_53243,pixel_53244,pixel_53245,pixel_53246,pixel_53247,pixel_53248,pixel_53249,pixel_53250,pixel_53251,pixel_53252,pixel_53253,pixel_53254,pixel_53255,pixel_53256,pixel_53257,pixel_53258,pixel_53259,pixel_53260,pixel_53261,pixel_53262,pixel_53263,pixel_53264,pixel_53265,pixel_53266,pixel_53267,pixel_53268,pixel_53269,pixel_53270,pixel_53271,pixel_53272,pixel_53273,pixel_53274,pixel_53275,pixel_53276,pixel_53277,pixel_53278,pixel_53279,pixel_53280,pixel_53281,pixel_53282,pixel_53283,pixel_53284,pixel_53285,pixel_53286,pixel_53287,pixel_53288,pixel_53289,pixel_53290,pixel_53291,pixel_53292,pixel_53293,pixel_53294,pixel_53295,pixel_53296,pixel_53297,pixel_53298,pixel_53299,pixel_53300,pixel_53301,pixel_53302,pixel_53303,pixel_53304,pixel_53305,pixel_53306,pixel_53307,pixel_53308,pixel_53309,pixel_53310,pixel_53311,pixel_53312,pixel_53313,pixel_53314,pixel_53315,pixel_53316,pixel_53317,pixel_53318,pixel_53319,pixel_53320,pixel_53321,pixel_53322,pixel_53323,pixel_53324,pixel_53325,pixel_53326,pixel_53327,pixel_53328,pixel_53329,pixel_53330,pixel_53331,pixel_53332,pixel_53333,pixel_53334,pixel_53335,pixel_53336,pixel_53337,pixel_53338,pixel_53339,pixel_53340,pixel_53341,pixel_53342,pixel_53343,pixel_53344,pixel_53345,pixel_53346,pixel_53347,pixel_53348,pixel_53349,pixel_53350,pixel_53351,pixel_53352,pixel_53353,pixel_53354,pixel_53355,pixel_53356,pixel_53357,pixel_53358,pixel_53359,pixel_53360,pixel_53361,pixel_53362,pixel_53363,pixel_53364,pixel_53365,pixel_53366,pixel_53367,pixel_53368,pixel_53369,pixel_53370,pixel_53371,pixel_53372,pixel_53373,pixel_53374,pixel_53375,pixel_53376,pixel_53377,pixel_53378,pixel_53379,pixel_53380,pixel_53381,pixel_53382,pixel_53383,pixel_53384,pixel_53385,pixel_53386,pixel_53387,pixel_53388,pixel_53389,pixel_53390,pixel_53391,pixel_53392,pixel_53393,pixel_53394,pixel_53395,pixel_53396,pixel_53397,pixel_53398,pixel_53399,pixel_53400,pixel_53401,pixel_53402,pixel_53403,pixel_53404,pixel_53405,pixel_53406,pixel_53407,pixel_53408,pixel_53409,pixel_53410,pixel_53411,pixel_53412,pixel_53413,pixel_53414,pixel_53415,pixel_53416,pixel_53417,pixel_53418,pixel_53419,pixel_53420,pixel_53421,pixel_53422,pixel_53423,pixel_53424,pixel_53425,pixel_53426,pixel_53427,pixel_53428,pixel_53429,pixel_53430,pixel_53431,pixel_53432,pixel_53433,pixel_53434,pixel_53435,pixel_53436,pixel_53437,pixel_53438,pixel_53439,pixel_53440,pixel_53441,pixel_53442,pixel_53443,pixel_53444,pixel_53445,pixel_53446,pixel_53447,pixel_53448,pixel_53449,pixel_53450,pixel_53451,pixel_53452,pixel_53453,pixel_53454,pixel_53455,pixel_53456,pixel_53457,pixel_53458,pixel_53459,pixel_53460,pixel_53461,pixel_53462,pixel_53463,pixel_53464,pixel_53465,pixel_53466,pixel_53467,pixel_53468,pixel_53469,pixel_53470,pixel_53471,pixel_53472,pixel_53473,pixel_53474,pixel_53475,pixel_53476,pixel_53477,pixel_53478,pixel_53479,pixel_53480,pixel_53481,pixel_53482,pixel_53483,pixel_53484,pixel_53485,pixel_53486,pixel_53487,pixel_53488,pixel_53489,pixel_53490,pixel_53491,pixel_53492,pixel_53493,pixel_53494,pixel_53495,pixel_53496,pixel_53497,pixel_53498,pixel_53499,pixel_53500,pixel_53501,pixel_53502,pixel_53503,pixel_53504,pixel_53505,pixel_53506,pixel_53507,pixel_53508,pixel_53509,pixel_53510,pixel_53511,pixel_53512,pixel_53513,pixel_53514,pixel_53515,pixel_53516,pixel_53517,pixel_53518,pixel_53519,pixel_53520,pixel_53521,pixel_53522,pixel_53523,pixel_53524,pixel_53525,pixel_53526,pixel_53527,pixel_53528,pixel_53529,pixel_53530,pixel_53531,pixel_53532,pixel_53533,pixel_53534,pixel_53535,pixel_53536,pixel_53537,pixel_53538,pixel_53539,pixel_53540,pixel_53541,pixel_53542,pixel_53543,pixel_53544,pixel_53545,pixel_53546,pixel_53547,pixel_53548,pixel_53549,pixel_53550,pixel_53551,pixel_53552,pixel_53553,pixel_53554,pixel_53555,pixel_53556,pixel_53557,pixel_53558,pixel_53559,pixel_53560,pixel_53561,pixel_53562,pixel_53563,pixel_53564,pixel_53565,pixel_53566,pixel_53567,pixel_53568,pixel_53569,pixel_53570,pixel_53571,pixel_53572,pixel_53573,pixel_53574,pixel_53575,pixel_53576,pixel_53577,pixel_53578,pixel_53579,pixel_53580,pixel_53581,pixel_53582,pixel_53583,pixel_53584,pixel_53585,pixel_53586,pixel_53587,pixel_53588,pixel_53589,pixel_53590,pixel_53591,pixel_53592,pixel_53593,pixel_53594,pixel_53595,pixel_53596,pixel_53597,pixel_53598,pixel_53599,pixel_53600,pixel_53601,pixel_53602,pixel_53603,pixel_53604,pixel_53605,pixel_53606,pixel_53607,pixel_53608,pixel_53609,pixel_53610,pixel_53611,pixel_53612,pixel_53613,pixel_53614,pixel_53615,pixel_53616,pixel_53617,pixel_53618,pixel_53619,pixel_53620,pixel_53621,pixel_53622,pixel_53623,pixel_53624,pixel_53625,pixel_53626,pixel_53627,pixel_53628,pixel_53629,pixel_53630,pixel_53631,pixel_53632,pixel_53633,pixel_53634,pixel_53635,pixel_53636,pixel_53637,pixel_53638,pixel_53639,pixel_53640,pixel_53641,pixel_53642,pixel_53643,pixel_53644,pixel_53645,pixel_53646,pixel_53647,pixel_53648,pixel_53649,pixel_53650,pixel_53651,pixel_53652,pixel_53653,pixel_53654,pixel_53655,pixel_53656,pixel_53657,pixel_53658,pixel_53659,pixel_53660,pixel_53661,pixel_53662,pixel_53663,pixel_53664,pixel_53665,pixel_53666,pixel_53667,pixel_53668,pixel_53669,pixel_53670,pixel_53671,pixel_53672,pixel_53673,pixel_53674,pixel_53675,pixel_53676,pixel_53677,pixel_53678,pixel_53679,pixel_53680,pixel_53681,pixel_53682,pixel_53683,pixel_53684,pixel_53685,pixel_53686,pixel_53687,pixel_53688,pixel_53689,pixel_53690,pixel_53691,pixel_53692,pixel_53693,pixel_53694,pixel_53695,pixel_53696,pixel_53697,pixel_53698,pixel_53699,pixel_53700,pixel_53701,pixel_53702,pixel_53703,pixel_53704,pixel_53705,pixel_53706,pixel_53707,pixel_53708,pixel_53709,pixel_53710,pixel_53711,pixel_53712,pixel_53713,pixel_53714,pixel_53715,pixel_53716,pixel_53717,pixel_53718,pixel_53719,pixel_53720,pixel_53721,pixel_53722,pixel_53723,pixel_53724,pixel_53725,pixel_53726,pixel_53727,pixel_53728,pixel_53729,pixel_53730,pixel_53731,pixel_53732,pixel_53733,pixel_53734,pixel_53735,pixel_53736,pixel_53737,pixel_53738,pixel_53739,pixel_53740,pixel_53741,pixel_53742,pixel_53743,pixel_53744,pixel_53745,pixel_53746,pixel_53747,pixel_53748,pixel_53749,pixel_53750,pixel_53751,pixel_53752,pixel_53753,pixel_53754,pixel_53755,pixel_53756,pixel_53757,pixel_53758,pixel_53759,pixel_53760,pixel_53761,pixel_53762,pixel_53763,pixel_53764,pixel_53765,pixel_53766,pixel_53767,pixel_53768,pixel_53769,pixel_53770,pixel_53771,pixel_53772,pixel_53773,pixel_53774,pixel_53775,pixel_53776,pixel_53777,pixel_53778,pixel_53779,pixel_53780,pixel_53781,pixel_53782,pixel_53783,pixel_53784,pixel_53785,pixel_53786,pixel_53787,pixel_53788,pixel_53789,pixel_53790,pixel_53791,pixel_53792,pixel_53793,pixel_53794,pixel_53795,pixel_53796,pixel_53797,pixel_53798,pixel_53799,pixel_53800,pixel_53801,pixel_53802,pixel_53803,pixel_53804,pixel_53805,pixel_53806,pixel_53807,pixel_53808,pixel_53809,pixel_53810,pixel_53811,pixel_53812,pixel_53813,pixel_53814,pixel_53815,pixel_53816,pixel_53817,pixel_53818,pixel_53819,pixel_53820,pixel_53821,pixel_53822,pixel_53823,pixel_53824,pixel_53825,pixel_53826,pixel_53827,pixel_53828,pixel_53829,pixel_53830,pixel_53831,pixel_53832,pixel_53833,pixel_53834,pixel_53835,pixel_53836,pixel_53837,pixel_53838,pixel_53839,pixel_53840,pixel_53841,pixel_53842,pixel_53843,pixel_53844,pixel_53845,pixel_53846,pixel_53847,pixel_53848,pixel_53849,pixel_53850,pixel_53851,pixel_53852,pixel_53853,pixel_53854,pixel_53855,pixel_53856,pixel_53857,pixel_53858,pixel_53859,pixel_53860,pixel_53861,pixel_53862,pixel_53863,pixel_53864,pixel_53865,pixel_53866,pixel_53867,pixel_53868,pixel_53869,pixel_53870,pixel_53871,pixel_53872,pixel_53873,pixel_53874,pixel_53875,pixel_53876,pixel_53877,pixel_53878,pixel_53879,pixel_53880,pixel_53881,pixel_53882,pixel_53883,pixel_53884,pixel_53885,pixel_53886,pixel_53887,pixel_53888,pixel_53889,pixel_53890,pixel_53891,pixel_53892,pixel_53893,pixel_53894,pixel_53895,pixel_53896,pixel_53897,pixel_53898,pixel_53899,pixel_53900,pixel_53901,pixel_53902,pixel_53903,pixel_53904,pixel_53905,pixel_53906,pixel_53907,pixel_53908,pixel_53909,pixel_53910,pixel_53911,pixel_53912,pixel_53913,pixel_53914,pixel_53915,pixel_53916,pixel_53917,pixel_53918,pixel_53919,pixel_53920,pixel_53921,pixel_53922,pixel_53923,pixel_53924,pixel_53925,pixel_53926,pixel_53927,pixel_53928,pixel_53929,pixel_53930,pixel_53931,pixel_53932,pixel_53933,pixel_53934,pixel_53935,pixel_53936,pixel_53937,pixel_53938,pixel_53939,pixel_53940,pixel_53941,pixel_53942,pixel_53943,pixel_53944,pixel_53945,pixel_53946,pixel_53947,pixel_53948,pixel_53949,pixel_53950,pixel_53951,pixel_53952,pixel_53953,pixel_53954,pixel_53955,pixel_53956,pixel_53957,pixel_53958,pixel_53959,pixel_53960,pixel_53961,pixel_53962,pixel_53963,pixel_53964,pixel_53965,pixel_53966,pixel_53967,pixel_53968,pixel_53969,pixel_53970,pixel_53971,pixel_53972,pixel_53973,pixel_53974,pixel_53975,pixel_53976,pixel_53977,pixel_53978,pixel_53979,pixel_53980,pixel_53981,pixel_53982,pixel_53983,pixel_53984,pixel_53985,pixel_53986,pixel_53987,pixel_53988,pixel_53989,pixel_53990,pixel_53991,pixel_53992,pixel_53993,pixel_53994,pixel_53995,pixel_53996,pixel_53997,pixel_53998,pixel_53999,pixel_54000,pixel_54001,pixel_54002,pixel_54003,pixel_54004,pixel_54005,pixel_54006,pixel_54007,pixel_54008,pixel_54009,pixel_54010,pixel_54011,pixel_54012,pixel_54013,pixel_54014,pixel_54015,pixel_54016,pixel_54017,pixel_54018,pixel_54019,pixel_54020,pixel_54021,pixel_54022,pixel_54023,pixel_54024,pixel_54025,pixel_54026,pixel_54027,pixel_54028,pixel_54029,pixel_54030,pixel_54031,pixel_54032,pixel_54033,pixel_54034,pixel_54035,pixel_54036,pixel_54037,pixel_54038,pixel_54039,pixel_54040,pixel_54041,pixel_54042,pixel_54043,pixel_54044,pixel_54045,pixel_54046,pixel_54047,pixel_54048,pixel_54049,pixel_54050,pixel_54051,pixel_54052,pixel_54053,pixel_54054,pixel_54055,pixel_54056,pixel_54057,pixel_54058,pixel_54059,pixel_54060,pixel_54061,pixel_54062,pixel_54063,pixel_54064,pixel_54065,pixel_54066,pixel_54067,pixel_54068,pixel_54069,pixel_54070,pixel_54071,pixel_54072,pixel_54073,pixel_54074,pixel_54075,pixel_54076,pixel_54077,pixel_54078,pixel_54079,pixel_54080,pixel_54081,pixel_54082,pixel_54083,pixel_54084,pixel_54085,pixel_54086,pixel_54087,pixel_54088,pixel_54089,pixel_54090,pixel_54091,pixel_54092,pixel_54093,pixel_54094,pixel_54095,pixel_54096,pixel_54097,pixel_54098,pixel_54099,pixel_54100,pixel_54101,pixel_54102,pixel_54103,pixel_54104,pixel_54105,pixel_54106,pixel_54107,pixel_54108,pixel_54109,pixel_54110,pixel_54111,pixel_54112,pixel_54113,pixel_54114,pixel_54115,pixel_54116,pixel_54117,pixel_54118,pixel_54119,pixel_54120,pixel_54121,pixel_54122,pixel_54123,pixel_54124,pixel_54125,pixel_54126,pixel_54127,pixel_54128,pixel_54129,pixel_54130,pixel_54131,pixel_54132,pixel_54133,pixel_54134,pixel_54135,pixel_54136,pixel_54137,pixel_54138,pixel_54139,pixel_54140,pixel_54141,pixel_54142,pixel_54143,pixel_54144,pixel_54145,pixel_54146,pixel_54147,pixel_54148,pixel_54149,pixel_54150,pixel_54151,pixel_54152,pixel_54153,pixel_54154,pixel_54155,pixel_54156,pixel_54157,pixel_54158,pixel_54159,pixel_54160,pixel_54161,pixel_54162,pixel_54163,pixel_54164,pixel_54165,pixel_54166,pixel_54167,pixel_54168,pixel_54169,pixel_54170,pixel_54171,pixel_54172,pixel_54173,pixel_54174,pixel_54175,pixel_54176,pixel_54177,pixel_54178,pixel_54179,pixel_54180,pixel_54181,pixel_54182,pixel_54183,pixel_54184,pixel_54185,pixel_54186,pixel_54187,pixel_54188,pixel_54189,pixel_54190,pixel_54191,pixel_54192,pixel_54193,pixel_54194,pixel_54195,pixel_54196,pixel_54197,pixel_54198,pixel_54199,pixel_54200,pixel_54201,pixel_54202,pixel_54203,pixel_54204,pixel_54205,pixel_54206,pixel_54207,pixel_54208,pixel_54209,pixel_54210,pixel_54211,pixel_54212,pixel_54213,pixel_54214,pixel_54215,pixel_54216,pixel_54217,pixel_54218,pixel_54219,pixel_54220,pixel_54221,pixel_54222,pixel_54223,pixel_54224,pixel_54225,pixel_54226,pixel_54227,pixel_54228,pixel_54229,pixel_54230,pixel_54231,pixel_54232,pixel_54233,pixel_54234,pixel_54235,pixel_54236,pixel_54237,pixel_54238,pixel_54239,pixel_54240,pixel_54241,pixel_54242,pixel_54243,pixel_54244,pixel_54245,pixel_54246,pixel_54247,pixel_54248,pixel_54249,pixel_54250,pixel_54251,pixel_54252,pixel_54253,pixel_54254,pixel_54255,pixel_54256,pixel_54257,pixel_54258,pixel_54259,pixel_54260,pixel_54261,pixel_54262,pixel_54263,pixel_54264,pixel_54265,pixel_54266,pixel_54267,pixel_54268,pixel_54269,pixel_54270,pixel_54271,pixel_54272,pixel_54273,pixel_54274,pixel_54275,pixel_54276,pixel_54277,pixel_54278,pixel_54279,pixel_54280,pixel_54281,pixel_54282,pixel_54283,pixel_54284,pixel_54285,pixel_54286,pixel_54287,pixel_54288,pixel_54289,pixel_54290,pixel_54291,pixel_54292,pixel_54293,pixel_54294,pixel_54295,pixel_54296,pixel_54297,pixel_54298,pixel_54299,pixel_54300,pixel_54301,pixel_54302,pixel_54303,pixel_54304,pixel_54305,pixel_54306,pixel_54307,pixel_54308,pixel_54309,pixel_54310,pixel_54311,pixel_54312,pixel_54313,pixel_54314,pixel_54315,pixel_54316,pixel_54317,pixel_54318,pixel_54319,pixel_54320,pixel_54321,pixel_54322,pixel_54323,pixel_54324,pixel_54325,pixel_54326,pixel_54327,pixel_54328,pixel_54329,pixel_54330,pixel_54331,pixel_54332,pixel_54333,pixel_54334,pixel_54335,pixel_54336,pixel_54337,pixel_54338,pixel_54339,pixel_54340,pixel_54341,pixel_54342,pixel_54343,pixel_54344,pixel_54345,pixel_54346,pixel_54347,pixel_54348,pixel_54349,pixel_54350,pixel_54351,pixel_54352,pixel_54353,pixel_54354,pixel_54355,pixel_54356,pixel_54357,pixel_54358,pixel_54359,pixel_54360,pixel_54361,pixel_54362,pixel_54363,pixel_54364,pixel_54365,pixel_54366,pixel_54367,pixel_54368,pixel_54369,pixel_54370,pixel_54371,pixel_54372,pixel_54373,pixel_54374,pixel_54375,pixel_54376,pixel_54377,pixel_54378,pixel_54379,pixel_54380,pixel_54381,pixel_54382,pixel_54383,pixel_54384,pixel_54385,pixel_54386,pixel_54387,pixel_54388,pixel_54389,pixel_54390,pixel_54391,pixel_54392,pixel_54393,pixel_54394,pixel_54395,pixel_54396,pixel_54397,pixel_54398,pixel_54399,pixel_54400,pixel_54401,pixel_54402,pixel_54403,pixel_54404,pixel_54405,pixel_54406,pixel_54407,pixel_54408,pixel_54409,pixel_54410,pixel_54411,pixel_54412,pixel_54413,pixel_54414,pixel_54415,pixel_54416,pixel_54417,pixel_54418,pixel_54419,pixel_54420,pixel_54421,pixel_54422,pixel_54423,pixel_54424,pixel_54425,pixel_54426,pixel_54427,pixel_54428,pixel_54429,pixel_54430,pixel_54431,pixel_54432,pixel_54433,pixel_54434,pixel_54435,pixel_54436,pixel_54437,pixel_54438,pixel_54439,pixel_54440,pixel_54441,pixel_54442,pixel_54443,pixel_54444,pixel_54445,pixel_54446,pixel_54447,pixel_54448,pixel_54449,pixel_54450,pixel_54451,pixel_54452,pixel_54453,pixel_54454,pixel_54455,pixel_54456,pixel_54457,pixel_54458,pixel_54459,pixel_54460,pixel_54461,pixel_54462,pixel_54463,pixel_54464,pixel_54465,pixel_54466,pixel_54467,pixel_54468,pixel_54469,pixel_54470,pixel_54471,pixel_54472,pixel_54473,pixel_54474,pixel_54475,pixel_54476,pixel_54477,pixel_54478,pixel_54479,pixel_54480,pixel_54481,pixel_54482,pixel_54483,pixel_54484,pixel_54485,pixel_54486,pixel_54487,pixel_54488,pixel_54489,pixel_54490,pixel_54491,pixel_54492,pixel_54493,pixel_54494,pixel_54495,pixel_54496,pixel_54497,pixel_54498,pixel_54499,pixel_54500,pixel_54501,pixel_54502,pixel_54503,pixel_54504,pixel_54505,pixel_54506,pixel_54507,pixel_54508,pixel_54509,pixel_54510,pixel_54511,pixel_54512,pixel_54513,pixel_54514,pixel_54515,pixel_54516,pixel_54517,pixel_54518,pixel_54519,pixel_54520,pixel_54521,pixel_54522,pixel_54523,pixel_54524,pixel_54525,pixel_54526,pixel_54527,pixel_54528,pixel_54529,pixel_54530,pixel_54531,pixel_54532,pixel_54533,pixel_54534,pixel_54535,pixel_54536,pixel_54537,pixel_54538,pixel_54539,pixel_54540,pixel_54541,pixel_54542,pixel_54543,pixel_54544,pixel_54545,pixel_54546,pixel_54547,pixel_54548,pixel_54549,pixel_54550,pixel_54551,pixel_54552,pixel_54553,pixel_54554,pixel_54555,pixel_54556,pixel_54557,pixel_54558,pixel_54559,pixel_54560,pixel_54561,pixel_54562,pixel_54563,pixel_54564,pixel_54565,pixel_54566,pixel_54567,pixel_54568,pixel_54569,pixel_54570,pixel_54571,pixel_54572,pixel_54573,pixel_54574,pixel_54575,pixel_54576,pixel_54577,pixel_54578,pixel_54579,pixel_54580,pixel_54581,pixel_54582,pixel_54583,pixel_54584,pixel_54585,pixel_54586,pixel_54587,pixel_54588,pixel_54589,pixel_54590,pixel_54591,pixel_54592,pixel_54593,pixel_54594,pixel_54595,pixel_54596,pixel_54597,pixel_54598,pixel_54599,pixel_54600,pixel_54601,pixel_54602,pixel_54603,pixel_54604,pixel_54605,pixel_54606,pixel_54607,pixel_54608,pixel_54609,pixel_54610,pixel_54611,pixel_54612,pixel_54613,pixel_54614,pixel_54615,pixel_54616,pixel_54617,pixel_54618,pixel_54619,pixel_54620,pixel_54621,pixel_54622,pixel_54623,pixel_54624,pixel_54625,pixel_54626,pixel_54627,pixel_54628,pixel_54629,pixel_54630,pixel_54631,pixel_54632,pixel_54633,pixel_54634,pixel_54635,pixel_54636,pixel_54637,pixel_54638,pixel_54639,pixel_54640,pixel_54641,pixel_54642,pixel_54643,pixel_54644,pixel_54645,pixel_54646,pixel_54647,pixel_54648,pixel_54649,pixel_54650,pixel_54651,pixel_54652,pixel_54653,pixel_54654,pixel_54655,pixel_54656,pixel_54657,pixel_54658,pixel_54659,pixel_54660,pixel_54661,pixel_54662,pixel_54663,pixel_54664,pixel_54665,pixel_54666,pixel_54667,pixel_54668,pixel_54669,pixel_54670,pixel_54671,pixel_54672,pixel_54673,pixel_54674,pixel_54675,pixel_54676,pixel_54677,pixel_54678,pixel_54679,pixel_54680,pixel_54681,pixel_54682,pixel_54683,pixel_54684,pixel_54685,pixel_54686,pixel_54687,pixel_54688,pixel_54689,pixel_54690,pixel_54691,pixel_54692,pixel_54693,pixel_54694,pixel_54695,pixel_54696,pixel_54697,pixel_54698,pixel_54699,pixel_54700,pixel_54701,pixel_54702,pixel_54703,pixel_54704,pixel_54705,pixel_54706,pixel_54707,pixel_54708,pixel_54709,pixel_54710,pixel_54711,pixel_54712,pixel_54713,pixel_54714,pixel_54715,pixel_54716,pixel_54717,pixel_54718,pixel_54719,pixel_54720,pixel_54721,pixel_54722,pixel_54723,pixel_54724,pixel_54725,pixel_54726,pixel_54727,pixel_54728,pixel_54729,pixel_54730,pixel_54731,pixel_54732,pixel_54733,pixel_54734,pixel_54735,pixel_54736,pixel_54737,pixel_54738,pixel_54739,pixel_54740,pixel_54741,pixel_54742,pixel_54743,pixel_54744,pixel_54745,pixel_54746,pixel_54747,pixel_54748,pixel_54749,pixel_54750,pixel_54751,pixel_54752,pixel_54753,pixel_54754,pixel_54755,pixel_54756,pixel_54757,pixel_54758,pixel_54759,pixel_54760,pixel_54761,pixel_54762,pixel_54763,pixel_54764,pixel_54765,pixel_54766,pixel_54767,pixel_54768,pixel_54769,pixel_54770,pixel_54771,pixel_54772,pixel_54773,pixel_54774,pixel_54775,pixel_54776,pixel_54777,pixel_54778,pixel_54779,pixel_54780,pixel_54781,pixel_54782,pixel_54783,pixel_54784,pixel_54785,pixel_54786,pixel_54787,pixel_54788,pixel_54789,pixel_54790,pixel_54791,pixel_54792,pixel_54793,pixel_54794,pixel_54795,pixel_54796,pixel_54797,pixel_54798,pixel_54799,pixel_54800,pixel_54801,pixel_54802,pixel_54803,pixel_54804,pixel_54805,pixel_54806,pixel_54807,pixel_54808,pixel_54809,pixel_54810,pixel_54811,pixel_54812,pixel_54813,pixel_54814,pixel_54815,pixel_54816,pixel_54817,pixel_54818,pixel_54819,pixel_54820,pixel_54821,pixel_54822,pixel_54823,pixel_54824,pixel_54825,pixel_54826,pixel_54827,pixel_54828,pixel_54829,pixel_54830,pixel_54831,pixel_54832,pixel_54833,pixel_54834,pixel_54835,pixel_54836,pixel_54837,pixel_54838,pixel_54839,pixel_54840,pixel_54841,pixel_54842,pixel_54843,pixel_54844,pixel_54845,pixel_54846,pixel_54847,pixel_54848,pixel_54849,pixel_54850,pixel_54851,pixel_54852,pixel_54853,pixel_54854,pixel_54855,pixel_54856,pixel_54857,pixel_54858,pixel_54859,pixel_54860,pixel_54861,pixel_54862,pixel_54863,pixel_54864,pixel_54865,pixel_54866,pixel_54867,pixel_54868,pixel_54869,pixel_54870,pixel_54871,pixel_54872,pixel_54873,pixel_54874,pixel_54875,pixel_54876,pixel_54877,pixel_54878,pixel_54879,pixel_54880,pixel_54881,pixel_54882,pixel_54883,pixel_54884,pixel_54885,pixel_54886,pixel_54887,pixel_54888,pixel_54889,pixel_54890,pixel_54891,pixel_54892,pixel_54893,pixel_54894,pixel_54895,pixel_54896,pixel_54897,pixel_54898,pixel_54899,pixel_54900,pixel_54901,pixel_54902,pixel_54903,pixel_54904,pixel_54905,pixel_54906,pixel_54907,pixel_54908,pixel_54909,pixel_54910,pixel_54911,pixel_54912,pixel_54913,pixel_54914,pixel_54915,pixel_54916,pixel_54917,pixel_54918,pixel_54919,pixel_54920,pixel_54921,pixel_54922,pixel_54923,pixel_54924,pixel_54925,pixel_54926,pixel_54927,pixel_54928,pixel_54929,pixel_54930,pixel_54931,pixel_54932,pixel_54933,pixel_54934,pixel_54935,pixel_54936,pixel_54937,pixel_54938,pixel_54939,pixel_54940,pixel_54941,pixel_54942,pixel_54943,pixel_54944,pixel_54945,pixel_54946,pixel_54947,pixel_54948,pixel_54949,pixel_54950,pixel_54951,pixel_54952,pixel_54953,pixel_54954,pixel_54955,pixel_54956,pixel_54957,pixel_54958,pixel_54959,pixel_54960,pixel_54961,pixel_54962,pixel_54963,pixel_54964,pixel_54965,pixel_54966,pixel_54967,pixel_54968,pixel_54969,pixel_54970,pixel_54971,pixel_54972,pixel_54973,pixel_54974,pixel_54975,pixel_54976,pixel_54977,pixel_54978,pixel_54979,pixel_54980,pixel_54981,pixel_54982,pixel_54983,pixel_54984,pixel_54985,pixel_54986,pixel_54987,pixel_54988,pixel_54989,pixel_54990,pixel_54991,pixel_54992,pixel_54993,pixel_54994,pixel_54995,pixel_54996,pixel_54997,pixel_54998,pixel_54999,pixel_55000,pixel_55001,pixel_55002,pixel_55003,pixel_55004,pixel_55005,pixel_55006,pixel_55007,pixel_55008,pixel_55009,pixel_55010,pixel_55011,pixel_55012,pixel_55013,pixel_55014,pixel_55015,pixel_55016,pixel_55017,pixel_55018,pixel_55019,pixel_55020,pixel_55021,pixel_55022,pixel_55023,pixel_55024,pixel_55025,pixel_55026,pixel_55027,pixel_55028,pixel_55029,pixel_55030,pixel_55031,pixel_55032,pixel_55033,pixel_55034,pixel_55035,pixel_55036,pixel_55037,pixel_55038,pixel_55039,pixel_55040,pixel_55041,pixel_55042,pixel_55043,pixel_55044,pixel_55045,pixel_55046,pixel_55047,pixel_55048,pixel_55049,pixel_55050,pixel_55051,pixel_55052,pixel_55053,pixel_55054,pixel_55055,pixel_55056,pixel_55057,pixel_55058,pixel_55059,pixel_55060,pixel_55061,pixel_55062,pixel_55063,pixel_55064,pixel_55065,pixel_55066,pixel_55067,pixel_55068,pixel_55069,pixel_55070,pixel_55071,pixel_55072,pixel_55073,pixel_55074,pixel_55075,pixel_55076,pixel_55077,pixel_55078,pixel_55079,pixel_55080,pixel_55081,pixel_55082,pixel_55083,pixel_55084,pixel_55085,pixel_55086,pixel_55087,pixel_55088,pixel_55089,pixel_55090,pixel_55091,pixel_55092,pixel_55093,pixel_55094,pixel_55095,pixel_55096,pixel_55097,pixel_55098,pixel_55099,pixel_55100,pixel_55101,pixel_55102,pixel_55103,pixel_55104,pixel_55105,pixel_55106,pixel_55107,pixel_55108,pixel_55109,pixel_55110,pixel_55111,pixel_55112,pixel_55113,pixel_55114,pixel_55115,pixel_55116,pixel_55117,pixel_55118,pixel_55119,pixel_55120,pixel_55121,pixel_55122,pixel_55123,pixel_55124,pixel_55125,pixel_55126,pixel_55127,pixel_55128,pixel_55129,pixel_55130,pixel_55131,pixel_55132,pixel_55133,pixel_55134,pixel_55135,pixel_55136,pixel_55137,pixel_55138,pixel_55139,pixel_55140,pixel_55141,pixel_55142,pixel_55143,pixel_55144,pixel_55145,pixel_55146,pixel_55147,pixel_55148,pixel_55149,pixel_55150,pixel_55151,pixel_55152,pixel_55153,pixel_55154,pixel_55155,pixel_55156,pixel_55157,pixel_55158,pixel_55159,pixel_55160,pixel_55161,pixel_55162,pixel_55163,pixel_55164,pixel_55165,pixel_55166,pixel_55167,pixel_55168,pixel_55169,pixel_55170,pixel_55171,pixel_55172,pixel_55173,pixel_55174,pixel_55175,pixel_55176,pixel_55177,pixel_55178,pixel_55179,pixel_55180,pixel_55181,pixel_55182,pixel_55183,pixel_55184,pixel_55185,pixel_55186,pixel_55187,pixel_55188,pixel_55189,pixel_55190,pixel_55191,pixel_55192,pixel_55193,pixel_55194,pixel_55195,pixel_55196,pixel_55197,pixel_55198,pixel_55199,pixel_55200,pixel_55201,pixel_55202,pixel_55203,pixel_55204,pixel_55205,pixel_55206,pixel_55207,pixel_55208,pixel_55209,pixel_55210,pixel_55211,pixel_55212,pixel_55213,pixel_55214,pixel_55215,pixel_55216,pixel_55217,pixel_55218,pixel_55219,pixel_55220,pixel_55221,pixel_55222,pixel_55223,pixel_55224,pixel_55225,pixel_55226,pixel_55227,pixel_55228,pixel_55229,pixel_55230,pixel_55231,pixel_55232,pixel_55233,pixel_55234,pixel_55235,pixel_55236,pixel_55237,pixel_55238,pixel_55239,pixel_55240,pixel_55241,pixel_55242,pixel_55243,pixel_55244,pixel_55245,pixel_55246,pixel_55247,pixel_55248,pixel_55249,pixel_55250,pixel_55251,pixel_55252,pixel_55253,pixel_55254,pixel_55255,pixel_55256,pixel_55257,pixel_55258,pixel_55259,pixel_55260,pixel_55261,pixel_55262,pixel_55263,pixel_55264,pixel_55265,pixel_55266,pixel_55267,pixel_55268,pixel_55269,pixel_55270,pixel_55271,pixel_55272,pixel_55273,pixel_55274,pixel_55275,pixel_55276,pixel_55277,pixel_55278,pixel_55279,pixel_55280,pixel_55281,pixel_55282,pixel_55283,pixel_55284,pixel_55285,pixel_55286,pixel_55287,pixel_55288,pixel_55289,pixel_55290,pixel_55291,pixel_55292,pixel_55293,pixel_55294,pixel_55295,pixel_55296,pixel_55297,pixel_55298,pixel_55299,pixel_55300,pixel_55301,pixel_55302,pixel_55303,pixel_55304,pixel_55305,pixel_55306,pixel_55307,pixel_55308,pixel_55309,pixel_55310,pixel_55311,pixel_55312,pixel_55313,pixel_55314,pixel_55315,pixel_55316,pixel_55317,pixel_55318,pixel_55319,pixel_55320,pixel_55321,pixel_55322,pixel_55323,pixel_55324,pixel_55325,pixel_55326,pixel_55327,pixel_55328,pixel_55329,pixel_55330,pixel_55331,pixel_55332,pixel_55333,pixel_55334,pixel_55335,pixel_55336,pixel_55337,pixel_55338,pixel_55339,pixel_55340,pixel_55341,pixel_55342,pixel_55343,pixel_55344,pixel_55345,pixel_55346,pixel_55347,pixel_55348,pixel_55349,pixel_55350,pixel_55351,pixel_55352,pixel_55353,pixel_55354,pixel_55355,pixel_55356,pixel_55357,pixel_55358,pixel_55359,pixel_55360,pixel_55361,pixel_55362,pixel_55363,pixel_55364,pixel_55365,pixel_55366,pixel_55367,pixel_55368,pixel_55369,pixel_55370,pixel_55371,pixel_55372,pixel_55373,pixel_55374,pixel_55375,pixel_55376,pixel_55377,pixel_55378,pixel_55379,pixel_55380,pixel_55381,pixel_55382,pixel_55383,pixel_55384,pixel_55385,pixel_55386,pixel_55387,pixel_55388,pixel_55389,pixel_55390,pixel_55391,pixel_55392,pixel_55393,pixel_55394,pixel_55395,pixel_55396,pixel_55397,pixel_55398,pixel_55399,pixel_55400,pixel_55401,pixel_55402,pixel_55403,pixel_55404,pixel_55405,pixel_55406,pixel_55407,pixel_55408,pixel_55409,pixel_55410,pixel_55411,pixel_55412,pixel_55413,pixel_55414,pixel_55415,pixel_55416,pixel_55417,pixel_55418,pixel_55419,pixel_55420,pixel_55421,pixel_55422,pixel_55423,pixel_55424,pixel_55425,pixel_55426,pixel_55427,pixel_55428,pixel_55429,pixel_55430,pixel_55431,pixel_55432,pixel_55433,pixel_55434,pixel_55435,pixel_55436,pixel_55437,pixel_55438,pixel_55439,pixel_55440,pixel_55441,pixel_55442,pixel_55443,pixel_55444,pixel_55445,pixel_55446,pixel_55447,pixel_55448,pixel_55449,pixel_55450,pixel_55451,pixel_55452,pixel_55453,pixel_55454,pixel_55455,pixel_55456,pixel_55457,pixel_55458,pixel_55459,pixel_55460,pixel_55461,pixel_55462,pixel_55463,pixel_55464,pixel_55465,pixel_55466,pixel_55467,pixel_55468,pixel_55469,pixel_55470,pixel_55471,pixel_55472,pixel_55473,pixel_55474,pixel_55475,pixel_55476,pixel_55477,pixel_55478,pixel_55479,pixel_55480,pixel_55481,pixel_55482,pixel_55483,pixel_55484,pixel_55485,pixel_55486,pixel_55487,pixel_55488,pixel_55489,pixel_55490,pixel_55491,pixel_55492,pixel_55493,pixel_55494,pixel_55495,pixel_55496,pixel_55497,pixel_55498,pixel_55499,pixel_55500,pixel_55501,pixel_55502,pixel_55503,pixel_55504,pixel_55505,pixel_55506,pixel_55507,pixel_55508,pixel_55509,pixel_55510,pixel_55511,pixel_55512,pixel_55513,pixel_55514,pixel_55515,pixel_55516,pixel_55517,pixel_55518,pixel_55519,pixel_55520,pixel_55521,pixel_55522,pixel_55523,pixel_55524,pixel_55525,pixel_55526,pixel_55527,pixel_55528,pixel_55529,pixel_55530,pixel_55531,pixel_55532,pixel_55533,pixel_55534,pixel_55535,pixel_55536,pixel_55537,pixel_55538,pixel_55539,pixel_55540,pixel_55541,pixel_55542,pixel_55543,pixel_55544,pixel_55545,pixel_55546,pixel_55547,pixel_55548,pixel_55549,pixel_55550,pixel_55551,pixel_55552,pixel_55553,pixel_55554,pixel_55555,pixel_55556,pixel_55557,pixel_55558,pixel_55559,pixel_55560,pixel_55561,pixel_55562,pixel_55563,pixel_55564,pixel_55565,pixel_55566,pixel_55567,pixel_55568,pixel_55569,pixel_55570,pixel_55571,pixel_55572,pixel_55573,pixel_55574,pixel_55575,pixel_55576,pixel_55577,pixel_55578,pixel_55579,pixel_55580,pixel_55581,pixel_55582,pixel_55583,pixel_55584,pixel_55585,pixel_55586,pixel_55587,pixel_55588,pixel_55589,pixel_55590,pixel_55591,pixel_55592,pixel_55593,pixel_55594,pixel_55595,pixel_55596,pixel_55597,pixel_55598,pixel_55599,pixel_55600,pixel_55601,pixel_55602,pixel_55603,pixel_55604,pixel_55605,pixel_55606,pixel_55607,pixel_55608,pixel_55609,pixel_55610,pixel_55611,pixel_55612,pixel_55613,pixel_55614,pixel_55615,pixel_55616,pixel_55617,pixel_55618,pixel_55619,pixel_55620,pixel_55621,pixel_55622,pixel_55623,pixel_55624,pixel_55625,pixel_55626,pixel_55627,pixel_55628,pixel_55629,pixel_55630,pixel_55631,pixel_55632,pixel_55633,pixel_55634,pixel_55635,pixel_55636,pixel_55637,pixel_55638,pixel_55639,pixel_55640,pixel_55641,pixel_55642,pixel_55643,pixel_55644,pixel_55645,pixel_55646,pixel_55647,pixel_55648,pixel_55649,pixel_55650,pixel_55651,pixel_55652,pixel_55653,pixel_55654,pixel_55655,pixel_55656,pixel_55657,pixel_55658,pixel_55659,pixel_55660,pixel_55661,pixel_55662,pixel_55663,pixel_55664,pixel_55665,pixel_55666,pixel_55667,pixel_55668,pixel_55669,pixel_55670,pixel_55671,pixel_55672,pixel_55673,pixel_55674,pixel_55675,pixel_55676,pixel_55677,pixel_55678,pixel_55679,pixel_55680,pixel_55681,pixel_55682,pixel_55683,pixel_55684,pixel_55685,pixel_55686,pixel_55687,pixel_55688,pixel_55689,pixel_55690,pixel_55691,pixel_55692,pixel_55693,pixel_55694,pixel_55695,pixel_55696,pixel_55697,pixel_55698,pixel_55699,pixel_55700,pixel_55701,pixel_55702,pixel_55703,pixel_55704,pixel_55705,pixel_55706,pixel_55707,pixel_55708,pixel_55709,pixel_55710,pixel_55711,pixel_55712,pixel_55713,pixel_55714,pixel_55715,pixel_55716,pixel_55717,pixel_55718,pixel_55719,pixel_55720,pixel_55721,pixel_55722,pixel_55723,pixel_55724,pixel_55725,pixel_55726,pixel_55727,pixel_55728,pixel_55729,pixel_55730,pixel_55731,pixel_55732,pixel_55733,pixel_55734,pixel_55735,pixel_55736,pixel_55737,pixel_55738,pixel_55739,pixel_55740,pixel_55741,pixel_55742,pixel_55743,pixel_55744,pixel_55745,pixel_55746,pixel_55747,pixel_55748,pixel_55749,pixel_55750,pixel_55751,pixel_55752,pixel_55753,pixel_55754,pixel_55755,pixel_55756,pixel_55757,pixel_55758,pixel_55759,pixel_55760,pixel_55761,pixel_55762,pixel_55763,pixel_55764,pixel_55765,pixel_55766,pixel_55767,pixel_55768,pixel_55769,pixel_55770,pixel_55771,pixel_55772,pixel_55773,pixel_55774,pixel_55775,pixel_55776,pixel_55777,pixel_55778,pixel_55779,pixel_55780,pixel_55781,pixel_55782,pixel_55783,pixel_55784,pixel_55785,pixel_55786,pixel_55787,pixel_55788,pixel_55789,pixel_55790,pixel_55791,pixel_55792,pixel_55793,pixel_55794,pixel_55795,pixel_55796,pixel_55797,pixel_55798,pixel_55799,pixel_55800,pixel_55801,pixel_55802,pixel_55803,pixel_55804,pixel_55805,pixel_55806,pixel_55807,pixel_55808,pixel_55809,pixel_55810,pixel_55811,pixel_55812,pixel_55813,pixel_55814,pixel_55815,pixel_55816,pixel_55817,pixel_55818,pixel_55819,pixel_55820,pixel_55821,pixel_55822,pixel_55823,pixel_55824,pixel_55825,pixel_55826,pixel_55827,pixel_55828,pixel_55829,pixel_55830,pixel_55831,pixel_55832,pixel_55833,pixel_55834,pixel_55835,pixel_55836,pixel_55837,pixel_55838,pixel_55839,pixel_55840,pixel_55841,pixel_55842,pixel_55843,pixel_55844,pixel_55845,pixel_55846,pixel_55847,pixel_55848,pixel_55849,pixel_55850,pixel_55851,pixel_55852,pixel_55853,pixel_55854,pixel_55855,pixel_55856,pixel_55857,pixel_55858,pixel_55859,pixel_55860,pixel_55861,pixel_55862,pixel_55863,pixel_55864,pixel_55865,pixel_55866,pixel_55867,pixel_55868,pixel_55869,pixel_55870,pixel_55871,pixel_55872,pixel_55873,pixel_55874,pixel_55875,pixel_55876,pixel_55877,pixel_55878,pixel_55879,pixel_55880,pixel_55881,pixel_55882,pixel_55883,pixel_55884,pixel_55885,pixel_55886,pixel_55887,pixel_55888,pixel_55889,pixel_55890,pixel_55891,pixel_55892,pixel_55893,pixel_55894,pixel_55895,pixel_55896,pixel_55897,pixel_55898,pixel_55899,pixel_55900,pixel_55901,pixel_55902,pixel_55903,pixel_55904,pixel_55905,pixel_55906,pixel_55907,pixel_55908,pixel_55909,pixel_55910,pixel_55911,pixel_55912,pixel_55913,pixel_55914,pixel_55915,pixel_55916,pixel_55917,pixel_55918,pixel_55919,pixel_55920,pixel_55921,pixel_55922,pixel_55923,pixel_55924,pixel_55925,pixel_55926,pixel_55927,pixel_55928,pixel_55929,pixel_55930,pixel_55931,pixel_55932,pixel_55933,pixel_55934,pixel_55935,pixel_55936,pixel_55937,pixel_55938,pixel_55939,pixel_55940,pixel_55941,pixel_55942,pixel_55943,pixel_55944,pixel_55945,pixel_55946,pixel_55947,pixel_55948,pixel_55949,pixel_55950,pixel_55951,pixel_55952,pixel_55953,pixel_55954,pixel_55955,pixel_55956,pixel_55957,pixel_55958,pixel_55959,pixel_55960,pixel_55961,pixel_55962,pixel_55963,pixel_55964,pixel_55965,pixel_55966,pixel_55967,pixel_55968,pixel_55969,pixel_55970,pixel_55971,pixel_55972,pixel_55973,pixel_55974,pixel_55975,pixel_55976,pixel_55977,pixel_55978,pixel_55979,pixel_55980,pixel_55981,pixel_55982,pixel_55983,pixel_55984,pixel_55985,pixel_55986,pixel_55987,pixel_55988,pixel_55989,pixel_55990,pixel_55991,pixel_55992,pixel_55993,pixel_55994,pixel_55995,pixel_55996,pixel_55997,pixel_55998,pixel_55999,pixel_56000,pixel_56001,pixel_56002,pixel_56003,pixel_56004,pixel_56005,pixel_56006,pixel_56007,pixel_56008,pixel_56009,pixel_56010,pixel_56011,pixel_56012,pixel_56013,pixel_56014,pixel_56015,pixel_56016,pixel_56017,pixel_56018,pixel_56019,pixel_56020,pixel_56021,pixel_56022,pixel_56023,pixel_56024,pixel_56025,pixel_56026,pixel_56027,pixel_56028,pixel_56029,pixel_56030,pixel_56031,pixel_56032,pixel_56033,pixel_56034,pixel_56035,pixel_56036,pixel_56037,pixel_56038,pixel_56039,pixel_56040,pixel_56041,pixel_56042,pixel_56043,pixel_56044,pixel_56045,pixel_56046,pixel_56047,pixel_56048,pixel_56049,pixel_56050,pixel_56051,pixel_56052,pixel_56053,pixel_56054,pixel_56055,pixel_56056,pixel_56057,pixel_56058,pixel_56059,pixel_56060,pixel_56061,pixel_56062,pixel_56063,pixel_56064,pixel_56065,pixel_56066,pixel_56067,pixel_56068,pixel_56069,pixel_56070,pixel_56071,pixel_56072,pixel_56073,pixel_56074,pixel_56075,pixel_56076,pixel_56077,pixel_56078,pixel_56079,pixel_56080,pixel_56081,pixel_56082,pixel_56083,pixel_56084,pixel_56085,pixel_56086,pixel_56087,pixel_56088,pixel_56089,pixel_56090,pixel_56091,pixel_56092,pixel_56093,pixel_56094,pixel_56095,pixel_56096,pixel_56097,pixel_56098,pixel_56099,pixel_56100,pixel_56101,pixel_56102,pixel_56103,pixel_56104,pixel_56105,pixel_56106,pixel_56107,pixel_56108,pixel_56109,pixel_56110,pixel_56111,pixel_56112,pixel_56113,pixel_56114,pixel_56115,pixel_56116,pixel_56117,pixel_56118,pixel_56119,pixel_56120,pixel_56121,pixel_56122,pixel_56123,pixel_56124,pixel_56125,pixel_56126,pixel_56127,pixel_56128,pixel_56129,pixel_56130,pixel_56131,pixel_56132,pixel_56133,pixel_56134,pixel_56135,pixel_56136,pixel_56137,pixel_56138,pixel_56139,pixel_56140,pixel_56141,pixel_56142,pixel_56143,pixel_56144,pixel_56145,pixel_56146,pixel_56147,pixel_56148,pixel_56149,pixel_56150,pixel_56151,pixel_56152,pixel_56153,pixel_56154,pixel_56155,pixel_56156,pixel_56157,pixel_56158,pixel_56159,pixel_56160,pixel_56161,pixel_56162,pixel_56163,pixel_56164,pixel_56165,pixel_56166,pixel_56167,pixel_56168,pixel_56169,pixel_56170,pixel_56171,pixel_56172,pixel_56173,pixel_56174,pixel_56175,pixel_56176,pixel_56177,pixel_56178,pixel_56179,pixel_56180,pixel_56181,pixel_56182,pixel_56183,pixel_56184,pixel_56185,pixel_56186,pixel_56187,pixel_56188,pixel_56189,pixel_56190,pixel_56191,pixel_56192,pixel_56193,pixel_56194,pixel_56195,pixel_56196,pixel_56197,pixel_56198,pixel_56199,pixel_56200,pixel_56201,pixel_56202,pixel_56203,pixel_56204,pixel_56205,pixel_56206,pixel_56207,pixel_56208,pixel_56209,pixel_56210,pixel_56211,pixel_56212,pixel_56213,pixel_56214,pixel_56215,pixel_56216,pixel_56217,pixel_56218,pixel_56219,pixel_56220,pixel_56221,pixel_56222,pixel_56223,pixel_56224,pixel_56225,pixel_56226,pixel_56227,pixel_56228,pixel_56229,pixel_56230,pixel_56231,pixel_56232,pixel_56233,pixel_56234,pixel_56235,pixel_56236,pixel_56237,pixel_56238,pixel_56239,pixel_56240,pixel_56241,pixel_56242,pixel_56243,pixel_56244,pixel_56245,pixel_56246,pixel_56247,pixel_56248,pixel_56249,pixel_56250,pixel_56251,pixel_56252,pixel_56253,pixel_56254,pixel_56255,pixel_56256,pixel_56257,pixel_56258,pixel_56259,pixel_56260,pixel_56261,pixel_56262,pixel_56263,pixel_56264,pixel_56265,pixel_56266,pixel_56267,pixel_56268,pixel_56269,pixel_56270,pixel_56271,pixel_56272,pixel_56273,pixel_56274,pixel_56275,pixel_56276,pixel_56277,pixel_56278,pixel_56279,pixel_56280,pixel_56281,pixel_56282,pixel_56283,pixel_56284,pixel_56285,pixel_56286,pixel_56287,pixel_56288,pixel_56289,pixel_56290,pixel_56291,pixel_56292,pixel_56293,pixel_56294,pixel_56295,pixel_56296,pixel_56297,pixel_56298,pixel_56299,pixel_56300,pixel_56301,pixel_56302,pixel_56303,pixel_56304,pixel_56305,pixel_56306,pixel_56307,pixel_56308,pixel_56309,pixel_56310,pixel_56311,pixel_56312,pixel_56313,pixel_56314,pixel_56315,pixel_56316,pixel_56317,pixel_56318,pixel_56319,pixel_56320,pixel_56321,pixel_56322,pixel_56323,pixel_56324,pixel_56325,pixel_56326,pixel_56327,pixel_56328,pixel_56329,pixel_56330,pixel_56331,pixel_56332,pixel_56333,pixel_56334,pixel_56335,pixel_56336,pixel_56337,pixel_56338,pixel_56339,pixel_56340,pixel_56341,pixel_56342,pixel_56343,pixel_56344,pixel_56345,pixel_56346,pixel_56347,pixel_56348,pixel_56349,pixel_56350,pixel_56351,pixel_56352,pixel_56353,pixel_56354,pixel_56355,pixel_56356,pixel_56357,pixel_56358,pixel_56359,pixel_56360,pixel_56361,pixel_56362,pixel_56363,pixel_56364,pixel_56365,pixel_56366,pixel_56367,pixel_56368,pixel_56369,pixel_56370,pixel_56371,pixel_56372,pixel_56373,pixel_56374,pixel_56375,pixel_56376,pixel_56377,pixel_56378,pixel_56379,pixel_56380,pixel_56381,pixel_56382,pixel_56383,pixel_56384,pixel_56385,pixel_56386,pixel_56387,pixel_56388,pixel_56389,pixel_56390,pixel_56391,pixel_56392,pixel_56393,pixel_56394,pixel_56395,pixel_56396,pixel_56397,pixel_56398,pixel_56399,pixel_56400,pixel_56401,pixel_56402,pixel_56403,pixel_56404,pixel_56405,pixel_56406,pixel_56407,pixel_56408,pixel_56409,pixel_56410,pixel_56411,pixel_56412,pixel_56413,pixel_56414,pixel_56415,pixel_56416,pixel_56417,pixel_56418,pixel_56419,pixel_56420,pixel_56421,pixel_56422,pixel_56423,pixel_56424,pixel_56425,pixel_56426,pixel_56427,pixel_56428,pixel_56429,pixel_56430,pixel_56431,pixel_56432,pixel_56433,pixel_56434,pixel_56435,pixel_56436,pixel_56437,pixel_56438,pixel_56439,pixel_56440,pixel_56441,pixel_56442,pixel_56443,pixel_56444,pixel_56445,pixel_56446,pixel_56447,pixel_56448,pixel_56449,pixel_56450,pixel_56451,pixel_56452,pixel_56453,pixel_56454,pixel_56455,pixel_56456,pixel_56457,pixel_56458,pixel_56459,pixel_56460,pixel_56461,pixel_56462,pixel_56463,pixel_56464,pixel_56465,pixel_56466,pixel_56467,pixel_56468,pixel_56469,pixel_56470,pixel_56471,pixel_56472,pixel_56473,pixel_56474,pixel_56475,pixel_56476,pixel_56477,pixel_56478,pixel_56479,pixel_56480,pixel_56481,pixel_56482,pixel_56483,pixel_56484,pixel_56485,pixel_56486,pixel_56487,pixel_56488,pixel_56489,pixel_56490,pixel_56491,pixel_56492,pixel_56493,pixel_56494,pixel_56495,pixel_56496,pixel_56497,pixel_56498,pixel_56499,pixel_56500,pixel_56501,pixel_56502,pixel_56503,pixel_56504,pixel_56505,pixel_56506,pixel_56507,pixel_56508,pixel_56509,pixel_56510,pixel_56511,pixel_56512,pixel_56513,pixel_56514,pixel_56515,pixel_56516,pixel_56517,pixel_56518,pixel_56519,pixel_56520,pixel_56521,pixel_56522,pixel_56523,pixel_56524,pixel_56525,pixel_56526,pixel_56527,pixel_56528,pixel_56529,pixel_56530,pixel_56531,pixel_56532,pixel_56533,pixel_56534,pixel_56535,pixel_56536,pixel_56537,pixel_56538,pixel_56539,pixel_56540,pixel_56541,pixel_56542,pixel_56543,pixel_56544,pixel_56545,pixel_56546,pixel_56547,pixel_56548,pixel_56549,pixel_56550,pixel_56551,pixel_56552,pixel_56553,pixel_56554,pixel_56555,pixel_56556,pixel_56557,pixel_56558,pixel_56559,pixel_56560,pixel_56561,pixel_56562,pixel_56563,pixel_56564,pixel_56565,pixel_56566,pixel_56567,pixel_56568,pixel_56569,pixel_56570,pixel_56571,pixel_56572,pixel_56573,pixel_56574,pixel_56575,pixel_56576,pixel_56577,pixel_56578,pixel_56579,pixel_56580,pixel_56581,pixel_56582,pixel_56583,pixel_56584,pixel_56585,pixel_56586,pixel_56587,pixel_56588,pixel_56589,pixel_56590,pixel_56591,pixel_56592,pixel_56593,pixel_56594,pixel_56595,pixel_56596,pixel_56597,pixel_56598,pixel_56599,pixel_56600,pixel_56601,pixel_56602,pixel_56603,pixel_56604,pixel_56605,pixel_56606,pixel_56607,pixel_56608,pixel_56609,pixel_56610,pixel_56611,pixel_56612,pixel_56613,pixel_56614,pixel_56615,pixel_56616,pixel_56617,pixel_56618,pixel_56619,pixel_56620,pixel_56621,pixel_56622,pixel_56623,pixel_56624,pixel_56625,pixel_56626,pixel_56627,pixel_56628,pixel_56629,pixel_56630,pixel_56631,pixel_56632,pixel_56633,pixel_56634,pixel_56635,pixel_56636,pixel_56637,pixel_56638,pixel_56639,pixel_56640,pixel_56641,pixel_56642,pixel_56643,pixel_56644,pixel_56645,pixel_56646,pixel_56647,pixel_56648,pixel_56649,pixel_56650,pixel_56651,pixel_56652,pixel_56653,pixel_56654,pixel_56655,pixel_56656,pixel_56657,pixel_56658,pixel_56659,pixel_56660,pixel_56661,pixel_56662,pixel_56663,pixel_56664,pixel_56665,pixel_56666,pixel_56667,pixel_56668,pixel_56669,pixel_56670,pixel_56671,pixel_56672,pixel_56673,pixel_56674,pixel_56675,pixel_56676,pixel_56677,pixel_56678,pixel_56679,pixel_56680,pixel_56681,pixel_56682,pixel_56683,pixel_56684,pixel_56685,pixel_56686,pixel_56687,pixel_56688,pixel_56689,pixel_56690,pixel_56691,pixel_56692,pixel_56693,pixel_56694,pixel_56695,pixel_56696,pixel_56697,pixel_56698,pixel_56699,pixel_56700,pixel_56701,pixel_56702,pixel_56703,pixel_56704,pixel_56705,pixel_56706,pixel_56707,pixel_56708,pixel_56709,pixel_56710,pixel_56711,pixel_56712,pixel_56713,pixel_56714,pixel_56715,pixel_56716,pixel_56717,pixel_56718,pixel_56719,pixel_56720,pixel_56721,pixel_56722,pixel_56723,pixel_56724,pixel_56725,pixel_56726,pixel_56727,pixel_56728,pixel_56729,pixel_56730,pixel_56731,pixel_56732,pixel_56733,pixel_56734,pixel_56735,pixel_56736,pixel_56737,pixel_56738,pixel_56739,pixel_56740,pixel_56741,pixel_56742,pixel_56743,pixel_56744,pixel_56745,pixel_56746,pixel_56747,pixel_56748,pixel_56749,pixel_56750,pixel_56751,pixel_56752,pixel_56753,pixel_56754,pixel_56755,pixel_56756,pixel_56757,pixel_56758,pixel_56759,pixel_56760,pixel_56761,pixel_56762,pixel_56763,pixel_56764,pixel_56765,pixel_56766,pixel_56767,pixel_56768,pixel_56769,pixel_56770,pixel_56771,pixel_56772,pixel_56773,pixel_56774,pixel_56775,pixel_56776,pixel_56777,pixel_56778,pixel_56779,pixel_56780,pixel_56781,pixel_56782,pixel_56783,pixel_56784,pixel_56785,pixel_56786,pixel_56787,pixel_56788,pixel_56789,pixel_56790,pixel_56791,pixel_56792,pixel_56793,pixel_56794,pixel_56795,pixel_56796,pixel_56797,pixel_56798,pixel_56799,pixel_56800,pixel_56801,pixel_56802,pixel_56803,pixel_56804,pixel_56805,pixel_56806,pixel_56807,pixel_56808,pixel_56809,pixel_56810,pixel_56811,pixel_56812,pixel_56813,pixel_56814,pixel_56815,pixel_56816,pixel_56817,pixel_56818,pixel_56819,pixel_56820,pixel_56821,pixel_56822,pixel_56823,pixel_56824,pixel_56825,pixel_56826,pixel_56827,pixel_56828,pixel_56829,pixel_56830,pixel_56831,pixel_56832,pixel_56833,pixel_56834,pixel_56835,pixel_56836,pixel_56837,pixel_56838,pixel_56839,pixel_56840,pixel_56841,pixel_56842,pixel_56843,pixel_56844,pixel_56845,pixel_56846,pixel_56847,pixel_56848,pixel_56849,pixel_56850,pixel_56851,pixel_56852,pixel_56853,pixel_56854,pixel_56855,pixel_56856,pixel_56857,pixel_56858,pixel_56859,pixel_56860,pixel_56861,pixel_56862,pixel_56863,pixel_56864,pixel_56865,pixel_56866,pixel_56867,pixel_56868,pixel_56869,pixel_56870,pixel_56871,pixel_56872,pixel_56873,pixel_56874,pixel_56875,pixel_56876,pixel_56877,pixel_56878,pixel_56879,pixel_56880,pixel_56881,pixel_56882,pixel_56883,pixel_56884,pixel_56885,pixel_56886,pixel_56887,pixel_56888,pixel_56889,pixel_56890,pixel_56891,pixel_56892,pixel_56893,pixel_56894,pixel_56895,pixel_56896,pixel_56897,pixel_56898,pixel_56899,pixel_56900,pixel_56901,pixel_56902,pixel_56903,pixel_56904,pixel_56905,pixel_56906,pixel_56907,pixel_56908,pixel_56909,pixel_56910,pixel_56911,pixel_56912,pixel_56913,pixel_56914,pixel_56915,pixel_56916,pixel_56917,pixel_56918,pixel_56919,pixel_56920,pixel_56921,pixel_56922,pixel_56923,pixel_56924,pixel_56925,pixel_56926,pixel_56927,pixel_56928,pixel_56929,pixel_56930,pixel_56931,pixel_56932,pixel_56933,pixel_56934,pixel_56935,pixel_56936,pixel_56937,pixel_56938,pixel_56939,pixel_56940,pixel_56941,pixel_56942,pixel_56943,pixel_56944,pixel_56945,pixel_56946,pixel_56947,pixel_56948,pixel_56949,pixel_56950,pixel_56951,pixel_56952,pixel_56953,pixel_56954,pixel_56955,pixel_56956,pixel_56957,pixel_56958,pixel_56959,pixel_56960,pixel_56961,pixel_56962,pixel_56963,pixel_56964,pixel_56965,pixel_56966,pixel_56967,pixel_56968,pixel_56969,pixel_56970,pixel_56971,pixel_56972,pixel_56973,pixel_56974,pixel_56975,pixel_56976,pixel_56977,pixel_56978,pixel_56979,pixel_56980,pixel_56981,pixel_56982,pixel_56983,pixel_56984,pixel_56985,pixel_56986,pixel_56987,pixel_56988,pixel_56989,pixel_56990,pixel_56991,pixel_56992,pixel_56993,pixel_56994,pixel_56995,pixel_56996,pixel_56997,pixel_56998,pixel_56999,pixel_57000,pixel_57001,pixel_57002,pixel_57003,pixel_57004,pixel_57005,pixel_57006,pixel_57007,pixel_57008,pixel_57009,pixel_57010,pixel_57011,pixel_57012,pixel_57013,pixel_57014,pixel_57015,pixel_57016,pixel_57017,pixel_57018,pixel_57019,pixel_57020,pixel_57021,pixel_57022,pixel_57023,pixel_57024,pixel_57025,pixel_57026,pixel_57027,pixel_57028,pixel_57029,pixel_57030,pixel_57031,pixel_57032,pixel_57033,pixel_57034,pixel_57035,pixel_57036,pixel_57037,pixel_57038,pixel_57039,pixel_57040,pixel_57041,pixel_57042,pixel_57043,pixel_57044,pixel_57045,pixel_57046,pixel_57047,pixel_57048,pixel_57049,pixel_57050,pixel_57051,pixel_57052,pixel_57053,pixel_57054,pixel_57055,pixel_57056,pixel_57057,pixel_57058,pixel_57059,pixel_57060,pixel_57061,pixel_57062,pixel_57063,pixel_57064,pixel_57065,pixel_57066,pixel_57067,pixel_57068,pixel_57069,pixel_57070,pixel_57071,pixel_57072,pixel_57073,pixel_57074,pixel_57075,pixel_57076,pixel_57077,pixel_57078,pixel_57079,pixel_57080,pixel_57081,pixel_57082,pixel_57083,pixel_57084,pixel_57085,pixel_57086,pixel_57087,pixel_57088,pixel_57089,pixel_57090,pixel_57091,pixel_57092,pixel_57093,pixel_57094,pixel_57095,pixel_57096,pixel_57097,pixel_57098,pixel_57099,pixel_57100,pixel_57101,pixel_57102,pixel_57103,pixel_57104,pixel_57105,pixel_57106,pixel_57107,pixel_57108,pixel_57109,pixel_57110,pixel_57111,pixel_57112,pixel_57113,pixel_57114,pixel_57115,pixel_57116,pixel_57117,pixel_57118,pixel_57119,pixel_57120,pixel_57121,pixel_57122,pixel_57123,pixel_57124,pixel_57125,pixel_57126,pixel_57127,pixel_57128,pixel_57129,pixel_57130,pixel_57131,pixel_57132,pixel_57133,pixel_57134,pixel_57135,pixel_57136,pixel_57137,pixel_57138,pixel_57139,pixel_57140,pixel_57141,pixel_57142,pixel_57143,pixel_57144,pixel_57145,pixel_57146,pixel_57147,pixel_57148,pixel_57149,pixel_57150,pixel_57151,pixel_57152,pixel_57153,pixel_57154,pixel_57155,pixel_57156,pixel_57157,pixel_57158,pixel_57159,pixel_57160,pixel_57161,pixel_57162,pixel_57163,pixel_57164,pixel_57165,pixel_57166,pixel_57167,pixel_57168,pixel_57169,pixel_57170,pixel_57171,pixel_57172,pixel_57173,pixel_57174,pixel_57175,pixel_57176,pixel_57177,pixel_57178,pixel_57179,pixel_57180,pixel_57181,pixel_57182,pixel_57183,pixel_57184,pixel_57185,pixel_57186,pixel_57187,pixel_57188,pixel_57189,pixel_57190,pixel_57191,pixel_57192,pixel_57193,pixel_57194,pixel_57195,pixel_57196,pixel_57197,pixel_57198,pixel_57199,pixel_57200,pixel_57201,pixel_57202,pixel_57203,pixel_57204,pixel_57205,pixel_57206,pixel_57207,pixel_57208,pixel_57209,pixel_57210,pixel_57211,pixel_57212,pixel_57213,pixel_57214,pixel_57215,pixel_57216,pixel_57217,pixel_57218,pixel_57219,pixel_57220,pixel_57221,pixel_57222,pixel_57223,pixel_57224,pixel_57225,pixel_57226,pixel_57227,pixel_57228,pixel_57229,pixel_57230,pixel_57231,pixel_57232,pixel_57233,pixel_57234,pixel_57235,pixel_57236,pixel_57237,pixel_57238,pixel_57239,pixel_57240,pixel_57241,pixel_57242,pixel_57243,pixel_57244,pixel_57245,pixel_57246,pixel_57247,pixel_57248,pixel_57249,pixel_57250,pixel_57251,pixel_57252,pixel_57253,pixel_57254,pixel_57255,pixel_57256,pixel_57257,pixel_57258,pixel_57259,pixel_57260,pixel_57261,pixel_57262,pixel_57263,pixel_57264,pixel_57265,pixel_57266,pixel_57267,pixel_57268,pixel_57269,pixel_57270,pixel_57271,pixel_57272,pixel_57273,pixel_57274,pixel_57275,pixel_57276,pixel_57277,pixel_57278,pixel_57279,pixel_57280,pixel_57281,pixel_57282,pixel_57283,pixel_57284,pixel_57285,pixel_57286,pixel_57287,pixel_57288,pixel_57289,pixel_57290,pixel_57291,pixel_57292,pixel_57293,pixel_57294,pixel_57295,pixel_57296,pixel_57297,pixel_57298,pixel_57299,pixel_57300,pixel_57301,pixel_57302,pixel_57303,pixel_57304,pixel_57305,pixel_57306,pixel_57307,pixel_57308,pixel_57309,pixel_57310,pixel_57311,pixel_57312,pixel_57313,pixel_57314,pixel_57315,pixel_57316,pixel_57317,pixel_57318,pixel_57319,pixel_57320,pixel_57321,pixel_57322,pixel_57323,pixel_57324,pixel_57325,pixel_57326,pixel_57327,pixel_57328,pixel_57329,pixel_57330,pixel_57331,pixel_57332,pixel_57333,pixel_57334,pixel_57335,pixel_57336,pixel_57337,pixel_57338,pixel_57339,pixel_57340,pixel_57341,pixel_57342,pixel_57343,pixel_57344,pixel_57345,pixel_57346,pixel_57347,pixel_57348,pixel_57349,pixel_57350,pixel_57351,pixel_57352,pixel_57353,pixel_57354,pixel_57355,pixel_57356,pixel_57357,pixel_57358,pixel_57359,pixel_57360,pixel_57361,pixel_57362,pixel_57363,pixel_57364,pixel_57365,pixel_57366,pixel_57367,pixel_57368,pixel_57369,pixel_57370,pixel_57371,pixel_57372,pixel_57373,pixel_57374,pixel_57375,pixel_57376,pixel_57377,pixel_57378,pixel_57379,pixel_57380,pixel_57381,pixel_57382,pixel_57383,pixel_57384,pixel_57385,pixel_57386,pixel_57387,pixel_57388,pixel_57389,pixel_57390,pixel_57391,pixel_57392,pixel_57393,pixel_57394,pixel_57395,pixel_57396,pixel_57397,pixel_57398,pixel_57399,pixel_57400,pixel_57401,pixel_57402,pixel_57403,pixel_57404,pixel_57405,pixel_57406,pixel_57407,pixel_57408,pixel_57409,pixel_57410,pixel_57411,pixel_57412,pixel_57413,pixel_57414,pixel_57415,pixel_57416,pixel_57417,pixel_57418,pixel_57419,pixel_57420,pixel_57421,pixel_57422,pixel_57423,pixel_57424,pixel_57425,pixel_57426,pixel_57427,pixel_57428,pixel_57429,pixel_57430,pixel_57431,pixel_57432,pixel_57433,pixel_57434,pixel_57435,pixel_57436,pixel_57437,pixel_57438,pixel_57439,pixel_57440,pixel_57441,pixel_57442,pixel_57443,pixel_57444,pixel_57445,pixel_57446,pixel_57447,pixel_57448,pixel_57449,pixel_57450,pixel_57451,pixel_57452,pixel_57453,pixel_57454,pixel_57455,pixel_57456,pixel_57457,pixel_57458,pixel_57459,pixel_57460,pixel_57461,pixel_57462,pixel_57463,pixel_57464,pixel_57465,pixel_57466,pixel_57467,pixel_57468,pixel_57469,pixel_57470,pixel_57471,pixel_57472,pixel_57473,pixel_57474,pixel_57475,pixel_57476,pixel_57477,pixel_57478,pixel_57479,pixel_57480,pixel_57481,pixel_57482,pixel_57483,pixel_57484,pixel_57485,pixel_57486,pixel_57487,pixel_57488,pixel_57489,pixel_57490,pixel_57491,pixel_57492,pixel_57493,pixel_57494,pixel_57495,pixel_57496,pixel_57497,pixel_57498,pixel_57499,pixel_57500,pixel_57501,pixel_57502,pixel_57503,pixel_57504,pixel_57505,pixel_57506,pixel_57507,pixel_57508,pixel_57509,pixel_57510,pixel_57511,pixel_57512,pixel_57513,pixel_57514,pixel_57515,pixel_57516,pixel_57517,pixel_57518,pixel_57519,pixel_57520,pixel_57521,pixel_57522,pixel_57523,pixel_57524,pixel_57525,pixel_57526,pixel_57527,pixel_57528,pixel_57529,pixel_57530,pixel_57531,pixel_57532,pixel_57533,pixel_57534,pixel_57535,pixel_57536,pixel_57537,pixel_57538,pixel_57539,pixel_57540,pixel_57541,pixel_57542,pixel_57543,pixel_57544,pixel_57545,pixel_57546,pixel_57547,pixel_57548,pixel_57549,pixel_57550,pixel_57551,pixel_57552,pixel_57553,pixel_57554,pixel_57555,pixel_57556,pixel_57557,pixel_57558,pixel_57559,pixel_57560,pixel_57561,pixel_57562,pixel_57563,pixel_57564,pixel_57565,pixel_57566,pixel_57567,pixel_57568,pixel_57569,pixel_57570,pixel_57571,pixel_57572,pixel_57573,pixel_57574,pixel_57575,pixel_57576,pixel_57577,pixel_57578,pixel_57579,pixel_57580,pixel_57581,pixel_57582,pixel_57583,pixel_57584,pixel_57585,pixel_57586,pixel_57587,pixel_57588,pixel_57589,pixel_57590,pixel_57591,pixel_57592,pixel_57593,pixel_57594,pixel_57595,pixel_57596,pixel_57597,pixel_57598,pixel_57599,pixel_57600,pixel_57601,pixel_57602,pixel_57603,pixel_57604,pixel_57605,pixel_57606,pixel_57607,pixel_57608,pixel_57609,pixel_57610,pixel_57611,pixel_57612,pixel_57613,pixel_57614,pixel_57615,pixel_57616,pixel_57617,pixel_57618,pixel_57619,pixel_57620,pixel_57621,pixel_57622,pixel_57623,pixel_57624,pixel_57625,pixel_57626,pixel_57627,pixel_57628,pixel_57629,pixel_57630,pixel_57631,pixel_57632,pixel_57633,pixel_57634,pixel_57635,pixel_57636,pixel_57637,pixel_57638,pixel_57639,pixel_57640,pixel_57641,pixel_57642,pixel_57643,pixel_57644,pixel_57645,pixel_57646,pixel_57647,pixel_57648,pixel_57649,pixel_57650,pixel_57651,pixel_57652,pixel_57653,pixel_57654,pixel_57655,pixel_57656,pixel_57657,pixel_57658,pixel_57659,pixel_57660,pixel_57661,pixel_57662,pixel_57663,pixel_57664,pixel_57665,pixel_57666,pixel_57667,pixel_57668,pixel_57669,pixel_57670,pixel_57671,pixel_57672,pixel_57673,pixel_57674,pixel_57675,pixel_57676,pixel_57677,pixel_57678,pixel_57679,pixel_57680,pixel_57681,pixel_57682,pixel_57683,pixel_57684,pixel_57685,pixel_57686,pixel_57687,pixel_57688,pixel_57689,pixel_57690,pixel_57691,pixel_57692,pixel_57693,pixel_57694,pixel_57695,pixel_57696,pixel_57697,pixel_57698,pixel_57699,pixel_57700,pixel_57701,pixel_57702,pixel_57703,pixel_57704,pixel_57705,pixel_57706,pixel_57707,pixel_57708,pixel_57709,pixel_57710,pixel_57711,pixel_57712,pixel_57713,pixel_57714,pixel_57715,pixel_57716,pixel_57717,pixel_57718,pixel_57719,pixel_57720,pixel_57721,pixel_57722,pixel_57723,pixel_57724,pixel_57725,pixel_57726,pixel_57727,pixel_57728,pixel_57729,pixel_57730,pixel_57731,pixel_57732,pixel_57733,pixel_57734,pixel_57735,pixel_57736,pixel_57737,pixel_57738,pixel_57739,pixel_57740,pixel_57741,pixel_57742,pixel_57743,pixel_57744,pixel_57745,pixel_57746,pixel_57747,pixel_57748,pixel_57749,pixel_57750,pixel_57751,pixel_57752,pixel_57753,pixel_57754,pixel_57755,pixel_57756,pixel_57757,pixel_57758,pixel_57759,pixel_57760,pixel_57761,pixel_57762,pixel_57763,pixel_57764,pixel_57765,pixel_57766,pixel_57767,pixel_57768,pixel_57769,pixel_57770,pixel_57771,pixel_57772,pixel_57773,pixel_57774,pixel_57775,pixel_57776,pixel_57777,pixel_57778,pixel_57779,pixel_57780,pixel_57781,pixel_57782,pixel_57783,pixel_57784,pixel_57785,pixel_57786,pixel_57787,pixel_57788,pixel_57789,pixel_57790,pixel_57791,pixel_57792,pixel_57793,pixel_57794,pixel_57795,pixel_57796,pixel_57797,pixel_57798,pixel_57799,pixel_57800,pixel_57801,pixel_57802,pixel_57803,pixel_57804,pixel_57805,pixel_57806,pixel_57807,pixel_57808,pixel_57809,pixel_57810,pixel_57811,pixel_57812,pixel_57813,pixel_57814,pixel_57815,pixel_57816,pixel_57817,pixel_57818,pixel_57819,pixel_57820,pixel_57821,pixel_57822,pixel_57823,pixel_57824,pixel_57825,pixel_57826,pixel_57827,pixel_57828,pixel_57829,pixel_57830,pixel_57831,pixel_57832,pixel_57833,pixel_57834,pixel_57835,pixel_57836,pixel_57837,pixel_57838,pixel_57839,pixel_57840,pixel_57841,pixel_57842,pixel_57843,pixel_57844,pixel_57845,pixel_57846,pixel_57847,pixel_57848,pixel_57849,pixel_57850,pixel_57851,pixel_57852,pixel_57853,pixel_57854,pixel_57855,pixel_57856,pixel_57857,pixel_57858,pixel_57859,pixel_57860,pixel_57861,pixel_57862,pixel_57863,pixel_57864,pixel_57865,pixel_57866,pixel_57867,pixel_57868,pixel_57869,pixel_57870,pixel_57871,pixel_57872,pixel_57873,pixel_57874,pixel_57875,pixel_57876,pixel_57877,pixel_57878,pixel_57879,pixel_57880,pixel_57881,pixel_57882,pixel_57883,pixel_57884,pixel_57885,pixel_57886,pixel_57887,pixel_57888,pixel_57889,pixel_57890,pixel_57891,pixel_57892,pixel_57893,pixel_57894,pixel_57895,pixel_57896,pixel_57897,pixel_57898,pixel_57899,pixel_57900,pixel_57901,pixel_57902,pixel_57903,pixel_57904,pixel_57905,pixel_57906,pixel_57907,pixel_57908,pixel_57909,pixel_57910,pixel_57911,pixel_57912,pixel_57913,pixel_57914,pixel_57915,pixel_57916,pixel_57917,pixel_57918,pixel_57919,pixel_57920,pixel_57921,pixel_57922,pixel_57923,pixel_57924,pixel_57925,pixel_57926,pixel_57927,pixel_57928,pixel_57929,pixel_57930,pixel_57931,pixel_57932,pixel_57933,pixel_57934,pixel_57935,pixel_57936,pixel_57937,pixel_57938,pixel_57939,pixel_57940,pixel_57941,pixel_57942,pixel_57943,pixel_57944,pixel_57945,pixel_57946,pixel_57947,pixel_57948,pixel_57949,pixel_57950,pixel_57951,pixel_57952,pixel_57953,pixel_57954,pixel_57955,pixel_57956,pixel_57957,pixel_57958,pixel_57959,pixel_57960,pixel_57961,pixel_57962,pixel_57963,pixel_57964,pixel_57965,pixel_57966,pixel_57967,pixel_57968,pixel_57969,pixel_57970,pixel_57971,pixel_57972,pixel_57973,pixel_57974,pixel_57975,pixel_57976,pixel_57977,pixel_57978,pixel_57979,pixel_57980,pixel_57981,pixel_57982,pixel_57983,pixel_57984,pixel_57985,pixel_57986,pixel_57987,pixel_57988,pixel_57989,pixel_57990,pixel_57991,pixel_57992,pixel_57993,pixel_57994,pixel_57995,pixel_57996,pixel_57997,pixel_57998,pixel_57999,pixel_58000,pixel_58001,pixel_58002,pixel_58003,pixel_58004,pixel_58005,pixel_58006,pixel_58007,pixel_58008,pixel_58009,pixel_58010,pixel_58011,pixel_58012,pixel_58013,pixel_58014,pixel_58015,pixel_58016,pixel_58017,pixel_58018,pixel_58019,pixel_58020,pixel_58021,pixel_58022,pixel_58023,pixel_58024,pixel_58025,pixel_58026,pixel_58027,pixel_58028,pixel_58029,pixel_58030,pixel_58031,pixel_58032,pixel_58033,pixel_58034,pixel_58035,pixel_58036,pixel_58037,pixel_58038,pixel_58039,pixel_58040,pixel_58041,pixel_58042,pixel_58043,pixel_58044,pixel_58045,pixel_58046,pixel_58047,pixel_58048,pixel_58049,pixel_58050,pixel_58051,pixel_58052,pixel_58053,pixel_58054,pixel_58055,pixel_58056,pixel_58057,pixel_58058,pixel_58059,pixel_58060,pixel_58061,pixel_58062,pixel_58063,pixel_58064,pixel_58065,pixel_58066,pixel_58067,pixel_58068,pixel_58069,pixel_58070,pixel_58071,pixel_58072,pixel_58073,pixel_58074,pixel_58075,pixel_58076,pixel_58077,pixel_58078,pixel_58079,pixel_58080,pixel_58081,pixel_58082,pixel_58083,pixel_58084,pixel_58085,pixel_58086,pixel_58087,pixel_58088,pixel_58089,pixel_58090,pixel_58091,pixel_58092,pixel_58093,pixel_58094,pixel_58095,pixel_58096,pixel_58097,pixel_58098,pixel_58099,pixel_58100,pixel_58101,pixel_58102,pixel_58103,pixel_58104,pixel_58105,pixel_58106,pixel_58107,pixel_58108,pixel_58109,pixel_58110,pixel_58111,pixel_58112,pixel_58113,pixel_58114,pixel_58115,pixel_58116,pixel_58117,pixel_58118,pixel_58119,pixel_58120,pixel_58121,pixel_58122,pixel_58123,pixel_58124,pixel_58125,pixel_58126,pixel_58127,pixel_58128,pixel_58129,pixel_58130,pixel_58131,pixel_58132,pixel_58133,pixel_58134,pixel_58135,pixel_58136,pixel_58137,pixel_58138,pixel_58139,pixel_58140,pixel_58141,pixel_58142,pixel_58143,pixel_58144,pixel_58145,pixel_58146,pixel_58147,pixel_58148,pixel_58149,pixel_58150,pixel_58151,pixel_58152,pixel_58153,pixel_58154,pixel_58155,pixel_58156,pixel_58157,pixel_58158,pixel_58159,pixel_58160,pixel_58161,pixel_58162,pixel_58163,pixel_58164,pixel_58165,pixel_58166,pixel_58167,pixel_58168,pixel_58169,pixel_58170,pixel_58171,pixel_58172,pixel_58173,pixel_58174,pixel_58175,pixel_58176,pixel_58177,pixel_58178,pixel_58179,pixel_58180,pixel_58181,pixel_58182,pixel_58183,pixel_58184,pixel_58185,pixel_58186,pixel_58187,pixel_58188,pixel_58189,pixel_58190,pixel_58191,pixel_58192,pixel_58193,pixel_58194,pixel_58195,pixel_58196,pixel_58197,pixel_58198,pixel_58199,pixel_58200,pixel_58201,pixel_58202,pixel_58203,pixel_58204,pixel_58205,pixel_58206,pixel_58207,pixel_58208,pixel_58209,pixel_58210,pixel_58211,pixel_58212,pixel_58213,pixel_58214,pixel_58215,pixel_58216,pixel_58217,pixel_58218,pixel_58219,pixel_58220,pixel_58221,pixel_58222,pixel_58223,pixel_58224,pixel_58225,pixel_58226,pixel_58227,pixel_58228,pixel_58229,pixel_58230,pixel_58231,pixel_58232,pixel_58233,pixel_58234,pixel_58235,pixel_58236,pixel_58237,pixel_58238,pixel_58239,pixel_58240,pixel_58241,pixel_58242,pixel_58243,pixel_58244,pixel_58245,pixel_58246,pixel_58247,pixel_58248,pixel_58249,pixel_58250,pixel_58251,pixel_58252,pixel_58253,pixel_58254,pixel_58255,pixel_58256,pixel_58257,pixel_58258,pixel_58259,pixel_58260,pixel_58261,pixel_58262,pixel_58263,pixel_58264,pixel_58265,pixel_58266,pixel_58267,pixel_58268,pixel_58269,pixel_58270,pixel_58271,pixel_58272,pixel_58273,pixel_58274,pixel_58275,pixel_58276,pixel_58277,pixel_58278,pixel_58279,pixel_58280,pixel_58281,pixel_58282,pixel_58283,pixel_58284,pixel_58285,pixel_58286,pixel_58287,pixel_58288,pixel_58289,pixel_58290,pixel_58291,pixel_58292,pixel_58293,pixel_58294,pixel_58295,pixel_58296,pixel_58297,pixel_58298,pixel_58299,pixel_58300,pixel_58301,pixel_58302,pixel_58303,pixel_58304,pixel_58305,pixel_58306,pixel_58307,pixel_58308,pixel_58309,pixel_58310,pixel_58311,pixel_58312,pixel_58313,pixel_58314,pixel_58315,pixel_58316,pixel_58317,pixel_58318,pixel_58319,pixel_58320,pixel_58321,pixel_58322,pixel_58323,pixel_58324,pixel_58325,pixel_58326,pixel_58327,pixel_58328,pixel_58329,pixel_58330,pixel_58331,pixel_58332,pixel_58333,pixel_58334,pixel_58335,pixel_58336,pixel_58337,pixel_58338,pixel_58339,pixel_58340,pixel_58341,pixel_58342,pixel_58343,pixel_58344,pixel_58345,pixel_58346,pixel_58347,pixel_58348,pixel_58349,pixel_58350,pixel_58351,pixel_58352,pixel_58353,pixel_58354,pixel_58355,pixel_58356,pixel_58357,pixel_58358,pixel_58359,pixel_58360,pixel_58361,pixel_58362,pixel_58363,pixel_58364,pixel_58365,pixel_58366,pixel_58367,pixel_58368,pixel_58369,pixel_58370,pixel_58371,pixel_58372,pixel_58373,pixel_58374,pixel_58375,pixel_58376,pixel_58377,pixel_58378,pixel_58379,pixel_58380,pixel_58381,pixel_58382,pixel_58383,pixel_58384,pixel_58385,pixel_58386,pixel_58387,pixel_58388,pixel_58389,pixel_58390,pixel_58391,pixel_58392,pixel_58393,pixel_58394,pixel_58395,pixel_58396,pixel_58397,pixel_58398,pixel_58399,pixel_58400,pixel_58401,pixel_58402,pixel_58403,pixel_58404,pixel_58405,pixel_58406,pixel_58407,pixel_58408,pixel_58409,pixel_58410,pixel_58411,pixel_58412,pixel_58413,pixel_58414,pixel_58415,pixel_58416,pixel_58417,pixel_58418,pixel_58419,pixel_58420,pixel_58421,pixel_58422,pixel_58423,pixel_58424,pixel_58425,pixel_58426,pixel_58427,pixel_58428,pixel_58429,pixel_58430,pixel_58431,pixel_58432,pixel_58433,pixel_58434,pixel_58435,pixel_58436,pixel_58437,pixel_58438,pixel_58439,pixel_58440,pixel_58441,pixel_58442,pixel_58443,pixel_58444,pixel_58445,pixel_58446,pixel_58447,pixel_58448,pixel_58449,pixel_58450,pixel_58451,pixel_58452,pixel_58453,pixel_58454,pixel_58455,pixel_58456,pixel_58457,pixel_58458,pixel_58459,pixel_58460,pixel_58461,pixel_58462,pixel_58463,pixel_58464,pixel_58465,pixel_58466,pixel_58467,pixel_58468,pixel_58469,pixel_58470,pixel_58471,pixel_58472,pixel_58473,pixel_58474,pixel_58475,pixel_58476,pixel_58477,pixel_58478,pixel_58479,pixel_58480,pixel_58481,pixel_58482,pixel_58483,pixel_58484,pixel_58485,pixel_58486,pixel_58487,pixel_58488,pixel_58489,pixel_58490,pixel_58491,pixel_58492,pixel_58493,pixel_58494,pixel_58495,pixel_58496,pixel_58497,pixel_58498,pixel_58499,pixel_58500,pixel_58501,pixel_58502,pixel_58503,pixel_58504,pixel_58505,pixel_58506,pixel_58507,pixel_58508,pixel_58509,pixel_58510,pixel_58511,pixel_58512,pixel_58513,pixel_58514,pixel_58515,pixel_58516,pixel_58517,pixel_58518,pixel_58519,pixel_58520,pixel_58521,pixel_58522,pixel_58523,pixel_58524,pixel_58525,pixel_58526,pixel_58527,pixel_58528,pixel_58529,pixel_58530,pixel_58531,pixel_58532,pixel_58533,pixel_58534,pixel_58535,pixel_58536,pixel_58537,pixel_58538,pixel_58539,pixel_58540,pixel_58541,pixel_58542,pixel_58543,pixel_58544,pixel_58545,pixel_58546,pixel_58547,pixel_58548,pixel_58549,pixel_58550,pixel_58551,pixel_58552,pixel_58553,pixel_58554,pixel_58555,pixel_58556,pixel_58557,pixel_58558,pixel_58559,pixel_58560,pixel_58561,pixel_58562,pixel_58563,pixel_58564,pixel_58565,pixel_58566,pixel_58567,pixel_58568,pixel_58569,pixel_58570,pixel_58571,pixel_58572,pixel_58573,pixel_58574,pixel_58575,pixel_58576,pixel_58577,pixel_58578,pixel_58579,pixel_58580,pixel_58581,pixel_58582,pixel_58583,pixel_58584,pixel_58585,pixel_58586,pixel_58587,pixel_58588,pixel_58589,pixel_58590,pixel_58591,pixel_58592,pixel_58593,pixel_58594,pixel_58595,pixel_58596,pixel_58597,pixel_58598,pixel_58599,pixel_58600,pixel_58601,pixel_58602,pixel_58603,pixel_58604,pixel_58605,pixel_58606,pixel_58607,pixel_58608,pixel_58609,pixel_58610,pixel_58611,pixel_58612,pixel_58613,pixel_58614,pixel_58615,pixel_58616,pixel_58617,pixel_58618,pixel_58619,pixel_58620,pixel_58621,pixel_58622,pixel_58623,pixel_58624,pixel_58625,pixel_58626,pixel_58627,pixel_58628,pixel_58629,pixel_58630,pixel_58631,pixel_58632,pixel_58633,pixel_58634,pixel_58635,pixel_58636,pixel_58637,pixel_58638,pixel_58639,pixel_58640,pixel_58641,pixel_58642,pixel_58643,pixel_58644,pixel_58645,pixel_58646,pixel_58647,pixel_58648,pixel_58649,pixel_58650,pixel_58651,pixel_58652,pixel_58653,pixel_58654,pixel_58655,pixel_58656,pixel_58657,pixel_58658,pixel_58659,pixel_58660,pixel_58661,pixel_58662,pixel_58663,pixel_58664,pixel_58665,pixel_58666,pixel_58667,pixel_58668,pixel_58669,pixel_58670,pixel_58671,pixel_58672,pixel_58673,pixel_58674,pixel_58675,pixel_58676,pixel_58677,pixel_58678,pixel_58679,pixel_58680,pixel_58681,pixel_58682,pixel_58683,pixel_58684,pixel_58685,pixel_58686,pixel_58687,pixel_58688,pixel_58689,pixel_58690,pixel_58691,pixel_58692,pixel_58693,pixel_58694,pixel_58695,pixel_58696,pixel_58697,pixel_58698,pixel_58699,pixel_58700,pixel_58701,pixel_58702,pixel_58703,pixel_58704,pixel_58705,pixel_58706,pixel_58707,pixel_58708,pixel_58709,pixel_58710,pixel_58711,pixel_58712,pixel_58713,pixel_58714,pixel_58715,pixel_58716,pixel_58717,pixel_58718,pixel_58719,pixel_58720,pixel_58721,pixel_58722,pixel_58723,pixel_58724,pixel_58725,pixel_58726,pixel_58727,pixel_58728,pixel_58729,pixel_58730,pixel_58731,pixel_58732,pixel_58733,pixel_58734,pixel_58735,pixel_58736,pixel_58737,pixel_58738,pixel_58739,pixel_58740,pixel_58741,pixel_58742,pixel_58743,pixel_58744,pixel_58745,pixel_58746,pixel_58747,pixel_58748,pixel_58749,pixel_58750,pixel_58751,pixel_58752,pixel_58753,pixel_58754,pixel_58755,pixel_58756,pixel_58757,pixel_58758,pixel_58759,pixel_58760,pixel_58761,pixel_58762,pixel_58763,pixel_58764,pixel_58765,pixel_58766,pixel_58767,pixel_58768,pixel_58769,pixel_58770,pixel_58771,pixel_58772,pixel_58773,pixel_58774,pixel_58775,pixel_58776,pixel_58777,pixel_58778,pixel_58779,pixel_58780,pixel_58781,pixel_58782,pixel_58783,pixel_58784,pixel_58785,pixel_58786,pixel_58787,pixel_58788,pixel_58789,pixel_58790,pixel_58791,pixel_58792,pixel_58793,pixel_58794,pixel_58795,pixel_58796,pixel_58797,pixel_58798,pixel_58799,pixel_58800,pixel_58801,pixel_58802,pixel_58803,pixel_58804,pixel_58805,pixel_58806,pixel_58807,pixel_58808,pixel_58809,pixel_58810,pixel_58811,pixel_58812,pixel_58813,pixel_58814,pixel_58815,pixel_58816,pixel_58817,pixel_58818,pixel_58819,pixel_58820,pixel_58821,pixel_58822,pixel_58823,pixel_58824,pixel_58825,pixel_58826,pixel_58827,pixel_58828,pixel_58829,pixel_58830,pixel_58831,pixel_58832,pixel_58833,pixel_58834,pixel_58835,pixel_58836,pixel_58837,pixel_58838,pixel_58839,pixel_58840,pixel_58841,pixel_58842,pixel_58843,pixel_58844,pixel_58845,pixel_58846,pixel_58847,pixel_58848,pixel_58849,pixel_58850,pixel_58851,pixel_58852,pixel_58853,pixel_58854,pixel_58855,pixel_58856,pixel_58857,pixel_58858,pixel_58859,pixel_58860,pixel_58861,pixel_58862,pixel_58863,pixel_58864,pixel_58865,pixel_58866,pixel_58867,pixel_58868,pixel_58869,pixel_58870,pixel_58871,pixel_58872,pixel_58873,pixel_58874,pixel_58875,pixel_58876,pixel_58877,pixel_58878,pixel_58879,pixel_58880,pixel_58881,pixel_58882,pixel_58883,pixel_58884,pixel_58885,pixel_58886,pixel_58887,pixel_58888,pixel_58889,pixel_58890,pixel_58891,pixel_58892,pixel_58893,pixel_58894,pixel_58895,pixel_58896,pixel_58897,pixel_58898,pixel_58899,pixel_58900,pixel_58901,pixel_58902,pixel_58903,pixel_58904,pixel_58905,pixel_58906,pixel_58907,pixel_58908,pixel_58909,pixel_58910,pixel_58911,pixel_58912,pixel_58913,pixel_58914,pixel_58915,pixel_58916,pixel_58917,pixel_58918,pixel_58919,pixel_58920,pixel_58921,pixel_58922,pixel_58923,pixel_58924,pixel_58925,pixel_58926,pixel_58927,pixel_58928,pixel_58929,pixel_58930,pixel_58931,pixel_58932,pixel_58933,pixel_58934,pixel_58935,pixel_58936,pixel_58937,pixel_58938,pixel_58939,pixel_58940,pixel_58941,pixel_58942,pixel_58943,pixel_58944,pixel_58945,pixel_58946,pixel_58947,pixel_58948,pixel_58949,pixel_58950,pixel_58951,pixel_58952,pixel_58953,pixel_58954,pixel_58955,pixel_58956,pixel_58957,pixel_58958,pixel_58959,pixel_58960,pixel_58961,pixel_58962,pixel_58963,pixel_58964,pixel_58965,pixel_58966,pixel_58967,pixel_58968,pixel_58969,pixel_58970,pixel_58971,pixel_58972,pixel_58973,pixel_58974,pixel_58975,pixel_58976,pixel_58977,pixel_58978,pixel_58979,pixel_58980,pixel_58981,pixel_58982,pixel_58983,pixel_58984,pixel_58985,pixel_58986,pixel_58987,pixel_58988,pixel_58989,pixel_58990,pixel_58991,pixel_58992,pixel_58993,pixel_58994,pixel_58995,pixel_58996,pixel_58997,pixel_58998,pixel_58999,pixel_59000,pixel_59001,pixel_59002,pixel_59003,pixel_59004,pixel_59005,pixel_59006,pixel_59007,pixel_59008,pixel_59009,pixel_59010,pixel_59011,pixel_59012,pixel_59013,pixel_59014,pixel_59015,pixel_59016,pixel_59017,pixel_59018,pixel_59019,pixel_59020,pixel_59021,pixel_59022,pixel_59023,pixel_59024,pixel_59025,pixel_59026,pixel_59027,pixel_59028,pixel_59029,pixel_59030,pixel_59031,pixel_59032,pixel_59033,pixel_59034,pixel_59035,pixel_59036,pixel_59037,pixel_59038,pixel_59039,pixel_59040,pixel_59041,pixel_59042,pixel_59043,pixel_59044,pixel_59045,pixel_59046,pixel_59047,pixel_59048,pixel_59049,pixel_59050,pixel_59051,pixel_59052,pixel_59053,pixel_59054,pixel_59055,pixel_59056,pixel_59057,pixel_59058,pixel_59059,pixel_59060,pixel_59061,pixel_59062,pixel_59063,pixel_59064,pixel_59065,pixel_59066,pixel_59067,pixel_59068,pixel_59069,pixel_59070,pixel_59071,pixel_59072,pixel_59073,pixel_59074,pixel_59075,pixel_59076,pixel_59077,pixel_59078,pixel_59079,pixel_59080,pixel_59081,pixel_59082,pixel_59083,pixel_59084,pixel_59085,pixel_59086,pixel_59087,pixel_59088,pixel_59089,pixel_59090,pixel_59091,pixel_59092,pixel_59093,pixel_59094,pixel_59095,pixel_59096,pixel_59097,pixel_59098,pixel_59099,pixel_59100,pixel_59101,pixel_59102,pixel_59103,pixel_59104,pixel_59105,pixel_59106,pixel_59107,pixel_59108,pixel_59109,pixel_59110,pixel_59111,pixel_59112,pixel_59113,pixel_59114,pixel_59115,pixel_59116,pixel_59117,pixel_59118,pixel_59119,pixel_59120,pixel_59121,pixel_59122,pixel_59123,pixel_59124,pixel_59125,pixel_59126,pixel_59127,pixel_59128,pixel_59129,pixel_59130,pixel_59131,pixel_59132,pixel_59133,pixel_59134,pixel_59135,pixel_59136,pixel_59137,pixel_59138,pixel_59139,pixel_59140,pixel_59141,pixel_59142,pixel_59143,pixel_59144,pixel_59145,pixel_59146,pixel_59147,pixel_59148,pixel_59149,pixel_59150,pixel_59151,pixel_59152,pixel_59153,pixel_59154,pixel_59155,pixel_59156,pixel_59157,pixel_59158,pixel_59159,pixel_59160,pixel_59161,pixel_59162,pixel_59163,pixel_59164,pixel_59165,pixel_59166,pixel_59167,pixel_59168,pixel_59169,pixel_59170,pixel_59171,pixel_59172,pixel_59173,pixel_59174,pixel_59175,pixel_59176,pixel_59177,pixel_59178,pixel_59179,pixel_59180,pixel_59181,pixel_59182,pixel_59183,pixel_59184,pixel_59185,pixel_59186,pixel_59187,pixel_59188,pixel_59189,pixel_59190,pixel_59191,pixel_59192,pixel_59193,pixel_59194,pixel_59195,pixel_59196,pixel_59197,pixel_59198,pixel_59199,pixel_59200,pixel_59201,pixel_59202,pixel_59203,pixel_59204,pixel_59205,pixel_59206,pixel_59207,pixel_59208,pixel_59209,pixel_59210,pixel_59211,pixel_59212,pixel_59213,pixel_59214,pixel_59215,pixel_59216,pixel_59217,pixel_59218,pixel_59219,pixel_59220,pixel_59221,pixel_59222,pixel_59223,pixel_59224,pixel_59225,pixel_59226,pixel_59227,pixel_59228,pixel_59229,pixel_59230,pixel_59231,pixel_59232,pixel_59233,pixel_59234,pixel_59235,pixel_59236,pixel_59237,pixel_59238,pixel_59239,pixel_59240,pixel_59241,pixel_59242,pixel_59243,pixel_59244,pixel_59245,pixel_59246,pixel_59247,pixel_59248,pixel_59249,pixel_59250,pixel_59251,pixel_59252,pixel_59253,pixel_59254,pixel_59255,pixel_59256,pixel_59257,pixel_59258,pixel_59259,pixel_59260,pixel_59261,pixel_59262,pixel_59263,pixel_59264,pixel_59265,pixel_59266,pixel_59267,pixel_59268,pixel_59269,pixel_59270,pixel_59271,pixel_59272,pixel_59273,pixel_59274,pixel_59275,pixel_59276,pixel_59277,pixel_59278,pixel_59279,pixel_59280,pixel_59281,pixel_59282,pixel_59283,pixel_59284,pixel_59285,pixel_59286,pixel_59287,pixel_59288,pixel_59289,pixel_59290,pixel_59291,pixel_59292,pixel_59293,pixel_59294,pixel_59295,pixel_59296,pixel_59297,pixel_59298,pixel_59299,pixel_59300,pixel_59301,pixel_59302,pixel_59303,pixel_59304,pixel_59305,pixel_59306,pixel_59307,pixel_59308,pixel_59309,pixel_59310,pixel_59311,pixel_59312,pixel_59313,pixel_59314,pixel_59315,pixel_59316,pixel_59317,pixel_59318,pixel_59319,pixel_59320,pixel_59321,pixel_59322,pixel_59323,pixel_59324,pixel_59325,pixel_59326,pixel_59327,pixel_59328,pixel_59329,pixel_59330,pixel_59331,pixel_59332,pixel_59333,pixel_59334,pixel_59335,pixel_59336,pixel_59337,pixel_59338,pixel_59339,pixel_59340,pixel_59341,pixel_59342,pixel_59343,pixel_59344,pixel_59345,pixel_59346,pixel_59347,pixel_59348,pixel_59349,pixel_59350,pixel_59351,pixel_59352,pixel_59353,pixel_59354,pixel_59355,pixel_59356,pixel_59357,pixel_59358,pixel_59359,pixel_59360,pixel_59361,pixel_59362,pixel_59363,pixel_59364,pixel_59365,pixel_59366,pixel_59367,pixel_59368,pixel_59369,pixel_59370,pixel_59371,pixel_59372,pixel_59373,pixel_59374,pixel_59375,pixel_59376,pixel_59377,pixel_59378,pixel_59379,pixel_59380,pixel_59381,pixel_59382,pixel_59383,pixel_59384,pixel_59385,pixel_59386,pixel_59387,pixel_59388,pixel_59389,pixel_59390,pixel_59391,pixel_59392,pixel_59393,pixel_59394,pixel_59395,pixel_59396,pixel_59397,pixel_59398,pixel_59399,pixel_59400,pixel_59401,pixel_59402,pixel_59403,pixel_59404,pixel_59405,pixel_59406,pixel_59407,pixel_59408,pixel_59409,pixel_59410,pixel_59411,pixel_59412,pixel_59413,pixel_59414,pixel_59415,pixel_59416,pixel_59417,pixel_59418,pixel_59419,pixel_59420,pixel_59421,pixel_59422,pixel_59423,pixel_59424,pixel_59425,pixel_59426,pixel_59427,pixel_59428,pixel_59429,pixel_59430,pixel_59431,pixel_59432,pixel_59433,pixel_59434,pixel_59435,pixel_59436,pixel_59437,pixel_59438,pixel_59439,pixel_59440,pixel_59441,pixel_59442,pixel_59443,pixel_59444,pixel_59445,pixel_59446,pixel_59447,pixel_59448,pixel_59449,pixel_59450,pixel_59451,pixel_59452,pixel_59453,pixel_59454,pixel_59455,pixel_59456,pixel_59457,pixel_59458,pixel_59459,pixel_59460,pixel_59461,pixel_59462,pixel_59463,pixel_59464,pixel_59465,pixel_59466,pixel_59467,pixel_59468,pixel_59469,pixel_59470,pixel_59471,pixel_59472,pixel_59473,pixel_59474,pixel_59475,pixel_59476,pixel_59477,pixel_59478,pixel_59479,pixel_59480,pixel_59481,pixel_59482,pixel_59483,pixel_59484,pixel_59485,pixel_59486,pixel_59487,pixel_59488,pixel_59489,pixel_59490,pixel_59491,pixel_59492,pixel_59493,pixel_59494,pixel_59495,pixel_59496,pixel_59497,pixel_59498,pixel_59499,pixel_59500,pixel_59501,pixel_59502,pixel_59503,pixel_59504,pixel_59505,pixel_59506,pixel_59507,pixel_59508,pixel_59509,pixel_59510,pixel_59511,pixel_59512,pixel_59513,pixel_59514,pixel_59515,pixel_59516,pixel_59517,pixel_59518,pixel_59519,pixel_59520,pixel_59521,pixel_59522,pixel_59523,pixel_59524,pixel_59525,pixel_59526,pixel_59527,pixel_59528,pixel_59529,pixel_59530,pixel_59531,pixel_59532,pixel_59533,pixel_59534,pixel_59535,pixel_59536,pixel_59537,pixel_59538,pixel_59539,pixel_59540,pixel_59541,pixel_59542,pixel_59543,pixel_59544,pixel_59545,pixel_59546,pixel_59547,pixel_59548,pixel_59549,pixel_59550,pixel_59551,pixel_59552,pixel_59553,pixel_59554,pixel_59555,pixel_59556,pixel_59557,pixel_59558,pixel_59559,pixel_59560,pixel_59561,pixel_59562,pixel_59563,pixel_59564,pixel_59565,pixel_59566,pixel_59567,pixel_59568,pixel_59569,pixel_59570,pixel_59571,pixel_59572,pixel_59573,pixel_59574,pixel_59575,pixel_59576,pixel_59577,pixel_59578,pixel_59579,pixel_59580,pixel_59581,pixel_59582,pixel_59583,pixel_59584,pixel_59585,pixel_59586,pixel_59587,pixel_59588,pixel_59589,pixel_59590,pixel_59591,pixel_59592,pixel_59593,pixel_59594,pixel_59595,pixel_59596,pixel_59597,pixel_59598,pixel_59599,pixel_59600,pixel_59601,pixel_59602,pixel_59603,pixel_59604,pixel_59605,pixel_59606,pixel_59607,pixel_59608,pixel_59609,pixel_59610,pixel_59611,pixel_59612,pixel_59613,pixel_59614,pixel_59615,pixel_59616,pixel_59617,pixel_59618,pixel_59619,pixel_59620,pixel_59621,pixel_59622,pixel_59623,pixel_59624,pixel_59625,pixel_59626,pixel_59627,pixel_59628,pixel_59629,pixel_59630,pixel_59631,pixel_59632,pixel_59633,pixel_59634,pixel_59635,pixel_59636,pixel_59637,pixel_59638,pixel_59639,pixel_59640,pixel_59641,pixel_59642,pixel_59643,pixel_59644,pixel_59645,pixel_59646,pixel_59647,pixel_59648,pixel_59649,pixel_59650,pixel_59651,pixel_59652,pixel_59653,pixel_59654,pixel_59655,pixel_59656,pixel_59657,pixel_59658,pixel_59659,pixel_59660,pixel_59661,pixel_59662,pixel_59663,pixel_59664,pixel_59665,pixel_59666,pixel_59667,pixel_59668,pixel_59669,pixel_59670,pixel_59671,pixel_59672,pixel_59673,pixel_59674,pixel_59675,pixel_59676,pixel_59677,pixel_59678,pixel_59679,pixel_59680,pixel_59681,pixel_59682,pixel_59683,pixel_59684,pixel_59685,pixel_59686,pixel_59687,pixel_59688,pixel_59689,pixel_59690,pixel_59691,pixel_59692,pixel_59693,pixel_59694,pixel_59695,pixel_59696,pixel_59697,pixel_59698,pixel_59699,pixel_59700,pixel_59701,pixel_59702,pixel_59703,pixel_59704,pixel_59705,pixel_59706,pixel_59707,pixel_59708,pixel_59709,pixel_59710,pixel_59711,pixel_59712,pixel_59713,pixel_59714,pixel_59715,pixel_59716,pixel_59717,pixel_59718,pixel_59719,pixel_59720,pixel_59721,pixel_59722,pixel_59723,pixel_59724,pixel_59725,pixel_59726,pixel_59727,pixel_59728,pixel_59729,pixel_59730,pixel_59731,pixel_59732,pixel_59733,pixel_59734,pixel_59735,pixel_59736,pixel_59737,pixel_59738,pixel_59739,pixel_59740,pixel_59741,pixel_59742,pixel_59743,pixel_59744,pixel_59745,pixel_59746,pixel_59747,pixel_59748,pixel_59749,pixel_59750,pixel_59751,pixel_59752,pixel_59753,pixel_59754,pixel_59755,pixel_59756,pixel_59757,pixel_59758,pixel_59759,pixel_59760,pixel_59761,pixel_59762,pixel_59763,pixel_59764,pixel_59765,pixel_59766,pixel_59767,pixel_59768,pixel_59769,pixel_59770,pixel_59771,pixel_59772,pixel_59773,pixel_59774,pixel_59775,pixel_59776,pixel_59777,pixel_59778,pixel_59779,pixel_59780,pixel_59781,pixel_59782,pixel_59783,pixel_59784,pixel_59785,pixel_59786,pixel_59787,pixel_59788,pixel_59789,pixel_59790,pixel_59791,pixel_59792,pixel_59793,pixel_59794,pixel_59795,pixel_59796,pixel_59797,pixel_59798,pixel_59799,pixel_59800,pixel_59801,pixel_59802,pixel_59803,pixel_59804,pixel_59805,pixel_59806,pixel_59807,pixel_59808,pixel_59809,pixel_59810,pixel_59811,pixel_59812,pixel_59813,pixel_59814,pixel_59815,pixel_59816,pixel_59817,pixel_59818,pixel_59819,pixel_59820,pixel_59821,pixel_59822,pixel_59823,pixel_59824,pixel_59825,pixel_59826,pixel_59827,pixel_59828,pixel_59829,pixel_59830,pixel_59831,pixel_59832,pixel_59833,pixel_59834,pixel_59835,pixel_59836,pixel_59837,pixel_59838,pixel_59839,pixel_59840,pixel_59841,pixel_59842,pixel_59843,pixel_59844,pixel_59845,pixel_59846,pixel_59847,pixel_59848,pixel_59849,pixel_59850,pixel_59851,pixel_59852,pixel_59853,pixel_59854,pixel_59855,pixel_59856,pixel_59857,pixel_59858,pixel_59859,pixel_59860,pixel_59861,pixel_59862,pixel_59863,pixel_59864,pixel_59865,pixel_59866,pixel_59867,pixel_59868,pixel_59869,pixel_59870,pixel_59871,pixel_59872,pixel_59873,pixel_59874,pixel_59875,pixel_59876,pixel_59877,pixel_59878,pixel_59879,pixel_59880,pixel_59881,pixel_59882,pixel_59883,pixel_59884,pixel_59885,pixel_59886,pixel_59887,pixel_59888,pixel_59889,pixel_59890,pixel_59891,pixel_59892,pixel_59893,pixel_59894,pixel_59895,pixel_59896,pixel_59897,pixel_59898,pixel_59899,pixel_59900,pixel_59901,pixel_59902,pixel_59903,pixel_59904,pixel_59905,pixel_59906,pixel_59907,pixel_59908,pixel_59909,pixel_59910,pixel_59911,pixel_59912,pixel_59913,pixel_59914,pixel_59915,pixel_59916,pixel_59917,pixel_59918,pixel_59919,pixel_59920,pixel_59921,pixel_59922,pixel_59923,pixel_59924,pixel_59925,pixel_59926,pixel_59927,pixel_59928,pixel_59929,pixel_59930,pixel_59931,pixel_59932,pixel_59933,pixel_59934,pixel_59935,pixel_59936,pixel_59937,pixel_59938,pixel_59939,pixel_59940,pixel_59941,pixel_59942,pixel_59943,pixel_59944,pixel_59945,pixel_59946,pixel_59947,pixel_59948,pixel_59949,pixel_59950,pixel_59951,pixel_59952,pixel_59953,pixel_59954,pixel_59955,pixel_59956,pixel_59957,pixel_59958,pixel_59959,pixel_59960,pixel_59961,pixel_59962,pixel_59963,pixel_59964,pixel_59965,pixel_59966,pixel_59967,pixel_59968,pixel_59969,pixel_59970,pixel_59971,pixel_59972,pixel_59973,pixel_59974,pixel_59975,pixel_59976,pixel_59977,pixel_59978,pixel_59979,pixel_59980,pixel_59981,pixel_59982,pixel_59983,pixel_59984,pixel_59985,pixel_59986,pixel_59987,pixel_59988,pixel_59989,pixel_59990,pixel_59991,pixel_59992,pixel_59993,pixel_59994,pixel_59995,pixel_59996,pixel_59997,pixel_59998,pixel_59999,pixel_60000,pixel_60001,pixel_60002,pixel_60003,pixel_60004,pixel_60005,pixel_60006,pixel_60007,pixel_60008,pixel_60009,pixel_60010,pixel_60011,pixel_60012,pixel_60013,pixel_60014,pixel_60015,pixel_60016,pixel_60017,pixel_60018,pixel_60019,pixel_60020,pixel_60021,pixel_60022,pixel_60023,pixel_60024,pixel_60025,pixel_60026,pixel_60027,pixel_60028,pixel_60029,pixel_60030,pixel_60031,pixel_60032,pixel_60033,pixel_60034,pixel_60035,pixel_60036,pixel_60037,pixel_60038,pixel_60039,pixel_60040,pixel_60041,pixel_60042,pixel_60043,pixel_60044,pixel_60045,pixel_60046,pixel_60047,pixel_60048,pixel_60049,pixel_60050,pixel_60051,pixel_60052,pixel_60053,pixel_60054,pixel_60055,pixel_60056,pixel_60057,pixel_60058,pixel_60059,pixel_60060,pixel_60061,pixel_60062,pixel_60063,pixel_60064,pixel_60065,pixel_60066,pixel_60067,pixel_60068,pixel_60069,pixel_60070,pixel_60071,pixel_60072,pixel_60073,pixel_60074,pixel_60075,pixel_60076,pixel_60077,pixel_60078,pixel_60079,pixel_60080,pixel_60081,pixel_60082,pixel_60083,pixel_60084,pixel_60085,pixel_60086,pixel_60087,pixel_60088,pixel_60089,pixel_60090,pixel_60091,pixel_60092,pixel_60093,pixel_60094,pixel_60095,pixel_60096,pixel_60097,pixel_60098,pixel_60099,pixel_60100,pixel_60101,pixel_60102,pixel_60103,pixel_60104,pixel_60105,pixel_60106,pixel_60107,pixel_60108,pixel_60109,pixel_60110,pixel_60111,pixel_60112,pixel_60113,pixel_60114,pixel_60115,pixel_60116,pixel_60117,pixel_60118,pixel_60119,pixel_60120,pixel_60121,pixel_60122,pixel_60123,pixel_60124,pixel_60125,pixel_60126,pixel_60127,pixel_60128,pixel_60129,pixel_60130,pixel_60131,pixel_60132,pixel_60133,pixel_60134,pixel_60135,pixel_60136,pixel_60137,pixel_60138,pixel_60139,pixel_60140,pixel_60141,pixel_60142,pixel_60143,pixel_60144,pixel_60145,pixel_60146,pixel_60147,pixel_60148,pixel_60149,pixel_60150,pixel_60151,pixel_60152,pixel_60153,pixel_60154,pixel_60155,pixel_60156,pixel_60157,pixel_60158,pixel_60159,pixel_60160,pixel_60161,pixel_60162,pixel_60163,pixel_60164,pixel_60165,pixel_60166,pixel_60167,pixel_60168,pixel_60169,pixel_60170,pixel_60171,pixel_60172,pixel_60173,pixel_60174,pixel_60175,pixel_60176,pixel_60177,pixel_60178,pixel_60179,pixel_60180,pixel_60181,pixel_60182,pixel_60183,pixel_60184,pixel_60185,pixel_60186,pixel_60187,pixel_60188,pixel_60189,pixel_60190,pixel_60191,pixel_60192,pixel_60193,pixel_60194,pixel_60195,pixel_60196,pixel_60197,pixel_60198,pixel_60199,pixel_60200,pixel_60201,pixel_60202,pixel_60203,pixel_60204,pixel_60205,pixel_60206,pixel_60207,pixel_60208,pixel_60209,pixel_60210,pixel_60211,pixel_60212,pixel_60213,pixel_60214,pixel_60215,pixel_60216,pixel_60217,pixel_60218,pixel_60219,pixel_60220,pixel_60221,pixel_60222,pixel_60223,pixel_60224,pixel_60225,pixel_60226,pixel_60227,pixel_60228,pixel_60229,pixel_60230,pixel_60231,pixel_60232,pixel_60233,pixel_60234,pixel_60235,pixel_60236,pixel_60237,pixel_60238,pixel_60239,pixel_60240,pixel_60241,pixel_60242,pixel_60243,pixel_60244,pixel_60245,pixel_60246,pixel_60247,pixel_60248,pixel_60249,pixel_60250,pixel_60251,pixel_60252,pixel_60253,pixel_60254,pixel_60255,pixel_60256,pixel_60257,pixel_60258,pixel_60259,pixel_60260,pixel_60261,pixel_60262,pixel_60263,pixel_60264,pixel_60265,pixel_60266,pixel_60267,pixel_60268,pixel_60269,pixel_60270,pixel_60271,pixel_60272,pixel_60273,pixel_60274,pixel_60275,pixel_60276,pixel_60277,pixel_60278,pixel_60279,pixel_60280,pixel_60281,pixel_60282,pixel_60283,pixel_60284,pixel_60285,pixel_60286,pixel_60287,pixel_60288,pixel_60289,pixel_60290,pixel_60291,pixel_60292,pixel_60293,pixel_60294,pixel_60295,pixel_60296,pixel_60297,pixel_60298,pixel_60299,pixel_60300,pixel_60301,pixel_60302,pixel_60303,pixel_60304,pixel_60305,pixel_60306,pixel_60307,pixel_60308,pixel_60309,pixel_60310,pixel_60311,pixel_60312,pixel_60313,pixel_60314,pixel_60315,pixel_60316,pixel_60317,pixel_60318,pixel_60319,pixel_60320,pixel_60321,pixel_60322,pixel_60323,pixel_60324,pixel_60325,pixel_60326,pixel_60327,pixel_60328,pixel_60329,pixel_60330,pixel_60331,pixel_60332,pixel_60333,pixel_60334,pixel_60335,pixel_60336,pixel_60337,pixel_60338,pixel_60339,pixel_60340,pixel_60341,pixel_60342,pixel_60343,pixel_60344,pixel_60345,pixel_60346,pixel_60347,pixel_60348,pixel_60349,pixel_60350,pixel_60351,pixel_60352,pixel_60353,pixel_60354,pixel_60355,pixel_60356,pixel_60357,pixel_60358,pixel_60359,pixel_60360,pixel_60361,pixel_60362,pixel_60363,pixel_60364,pixel_60365,pixel_60366,pixel_60367,pixel_60368,pixel_60369,pixel_60370,pixel_60371,pixel_60372,pixel_60373,pixel_60374,pixel_60375,pixel_60376,pixel_60377,pixel_60378,pixel_60379,pixel_60380,pixel_60381,pixel_60382,pixel_60383,pixel_60384,pixel_60385,pixel_60386,pixel_60387,pixel_60388,pixel_60389,pixel_60390,pixel_60391,pixel_60392,pixel_60393,pixel_60394,pixel_60395,pixel_60396,pixel_60397,pixel_60398,pixel_60399,pixel_60400,pixel_60401,pixel_60402,pixel_60403,pixel_60404,pixel_60405,pixel_60406,pixel_60407,pixel_60408,pixel_60409,pixel_60410,pixel_60411,pixel_60412,pixel_60413,pixel_60414,pixel_60415,pixel_60416,pixel_60417,pixel_60418,pixel_60419,pixel_60420,pixel_60421,pixel_60422,pixel_60423,pixel_60424,pixel_60425,pixel_60426,pixel_60427,pixel_60428,pixel_60429,pixel_60430,pixel_60431,pixel_60432,pixel_60433,pixel_60434,pixel_60435,pixel_60436,pixel_60437,pixel_60438,pixel_60439,pixel_60440,pixel_60441,pixel_60442,pixel_60443,pixel_60444,pixel_60445,pixel_60446,pixel_60447,pixel_60448,pixel_60449,pixel_60450,pixel_60451,pixel_60452,pixel_60453,pixel_60454,pixel_60455,pixel_60456,pixel_60457,pixel_60458,pixel_60459,pixel_60460,pixel_60461,pixel_60462,pixel_60463,pixel_60464,pixel_60465,pixel_60466,pixel_60467,pixel_60468,pixel_60469,pixel_60470,pixel_60471,pixel_60472,pixel_60473,pixel_60474,pixel_60475,pixel_60476,pixel_60477,pixel_60478,pixel_60479,pixel_60480,pixel_60481,pixel_60482,pixel_60483,pixel_60484,pixel_60485,pixel_60486,pixel_60487,pixel_60488,pixel_60489,pixel_60490,pixel_60491,pixel_60492,pixel_60493,pixel_60494,pixel_60495,pixel_60496,pixel_60497,pixel_60498,pixel_60499,pixel_60500,pixel_60501,pixel_60502,pixel_60503,pixel_60504,pixel_60505,pixel_60506,pixel_60507,pixel_60508,pixel_60509,pixel_60510,pixel_60511,pixel_60512,pixel_60513,pixel_60514,pixel_60515,pixel_60516,pixel_60517,pixel_60518,pixel_60519,pixel_60520,pixel_60521,pixel_60522,pixel_60523,pixel_60524,pixel_60525,pixel_60526,pixel_60527,pixel_60528,pixel_60529,pixel_60530,pixel_60531,pixel_60532,pixel_60533,pixel_60534,pixel_60535,pixel_60536,pixel_60537,pixel_60538,pixel_60539,pixel_60540,pixel_60541,pixel_60542,pixel_60543,pixel_60544,pixel_60545,pixel_60546,pixel_60547,pixel_60548,pixel_60549,pixel_60550,pixel_60551,pixel_60552,pixel_60553,pixel_60554,pixel_60555,pixel_60556,pixel_60557,pixel_60558,pixel_60559,pixel_60560,pixel_60561,pixel_60562,pixel_60563,pixel_60564,pixel_60565,pixel_60566,pixel_60567,pixel_60568,pixel_60569,pixel_60570,pixel_60571,pixel_60572,pixel_60573,pixel_60574,pixel_60575,pixel_60576,pixel_60577,pixel_60578,pixel_60579,pixel_60580,pixel_60581,pixel_60582,pixel_60583,pixel_60584,pixel_60585,pixel_60586,pixel_60587,pixel_60588,pixel_60589,pixel_60590,pixel_60591,pixel_60592,pixel_60593,pixel_60594,pixel_60595,pixel_60596,pixel_60597,pixel_60598,pixel_60599,pixel_60600,pixel_60601,pixel_60602,pixel_60603,pixel_60604,pixel_60605,pixel_60606,pixel_60607,pixel_60608,pixel_60609,pixel_60610,pixel_60611,pixel_60612,pixel_60613,pixel_60614,pixel_60615,pixel_60616,pixel_60617,pixel_60618,pixel_60619,pixel_60620,pixel_60621,pixel_60622,pixel_60623,pixel_60624,pixel_60625,pixel_60626,pixel_60627,pixel_60628,pixel_60629,pixel_60630,pixel_60631,pixel_60632,pixel_60633,pixel_60634,pixel_60635,pixel_60636,pixel_60637,pixel_60638,pixel_60639,pixel_60640,pixel_60641,pixel_60642,pixel_60643,pixel_60644,pixel_60645,pixel_60646,pixel_60647,pixel_60648,pixel_60649,pixel_60650,pixel_60651,pixel_60652,pixel_60653,pixel_60654,pixel_60655,pixel_60656,pixel_60657,pixel_60658,pixel_60659,pixel_60660,pixel_60661,pixel_60662,pixel_60663,pixel_60664,pixel_60665,pixel_60666,pixel_60667,pixel_60668,pixel_60669,pixel_60670,pixel_60671,pixel_60672,pixel_60673,pixel_60674,pixel_60675,pixel_60676,pixel_60677,pixel_60678,pixel_60679,pixel_60680,pixel_60681,pixel_60682,pixel_60683,pixel_60684,pixel_60685,pixel_60686,pixel_60687,pixel_60688,pixel_60689,pixel_60690,pixel_60691,pixel_60692,pixel_60693,pixel_60694,pixel_60695,pixel_60696,pixel_60697,pixel_60698,pixel_60699,pixel_60700,pixel_60701,pixel_60702,pixel_60703,pixel_60704,pixel_60705,pixel_60706,pixel_60707,pixel_60708,pixel_60709,pixel_60710,pixel_60711,pixel_60712,pixel_60713,pixel_60714,pixel_60715,pixel_60716,pixel_60717,pixel_60718,pixel_60719,pixel_60720,pixel_60721,pixel_60722,pixel_60723,pixel_60724,pixel_60725,pixel_60726,pixel_60727,pixel_60728,pixel_60729,pixel_60730,pixel_60731,pixel_60732,pixel_60733,pixel_60734,pixel_60735,pixel_60736,pixel_60737,pixel_60738,pixel_60739,pixel_60740,pixel_60741,pixel_60742,pixel_60743,pixel_60744,pixel_60745,pixel_60746,pixel_60747,pixel_60748,pixel_60749,pixel_60750,pixel_60751,pixel_60752,pixel_60753,pixel_60754,pixel_60755,pixel_60756,pixel_60757,pixel_60758,pixel_60759,pixel_60760,pixel_60761,pixel_60762,pixel_60763,pixel_60764,pixel_60765,pixel_60766,pixel_60767,pixel_60768,pixel_60769,pixel_60770,pixel_60771,pixel_60772,pixel_60773,pixel_60774,pixel_60775,pixel_60776,pixel_60777,pixel_60778,pixel_60779,pixel_60780,pixel_60781,pixel_60782,pixel_60783,pixel_60784,pixel_60785,pixel_60786,pixel_60787,pixel_60788,pixel_60789,pixel_60790,pixel_60791,pixel_60792,pixel_60793,pixel_60794,pixel_60795,pixel_60796,pixel_60797,pixel_60798,pixel_60799,pixel_60800,pixel_60801,pixel_60802,pixel_60803,pixel_60804,pixel_60805,pixel_60806,pixel_60807,pixel_60808,pixel_60809,pixel_60810,pixel_60811,pixel_60812,pixel_60813,pixel_60814,pixel_60815,pixel_60816,pixel_60817,pixel_60818,pixel_60819,pixel_60820,pixel_60821,pixel_60822,pixel_60823,pixel_60824,pixel_60825,pixel_60826,pixel_60827,pixel_60828,pixel_60829,pixel_60830,pixel_60831,pixel_60832,pixel_60833,pixel_60834,pixel_60835,pixel_60836,pixel_60837,pixel_60838,pixel_60839,pixel_60840,pixel_60841,pixel_60842,pixel_60843,pixel_60844,pixel_60845,pixel_60846,pixel_60847,pixel_60848,pixel_60849,pixel_60850,pixel_60851,pixel_60852,pixel_60853,pixel_60854,pixel_60855,pixel_60856,pixel_60857,pixel_60858,pixel_60859,pixel_60860,pixel_60861,pixel_60862,pixel_60863,pixel_60864,pixel_60865,pixel_60866,pixel_60867,pixel_60868,pixel_60869,pixel_60870,pixel_60871,pixel_60872,pixel_60873,pixel_60874,pixel_60875,pixel_60876,pixel_60877,pixel_60878,pixel_60879,pixel_60880,pixel_60881,pixel_60882,pixel_60883,pixel_60884,pixel_60885,pixel_60886,pixel_60887,pixel_60888,pixel_60889,pixel_60890,pixel_60891,pixel_60892,pixel_60893,pixel_60894,pixel_60895,pixel_60896,pixel_60897,pixel_60898,pixel_60899,pixel_60900,pixel_60901,pixel_60902,pixel_60903,pixel_60904,pixel_60905,pixel_60906,pixel_60907,pixel_60908,pixel_60909,pixel_60910,pixel_60911,pixel_60912,pixel_60913,pixel_60914,pixel_60915,pixel_60916,pixel_60917,pixel_60918,pixel_60919,pixel_60920,pixel_60921,pixel_60922,pixel_60923,pixel_60924,pixel_60925,pixel_60926,pixel_60927,pixel_60928,pixel_60929,pixel_60930,pixel_60931,pixel_60932,pixel_60933,pixel_60934,pixel_60935,pixel_60936,pixel_60937,pixel_60938,pixel_60939,pixel_60940,pixel_60941,pixel_60942,pixel_60943,pixel_60944,pixel_60945,pixel_60946,pixel_60947,pixel_60948,pixel_60949,pixel_60950,pixel_60951,pixel_60952,pixel_60953,pixel_60954,pixel_60955,pixel_60956,pixel_60957,pixel_60958,pixel_60959,pixel_60960,pixel_60961,pixel_60962,pixel_60963,pixel_60964,pixel_60965,pixel_60966,pixel_60967,pixel_60968,pixel_60969,pixel_60970,pixel_60971,pixel_60972,pixel_60973,pixel_60974,pixel_60975,pixel_60976,pixel_60977,pixel_60978,pixel_60979,pixel_60980,pixel_60981,pixel_60982,pixel_60983,pixel_60984,pixel_60985,pixel_60986,pixel_60987,pixel_60988,pixel_60989,pixel_60990,pixel_60991,pixel_60992,pixel_60993,pixel_60994,pixel_60995,pixel_60996,pixel_60997,pixel_60998,pixel_60999,pixel_61000,pixel_61001,pixel_61002,pixel_61003,pixel_61004,pixel_61005,pixel_61006,pixel_61007,pixel_61008,pixel_61009,pixel_61010,pixel_61011,pixel_61012,pixel_61013,pixel_61014,pixel_61015,pixel_61016,pixel_61017,pixel_61018,pixel_61019,pixel_61020,pixel_61021,pixel_61022,pixel_61023,pixel_61024,pixel_61025,pixel_61026,pixel_61027,pixel_61028,pixel_61029,pixel_61030,pixel_61031,pixel_61032,pixel_61033,pixel_61034,pixel_61035,pixel_61036,pixel_61037,pixel_61038,pixel_61039,pixel_61040,pixel_61041,pixel_61042,pixel_61043,pixel_61044,pixel_61045,pixel_61046,pixel_61047,pixel_61048,pixel_61049,pixel_61050,pixel_61051,pixel_61052,pixel_61053,pixel_61054,pixel_61055,pixel_61056,pixel_61057,pixel_61058,pixel_61059,pixel_61060,pixel_61061,pixel_61062,pixel_61063,pixel_61064,pixel_61065,pixel_61066,pixel_61067,pixel_61068,pixel_61069,pixel_61070,pixel_61071,pixel_61072,pixel_61073,pixel_61074,pixel_61075,pixel_61076,pixel_61077,pixel_61078,pixel_61079,pixel_61080,pixel_61081,pixel_61082,pixel_61083,pixel_61084,pixel_61085,pixel_61086,pixel_61087,pixel_61088,pixel_61089,pixel_61090,pixel_61091,pixel_61092,pixel_61093,pixel_61094,pixel_61095,pixel_61096,pixel_61097,pixel_61098,pixel_61099,pixel_61100,pixel_61101,pixel_61102,pixel_61103,pixel_61104,pixel_61105,pixel_61106,pixel_61107,pixel_61108,pixel_61109,pixel_61110,pixel_61111,pixel_61112,pixel_61113,pixel_61114,pixel_61115,pixel_61116,pixel_61117,pixel_61118,pixel_61119,pixel_61120,pixel_61121,pixel_61122,pixel_61123,pixel_61124,pixel_61125,pixel_61126,pixel_61127,pixel_61128,pixel_61129,pixel_61130,pixel_61131,pixel_61132,pixel_61133,pixel_61134,pixel_61135,pixel_61136,pixel_61137,pixel_61138,pixel_61139,pixel_61140,pixel_61141,pixel_61142,pixel_61143,pixel_61144,pixel_61145,pixel_61146,pixel_61147,pixel_61148,pixel_61149,pixel_61150,pixel_61151,pixel_61152,pixel_61153,pixel_61154,pixel_61155,pixel_61156,pixel_61157,pixel_61158,pixel_61159,pixel_61160,pixel_61161,pixel_61162,pixel_61163,pixel_61164,pixel_61165,pixel_61166,pixel_61167,pixel_61168,pixel_61169,pixel_61170,pixel_61171,pixel_61172,pixel_61173,pixel_61174,pixel_61175,pixel_61176,pixel_61177,pixel_61178,pixel_61179,pixel_61180,pixel_61181,pixel_61182,pixel_61183,pixel_61184,pixel_61185,pixel_61186,pixel_61187,pixel_61188,pixel_61189,pixel_61190,pixel_61191,pixel_61192,pixel_61193,pixel_61194,pixel_61195,pixel_61196,pixel_61197,pixel_61198,pixel_61199,pixel_61200,pixel_61201,pixel_61202,pixel_61203,pixel_61204,pixel_61205,pixel_61206,pixel_61207,pixel_61208,pixel_61209,pixel_61210,pixel_61211,pixel_61212,pixel_61213,pixel_61214,pixel_61215,pixel_61216,pixel_61217,pixel_61218,pixel_61219,pixel_61220,pixel_61221,pixel_61222,pixel_61223,pixel_61224,pixel_61225,pixel_61226,pixel_61227,pixel_61228,pixel_61229,pixel_61230,pixel_61231,pixel_61232,pixel_61233,pixel_61234,pixel_61235,pixel_61236,pixel_61237,pixel_61238,pixel_61239,pixel_61240,pixel_61241,pixel_61242,pixel_61243,pixel_61244,pixel_61245,pixel_61246,pixel_61247,pixel_61248,pixel_61249,pixel_61250,pixel_61251,pixel_61252,pixel_61253,pixel_61254,pixel_61255,pixel_61256,pixel_61257,pixel_61258,pixel_61259,pixel_61260,pixel_61261,pixel_61262,pixel_61263,pixel_61264,pixel_61265,pixel_61266,pixel_61267,pixel_61268,pixel_61269,pixel_61270,pixel_61271,pixel_61272,pixel_61273,pixel_61274,pixel_61275,pixel_61276,pixel_61277,pixel_61278,pixel_61279,pixel_61280,pixel_61281,pixel_61282,pixel_61283,pixel_61284,pixel_61285,pixel_61286,pixel_61287,pixel_61288,pixel_61289,pixel_61290,pixel_61291,pixel_61292,pixel_61293,pixel_61294,pixel_61295,pixel_61296,pixel_61297,pixel_61298,pixel_61299,pixel_61300,pixel_61301,pixel_61302,pixel_61303,pixel_61304,pixel_61305,pixel_61306,pixel_61307,pixel_61308,pixel_61309,pixel_61310,pixel_61311,pixel_61312,pixel_61313,pixel_61314,pixel_61315,pixel_61316,pixel_61317,pixel_61318,pixel_61319,pixel_61320,pixel_61321,pixel_61322,pixel_61323,pixel_61324,pixel_61325,pixel_61326,pixel_61327,pixel_61328,pixel_61329,pixel_61330,pixel_61331,pixel_61332,pixel_61333,pixel_61334,pixel_61335,pixel_61336,pixel_61337,pixel_61338,pixel_61339,pixel_61340,pixel_61341,pixel_61342,pixel_61343,pixel_61344,pixel_61345,pixel_61346,pixel_61347,pixel_61348,pixel_61349,pixel_61350,pixel_61351,pixel_61352,pixel_61353,pixel_61354,pixel_61355,pixel_61356,pixel_61357,pixel_61358,pixel_61359,pixel_61360,pixel_61361,pixel_61362,pixel_61363,pixel_61364,pixel_61365,pixel_61366,pixel_61367,pixel_61368,pixel_61369,pixel_61370,pixel_61371,pixel_61372,pixel_61373,pixel_61374,pixel_61375,pixel_61376,pixel_61377,pixel_61378,pixel_61379,pixel_61380,pixel_61381,pixel_61382,pixel_61383,pixel_61384,pixel_61385,pixel_61386,pixel_61387,pixel_61388,pixel_61389,pixel_61390,pixel_61391,pixel_61392,pixel_61393,pixel_61394,pixel_61395,pixel_61396,pixel_61397,pixel_61398,pixel_61399,pixel_61400,pixel_61401,pixel_61402,pixel_61403,pixel_61404,pixel_61405,pixel_61406,pixel_61407,pixel_61408,pixel_61409,pixel_61410,pixel_61411,pixel_61412,pixel_61413,pixel_61414,pixel_61415,pixel_61416,pixel_61417,pixel_61418,pixel_61419,pixel_61420,pixel_61421,pixel_61422,pixel_61423,pixel_61424,pixel_61425,pixel_61426,pixel_61427,pixel_61428,pixel_61429,pixel_61430,pixel_61431,pixel_61432,pixel_61433,pixel_61434,pixel_61435,pixel_61436,pixel_61437,pixel_61438,pixel_61439,pixel_61440,pixel_61441,pixel_61442,pixel_61443,pixel_61444,pixel_61445,pixel_61446,pixel_61447,pixel_61448,pixel_61449,pixel_61450,pixel_61451,pixel_61452,pixel_61453,pixel_61454,pixel_61455,pixel_61456,pixel_61457,pixel_61458,pixel_61459,pixel_61460,pixel_61461,pixel_61462,pixel_61463,pixel_61464,pixel_61465,pixel_61466,pixel_61467,pixel_61468,pixel_61469,pixel_61470,pixel_61471,pixel_61472,pixel_61473,pixel_61474,pixel_61475,pixel_61476,pixel_61477,pixel_61478,pixel_61479,pixel_61480,pixel_61481,pixel_61482,pixel_61483,pixel_61484,pixel_61485,pixel_61486,pixel_61487,pixel_61488,pixel_61489,pixel_61490,pixel_61491,pixel_61492,pixel_61493,pixel_61494,pixel_61495,pixel_61496,pixel_61497,pixel_61498,pixel_61499,pixel_61500,pixel_61501,pixel_61502,pixel_61503,pixel_61504,pixel_61505,pixel_61506,pixel_61507,pixel_61508,pixel_61509,pixel_61510,pixel_61511,pixel_61512,pixel_61513,pixel_61514,pixel_61515,pixel_61516,pixel_61517,pixel_61518,pixel_61519,pixel_61520,pixel_61521,pixel_61522,pixel_61523,pixel_61524,pixel_61525,pixel_61526,pixel_61527,pixel_61528,pixel_61529,pixel_61530,pixel_61531,pixel_61532,pixel_61533,pixel_61534,pixel_61535,pixel_61536,pixel_61537,pixel_61538,pixel_61539,pixel_61540,pixel_61541,pixel_61542,pixel_61543,pixel_61544,pixel_61545,pixel_61546,pixel_61547,pixel_61548,pixel_61549,pixel_61550,pixel_61551,pixel_61552,pixel_61553,pixel_61554,pixel_61555,pixel_61556,pixel_61557,pixel_61558,pixel_61559,pixel_61560,pixel_61561,pixel_61562,pixel_61563,pixel_61564,pixel_61565,pixel_61566,pixel_61567,pixel_61568,pixel_61569,pixel_61570,pixel_61571,pixel_61572,pixel_61573,pixel_61574,pixel_61575,pixel_61576,pixel_61577,pixel_61578,pixel_61579,pixel_61580,pixel_61581,pixel_61582,pixel_61583,pixel_61584,pixel_61585,pixel_61586,pixel_61587,pixel_61588,pixel_61589,pixel_61590,pixel_61591,pixel_61592,pixel_61593,pixel_61594,pixel_61595,pixel_61596,pixel_61597,pixel_61598,pixel_61599,pixel_61600,pixel_61601,pixel_61602,pixel_61603,pixel_61604,pixel_61605,pixel_61606,pixel_61607,pixel_61608,pixel_61609,pixel_61610,pixel_61611,pixel_61612,pixel_61613,pixel_61614,pixel_61615,pixel_61616,pixel_61617,pixel_61618,pixel_61619,pixel_61620,pixel_61621,pixel_61622,pixel_61623,pixel_61624,pixel_61625,pixel_61626,pixel_61627,pixel_61628,pixel_61629,pixel_61630,pixel_61631,pixel_61632,pixel_61633,pixel_61634,pixel_61635,pixel_61636,pixel_61637,pixel_61638,pixel_61639,pixel_61640,pixel_61641,pixel_61642,pixel_61643,pixel_61644,pixel_61645,pixel_61646,pixel_61647,pixel_61648,pixel_61649,pixel_61650,pixel_61651,pixel_61652,pixel_61653,pixel_61654,pixel_61655,pixel_61656,pixel_61657,pixel_61658,pixel_61659,pixel_61660,pixel_61661,pixel_61662,pixel_61663,pixel_61664,pixel_61665,pixel_61666,pixel_61667,pixel_61668,pixel_61669,pixel_61670,pixel_61671,pixel_61672,pixel_61673,pixel_61674,pixel_61675,pixel_61676,pixel_61677,pixel_61678,pixel_61679,pixel_61680,pixel_61681,pixel_61682,pixel_61683,pixel_61684,pixel_61685,pixel_61686,pixel_61687,pixel_61688,pixel_61689,pixel_61690,pixel_61691,pixel_61692,pixel_61693,pixel_61694,pixel_61695,pixel_61696,pixel_61697,pixel_61698,pixel_61699,pixel_61700,pixel_61701,pixel_61702,pixel_61703,pixel_61704,pixel_61705,pixel_61706,pixel_61707,pixel_61708,pixel_61709,pixel_61710,pixel_61711,pixel_61712,pixel_61713,pixel_61714,pixel_61715,pixel_61716,pixel_61717,pixel_61718,pixel_61719,pixel_61720,pixel_61721,pixel_61722,pixel_61723,pixel_61724,pixel_61725,pixel_61726,pixel_61727,pixel_61728,pixel_61729,pixel_61730,pixel_61731,pixel_61732,pixel_61733,pixel_61734,pixel_61735,pixel_61736,pixel_61737,pixel_61738,pixel_61739,pixel_61740,pixel_61741,pixel_61742,pixel_61743,pixel_61744,pixel_61745,pixel_61746,pixel_61747,pixel_61748,pixel_61749,pixel_61750,pixel_61751,pixel_61752,pixel_61753,pixel_61754,pixel_61755,pixel_61756,pixel_61757,pixel_61758,pixel_61759,pixel_61760,pixel_61761,pixel_61762,pixel_61763,pixel_61764,pixel_61765,pixel_61766,pixel_61767,pixel_61768,pixel_61769,pixel_61770,pixel_61771,pixel_61772,pixel_61773,pixel_61774,pixel_61775,pixel_61776,pixel_61777,pixel_61778,pixel_61779,pixel_61780,pixel_61781,pixel_61782,pixel_61783,pixel_61784,pixel_61785,pixel_61786,pixel_61787,pixel_61788,pixel_61789,pixel_61790,pixel_61791,pixel_61792,pixel_61793,pixel_61794,pixel_61795,pixel_61796,pixel_61797,pixel_61798,pixel_61799,pixel_61800,pixel_61801,pixel_61802,pixel_61803,pixel_61804,pixel_61805,pixel_61806,pixel_61807,pixel_61808,pixel_61809,pixel_61810,pixel_61811,pixel_61812,pixel_61813,pixel_61814,pixel_61815,pixel_61816,pixel_61817,pixel_61818,pixel_61819,pixel_61820,pixel_61821,pixel_61822,pixel_61823,pixel_61824,pixel_61825,pixel_61826,pixel_61827,pixel_61828,pixel_61829,pixel_61830,pixel_61831,pixel_61832,pixel_61833,pixel_61834,pixel_61835,pixel_61836,pixel_61837,pixel_61838,pixel_61839,pixel_61840,pixel_61841,pixel_61842,pixel_61843,pixel_61844,pixel_61845,pixel_61846,pixel_61847,pixel_61848,pixel_61849,pixel_61850,pixel_61851,pixel_61852,pixel_61853,pixel_61854,pixel_61855,pixel_61856,pixel_61857,pixel_61858,pixel_61859,pixel_61860,pixel_61861,pixel_61862,pixel_61863,pixel_61864,pixel_61865,pixel_61866,pixel_61867,pixel_61868,pixel_61869,pixel_61870,pixel_61871,pixel_61872,pixel_61873,pixel_61874,pixel_61875,pixel_61876,pixel_61877,pixel_61878,pixel_61879,pixel_61880,pixel_61881,pixel_61882,pixel_61883,pixel_61884,pixel_61885,pixel_61886,pixel_61887,pixel_61888,pixel_61889,pixel_61890,pixel_61891,pixel_61892,pixel_61893,pixel_61894,pixel_61895,pixel_61896,pixel_61897,pixel_61898,pixel_61899,pixel_61900,pixel_61901,pixel_61902,pixel_61903,pixel_61904,pixel_61905,pixel_61906,pixel_61907,pixel_61908,pixel_61909,pixel_61910,pixel_61911,pixel_61912,pixel_61913,pixel_61914,pixel_61915,pixel_61916,pixel_61917,pixel_61918,pixel_61919,pixel_61920,pixel_61921,pixel_61922,pixel_61923,pixel_61924,pixel_61925,pixel_61926,pixel_61927,pixel_61928,pixel_61929,pixel_61930,pixel_61931,pixel_61932,pixel_61933,pixel_61934,pixel_61935,pixel_61936,pixel_61937,pixel_61938,pixel_61939,pixel_61940,pixel_61941,pixel_61942,pixel_61943,pixel_61944,pixel_61945,pixel_61946,pixel_61947,pixel_61948,pixel_61949,pixel_61950,pixel_61951,pixel_61952,pixel_61953,pixel_61954,pixel_61955,pixel_61956,pixel_61957,pixel_61958,pixel_61959,pixel_61960,pixel_61961,pixel_61962,pixel_61963,pixel_61964,pixel_61965,pixel_61966,pixel_61967,pixel_61968,pixel_61969,pixel_61970,pixel_61971,pixel_61972,pixel_61973,pixel_61974,pixel_61975,pixel_61976,pixel_61977,pixel_61978,pixel_61979,pixel_61980,pixel_61981,pixel_61982,pixel_61983,pixel_61984,pixel_61985,pixel_61986,pixel_61987,pixel_61988,pixel_61989,pixel_61990,pixel_61991,pixel_61992,pixel_61993,pixel_61994,pixel_61995,pixel_61996,pixel_61997,pixel_61998,pixel_61999,pixel_62000,pixel_62001,pixel_62002,pixel_62003,pixel_62004,pixel_62005,pixel_62006,pixel_62007,pixel_62008,pixel_62009,pixel_62010,pixel_62011,pixel_62012,pixel_62013,pixel_62014,pixel_62015,pixel_62016,pixel_62017,pixel_62018,pixel_62019,pixel_62020,pixel_62021,pixel_62022,pixel_62023,pixel_62024,pixel_62025,pixel_62026,pixel_62027,pixel_62028,pixel_62029,pixel_62030,pixel_62031,pixel_62032,pixel_62033,pixel_62034,pixel_62035,pixel_62036,pixel_62037,pixel_62038,pixel_62039,pixel_62040,pixel_62041,pixel_62042,pixel_62043,pixel_62044,pixel_62045,pixel_62046,pixel_62047,pixel_62048,pixel_62049,pixel_62050,pixel_62051,pixel_62052,pixel_62053,pixel_62054,pixel_62055,pixel_62056,pixel_62057,pixel_62058,pixel_62059,pixel_62060,pixel_62061,pixel_62062,pixel_62063,pixel_62064,pixel_62065,pixel_62066,pixel_62067,pixel_62068,pixel_62069,pixel_62070,pixel_62071,pixel_62072,pixel_62073,pixel_62074,pixel_62075,pixel_62076,pixel_62077,pixel_62078,pixel_62079,pixel_62080,pixel_62081,pixel_62082,pixel_62083,pixel_62084,pixel_62085,pixel_62086,pixel_62087,pixel_62088,pixel_62089,pixel_62090,pixel_62091,pixel_62092,pixel_62093,pixel_62094,pixel_62095,pixel_62096,pixel_62097,pixel_62098,pixel_62099,pixel_62100,pixel_62101,pixel_62102,pixel_62103,pixel_62104,pixel_62105,pixel_62106,pixel_62107,pixel_62108,pixel_62109,pixel_62110,pixel_62111,pixel_62112,pixel_62113,pixel_62114,pixel_62115,pixel_62116,pixel_62117,pixel_62118,pixel_62119,pixel_62120,pixel_62121,pixel_62122,pixel_62123,pixel_62124,pixel_62125,pixel_62126,pixel_62127,pixel_62128,pixel_62129,pixel_62130,pixel_62131,pixel_62132,pixel_62133,pixel_62134,pixel_62135,pixel_62136,pixel_62137,pixel_62138,pixel_62139,pixel_62140,pixel_62141,pixel_62142,pixel_62143,pixel_62144,pixel_62145,pixel_62146,pixel_62147,pixel_62148,pixel_62149,pixel_62150,pixel_62151,pixel_62152,pixel_62153,pixel_62154,pixel_62155,pixel_62156,pixel_62157,pixel_62158,pixel_62159,pixel_62160,pixel_62161,pixel_62162,pixel_62163,pixel_62164,pixel_62165,pixel_62166,pixel_62167,pixel_62168,pixel_62169,pixel_62170,pixel_62171,pixel_62172,pixel_62173,pixel_62174,pixel_62175,pixel_62176,pixel_62177,pixel_62178,pixel_62179,pixel_62180,pixel_62181,pixel_62182,pixel_62183,pixel_62184,pixel_62185,pixel_62186,pixel_62187,pixel_62188,pixel_62189,pixel_62190,pixel_62191,pixel_62192,pixel_62193,pixel_62194,pixel_62195,pixel_62196,pixel_62197,pixel_62198,pixel_62199,pixel_62200,pixel_62201,pixel_62202,pixel_62203,pixel_62204,pixel_62205,pixel_62206,pixel_62207,pixel_62208,pixel_62209,pixel_62210,pixel_62211,pixel_62212,pixel_62213,pixel_62214,pixel_62215,pixel_62216,pixel_62217,pixel_62218,pixel_62219,pixel_62220,pixel_62221,pixel_62222,pixel_62223,pixel_62224,pixel_62225,pixel_62226,pixel_62227,pixel_62228,pixel_62229,pixel_62230,pixel_62231,pixel_62232,pixel_62233,pixel_62234,pixel_62235,pixel_62236,pixel_62237,pixel_62238,pixel_62239,pixel_62240,pixel_62241,pixel_62242,pixel_62243,pixel_62244,pixel_62245,pixel_62246,pixel_62247,pixel_62248,pixel_62249,pixel_62250,pixel_62251,pixel_62252,pixel_62253,pixel_62254,pixel_62255,pixel_62256,pixel_62257,pixel_62258,pixel_62259,pixel_62260,pixel_62261,pixel_62262,pixel_62263,pixel_62264,pixel_62265,pixel_62266,pixel_62267,pixel_62268,pixel_62269,pixel_62270,pixel_62271,pixel_62272,pixel_62273,pixel_62274,pixel_62275,pixel_62276,pixel_62277,pixel_62278,pixel_62279,pixel_62280,pixel_62281,pixel_62282,pixel_62283,pixel_62284,pixel_62285,pixel_62286,pixel_62287,pixel_62288,pixel_62289,pixel_62290,pixel_62291,pixel_62292,pixel_62293,pixel_62294,pixel_62295,pixel_62296,pixel_62297,pixel_62298,pixel_62299,pixel_62300,pixel_62301,pixel_62302,pixel_62303,pixel_62304,pixel_62305,pixel_62306,pixel_62307,pixel_62308,pixel_62309,pixel_62310,pixel_62311,pixel_62312,pixel_62313,pixel_62314,pixel_62315,pixel_62316,pixel_62317,pixel_62318,pixel_62319,pixel_62320,pixel_62321,pixel_62322,pixel_62323,pixel_62324,pixel_62325,pixel_62326,pixel_62327,pixel_62328,pixel_62329,pixel_62330,pixel_62331,pixel_62332,pixel_62333,pixel_62334,pixel_62335,pixel_62336,pixel_62337,pixel_62338,pixel_62339,pixel_62340,pixel_62341,pixel_62342,pixel_62343,pixel_62344,pixel_62345,pixel_62346,pixel_62347,pixel_62348,pixel_62349,pixel_62350,pixel_62351,pixel_62352,pixel_62353,pixel_62354,pixel_62355,pixel_62356,pixel_62357,pixel_62358,pixel_62359,pixel_62360,pixel_62361,pixel_62362,pixel_62363,pixel_62364,pixel_62365,pixel_62366,pixel_62367,pixel_62368,pixel_62369,pixel_62370,pixel_62371,pixel_62372,pixel_62373,pixel_62374,pixel_62375,pixel_62376,pixel_62377,pixel_62378,pixel_62379,pixel_62380,pixel_62381,pixel_62382,pixel_62383,pixel_62384,pixel_62385,pixel_62386,pixel_62387,pixel_62388,pixel_62389,pixel_62390,pixel_62391,pixel_62392,pixel_62393,pixel_62394,pixel_62395,pixel_62396,pixel_62397,pixel_62398,pixel_62399,pixel_62400,pixel_62401,pixel_62402,pixel_62403,pixel_62404,pixel_62405,pixel_62406,pixel_62407,pixel_62408,pixel_62409,pixel_62410,pixel_62411,pixel_62412,pixel_62413,pixel_62414,pixel_62415,pixel_62416,pixel_62417,pixel_62418,pixel_62419,pixel_62420,pixel_62421,pixel_62422,pixel_62423,pixel_62424,pixel_62425,pixel_62426,pixel_62427,pixel_62428,pixel_62429,pixel_62430,pixel_62431,pixel_62432,pixel_62433,pixel_62434,pixel_62435,pixel_62436,pixel_62437,pixel_62438,pixel_62439,pixel_62440,pixel_62441,pixel_62442,pixel_62443,pixel_62444,pixel_62445,pixel_62446,pixel_62447,pixel_62448,pixel_62449,pixel_62450,pixel_62451,pixel_62452,pixel_62453,pixel_62454,pixel_62455,pixel_62456,pixel_62457,pixel_62458,pixel_62459,pixel_62460,pixel_62461,pixel_62462,pixel_62463,pixel_62464,pixel_62465,pixel_62466,pixel_62467,pixel_62468,pixel_62469,pixel_62470,pixel_62471,pixel_62472,pixel_62473,pixel_62474,pixel_62475,pixel_62476,pixel_62477,pixel_62478,pixel_62479,pixel_62480,pixel_62481,pixel_62482,pixel_62483,pixel_62484,pixel_62485,pixel_62486,pixel_62487,pixel_62488,pixel_62489,pixel_62490,pixel_62491,pixel_62492,pixel_62493,pixel_62494,pixel_62495,pixel_62496,pixel_62497,pixel_62498,pixel_62499,pixel_62500,pixel_62501,pixel_62502,pixel_62503,pixel_62504,pixel_62505,pixel_62506,pixel_62507,pixel_62508,pixel_62509,pixel_62510,pixel_62511,pixel_62512,pixel_62513,pixel_62514,pixel_62515,pixel_62516,pixel_62517,pixel_62518,pixel_62519,pixel_62520,pixel_62521,pixel_62522,pixel_62523,pixel_62524,pixel_62525,pixel_62526,pixel_62527,pixel_62528,pixel_62529,pixel_62530,pixel_62531,pixel_62532,pixel_62533,pixel_62534,pixel_62535,pixel_62536,pixel_62537,pixel_62538,pixel_62539,pixel_62540,pixel_62541,pixel_62542,pixel_62543,pixel_62544,pixel_62545,pixel_62546,pixel_62547,pixel_62548,pixel_62549,pixel_62550,pixel_62551,pixel_62552,pixel_62553,pixel_62554,pixel_62555,pixel_62556,pixel_62557,pixel_62558,pixel_62559,pixel_62560,pixel_62561,pixel_62562,pixel_62563,pixel_62564,pixel_62565,pixel_62566,pixel_62567,pixel_62568,pixel_62569,pixel_62570,pixel_62571,pixel_62572,pixel_62573,pixel_62574,pixel_62575,pixel_62576,pixel_62577,pixel_62578,pixel_62579,pixel_62580,pixel_62581,pixel_62582,pixel_62583,pixel_62584,pixel_62585,pixel_62586,pixel_62587,pixel_62588,pixel_62589,pixel_62590,pixel_62591,pixel_62592,pixel_62593,pixel_62594,pixel_62595,pixel_62596,pixel_62597,pixel_62598,pixel_62599,pixel_62600,pixel_62601,pixel_62602,pixel_62603,pixel_62604,pixel_62605,pixel_62606,pixel_62607,pixel_62608,pixel_62609,pixel_62610,pixel_62611,pixel_62612,pixel_62613,pixel_62614,pixel_62615,pixel_62616,pixel_62617,pixel_62618,pixel_62619,pixel_62620,pixel_62621,pixel_62622,pixel_62623,pixel_62624,pixel_62625,pixel_62626,pixel_62627,pixel_62628,pixel_62629,pixel_62630,pixel_62631,pixel_62632,pixel_62633,pixel_62634,pixel_62635,pixel_62636,pixel_62637,pixel_62638,pixel_62639,pixel_62640,pixel_62641,pixel_62642,pixel_62643,pixel_62644,pixel_62645,pixel_62646,pixel_62647,pixel_62648,pixel_62649,pixel_62650,pixel_62651,pixel_62652,pixel_62653,pixel_62654,pixel_62655,pixel_62656,pixel_62657,pixel_62658,pixel_62659,pixel_62660,pixel_62661,pixel_62662,pixel_62663,pixel_62664,pixel_62665,pixel_62666,pixel_62667,pixel_62668,pixel_62669,pixel_62670,pixel_62671,pixel_62672,pixel_62673,pixel_62674,pixel_62675,pixel_62676,pixel_62677,pixel_62678,pixel_62679,pixel_62680,pixel_62681,pixel_62682,pixel_62683,pixel_62684,pixel_62685,pixel_62686,pixel_62687,pixel_62688,pixel_62689,pixel_62690,pixel_62691,pixel_62692,pixel_62693,pixel_62694,pixel_62695,pixel_62696,pixel_62697,pixel_62698,pixel_62699,pixel_62700,pixel_62701,pixel_62702,pixel_62703,pixel_62704,pixel_62705,pixel_62706,pixel_62707,pixel_62708,pixel_62709,pixel_62710,pixel_62711,pixel_62712,pixel_62713,pixel_62714,pixel_62715,pixel_62716,pixel_62717,pixel_62718,pixel_62719,pixel_62720,pixel_62721,pixel_62722,pixel_62723,pixel_62724,pixel_62725,pixel_62726,pixel_62727,pixel_62728,pixel_62729,pixel_62730,pixel_62731,pixel_62732,pixel_62733,pixel_62734,pixel_62735,pixel_62736,pixel_62737,pixel_62738,pixel_62739,pixel_62740,pixel_62741,pixel_62742,pixel_62743,pixel_62744,pixel_62745,pixel_62746,pixel_62747,pixel_62748,pixel_62749,pixel_62750,pixel_62751,pixel_62752,pixel_62753,pixel_62754,pixel_62755,pixel_62756,pixel_62757,pixel_62758,pixel_62759,pixel_62760,pixel_62761,pixel_62762,pixel_62763,pixel_62764,pixel_62765,pixel_62766,pixel_62767,pixel_62768,pixel_62769,pixel_62770,pixel_62771,pixel_62772,pixel_62773,pixel_62774,pixel_62775,pixel_62776,pixel_62777,pixel_62778,pixel_62779,pixel_62780,pixel_62781,pixel_62782,pixel_62783,pixel_62784,pixel_62785,pixel_62786,pixel_62787,pixel_62788,pixel_62789,pixel_62790,pixel_62791,pixel_62792,pixel_62793,pixel_62794,pixel_62795,pixel_62796,pixel_62797,pixel_62798,pixel_62799,pixel_62800,pixel_62801,pixel_62802,pixel_62803,pixel_62804,pixel_62805,pixel_62806,pixel_62807,pixel_62808,pixel_62809,pixel_62810,pixel_62811,pixel_62812,pixel_62813,pixel_62814,pixel_62815,pixel_62816,pixel_62817,pixel_62818,pixel_62819,pixel_62820,pixel_62821,pixel_62822,pixel_62823,pixel_62824,pixel_62825,pixel_62826,pixel_62827,pixel_62828,pixel_62829,pixel_62830,pixel_62831,pixel_62832,pixel_62833,pixel_62834,pixel_62835,pixel_62836,pixel_62837,pixel_62838,pixel_62839,pixel_62840,pixel_62841,pixel_62842,pixel_62843,pixel_62844,pixel_62845,pixel_62846,pixel_62847,pixel_62848,pixel_62849,pixel_62850,pixel_62851,pixel_62852,pixel_62853,pixel_62854,pixel_62855,pixel_62856,pixel_62857,pixel_62858,pixel_62859,pixel_62860,pixel_62861,pixel_62862,pixel_62863,pixel_62864,pixel_62865,pixel_62866,pixel_62867,pixel_62868,pixel_62869,pixel_62870,pixel_62871,pixel_62872,pixel_62873,pixel_62874,pixel_62875,pixel_62876,pixel_62877,pixel_62878,pixel_62879,pixel_62880,pixel_62881,pixel_62882,pixel_62883,pixel_62884,pixel_62885,pixel_62886,pixel_62887,pixel_62888,pixel_62889,pixel_62890,pixel_62891,pixel_62892,pixel_62893,pixel_62894,pixel_62895,pixel_62896,pixel_62897,pixel_62898,pixel_62899,pixel_62900,pixel_62901,pixel_62902,pixel_62903,pixel_62904,pixel_62905,pixel_62906,pixel_62907,pixel_62908,pixel_62909,pixel_62910,pixel_62911,pixel_62912,pixel_62913,pixel_62914,pixel_62915,pixel_62916,pixel_62917,pixel_62918,pixel_62919,pixel_62920,pixel_62921,pixel_62922,pixel_62923,pixel_62924,pixel_62925,pixel_62926,pixel_62927,pixel_62928,pixel_62929,pixel_62930,pixel_62931,pixel_62932,pixel_62933,pixel_62934,pixel_62935,pixel_62936,pixel_62937,pixel_62938,pixel_62939,pixel_62940,pixel_62941,pixel_62942,pixel_62943,pixel_62944,pixel_62945,pixel_62946,pixel_62947,pixel_62948,pixel_62949,pixel_62950,pixel_62951,pixel_62952,pixel_62953,pixel_62954,pixel_62955,pixel_62956,pixel_62957,pixel_62958,pixel_62959,pixel_62960,pixel_62961,pixel_62962,pixel_62963,pixel_62964,pixel_62965,pixel_62966,pixel_62967,pixel_62968,pixel_62969,pixel_62970,pixel_62971,pixel_62972,pixel_62973,pixel_62974,pixel_62975,pixel_62976,pixel_62977,pixel_62978,pixel_62979,pixel_62980,pixel_62981,pixel_62982,pixel_62983,pixel_62984,pixel_62985,pixel_62986,pixel_62987,pixel_62988,pixel_62989,pixel_62990,pixel_62991,pixel_62992,pixel_62993,pixel_62994,pixel_62995,pixel_62996,pixel_62997,pixel_62998,pixel_62999,pixel_63000,pixel_63001,pixel_63002,pixel_63003,pixel_63004,pixel_63005,pixel_63006,pixel_63007,pixel_63008,pixel_63009,pixel_63010,pixel_63011,pixel_63012,pixel_63013,pixel_63014,pixel_63015,pixel_63016,pixel_63017,pixel_63018,pixel_63019,pixel_63020,pixel_63021,pixel_63022,pixel_63023,pixel_63024,pixel_63025,pixel_63026,pixel_63027,pixel_63028,pixel_63029,pixel_63030,pixel_63031,pixel_63032,pixel_63033,pixel_63034,pixel_63035,pixel_63036,pixel_63037,pixel_63038,pixel_63039,pixel_63040,pixel_63041,pixel_63042,pixel_63043,pixel_63044,pixel_63045,pixel_63046,pixel_63047,pixel_63048,pixel_63049,pixel_63050,pixel_63051,pixel_63052,pixel_63053,pixel_63054,pixel_63055,pixel_63056,pixel_63057,pixel_63058,pixel_63059,pixel_63060,pixel_63061,pixel_63062,pixel_63063,pixel_63064,pixel_63065,pixel_63066,pixel_63067,pixel_63068,pixel_63069,pixel_63070,pixel_63071,pixel_63072,pixel_63073,pixel_63074,pixel_63075,pixel_63076,pixel_63077,pixel_63078,pixel_63079,pixel_63080,pixel_63081,pixel_63082,pixel_63083,pixel_63084,pixel_63085,pixel_63086,pixel_63087,pixel_63088,pixel_63089,pixel_63090,pixel_63091,pixel_63092,pixel_63093,pixel_63094,pixel_63095,pixel_63096,pixel_63097,pixel_63098,pixel_63099,pixel_63100,pixel_63101,pixel_63102,pixel_63103,pixel_63104,pixel_63105,pixel_63106,pixel_63107,pixel_63108,pixel_63109,pixel_63110,pixel_63111,pixel_63112,pixel_63113,pixel_63114,pixel_63115,pixel_63116,pixel_63117,pixel_63118,pixel_63119,pixel_63120,pixel_63121,pixel_63122,pixel_63123,pixel_63124,pixel_63125,pixel_63126,pixel_63127,pixel_63128,pixel_63129,pixel_63130,pixel_63131,pixel_63132,pixel_63133,pixel_63134,pixel_63135,pixel_63136,pixel_63137,pixel_63138,pixel_63139,pixel_63140,pixel_63141,pixel_63142,pixel_63143,pixel_63144,pixel_63145,pixel_63146,pixel_63147,pixel_63148,pixel_63149,pixel_63150,pixel_63151,pixel_63152,pixel_63153,pixel_63154,pixel_63155,pixel_63156,pixel_63157,pixel_63158,pixel_63159,pixel_63160,pixel_63161,pixel_63162,pixel_63163,pixel_63164,pixel_63165,pixel_63166,pixel_63167,pixel_63168,pixel_63169,pixel_63170,pixel_63171,pixel_63172,pixel_63173,pixel_63174,pixel_63175,pixel_63176,pixel_63177,pixel_63178,pixel_63179,pixel_63180,pixel_63181,pixel_63182,pixel_63183,pixel_63184,pixel_63185,pixel_63186,pixel_63187,pixel_63188,pixel_63189,pixel_63190,pixel_63191,pixel_63192,pixel_63193,pixel_63194,pixel_63195,pixel_63196,pixel_63197,pixel_63198,pixel_63199,pixel_63200,pixel_63201,pixel_63202,pixel_63203,pixel_63204,pixel_63205,pixel_63206,pixel_63207,pixel_63208,pixel_63209,pixel_63210,pixel_63211,pixel_63212,pixel_63213,pixel_63214,pixel_63215,pixel_63216,pixel_63217,pixel_63218,pixel_63219,pixel_63220,pixel_63221,pixel_63222,pixel_63223,pixel_63224,pixel_63225,pixel_63226,pixel_63227,pixel_63228,pixel_63229,pixel_63230,pixel_63231,pixel_63232,pixel_63233,pixel_63234,pixel_63235,pixel_63236,pixel_63237,pixel_63238,pixel_63239,pixel_63240,pixel_63241,pixel_63242,pixel_63243,pixel_63244,pixel_63245,pixel_63246,pixel_63247,pixel_63248,pixel_63249,pixel_63250,pixel_63251,pixel_63252,pixel_63253,pixel_63254,pixel_63255,pixel_63256,pixel_63257,pixel_63258,pixel_63259,pixel_63260,pixel_63261,pixel_63262,pixel_63263,pixel_63264,pixel_63265,pixel_63266,pixel_63267,pixel_63268,pixel_63269,pixel_63270,pixel_63271,pixel_63272,pixel_63273,pixel_63274,pixel_63275,pixel_63276,pixel_63277,pixel_63278,pixel_63279,pixel_63280,pixel_63281,pixel_63282,pixel_63283,pixel_63284,pixel_63285,pixel_63286,pixel_63287,pixel_63288,pixel_63289,pixel_63290,pixel_63291,pixel_63292,pixel_63293,pixel_63294,pixel_63295,pixel_63296,pixel_63297,pixel_63298,pixel_63299,pixel_63300,pixel_63301,pixel_63302,pixel_63303,pixel_63304,pixel_63305,pixel_63306,pixel_63307,pixel_63308,pixel_63309,pixel_63310,pixel_63311,pixel_63312,pixel_63313,pixel_63314,pixel_63315,pixel_63316,pixel_63317,pixel_63318,pixel_63319,pixel_63320,pixel_63321,pixel_63322,pixel_63323,pixel_63324,pixel_63325,pixel_63326,pixel_63327,pixel_63328,pixel_63329,pixel_63330,pixel_63331,pixel_63332,pixel_63333,pixel_63334,pixel_63335,pixel_63336,pixel_63337,pixel_63338,pixel_63339,pixel_63340,pixel_63341,pixel_63342,pixel_63343,pixel_63344,pixel_63345,pixel_63346,pixel_63347,pixel_63348,pixel_63349,pixel_63350,pixel_63351,pixel_63352,pixel_63353,pixel_63354,pixel_63355,pixel_63356,pixel_63357,pixel_63358,pixel_63359,pixel_63360,pixel_63361,pixel_63362,pixel_63363,pixel_63364,pixel_63365,pixel_63366,pixel_63367,pixel_63368,pixel_63369,pixel_63370,pixel_63371,pixel_63372,pixel_63373,pixel_63374,pixel_63375,pixel_63376,pixel_63377,pixel_63378,pixel_63379,pixel_63380,pixel_63381,pixel_63382,pixel_63383,pixel_63384,pixel_63385,pixel_63386,pixel_63387,pixel_63388,pixel_63389,pixel_63390,pixel_63391,pixel_63392,pixel_63393,pixel_63394,pixel_63395,pixel_63396,pixel_63397,pixel_63398,pixel_63399,pixel_63400,pixel_63401,pixel_63402,pixel_63403,pixel_63404,pixel_63405,pixel_63406,pixel_63407,pixel_63408,pixel_63409,pixel_63410,pixel_63411,pixel_63412,pixel_63413,pixel_63414,pixel_63415,pixel_63416,pixel_63417,pixel_63418,pixel_63419,pixel_63420,pixel_63421,pixel_63422,pixel_63423,pixel_63424,pixel_63425,pixel_63426,pixel_63427,pixel_63428,pixel_63429,pixel_63430,pixel_63431,pixel_63432,pixel_63433,pixel_63434,pixel_63435,pixel_63436,pixel_63437,pixel_63438,pixel_63439,pixel_63440,pixel_63441,pixel_63442,pixel_63443,pixel_63444,pixel_63445,pixel_63446,pixel_63447,pixel_63448,pixel_63449,pixel_63450,pixel_63451,pixel_63452,pixel_63453,pixel_63454,pixel_63455,pixel_63456,pixel_63457,pixel_63458,pixel_63459,pixel_63460,pixel_63461,pixel_63462,pixel_63463,pixel_63464,pixel_63465,pixel_63466,pixel_63467,pixel_63468,pixel_63469,pixel_63470,pixel_63471,pixel_63472,pixel_63473,pixel_63474,pixel_63475,pixel_63476,pixel_63477,pixel_63478,pixel_63479,pixel_63480,pixel_63481,pixel_63482,pixel_63483,pixel_63484,pixel_63485,pixel_63486,pixel_63487,pixel_63488,pixel_63489,pixel_63490,pixel_63491,pixel_63492,pixel_63493,pixel_63494,pixel_63495,pixel_63496,pixel_63497,pixel_63498,pixel_63499,pixel_63500,pixel_63501,pixel_63502,pixel_63503,pixel_63504,pixel_63505,pixel_63506,pixel_63507,pixel_63508,pixel_63509,pixel_63510,pixel_63511,pixel_63512,pixel_63513,pixel_63514,pixel_63515,pixel_63516,pixel_63517,pixel_63518,pixel_63519,pixel_63520,pixel_63521,pixel_63522,pixel_63523,pixel_63524,pixel_63525,pixel_63526,pixel_63527,pixel_63528,pixel_63529,pixel_63530,pixel_63531,pixel_63532,pixel_63533,pixel_63534,pixel_63535,pixel_63536,pixel_63537,pixel_63538,pixel_63539,pixel_63540,pixel_63541,pixel_63542,pixel_63543,pixel_63544,pixel_63545,pixel_63546,pixel_63547,pixel_63548,pixel_63549,pixel_63550,pixel_63551,pixel_63552,pixel_63553,pixel_63554,pixel_63555,pixel_63556,pixel_63557,pixel_63558,pixel_63559,pixel_63560,pixel_63561,pixel_63562,pixel_63563,pixel_63564,pixel_63565,pixel_63566,pixel_63567,pixel_63568,pixel_63569,pixel_63570,pixel_63571,pixel_63572,pixel_63573,pixel_63574,pixel_63575,pixel_63576,pixel_63577,pixel_63578,pixel_63579,pixel_63580,pixel_63581,pixel_63582,pixel_63583,pixel_63584,pixel_63585,pixel_63586,pixel_63587,pixel_63588,pixel_63589,pixel_63590,pixel_63591,pixel_63592,pixel_63593,pixel_63594,pixel_63595,pixel_63596,pixel_63597,pixel_63598,pixel_63599,pixel_63600,pixel_63601,pixel_63602,pixel_63603,pixel_63604,pixel_63605,pixel_63606,pixel_63607,pixel_63608,pixel_63609,pixel_63610,pixel_63611,pixel_63612,pixel_63613,pixel_63614,pixel_63615,pixel_63616,pixel_63617,pixel_63618,pixel_63619,pixel_63620,pixel_63621,pixel_63622,pixel_63623,pixel_63624,pixel_63625,pixel_63626,pixel_63627,pixel_63628,pixel_63629,pixel_63630,pixel_63631,pixel_63632,pixel_63633,pixel_63634,pixel_63635,pixel_63636,pixel_63637,pixel_63638,pixel_63639,pixel_63640,pixel_63641,pixel_63642,pixel_63643,pixel_63644,pixel_63645,pixel_63646,pixel_63647,pixel_63648,pixel_63649,pixel_63650,pixel_63651,pixel_63652,pixel_63653,pixel_63654,pixel_63655,pixel_63656,pixel_63657,pixel_63658,pixel_63659,pixel_63660,pixel_63661,pixel_63662,pixel_63663,pixel_63664,pixel_63665,pixel_63666,pixel_63667,pixel_63668,pixel_63669,pixel_63670,pixel_63671,pixel_63672,pixel_63673,pixel_63674,pixel_63675,pixel_63676,pixel_63677,pixel_63678,pixel_63679,pixel_63680,pixel_63681,pixel_63682,pixel_63683,pixel_63684,pixel_63685,pixel_63686,pixel_63687,pixel_63688,pixel_63689,pixel_63690,pixel_63691,pixel_63692,pixel_63693,pixel_63694,pixel_63695,pixel_63696,pixel_63697,pixel_63698,pixel_63699,pixel_63700,pixel_63701,pixel_63702,pixel_63703,pixel_63704,pixel_63705,pixel_63706,pixel_63707,pixel_63708,pixel_63709,pixel_63710,pixel_63711,pixel_63712,pixel_63713,pixel_63714,pixel_63715,pixel_63716,pixel_63717,pixel_63718,pixel_63719,pixel_63720,pixel_63721,pixel_63722,pixel_63723,pixel_63724,pixel_63725,pixel_63726,pixel_63727,pixel_63728,pixel_63729,pixel_63730,pixel_63731,pixel_63732,pixel_63733,pixel_63734,pixel_63735,pixel_63736,pixel_63737,pixel_63738,pixel_63739,pixel_63740,pixel_63741,pixel_63742,pixel_63743,pixel_63744,pixel_63745,pixel_63746,pixel_63747,pixel_63748,pixel_63749,pixel_63750,pixel_63751,pixel_63752,pixel_63753,pixel_63754,pixel_63755,pixel_63756,pixel_63757,pixel_63758,pixel_63759,pixel_63760,pixel_63761,pixel_63762,pixel_63763,pixel_63764,pixel_63765,pixel_63766,pixel_63767,pixel_63768,pixel_63769,pixel_63770,pixel_63771,pixel_63772,pixel_63773,pixel_63774,pixel_63775,pixel_63776,pixel_63777,pixel_63778,pixel_63779,pixel_63780,pixel_63781,pixel_63782,pixel_63783,pixel_63784,pixel_63785,pixel_63786,pixel_63787,pixel_63788,pixel_63789,pixel_63790,pixel_63791,pixel_63792,pixel_63793,pixel_63794,pixel_63795,pixel_63796,pixel_63797,pixel_63798,pixel_63799,pixel_63800,pixel_63801,pixel_63802,pixel_63803,pixel_63804,pixel_63805,pixel_63806,pixel_63807,pixel_63808,pixel_63809,pixel_63810,pixel_63811,pixel_63812,pixel_63813,pixel_63814,pixel_63815,pixel_63816,pixel_63817,pixel_63818,pixel_63819,pixel_63820,pixel_63821,pixel_63822,pixel_63823,pixel_63824,pixel_63825,pixel_63826,pixel_63827,pixel_63828,pixel_63829,pixel_63830,pixel_63831,pixel_63832,pixel_63833,pixel_63834,pixel_63835,pixel_63836,pixel_63837,pixel_63838,pixel_63839,pixel_63840,pixel_63841,pixel_63842,pixel_63843,pixel_63844,pixel_63845,pixel_63846,pixel_63847,pixel_63848,pixel_63849,pixel_63850,pixel_63851,pixel_63852,pixel_63853,pixel_63854,pixel_63855,pixel_63856,pixel_63857,pixel_63858,pixel_63859,pixel_63860,pixel_63861,pixel_63862,pixel_63863,pixel_63864,pixel_63865,pixel_63866,pixel_63867,pixel_63868,pixel_63869,pixel_63870,pixel_63871,pixel_63872,pixel_63873,pixel_63874,pixel_63875,pixel_63876,pixel_63877,pixel_63878,pixel_63879,pixel_63880,pixel_63881,pixel_63882,pixel_63883,pixel_63884,pixel_63885,pixel_63886,pixel_63887,pixel_63888,pixel_63889,pixel_63890,pixel_63891,pixel_63892,pixel_63893,pixel_63894,pixel_63895,pixel_63896,pixel_63897,pixel_63898,pixel_63899,pixel_63900,pixel_63901,pixel_63902,pixel_63903,pixel_63904,pixel_63905,pixel_63906,pixel_63907,pixel_63908,pixel_63909,pixel_63910,pixel_63911,pixel_63912,pixel_63913,pixel_63914,pixel_63915,pixel_63916,pixel_63917,pixel_63918,pixel_63919,pixel_63920,pixel_63921,pixel_63922,pixel_63923,pixel_63924,pixel_63925,pixel_63926,pixel_63927,pixel_63928,pixel_63929,pixel_63930,pixel_63931,pixel_63932,pixel_63933,pixel_63934,pixel_63935,pixel_63936,pixel_63937,pixel_63938,pixel_63939,pixel_63940,pixel_63941,pixel_63942,pixel_63943,pixel_63944,pixel_63945,pixel_63946,pixel_63947,pixel_63948,pixel_63949,pixel_63950,pixel_63951,pixel_63952,pixel_63953,pixel_63954,pixel_63955,pixel_63956,pixel_63957,pixel_63958,pixel_63959,pixel_63960,pixel_63961,pixel_63962,pixel_63963,pixel_63964,pixel_63965,pixel_63966,pixel_63967,pixel_63968,pixel_63969,pixel_63970,pixel_63971,pixel_63972,pixel_63973,pixel_63974,pixel_63975,pixel_63976,pixel_63977,pixel_63978,pixel_63979,pixel_63980,pixel_63981,pixel_63982,pixel_63983,pixel_63984,pixel_63985,pixel_63986,pixel_63987,pixel_63988,pixel_63989,pixel_63990,pixel_63991,pixel_63992,pixel_63993,pixel_63994,pixel_63995,pixel_63996,pixel_63997,pixel_63998,pixel_63999,pixel_64000,pixel_64001,pixel_64002,pixel_64003,pixel_64004,pixel_64005,pixel_64006,pixel_64007,pixel_64008,pixel_64009,pixel_64010,pixel_64011,pixel_64012,pixel_64013,pixel_64014,pixel_64015,pixel_64016,pixel_64017,pixel_64018,pixel_64019,pixel_64020,pixel_64021,pixel_64022,pixel_64023,pixel_64024,pixel_64025,pixel_64026,pixel_64027,pixel_64028,pixel_64029,pixel_64030,pixel_64031,pixel_64032,pixel_64033,pixel_64034,pixel_64035,pixel_64036,pixel_64037,pixel_64038,pixel_64039,pixel_64040,pixel_64041,pixel_64042,pixel_64043,pixel_64044,pixel_64045,pixel_64046,pixel_64047,pixel_64048,pixel_64049,pixel_64050,pixel_64051,pixel_64052,pixel_64053,pixel_64054,pixel_64055,pixel_64056,pixel_64057,pixel_64058,pixel_64059,pixel_64060,pixel_64061,pixel_64062,pixel_64063,pixel_64064,pixel_64065,pixel_64066,pixel_64067,pixel_64068,pixel_64069,pixel_64070,pixel_64071,pixel_64072,pixel_64073,pixel_64074,pixel_64075,pixel_64076,pixel_64077,pixel_64078,pixel_64079,pixel_64080,pixel_64081,pixel_64082,pixel_64083,pixel_64084,pixel_64085,pixel_64086,pixel_64087,pixel_64088,pixel_64089,pixel_64090,pixel_64091,pixel_64092,pixel_64093,pixel_64094,pixel_64095,pixel_64096,pixel_64097,pixel_64098,pixel_64099,pixel_64100,pixel_64101,pixel_64102,pixel_64103,pixel_64104,pixel_64105,pixel_64106,pixel_64107,pixel_64108,pixel_64109,pixel_64110,pixel_64111,pixel_64112,pixel_64113,pixel_64114,pixel_64115,pixel_64116,pixel_64117,pixel_64118,pixel_64119,pixel_64120,pixel_64121,pixel_64122,pixel_64123,pixel_64124,pixel_64125,pixel_64126,pixel_64127,pixel_64128,pixel_64129,pixel_64130,pixel_64131,pixel_64132,pixel_64133,pixel_64134,pixel_64135,pixel_64136,pixel_64137,pixel_64138,pixel_64139,pixel_64140,pixel_64141,pixel_64142,pixel_64143,pixel_64144,pixel_64145,pixel_64146,pixel_64147,pixel_64148,pixel_64149,pixel_64150,pixel_64151,pixel_64152,pixel_64153,pixel_64154,pixel_64155,pixel_64156,pixel_64157,pixel_64158,pixel_64159,pixel_64160,pixel_64161,pixel_64162,pixel_64163,pixel_64164,pixel_64165,pixel_64166,pixel_64167,pixel_64168,pixel_64169,pixel_64170,pixel_64171,pixel_64172,pixel_64173,pixel_64174,pixel_64175,pixel_64176,pixel_64177,pixel_64178,pixel_64179,pixel_64180,pixel_64181,pixel_64182,pixel_64183,pixel_64184,pixel_64185,pixel_64186,pixel_64187,pixel_64188,pixel_64189,pixel_64190,pixel_64191,pixel_64192,pixel_64193,pixel_64194,pixel_64195,pixel_64196,pixel_64197,pixel_64198,pixel_64199,pixel_64200,pixel_64201,pixel_64202,pixel_64203,pixel_64204,pixel_64205,pixel_64206,pixel_64207,pixel_64208,pixel_64209,pixel_64210,pixel_64211,pixel_64212,pixel_64213,pixel_64214,pixel_64215,pixel_64216,pixel_64217,pixel_64218,pixel_64219,pixel_64220,pixel_64221,pixel_64222,pixel_64223,pixel_64224,pixel_64225,pixel_64226,pixel_64227,pixel_64228,pixel_64229,pixel_64230,pixel_64231,pixel_64232,pixel_64233,pixel_64234,pixel_64235,pixel_64236,pixel_64237,pixel_64238,pixel_64239,pixel_64240,pixel_64241,pixel_64242,pixel_64243,pixel_64244,pixel_64245,pixel_64246,pixel_64247,pixel_64248,pixel_64249,pixel_64250,pixel_64251,pixel_64252,pixel_64253,pixel_64254,pixel_64255,pixel_64256,pixel_64257,pixel_64258,pixel_64259,pixel_64260,pixel_64261,pixel_64262,pixel_64263,pixel_64264,pixel_64265,pixel_64266,pixel_64267,pixel_64268,pixel_64269,pixel_64270,pixel_64271,pixel_64272,pixel_64273,pixel_64274,pixel_64275,pixel_64276,pixel_64277,pixel_64278,pixel_64279,pixel_64280,pixel_64281,pixel_64282,pixel_64283,pixel_64284,pixel_64285,pixel_64286,pixel_64287,pixel_64288,pixel_64289,pixel_64290,pixel_64291,pixel_64292,pixel_64293,pixel_64294,pixel_64295,pixel_64296,pixel_64297,pixel_64298,pixel_64299,pixel_64300,pixel_64301,pixel_64302,pixel_64303,pixel_64304,pixel_64305,pixel_64306,pixel_64307,pixel_64308,pixel_64309,pixel_64310,pixel_64311,pixel_64312,pixel_64313,pixel_64314,pixel_64315,pixel_64316,pixel_64317,pixel_64318,pixel_64319,pixel_64320,pixel_64321,pixel_64322,pixel_64323,pixel_64324,pixel_64325,pixel_64326,pixel_64327,pixel_64328,pixel_64329,pixel_64330,pixel_64331,pixel_64332,pixel_64333,pixel_64334,pixel_64335,pixel_64336,pixel_64337,pixel_64338,pixel_64339,pixel_64340,pixel_64341,pixel_64342,pixel_64343,pixel_64344,pixel_64345,pixel_64346,pixel_64347,pixel_64348,pixel_64349,pixel_64350,pixel_64351,pixel_64352,pixel_64353,pixel_64354,pixel_64355,pixel_64356,pixel_64357,pixel_64358,pixel_64359,pixel_64360,pixel_64361,pixel_64362,pixel_64363,pixel_64364,pixel_64365,pixel_64366,pixel_64367,pixel_64368,pixel_64369,pixel_64370,pixel_64371,pixel_64372,pixel_64373,pixel_64374,pixel_64375,pixel_64376,pixel_64377,pixel_64378,pixel_64379,pixel_64380,pixel_64381,pixel_64382,pixel_64383,pixel_64384,pixel_64385,pixel_64386,pixel_64387,pixel_64388,pixel_64389,pixel_64390,pixel_64391,pixel_64392,pixel_64393,pixel_64394,pixel_64395,pixel_64396,pixel_64397,pixel_64398,pixel_64399,pixel_64400,pixel_64401,pixel_64402,pixel_64403,pixel_64404,pixel_64405,pixel_64406,pixel_64407,pixel_64408,pixel_64409,pixel_64410,pixel_64411,pixel_64412,pixel_64413,pixel_64414,pixel_64415,pixel_64416,pixel_64417,pixel_64418,pixel_64419,pixel_64420,pixel_64421,pixel_64422,pixel_64423,pixel_64424,pixel_64425,pixel_64426,pixel_64427,pixel_64428,pixel_64429,pixel_64430,pixel_64431,pixel_64432,pixel_64433,pixel_64434,pixel_64435,pixel_64436,pixel_64437,pixel_64438,pixel_64439,pixel_64440,pixel_64441,pixel_64442,pixel_64443,pixel_64444,pixel_64445,pixel_64446,pixel_64447,pixel_64448,pixel_64449,pixel_64450,pixel_64451,pixel_64452,pixel_64453,pixel_64454,pixel_64455,pixel_64456,pixel_64457,pixel_64458,pixel_64459,pixel_64460,pixel_64461,pixel_64462,pixel_64463,pixel_64464,pixel_64465,pixel_64466,pixel_64467,pixel_64468,pixel_64469,pixel_64470,pixel_64471,pixel_64472,pixel_64473,pixel_64474,pixel_64475,pixel_64476,pixel_64477,pixel_64478,pixel_64479,pixel_64480,pixel_64481,pixel_64482,pixel_64483,pixel_64484,pixel_64485,pixel_64486,pixel_64487,pixel_64488,pixel_64489,pixel_64490,pixel_64491,pixel_64492,pixel_64493,pixel_64494,pixel_64495,pixel_64496,pixel_64497,pixel_64498,pixel_64499,pixel_64500,pixel_64501,pixel_64502,pixel_64503,pixel_64504,pixel_64505,pixel_64506,pixel_64507,pixel_64508,pixel_64509,pixel_64510,pixel_64511,pixel_64512,pixel_64513,pixel_64514,pixel_64515,pixel_64516,pixel_64517,pixel_64518,pixel_64519,pixel_64520,pixel_64521,pixel_64522,pixel_64523,pixel_64524,pixel_64525,pixel_64526,pixel_64527,pixel_64528,pixel_64529,pixel_64530,pixel_64531,pixel_64532,pixel_64533,pixel_64534,pixel_64535,pixel_64536,pixel_64537,pixel_64538,pixel_64539,pixel_64540,pixel_64541,pixel_64542,pixel_64543,pixel_64544,pixel_64545,pixel_64546,pixel_64547,pixel_64548,pixel_64549,pixel_64550,pixel_64551,pixel_64552,pixel_64553,pixel_64554,pixel_64555,pixel_64556,pixel_64557,pixel_64558,pixel_64559,pixel_64560,pixel_64561,pixel_64562,pixel_64563,pixel_64564,pixel_64565,pixel_64566,pixel_64567,pixel_64568,pixel_64569,pixel_64570,pixel_64571,pixel_64572,pixel_64573,pixel_64574,pixel_64575,pixel_64576,pixel_64577,pixel_64578,pixel_64579,pixel_64580,pixel_64581,pixel_64582,pixel_64583,pixel_64584,pixel_64585,pixel_64586,pixel_64587,pixel_64588,pixel_64589,pixel_64590,pixel_64591,pixel_64592,pixel_64593,pixel_64594,pixel_64595,pixel_64596,pixel_64597,pixel_64598,pixel_64599,pixel_64600,pixel_64601,pixel_64602,pixel_64603,pixel_64604,pixel_64605,pixel_64606,pixel_64607,pixel_64608,pixel_64609,pixel_64610,pixel_64611,pixel_64612,pixel_64613,pixel_64614,pixel_64615,pixel_64616,pixel_64617,pixel_64618,pixel_64619,pixel_64620,pixel_64621,pixel_64622,pixel_64623,pixel_64624,pixel_64625,pixel_64626,pixel_64627,pixel_64628,pixel_64629,pixel_64630,pixel_64631,pixel_64632,pixel_64633,pixel_64634,pixel_64635,pixel_64636,pixel_64637,pixel_64638,pixel_64639,pixel_64640,pixel_64641,pixel_64642,pixel_64643,pixel_64644,pixel_64645,pixel_64646,pixel_64647,pixel_64648,pixel_64649,pixel_64650,pixel_64651,pixel_64652,pixel_64653,pixel_64654,pixel_64655,pixel_64656,pixel_64657,pixel_64658,pixel_64659,pixel_64660,pixel_64661,pixel_64662,pixel_64663,pixel_64664,pixel_64665,pixel_64666,pixel_64667,pixel_64668,pixel_64669,pixel_64670,pixel_64671,pixel_64672,pixel_64673,pixel_64674,pixel_64675,pixel_64676,pixel_64677,pixel_64678,pixel_64679,pixel_64680,pixel_64681,pixel_64682,pixel_64683,pixel_64684,pixel_64685,pixel_64686,pixel_64687,pixel_64688,pixel_64689,pixel_64690,pixel_64691,pixel_64692,pixel_64693,pixel_64694,pixel_64695,pixel_64696,pixel_64697,pixel_64698,pixel_64699,pixel_64700,pixel_64701,pixel_64702,pixel_64703,pixel_64704,pixel_64705,pixel_64706,pixel_64707,pixel_64708,pixel_64709,pixel_64710,pixel_64711,pixel_64712,pixel_64713,pixel_64714,pixel_64715,pixel_64716,pixel_64717,pixel_64718,pixel_64719,pixel_64720,pixel_64721,pixel_64722,pixel_64723,pixel_64724,pixel_64725,pixel_64726,pixel_64727,pixel_64728,pixel_64729,pixel_64730,pixel_64731,pixel_64732,pixel_64733,pixel_64734,pixel_64735,pixel_64736,pixel_64737,pixel_64738,pixel_64739,pixel_64740,pixel_64741,pixel_64742,pixel_64743,pixel_64744,pixel_64745,pixel_64746,pixel_64747,pixel_64748,pixel_64749,pixel_64750,pixel_64751,pixel_64752,pixel_64753,pixel_64754,pixel_64755,pixel_64756,pixel_64757,pixel_64758,pixel_64759,pixel_64760,pixel_64761,pixel_64762,pixel_64763,pixel_64764,pixel_64765,pixel_64766,pixel_64767,pixel_64768,pixel_64769,pixel_64770,pixel_64771,pixel_64772,pixel_64773,pixel_64774,pixel_64775,pixel_64776,pixel_64777,pixel_64778,pixel_64779,pixel_64780,pixel_64781,pixel_64782,pixel_64783,pixel_64784,pixel_64785,pixel_64786,pixel_64787,pixel_64788,pixel_64789,pixel_64790,pixel_64791,pixel_64792,pixel_64793,pixel_64794,pixel_64795,pixel_64796,pixel_64797,pixel_64798,pixel_64799,pixel_64800,pixel_64801,pixel_64802,pixel_64803,pixel_64804,pixel_64805,pixel_64806,pixel_64807,pixel_64808,pixel_64809,pixel_64810,pixel_64811,pixel_64812,pixel_64813,pixel_64814,pixel_64815,pixel_64816,pixel_64817,pixel_64818,pixel_64819,pixel_64820,pixel_64821,pixel_64822,pixel_64823,pixel_64824,pixel_64825,pixel_64826,pixel_64827,pixel_64828,pixel_64829,pixel_64830,pixel_64831,pixel_64832,pixel_64833,pixel_64834,pixel_64835,pixel_64836,pixel_64837,pixel_64838,pixel_64839,pixel_64840,pixel_64841,pixel_64842,pixel_64843,pixel_64844,pixel_64845,pixel_64846,pixel_64847,pixel_64848,pixel_64849,pixel_64850,pixel_64851,pixel_64852,pixel_64853,pixel_64854,pixel_64855,pixel_64856,pixel_64857,pixel_64858,pixel_64859,pixel_64860,pixel_64861,pixel_64862,pixel_64863,pixel_64864,pixel_64865,pixel_64866,pixel_64867,pixel_64868,pixel_64869,pixel_64870,pixel_64871,pixel_64872,pixel_64873,pixel_64874,pixel_64875,pixel_64876,pixel_64877,pixel_64878,pixel_64879,pixel_64880,pixel_64881,pixel_64882,pixel_64883,pixel_64884,pixel_64885,pixel_64886,pixel_64887,pixel_64888,pixel_64889,pixel_64890,pixel_64891,pixel_64892,pixel_64893,pixel_64894,pixel_64895,pixel_64896,pixel_64897,pixel_64898,pixel_64899,pixel_64900,pixel_64901,pixel_64902,pixel_64903,pixel_64904,pixel_64905,pixel_64906,pixel_64907,pixel_64908,pixel_64909,pixel_64910,pixel_64911,pixel_64912,pixel_64913,pixel_64914,pixel_64915,pixel_64916,pixel_64917,pixel_64918,pixel_64919,pixel_64920,pixel_64921,pixel_64922,pixel_64923,pixel_64924,pixel_64925,pixel_64926,pixel_64927,pixel_64928,pixel_64929,pixel_64930,pixel_64931,pixel_64932,pixel_64933,pixel_64934,pixel_64935,pixel_64936,pixel_64937,pixel_64938,pixel_64939,pixel_64940,pixel_64941,pixel_64942,pixel_64943,pixel_64944,pixel_64945,pixel_64946,pixel_64947,pixel_64948,pixel_64949,pixel_64950,pixel_64951,pixel_64952,pixel_64953,pixel_64954,pixel_64955,pixel_64956,pixel_64957,pixel_64958,pixel_64959,pixel_64960,pixel_64961,pixel_64962,pixel_64963,pixel_64964,pixel_64965,pixel_64966,pixel_64967,pixel_64968,pixel_64969,pixel_64970,pixel_64971,pixel_64972,pixel_64973,pixel_64974,pixel_64975,pixel_64976,pixel_64977,pixel_64978,pixel_64979,pixel_64980,pixel_64981,pixel_64982,pixel_64983,pixel_64984,pixel_64985,pixel_64986,pixel_64987,pixel_64988,pixel_64989,pixel_64990,pixel_64991,pixel_64992,pixel_64993,pixel_64994,pixel_64995,pixel_64996,pixel_64997,pixel_64998,pixel_64999,pixel_65000,pixel_65001,pixel_65002,pixel_65003,pixel_65004,pixel_65005,pixel_65006,pixel_65007,pixel_65008,pixel_65009,pixel_65010,pixel_65011,pixel_65012,pixel_65013,pixel_65014,pixel_65015,pixel_65016,pixel_65017,pixel_65018,pixel_65019,pixel_65020,pixel_65021,pixel_65022,pixel_65023,pixel_65024,pixel_65025,pixel_65026,pixel_65027,pixel_65028,pixel_65029,pixel_65030,pixel_65031,pixel_65032,pixel_65033,pixel_65034,pixel_65035,pixel_65036,pixel_65037,pixel_65038,pixel_65039,pixel_65040,pixel_65041,pixel_65042,pixel_65043,pixel_65044,pixel_65045,pixel_65046,pixel_65047,pixel_65048,pixel_65049,pixel_65050,pixel_65051,pixel_65052,pixel_65053,pixel_65054,pixel_65055,pixel_65056,pixel_65057,pixel_65058,pixel_65059,pixel_65060,pixel_65061,pixel_65062,pixel_65063,pixel_65064,pixel_65065,pixel_65066,pixel_65067,pixel_65068,pixel_65069,pixel_65070,pixel_65071,pixel_65072,pixel_65073,pixel_65074,pixel_65075,pixel_65076,pixel_65077,pixel_65078,pixel_65079,pixel_65080,pixel_65081,pixel_65082,pixel_65083,pixel_65084,pixel_65085,pixel_65086,pixel_65087,pixel_65088,pixel_65089,pixel_65090,pixel_65091,pixel_65092,pixel_65093,pixel_65094,pixel_65095,pixel_65096,pixel_65097,pixel_65098,pixel_65099,pixel_65100,pixel_65101,pixel_65102,pixel_65103,pixel_65104,pixel_65105,pixel_65106,pixel_65107,pixel_65108,pixel_65109,pixel_65110,pixel_65111,pixel_65112,pixel_65113,pixel_65114,pixel_65115,pixel_65116,pixel_65117,pixel_65118,pixel_65119,pixel_65120,pixel_65121,pixel_65122,pixel_65123,pixel_65124,pixel_65125,pixel_65126,pixel_65127,pixel_65128,pixel_65129,pixel_65130,pixel_65131,pixel_65132,pixel_65133,pixel_65134,pixel_65135,pixel_65136,pixel_65137,pixel_65138,pixel_65139,pixel_65140,pixel_65141,pixel_65142,pixel_65143,pixel_65144,pixel_65145,pixel_65146,pixel_65147,pixel_65148,pixel_65149,pixel_65150,pixel_65151,pixel_65152,pixel_65153,pixel_65154,pixel_65155,pixel_65156,pixel_65157,pixel_65158,pixel_65159,pixel_65160,pixel_65161,pixel_65162,pixel_65163,pixel_65164,pixel_65165,pixel_65166,pixel_65167,pixel_65168,pixel_65169,pixel_65170,pixel_65171,pixel_65172,pixel_65173,pixel_65174,pixel_65175,pixel_65176,pixel_65177,pixel_65178,pixel_65179,pixel_65180,pixel_65181,pixel_65182,pixel_65183,pixel_65184,pixel_65185,pixel_65186,pixel_65187,pixel_65188,pixel_65189,pixel_65190,pixel_65191,pixel_65192,pixel_65193,pixel_65194,pixel_65195,pixel_65196,pixel_65197,pixel_65198,pixel_65199,pixel_65200,pixel_65201,pixel_65202,pixel_65203,pixel_65204,pixel_65205,pixel_65206,pixel_65207,pixel_65208,pixel_65209,pixel_65210,pixel_65211,pixel_65212,pixel_65213,pixel_65214,pixel_65215,pixel_65216,pixel_65217,pixel_65218,pixel_65219,pixel_65220,pixel_65221,pixel_65222,pixel_65223,pixel_65224,pixel_65225,pixel_65226,pixel_65227,pixel_65228,pixel_65229,pixel_65230,pixel_65231,pixel_65232,pixel_65233,pixel_65234,pixel_65235,pixel_65236,pixel_65237,pixel_65238,pixel_65239,pixel_65240,pixel_65241,pixel_65242,pixel_65243,pixel_65244,pixel_65245,pixel_65246,pixel_65247,pixel_65248,pixel_65249,pixel_65250,pixel_65251,pixel_65252,pixel_65253,pixel_65254,pixel_65255,pixel_65256,pixel_65257,pixel_65258,pixel_65259,pixel_65260,pixel_65261,pixel_65262,pixel_65263,pixel_65264,pixel_65265,pixel_65266,pixel_65267,pixel_65268,pixel_65269,pixel_65270,pixel_65271,pixel_65272,pixel_65273,pixel_65274,pixel_65275,pixel_65276,pixel_65277,pixel_65278,pixel_65279,pixel_65280,pixel_65281,pixel_65282,pixel_65283,pixel_65284,pixel_65285,pixel_65286,pixel_65287,pixel_65288,pixel_65289,pixel_65290,pixel_65291,pixel_65292,pixel_65293,pixel_65294,pixel_65295,pixel_65296,pixel_65297,pixel_65298,pixel_65299,pixel_65300,pixel_65301,pixel_65302,pixel_65303,pixel_65304,pixel_65305,pixel_65306,pixel_65307,pixel_65308,pixel_65309,pixel_65310,pixel_65311,pixel_65312,pixel_65313,pixel_65314,pixel_65315,pixel_65316,pixel_65317,pixel_65318,pixel_65319,pixel_65320,pixel_65321,pixel_65322,pixel_65323,pixel_65324,pixel_65325,pixel_65326,pixel_65327,pixel_65328,pixel_65329,pixel_65330,pixel_65331,pixel_65332,pixel_65333,pixel_65334,pixel_65335,pixel_65336,pixel_65337,pixel_65338,pixel_65339,pixel_65340,pixel_65341,pixel_65342,pixel_65343,pixel_65344,pixel_65345,pixel_65346,pixel_65347,pixel_65348,pixel_65349,pixel_65350,pixel_65351,pixel_65352,pixel_65353,pixel_65354,pixel_65355,pixel_65356,pixel_65357,pixel_65358,pixel_65359,pixel_65360,pixel_65361,pixel_65362,pixel_65363,pixel_65364,pixel_65365,pixel_65366,pixel_65367,pixel_65368,pixel_65369,pixel_65370,pixel_65371,pixel_65372,pixel_65373,pixel_65374,pixel_65375,pixel_65376,pixel_65377,pixel_65378,pixel_65379,pixel_65380,pixel_65381,pixel_65382,pixel_65383,pixel_65384,pixel_65385,pixel_65386,pixel_65387,pixel_65388,pixel_65389,pixel_65390,pixel_65391,pixel_65392,pixel_65393,pixel_65394,pixel_65395,pixel_65396,pixel_65397,pixel_65398,pixel_65399,pixel_65400,pixel_65401,pixel_65402,pixel_65403,pixel_65404,pixel_65405,pixel_65406,pixel_65407,pixel_65408,pixel_65409,pixel_65410,pixel_65411,pixel_65412,pixel_65413,pixel_65414,pixel_65415,pixel_65416,pixel_65417,pixel_65418,pixel_65419,pixel_65420,pixel_65421,pixel_65422,pixel_65423,pixel_65424,pixel_65425,pixel_65426,pixel_65427,pixel_65428,pixel_65429,pixel_65430,pixel_65431,pixel_65432,pixel_65433,pixel_65434,pixel_65435,pixel_65436,pixel_65437,pixel_65438,pixel_65439,pixel_65440,pixel_65441,pixel_65442,pixel_65443,pixel_65444,pixel_65445,pixel_65446,pixel_65447,pixel_65448,pixel_65449,pixel_65450,pixel_65451,pixel_65452,pixel_65453,pixel_65454,pixel_65455,pixel_65456,pixel_65457,pixel_65458,pixel_65459,pixel_65460,pixel_65461,pixel_65462,pixel_65463,pixel_65464,pixel_65465,pixel_65466,pixel_65467,pixel_65468,pixel_65469,pixel_65470,pixel_65471,pixel_65472,pixel_65473,pixel_65474,pixel_65475,pixel_65476,pixel_65477,pixel_65478,pixel_65479,pixel_65480,pixel_65481,pixel_65482,pixel_65483,pixel_65484,pixel_65485,pixel_65486,pixel_65487,pixel_65488,pixel_65489,pixel_65490,pixel_65491,pixel_65492,pixel_65493,pixel_65494,pixel_65495,pixel_65496,pixel_65497,pixel_65498,pixel_65499,pixel_65500,pixel_65501,pixel_65502,pixel_65503,pixel_65504,pixel_65505,pixel_65506,pixel_65507,pixel_65508,pixel_65509,pixel_65510,pixel_65511,pixel_65512,pixel_65513,pixel_65514,pixel_65515,pixel_65516,pixel_65517,pixel_65518,pixel_65519,pixel_65520,pixel_65521,pixel_65522,pixel_65523,pixel_65524,pixel_65525,pixel_65526,pixel_65527,pixel_65528,pixel_65529,pixel_65530,pixel_65531,pixel_65532,pixel_65533,pixel_65534,pixel_65535
34,"80,90,29","79,91,29","78,91,29","75,92,29","73,94,30","71,97,32","70,100,33","71,102,34","70,103,32","74,109,38","74,109,34","73,105,29","71,102,24","70,98,18","72,98,16","77,101,17","84,106,23","90,110,27","82,99,22","80,96,22","81,97,24","83,99,26","86,102,29","86,104,30","86,104,30","84,104,32","86,106,34","83,104,32","77,100,28","74,98,26","75,99,26","68,94,22","61,87,16","68,94,23","71,97,26","53,82,10","51,84,12","51,89,16","46,86,13","44,84,13","42,85,14","41,84,15","34,79,14","28,74,11","23,71,11","25,72,16","24,71,17","16,63,12","18,64,17","26,71,28","25,66,26","12,52,15","9,47,12","16,53,18","21,54,18","16,45,11","19,45,11","26,49,19","26,49,20","20,39,14","18,36,12","18,34,12","15,29,9","15,28,8","23,36,18","23,36,18","25,38,18","25,39,19","24,38,16","21,37,14","21,37,13","21,40,12","22,44,11","20,48,7","26,58,11","28,58,12","30,59,13","35,64,17","38,67,19","36,65,17","37,65,17","40,68,20","33,61,12","33,61,12","34,61,12","39,65,17","45,72,22","44,71,20","38,65,14","40,66,15","56,80,28","46,65,14","58,76,24","53,69,19","50,66,17","53,69,21","53,69,22","53,69,23","59,75,30","41,57,12","59,74,33","47,62,21","38,53,15","39,53,17","38,52,17","34,48,13","35,49,15","38,52,19","27,40,10","21,34,7","28,42,17","35,49,24","32,46,21","22,36,11","19,33,8","26,40,15","30,44,21","27,41,18","23,37,14","19,33,10","18,32,10","20,33,13","22,35,15","23,36,18","21,34,16","23,36,18","26,39,21","21,33,16","23,34,18","35,46,29","38,49,31","30,42,22","26,38,17","31,43,19","32,46,21","30,45,18","28,43,14","30,45,13","31,47,11","27,44,7","38,56,16","36,56,15","26,47,5","31,52,8","37,59,12","41,61,13","43,62,11","42,60,8","47,66,11","49,68,13","44,63,8","44,63,8","51,69,14","55,72,17","54,71,15","57,72,15","54,69,12","51,66,7","56,71,12","63,78,17","68,82,21","66,80,19","61,75,13","58,72,10","66,81,16","59,74,9","58,72,10","63,77,15","64,78,17","59,73,12","54,68,7","55,69,10","58,72,14","47,60,4","51,64,8","54,67,12","53,66,12","49,62,8","45,58,5","43,56,4","47,60,7","50,64,13","42,57,13","35,52,9","34,51,9","41,58,15","45,63,19","43,63,17","36,58,11","36,58,9","43,66,15","41,68,15","39,66,12","38,66,9","37,67,8","38,69,9","39,70,10","40,72,9","37,69,6","32,66,3","39,75,11","39,77,12","37,76,11","36,75,10","36,76,10","34,75,9","31,72,6","36,77,11","44,85,19","27,69,7","25,67,4","34,77,11","34,79,12","25,70,3","18,63,0","22,67,0","26,71,4","26,71,4","32,78,9","33,80,10","27,74,4","22,69,1","22,68,2","24,73,8","26,74,11","21,69,9","15,63,6","13,58,4","17,59,8","23,64,17","17,54,10","10,45,4","18,50,12","16,47,10","13,40,6","19,43,12","22,43,16","15,32,9","14,29,8","18,33,12","20,35,14","24,39,18","23,38,17","23,38,17","22,37,16","19,34,13","13,28,7","23,38,17","25,40,19","24,39,18","24,39,18","23,38,17","22,37,16","27,41,21","30,43,25","7,18,2","85,95,33","84,96,33","82,95,33","80,97,34","77,98,34","75,100,34","74,102,35","73,103,36","72,105,34","69,103,30","70,104,29","73,105,29","74,105,27","75,104,23","75,101,20","78,101,18","82,104,21","87,107,25","78,95,18","74,90,16","76,92,19","79,96,23","84,101,28","88,106,32","91,109,35","88,107,35","85,107,34","78,100,28","73,96,24","73,98,25","74,100,27","71,97,25","63,90,19","70,96,25","72,99,28","59,88,17","50,83,11","46,84,12","46,86,13","46,86,15","44,87,16","41,84,15","35,81,15","34,80,16","33,80,20","31,78,21","28,75,21","26,73,22","24,70,22","21,67,21","18,59,18","11,51,13","8,47,11","8,45,10","15,48,12","22,51,16","20,47,13","23,48,16","23,46,17","17,37,10","16,35,10","20,37,14","22,36,16","21,35,15","24,37,19","24,37,19","26,39,19","26,41,20","26,41,19","25,42,19","27,45,20","30,49,21","30,53,19","25,54,12","24,56,9","25,54,8","27,56,10","34,63,16","39,68,20","39,68,21","38,66,18","36,64,16","24,52,3","32,60,11","37,63,15","41,67,19","45,72,22","44,71,20","39,66,15","41,67,16","53,77,25","46,65,15","56,73,22","58,74,24","54,70,21","49,65,17","46,62,15","45,61,15","43,59,14","35,51,6","54,69,27","45,60,19","39,54,14","39,53,15","37,51,14","31,45,10","31,45,10","34,48,14","27,40,8","22,37,9","26,40,14","30,44,19","30,44,18","24,38,13","21,35,10","23,37,12","26,40,16","25,39,16","21,35,12","17,31,8","16,30,8","18,31,10","21,34,14","23,36,17","22,35,16","23,36,18","27,40,21","24,36,19","19,30,14","18,29,12","22,34,16","28,40,20","27,40,18","21,33,9","18,32,7","22,37,9","23,38,8","22,39,6","26,43,7","22,40,2","32,50,10","34,54,12","31,52,9","38,60,15","41,63,16","43,64,15","47,66,14","40,59,5","41,60,5","44,63,8","44,63,8","49,68,13","54,72,17","54,71,16","51,68,12","53,69,11","51,67,10","52,67,8","56,71,12","61,76,15","64,79,18","64,79,17","61,75,13","60,74,11","64,79,14","59,74,9","60,75,12","65,80,17","66,81,19","62,76,15","55,70,10","54,68,9","58,72,13","57,71,14","55,69,13","53,67,12","50,63,9","46,60,6","43,56,5","41,54,4","40,53,4","39,53,4","43,57,14","36,53,10","33,51,8","36,55,10","39,58,13","37,57,11","32,54,7","32,56,6","39,63,12","36,63,8","35,62,7","35,64,7","36,65,6","37,68,8","39,70,9","41,74,10","43,76,13","43,78,14","44,80,16","39,77,12","35,74,9","34,73,8","37,76,11","37,78,12","34,75,9","33,74,8","34,75,9","29,71,5","30,72,6","34,78,11","33,78,11","26,71,4","22,67,1","25,70,3","26,71,4","23,68,2","26,72,4","29,76,7","28,75,6","27,73,7","25,71,6","22,70,6","20,68,5","19,66,7","18,64,8","17,60,7","17,58,9","21,60,14","14,51,8","11,46,6","20,51,14","20,48,13","14,40,8","14,37,8","18,38,12","20,36,14","26,41,21","25,39,19","18,33,13","17,31,11","21,35,15","22,36,16","18,33,13","14,29,9","17,32,12","24,38,18","21,35,15","18,32,12","18,33,13","18,32,12","17,31,11","21,35,16","25,38,20","11,22,6","91,101,38","89,101,37","87,100,37","83,100,37","80,100,36","77,101,35","76,102,35","74,103,35","72,104,34","64,97,24","67,100,25","73,106,30","77,108,30","79,107,26","78,104,22","78,102,18","81,103,20","86,106,24","84,101,24","84,100,26","85,102,29","86,104,30","87,105,31","88,106,32","87,106,32","82,102,30","77,99,26","75,97,25","75,99,26","78,103,30","79,105,32","73,100,27","65,92,21","67,94,23","67,94,23","60,89,17","53,87,15","52,90,17","53,93,20","51,92,21","45,88,18","40,83,14","35,80,15","33,79,15","33,80,18","26,74,16","21,68,14","24,71,18","23,69,20","18,64,18","17,59,17","15,56,16","15,54,16","15,52,14","16,50,13","19,48,12","17,44,9","22,47,15","24,48,18","19,39,11","17,36,10","20,38,14","22,38,16","21,35,15","21,35,16","22,36,17","22,37,16","19,36,13","19,35,12","20,39,14","24,43,17","26,46,18","27,52,18","30,59,17","24,56,9","25,54,8","28,57,11","34,63,17","38,67,21","41,70,23","40,68,20","35,63,15","30,58,9","38,66,17","37,64,16","35,61,13","36,63,13","39,66,15","38,65,14","39,65,15","47,70,19","40,58,8","42,60,8","52,69,19","50,66,17","43,59,10","44,60,13","48,64,17","40,56,11","43,59,14","45,61,18","39,54,13","36,51,11","36,51,12","34,49,11","29,43,7","27,41,5","30,44,9","29,43,9","27,42,12","26,40,13","26,40,14","28,42,16","27,41,15","25,39,13","21,35,10","22,36,11","26,40,15","23,37,13","20,34,11","19,33,10","19,33,10","21,35,12","22,35,14","20,33,13","20,33,13","23,36,16","27,39,21","24,35,17","17,28,10","22,33,15","36,48,27","37,51,27","25,39,14","22,37,10","31,46,17","32,48,16","29,46,12","32,49,13","25,43,5","29,47,6","30,50,8","31,52,9","37,59,13","35,57,10","38,59,10","50,70,17","46,67,11","48,67,12","49,68,13","43,62,7","45,64,8","51,69,13","54,71,16","51,69,13","50,68,10","51,69,11","56,71,12","58,73,14","61,76,15","63,79,17","64,80,18","64,80,18","63,79,17","62,78,13","59,75,10","61,77,12","66,82,17","66,82,19","63,79,16","57,73,11","55,70,11","57,72,14","55,70,14","52,67,12","49,63,10","47,61,8","48,62,10","49,63,12","49,63,13","49,63,12","47,61,14","45,61,16","39,56,13","34,53,9","34,54,8","34,55,9","34,55,8","32,55,6","34,58,7","40,65,12","33,60,5","32,60,5","34,63,6","35,64,6","34,65,6","35,66,6","35,69,5","39,74,10","41,77,13","40,77,13","36,75,10","34,73,8","33,72,7","36,76,11","38,79,13","36,77,11","34,75,9","32,73,7","31,73,7","34,76,10","35,78,12","33,78,11","28,73,6","26,71,4","28,73,6","26,71,4","23,68,2","22,67,1","24,69,3","28,73,6","30,76,11","28,74,10","24,70,7","22,68,7","22,67,10","24,69,14","21,64,12","16,56,8","17,55,10","12,48,7","11,44,6","17,47,12","18,44,12","12,37,7","9,32,3","13,31,6","19,34,13","27,40,22","23,36,18","17,30,12","11,24,6","18,31,13","21,34,16","17,30,12","14,27,9","20,33,15","24,37,19","19,32,14","17,30,12","20,33,15","22,35,17","22,35,17","25,38,20","27,39,22","10,19,5","87,97,32","85,97,32","84,98,32","82,98,33","80,99,34","79,101,35","78,103,35","77,105,36","76,106,36","65,96,23","67,98,24","72,104,28","76,106,29","78,106,25","78,103,22","79,101,19","83,105,22","87,107,25","82,100,23","86,103,29","91,109,35","93,111,37","89,108,34","85,105,31","83,104,29","81,103,30","79,101,28","77,99,27","79,104,31","83,109,36","81,108,35","74,102,28","67,94,23","62,90,18","60,88,17","57,88,15","54,88,16","53,91,18","52,92,19","49,90,19","43,86,16","42,85,16","41,86,21","39,85,21","35,82,20","29,77,19","25,72,17","23,70,17","23,69,20","24,70,23","22,64,20","15,56,15","13,52,12","16,54,14","18,52,13","16,46,9","14,42,5","20,46,12","25,51,18","22,43,14","18,38,11","19,38,13","20,37,14","19,35,13","21,35,15","23,38,17","22,37,16","16,34,10","15,33,9","18,37,11","22,42,15","23,45,16","23,49,15","29,57,16","21,52,7","27,56,10","30,59,13","30,59,13","31,60,14","36,65,18","38,66,18","35,63,15","43,71,23","45,73,25","37,63,15","30,56,8","32,59,10","39,65,16","41,68,19","41,67,18","44,67,17","46,66,16","41,59,8","49,66,16","45,62,12","38,55,6","42,60,12","49,67,19","39,55,10","46,63,18","42,59,15","40,56,13","38,55,13","38,54,13","36,52,13","33,48,10","29,44,7","29,45,8","33,48,13","30,45,13","23,38,10","21,36,8","24,39,11","27,42,14","25,41,13","19,34,8","17,32,6","22,37,11","24,40,13","23,38,12","21,36,11","20,36,11","21,37,12","20,36,11","17,32,10","17,32,10","20,34,12","27,39,20","29,41,22","27,39,19","30,43,22","36,49,27","33,47,22","23,37,11","23,38,10","29,45,15","31,47,15","30,48,12","34,52,14","25,44,5","26,46,3","30,51,8","34,55,10","41,63,17","37,59,12","37,59,9","46,68,15","44,65,10","48,68,12","46,66,10","38,58,2","36,56,1","42,61,5","46,65,7","46,66,8","49,68,9","51,70,11","56,73,13","58,75,15","59,76,15","60,77,16","62,79,18","65,81,20","65,82,19","63,81,15","60,78,11","60,78,12","62,80,14","62,79,16","60,77,14","57,75,13","57,73,15","58,74,17","46,63,8","45,61,7","44,60,7","43,58,7","42,57,8","41,56,8","41,56,9","42,57,10","42,58,12","37,54,9","34,53,7","31,50,4","27,48,1","25,47,0","27,50,2","30,54,4","34,58,6","35,62,9","35,62,8","37,65,10","40,69,12","42,71,13","40,71,12","37,69,9","35,69,7","37,72,8","38,74,10","36,74,9","35,74,9","35,74,9","35,74,9","34,74,9","34,75,9","35,76,10","37,78,12","38,79,13","33,75,9","34,76,10","37,80,14","36,81,14","31,76,9","28,73,6","27,72,5","28,73,6","28,73,6","24,69,3","23,68,2","25,69,4","27,72,8","27,72,9","27,71,10","25,69,10","24,68,12","24,67,14","22,64,13","22,60,14","21,57,14","21,54,15","18,49,13","17,44,11","16,40,10","15,38,9","16,37,10","16,33,10","17,30,12","20,32,15","13,25,8","22,33,17","13,25,8","16,28,11","17,29,12","18,29,13","19,31,14","13,25,8","18,30,13","16,28,11","16,28,11","22,34,17","26,37,21","25,37,20","27,38,22","28,39,23","11,19,6","91,102,35","89,102,34","88,101,33","84,99,32","79,98,31","76,97,30","73,97,29","71,97,28","70,98,27","70,98,25","71,99,25","72,101,26","73,101,25","74,100,23","77,100,21","80,101,21","85,105,23","89,109,27","78,96,19","82,100,25","90,108,34","90,109,35","85,105,30","80,101,26","81,103,28","82,104,31","80,103,29","76,100,28","79,105,32","81,109,35","77,105,31","70,100,26","68,97,25","61,90,18","57,87,15","61,92,19","57,91,19","52,90,17","49,89,18","45,86,15","40,83,13","42,84,17","44,89,24","42,88,24","35,82,20","32,80,21","31,78,22","26,73,18","25,71,21","28,74,26","25,68,22","15,56,12","10,50,7","15,53,10","22,57,16","23,54,15","16,46,8","19,46,11","24,50,15","18,42,10","17,37,9","20,40,14","25,44,19","24,41,18","19,34,13","22,39,16","22,39,16","16,36,10","16,35,9","20,40,13","24,46,17","25,49,18","25,51,16","29,57,16","20,51,7","31,60,14","36,65,19","30,59,13","28,57,11","35,63,17","41,68,21","35,63,15","39,67,19","39,67,19","32,58,10","29,55,7","36,62,14","43,69,21","43,69,21","37,63,15","39,63,13","54,75,26","48,67,16","48,66,16","44,62,12","41,59,10","44,62,14","49,66,19","41,58,13","44,61,16","43,60,16","45,62,18","42,59,17","40,57,15","38,55,14","36,52,13","29,45,6","24,40,2","30,46,10","33,49,16","28,44,13","25,41,10","26,42,13","31,47,18","31,47,18","25,41,13","21,37,9","23,39,11","23,39,12","21,37,10","20,36,9","19,35,9","22,38,12","21,37,11","19,35,10","20,36,10","23,38,14","20,34,12","21,34,12","27,39,18","28,42,20","26,40,16","20,34,9","19,33,7","22,38,8","26,43,10","27,44,10","29,46,9","31,50,11","24,45,3","27,49,4","32,53,8","35,56,11","43,65,18","42,64,17","41,64,13","43,66,11","35,58,2","36,57,2","38,59,3","39,60,3","42,63,7","46,67,8","44,64,5","41,61,2","45,65,6","47,67,8","51,69,9","53,71,11","53,71,11","54,72,12","57,74,14","59,76,16","61,78,15","63,82,16","59,80,11","58,77,11","57,77,11","57,76,11","57,76,12","56,75,13","58,76,17","58,77,19","48,65,11","48,66,13","49,66,15","47,64,15","44,60,14","41,57,12","39,56,10","40,56,11","40,57,12","38,56,11","39,59,13","37,58,12","33,56,7","31,55,6","34,58,8","39,65,13","42,68,16","40,68,13","38,66,11","39,68,12","41,71,14","42,73,14","41,74,14","39,73,12","38,73,11","38,74,10","38,74,10","36,74,10","38,77,12","40,79,14","38,77,12","34,73,8","31,72,6","32,73,7","36,77,11","39,80,14","33,75,9","33,75,9","37,80,14","37,82,15","33,78,11","29,74,7","26,71,4","28,73,6","31,76,9","29,74,8","25,70,6","23,67,4","21,65,3","22,66,5","24,68,9","23,66,9","20,63,8","16,58,6","19,59,11","25,62,18","23,58,16","27,57,20","24,52,18","16,40,10","15,36,9","19,39,13","22,40,16","22,37,17","21,32,16","19,30,14","11,20,4","30,41,25","20,28,13","17,27,12","15,24,9","18,28,12","25,35,19","14,22,7","19,30,14","20,29,14","19,30,14","24,34,19","26,36,20","24,34,19","25,34,20","27,36,23","15,22,11","97,108,39","95,107,37","92,105,35","86,102,32","81,100,29","77,97,27","73,95,25","70,94,24","68,94,23","74,100,28","74,100,27","71,97,24","71,96,21","73,97,20","77,100,22","82,103,24","86,105,26","87,106,27","81,101,24","84,104,29","87,108,33","84,105,30","79,101,26","78,100,25","81,104,29","78,102,28","71,96,22","71,97,24","76,103,30","77,105,31","70,100,26","65,95,21","68,99,27","61,93,20","57,89,16","64,96,23","56,91,19","50,88,16","50,90,19","46,86,17","38,81,10","37,79,13","41,86,21","40,86,22","34,82,19","29,77,16","26,74,15","26,74,16","25,72,18","24,70,17","22,65,15","18,60,12","17,57,11","18,56,12","23,59,16","26,60,18","18,48,8","17,47,9","22,49,14","16,41,8","13,37,7","19,40,13","26,46,20","25,44,19","16,34,10","22,40,16","23,41,17","17,37,10","16,36,9","20,41,13","24,47,18","24,48,17","24,50,14","34,63,21","20,51,7","32,61,17","41,70,26","34,63,19","32,61,16","39,67,22","42,69,24","32,59,13","31,59,11","31,59,11","28,55,8","31,57,10","38,64,16","40,66,18","34,60,12","32,57,9","41,65,15","45,67,18","49,68,18","45,64,14","45,65,14","48,68,18","48,68,19","47,66,18","51,69,23","47,66,20","41,60,14","45,63,18","42,60,16","38,56,12","39,57,14","41,59,17","32,50,8","23,41,1","31,49,9","37,54,19","37,54,20","34,50,18","33,50,18","36,53,21","39,55,24","36,53,22","31,48,17","27,43,14","24,40,11","20,36,7","19,35,6","20,36,8","23,39,12","24,40,13","22,38,11","23,39,12","26,41,15","20,35,11","17,31,8","22,36,13","25,39,16","24,38,13","22,37,11","24,40,11","28,45,13","31,48,15","32,50,14","30,50,12","31,51,10","25,46,3","31,53,7","31,54,8","28,51,4","34,58,10","39,63,13","39,63,10","39,64,6","36,61,3","41,65,7","45,68,10","43,67,7","45,68,9","50,73,13","51,72,13","46,67,8","43,64,5","44,64,5","45,64,5","47,66,7","48,68,8","50,69,10","52,71,12","53,72,12","54,74,11","58,79,12","57,80,10","57,78,11","55,77,10","55,76,10","55,76,12","56,77,14","57,77,16","54,75,16","38,57,3","37,57,4","38,57,6","39,58,9","40,58,12","40,58,13","39,57,12","37,55,11","34,53,8","29,50,3","33,56,7","34,58,8","30,54,4","27,52,1","30,56,4","35,63,9","36,64,10","30,58,3","38,68,11","38,69,11","36,67,8","34,66,7","34,68,7","35,70,8","35,72,10","37,73,11","36,74,11","35,74,10","37,76,11","39,78,13","37,76,11","34,73,8","32,73,7","34,75,9","34,75,9","33,74,8","34,75,9","36,78,12","36,79,12","35,80,13","34,79,12","31,76,9","27,72,5","27,72,5","28,73,7","29,72,9","28,70,8","25,66,6","22,63,3","22,63,5","24,65,9","23,64,10","20,61,9","17,57,8","20,57,12","21,55,14","17,48,11","23,50,17","24,49,18","15,35,8","15,34,9","20,37,13","20,34,13","17,28,10","19,27,13","22,30,17","13,19,6","33,41,27","17,24,11","19,26,13","16,23,11","16,23,11","24,32,19","19,26,13","26,34,21","26,32,20","23,30,18","25,32,18","24,31,18","22,30,17","26,32,20","30,36,24","15,20,11","89,101,27","89,101,26","88,101,27","86,101,29","85,102,31","85,103,32","84,105,33","84,106,34","85,108,37","79,102,31","75,98,26","72,96,22","72,94,21","75,96,23","80,101,25","83,103,26","84,102,26","83,101,25","83,103,28","84,106,31","82,104,29","78,100,25","77,99,24","81,104,28","87,112,36","82,107,33","69,97,22","70,98,23","75,103,30","73,103,29","67,97,23","63,95,21","68,100,27","61,94,20","55,88,15","61,94,22","49,84,14","42,80,9","46,86,15","46,86,17","38,81,12","35,77,11","38,84,17","41,88,22","39,87,23","29,78,14","25,73,11","31,79,19","29,77,20","20,67,12","17,61,7","18,61,8","19,60,9","17,56,7","18,55,9","21,56,13","14,46,5","16,48,7","23,52,15","19,47,11","14,40,7","14,38,8","19,41,13","22,41,15","22,41,14","29,49,22","29,49,22","19,41,13","16,39,10","20,44,13","23,48,16","20,46,13","18,46,9","28,59,17","15,46,2","26,54,11","34,63,20","31,60,16","29,58,14","34,62,18","34,61,17","25,52,7","37,64,19","36,64,18","38,64,17","39,65,18","39,65,18","36,62,14","33,59,11","36,61,14","47,71,23","40,62,13","52,72,22","47,67,17","50,70,20","54,74,24","48,68,19","40,61,12","50,69,23","43,63,16","41,60,14","43,63,17","41,61,15","40,59,14","43,63,18","48,68,23","43,63,18","34,53,10","39,58,15","36,55,16","34,52,15","33,50,15","32,49,15","33,51,16","35,52,18","33,51,16","29,47,14","24,42,9","25,42,10","24,42,9","23,39,8","22,38,9","23,40,10","26,42,13","21,38,8","20,36,9","24,41,13","30,45,19","29,44,19","27,42,16","29,43,17","32,46,20","29,45,16","26,42,11","25,42,9","26,43,8","26,46,7","27,48,9","28,50,8","25,47,3","34,57,10","33,57,8","25,49,2","32,56,7","39,64,12","39,64,11","35,61,6","39,64,6","50,75,18","52,76,18","41,65,6","35,60,2","41,66,7","50,72,13","51,73,13","46,67,8","44,66,6","44,64,5","46,66,7","48,69,10","50,70,11","50,71,12","51,71,12","52,74,11","54,77,12","54,79,11","56,80,12","54,78,12","54,77,12","55,77,15","55,79,18","54,76,17","49,72,15","46,66,13","41,63,11","40,61,11","41,62,14","44,65,19","46,67,22","43,64,19","38,57,15","30,52,6","29,53,4","34,59,7","36,61,8","34,59,7","31,58,4","32,60,6","34,63,8","33,62,6","26,57,1","42,73,15","41,74,14","34,68,8","30,66,4","29,66,3","31,68,5","33,72,9","35,74,11","37,76,13","31,70,6","32,71,6","34,73,8","33,72,7","33,72,7","36,77,11","41,82,16","38,79,13","30,71,5","36,78,12","39,81,15","35,78,12","32,77,10","32,77,10","32,77,10","29,74,7","26,71,4","24,69,3","26,69,6","27,68,8","25,65,8","24,64,7","24,65,9","25,65,12","26,66,15","28,66,18","28,64,19","26,60,19","21,52,15","16,45,10","21,46,16","24,46,19","17,35,11","21,36,14","24,38,18","19,30,12","11,19,4","12,18,6","22,26,16","16,19,8","26,32,20","14,17,8","18,22,13","19,23,12","18,21,11","21,26,14","19,23,12","26,32,20","27,29,19","21,25,14","21,25,14","20,24,14","21,25,14","27,30,20","32,35,26","17,19,12","107,119,42","105,117,40","100,114,37","96,110,34","92,107,32","88,103,31","83,100,28","79,98,27","78,100,28","76,97,25","75,96,24","74,96,23","75,96,24","78,99,26","82,101,27","84,102,27","81,99,24","78,97,21","79,99,24","81,103,28","80,103,28","76,100,25","73,98,22","77,102,25","82,109,32","77,105,30","67,95,21","68,97,22","70,99,25","69,100,26","70,101,26","68,101,26","66,99,26","61,96,22","56,91,17","52,87,15","48,84,14","47,86,16","49,89,20","47,87,20","39,82,13","32,74,9","26,73,5","26,72,6","24,72,7","21,70,5","22,71,7","28,76,14","31,79,19","28,76,17","21,65,8","16,59,3","17,59,4","22,62,8","26,64,14","25,62,16","17,52,8","15,47,5","19,50,11","22,50,14","18,44,10","17,42,10","20,44,14","24,46,18","24,45,17","33,54,26","31,52,23","19,41,12","16,39,9","22,47,15","26,52,19","20,47,13","12,41,4","21,52,11","21,52,10","26,54,13","29,57,16","27,55,12","22,51,7","20,48,4","24,51,7","29,56,11","26,53,8","30,57,12","42,68,22","43,69,22","35,61,14","34,60,13","43,69,22","45,71,24","30,55,7","37,59,10","49,73,22","42,65,15","40,62,13","44,67,17","42,64,15","35,57,8","42,64,15","40,62,13","39,61,14","34,57,9","35,58,10","39,62,14","40,62,15","37,59,12","38,61,14","38,60,14","30,52,6","30,52,11","33,54,15","35,55,17","34,54,16","31,51,13","27,47,10","25,45,8","27,47,11","29,49,14","28,48,12","26,46,11","22,42,8","18,37,4","22,41,8","31,50,17","22,41,8","16,35,4","26,45,14","29,47,19","25,41,15","24,40,14","30,46,20","37,53,24","32,48,18","28,45,13","27,46,11","25,45,7","24,45,6","30,51,9","36,59,14","34,57,11","39,63,15","36,60,9","29,53,2","32,57,5","33,60,5","40,68,10","48,76,16","34,62,2","31,59,3","39,66,6","41,67,6","41,67,7","42,68,8","41,67,6","43,67,7","50,74,14","44,68,8","44,66,6","48,69,10","51,72,14","50,71,14","49,70,13","51,72,14","53,76,15","54,79,15","51,78,12","54,80,14","52,78,14","49,74,12","51,76,15","56,81,21","54,79,21","44,69,13","45,69,15","42,66,14","40,63,13","38,62,13","38,61,14","38,61,15","36,58,15","33,55,13","29,53,6","38,63,12","32,59,5","30,57,2","34,62,6","38,66,10","36,64,8","29,59,2","27,57,0","31,63,4","32,64,6","31,65,6","31,67,5","29,68,5","28,68,5","28,68,5","28,68,5","29,69,6","29,69,8","31,70,6","34,73,8","35,74,9","34,73,8","32,72,6","34,75,9","40,81,15","38,79,13","32,73,7","36,78,12","39,81,15","37,80,13","33,78,11","31,76,9","29,74,7","27,72,5","27,72,5","28,72,6","30,72,10","28,67,10","22,61,6","22,61,7","24,62,10","20,58,8","23,61,12","26,62,18","23,58,16","18,50,11","17,46,12","21,47,16","24,45,19","17,34,11","13,26,6","21,31,14","26,35,19","21,28,13","17,21,9","22,24,15","17,19,10","28,28,20","15,18,9","26,28,19","19,20,12","20,21,13","26,28,19","25,26,18","25,27,18","33,35,26","30,31,23","25,28,19","27,28,20","27,30,21","27,29,21","30,30,23","32,32,26","16,16,11","109,122,41","106,119,39","102,115,36","97,111,33","93,107,31","91,105,30","89,105,31","89,105,34","88,107,36","83,99,30","80,98,27","79,97,26","80,98,27","82,100,29","84,102,30","86,104,30","84,102,28","81,101,26","75,98,22","75,100,24","75,101,24","72,98,22","70,97,20","74,101,24","79,107,30","76,104,29","66,96,20","69,99,25","71,102,27","69,101,26","67,100,25","65,99,24","63,97,23","57,93,19","54,90,16","49,86,14","47,84,13","48,86,17","48,88,20","43,83,15","32,75,7","29,71,6","31,77,10","33,80,13","31,80,12","29,78,11","29,78,13","31,80,15","31,79,17","27,75,14","23,68,8","20,64,4","20,62,3","22,63,5","28,67,13","30,68,19","21,57,12","16,50,6","18,50,9","20,50,11","19,47,11","21,47,13","27,52,20","28,52,22","22,45,15","26,50,20","26,50,19","21,45,14","21,47,14","26,52,18","29,56,20","25,53,16","21,51,11","30,61,19","27,58,16","27,55,14","26,54,13","23,52,9","20,49,6","21,48,6","27,54,11","32,59,16","30,57,13","27,54,9","33,59,14","34,60,14","30,56,10","31,57,11","41,67,21","48,74,27","43,69,21","38,64,13","42,67,16","40,63,13","34,58,9","34,58,8","36,60,11","35,60,10","37,60,10","43,69,18","45,68,20","42,66,18","44,68,19","46,70,21","43,67,18","37,60,12","36,61,12","42,65,16","38,61,14","37,59,15","41,62,21","40,62,21","31,53,12","23,45,4","26,48,7","38,59,21","40,61,23","31,52,14","30,51,13","27,47,10","22,43,6","21,42,5","25,46,9","26,47,10","21,42,5","20,40,5","24,43,10","25,43,12","23,39,11","22,38,11","25,41,14","30,46,17","29,46,14","27,46,12","28,48,12","30,51,12","32,54,13","35,58,14","36,59,13","30,54,6","36,61,11","38,63,11","35,61,6","37,63,8","34,62,5","35,63,4","42,71,10","43,72,10","50,79,16","47,76,14","36,64,3","33,60,0","37,64,4","42,69,8","46,72,11","49,74,14","43,68,8","40,65,6","45,67,9","49,71,13","49,72,14","48,71,14","48,70,13","47,72,12","47,73,11","45,72,9","52,79,17","55,82,20","48,75,15","43,70,11","44,70,13","45,71,16","43,69,15","45,70,18","42,68,17","40,65,16","37,62,14","34,59,12","34,58,12","33,57,12","33,58,12","33,59,11","40,67,14","36,64,8","35,63,7","39,68,11","42,71,14","40,70,12","35,66,7","33,64,5","36,70,10","26,61,2","25,61,1","28,67,4","31,70,7","32,72,9","32,72,9","28,69,6","25,66,3","23,63,3","32,72,8","36,75,10","35,74,9","34,73,8","35,74,9","35,76,10","36,77,11","34,75,9","31,72,6","35,76,10","37,79,13","37,80,14","35,80,13","33,78,11","30,75,8","28,73,6","28,73,6","30,73,8","30,71,10","26,64,9","20,58,5","19,57,5","20,58,7","16,53,5","18,55,9","20,54,12","17,49,10","16,45,9","19,45,14","22,46,17","27,44,20","20,34,13","15,26,9","23,30,16","28,33,20","23,26,15","21,22,13","26,26,19","18,18,11","38,37,30","16,16,9","36,35,28","24,23,16","24,23,17","31,31,24","24,24,17","19,18,11","26,26,19","26,25,18","24,23,17","26,26,19","26,25,19","24,24,18","27,26,20","30,28,24","16,14,11","106,119,35","105,119,35","103,116,34","99,112,32","96,110,31","95,109,32","96,111,36","98,112,41","96,113,42","88,102,33","84,99,30","82,98,29","83,98,29","83,100,29","84,101,30","85,102,30","85,102,30","83,104,29","76,99,23","75,101,24","74,101,24","72,100,23","71,99,22","73,101,24","76,106,28","73,103,27","66,98,22","69,101,26","69,102,26","66,99,24","63,97,20","60,96,19","59,94,20","56,93,18","53,90,16","49,87,14","48,86,15","52,90,22","55,94,27","50,90,23","40,83,14","39,81,15","43,90,22","42,89,21","34,83,14","32,82,14","34,83,17","32,81,15","29,78,13","26,75,11","27,72,10","27,71,8","27,69,6","26,67,7","25,64,8","21,59,9","16,54,6","15,51,6","20,55,11","22,54,14","20,50,12","20,47,12","22,48,13","23,49,16","23,48,16","22,47,15","22,47,15","23,48,15","24,51,15","25,53,15","24,54,15","23,53,13","23,54,13","28,59,17","27,58,16","29,58,16","29,57,16","26,54,13","24,52,11","24,51,9","27,54,11","31,58,15","36,63,20","31,58,14","34,60,15","38,64,19","38,64,19","36,62,17","37,63,18","41,67,20","43,69,21","34,61,11","33,60,10","41,68,17","39,66,15","38,65,14","45,71,21","46,73,22","36,62,11","49,76,25","41,67,16","37,63,13","40,66,15","43,69,19","41,68,17","37,63,12","39,66,15","45,71,21","43,69,19","40,64,18","36,59,16","33,56,13","30,53,11","31,54,12","35,58,16","38,61,20","36,58,17","31,53,14","34,56,17","28,50,11","22,44,5","26,48,9","29,51,13","22,44,6","21,43,5","24,46,8","22,43,7","20,39,7","21,38,9","23,39,11","24,40,11","28,45,13","32,51,17","33,53,17","35,55,17","38,59,19","37,59,17","35,58,13","33,57,10","24,50,2","32,59,7","39,66,11","39,66,10","43,71,14","40,68,10","38,67,7","44,74,11","47,77,13","53,83,19","48,78,14","39,68,5","39,68,5","43,72,10","43,71,10","41,69,8","46,72,11","40,66,5","36,61,3","39,63,5","43,67,9","45,69,11","44,68,11","42,65,9","42,66,8","48,75,16","35,63,4","37,65,8","45,73,16","46,74,18","44,72,16","42,70,16","40,67,14","36,64,11","41,68,17","41,68,17","40,66,17","38,64,16","35,61,14","34,60,12","34,61,13","37,63,16","39,67,17","39,67,13","36,65,7","36,66,7","40,69,11","42,72,14","40,71,12","35,68,8","35,68,8","37,73,12","32,69,8","29,69,6","28,68,5","28,68,5","28,69,5","29,71,7","30,72,8","32,74,10","34,75,11","35,76,11","33,73,7","31,70,5","33,72,7","38,77,12","38,79,13","33,74,8","33,74,8","36,77,11","34,76,10","34,76,10","36,79,12","36,81,14","34,79,12","30,75,8","27,72,5","27,72,5","30,73,8","28,69,10","23,61,7","18,55,4","19,56,5","21,57,8","17,53,9","20,54,11","23,54,14","20,49,13","18,44,12","21,43,15","24,44,19","28,42,21","23,35,16","19,25,12","26,28,17","30,31,21","25,24,16","23,21,13","26,25,19","19,17,12","37,34,29","19,17,12","37,35,30","27,24,19","25,23,18","30,27,22","23,21,16","19,16,11","25,23,18","25,22,17","24,21,16","27,24,19","25,22,17","23,21,16","26,23,19","31,27,24","18,14,13","105,119,32","106,120,35","107,120,36","104,117,34","101,114,33","100,113,35","101,114,38","100,113,41","95,109,39","93,104,36","91,103,34","89,102,33","87,101,32","84,100,30","84,99,30","85,101,30","86,103,32","84,105,32","79,102,27","77,103,26","76,103,26","74,102,25","73,101,24","73,101,24","72,103,25","70,101,25","65,97,21","69,101,26","69,102,26","64,98,22","61,96,20","59,96,19","60,96,22","60,98,23","58,96,21","54,93,19","48,86,16","47,85,19","51,90,24","48,87,22","40,82,15","40,82,16","43,90,22","41,88,20","30,79,11","32,82,14","39,89,20","34,84,16","30,79,11","27,77,9","31,76,11","31,76,10","30,73,9","29,70,7","28,68,10","27,66,14","21,60,11","16,54,7","16,52,8","18,51,10","21,51,12","24,52,16","28,55,20","29,56,21","25,52,18","21,47,13","20,47,13","24,51,16","26,54,17","24,54,15","23,53,13","22,53,12","23,55,13","21,52,11","24,55,14","28,57,16","29,57,16","28,56,15","27,55,14","27,55,14","28,55,14","28,55,14","30,57,14","27,54,11","30,56,12","38,64,19","44,70,25","42,68,23","37,63,18","37,63,17","42,68,21","34,60,12","32,59,9","43,70,19","42,69,18","40,67,16","45,72,21","46,73,22","30,57,6","43,70,19","39,66,15","35,62,10","38,65,13","43,70,18","45,72,19","43,70,18","45,72,20","47,74,22","40,67,16","40,64,17","38,61,15","36,59,13","39,62,17","42,65,22","41,64,21","36,59,16","35,58,14","39,61,19","40,62,21","32,55,13","27,49,8","32,54,14","34,56,17","24,46,7","25,47,8","29,51,12","23,45,8","19,40,6","24,42,12","28,47,17","28,46,15","29,47,15","38,57,23","37,57,20","35,56,18","37,59,17","34,57,13","31,54,8","32,57,8","25,52,2","33,60,7","38,65,10","38,65,8","43,72,14","43,72,13","40,70,8","40,71,6","39,70,4","41,73,7","39,71,5","37,68,3","43,72,8","45,75,12","39,68,8","34,63,4","45,72,13","42,70,10","38,65,6","39,66,8","43,68,11","46,70,13","45,69,12","41,65,9","41,66,9","50,79,24","32,61,6","30,58,4","36,66,11","41,70,16","42,70,17","40,69,18","38,66,15","32,61,10","31,59,8","33,62,10","37,64,14","36,65,14","35,64,13","35,62,12","35,64,13","38,67,17","40,70,17","36,65,8","35,67,5","38,68,8","40,71,11","41,72,12","39,70,11","35,69,8","35,69,8","38,74,12","37,76,13","37,77,14","37,77,14","36,76,13","34,76,13","33,75,12","30,74,10","27,71,8","28,70,6","31,73,7","31,70,5","30,69,4","34,73,8","39,78,13","37,78,12","32,73,7","33,74,8","38,79,13","34,75,9","32,74,8","34,78,11","35,80,13","33,78,11","29,74,7","26,71,4","26,71,4","29,72,7","29,70,11","26,63,11","21,57,8","23,59,10","25,61,14","23,56,13","25,57,15","26,57,19","23,51,16","20,45,14","20,42,15","23,41,18","28,41,23","25,34,19","22,26,14","26,27,18","30,29,22","26,23,17","23,19,14","27,22,19","23,18,15","26,22,18","26,22,18","32,27,24","28,23,20","25,21,17","25,21,17","24,20,16","25,21,17","28,24,20","25,21,17","23,19,15","26,21,18","24,19,16","21,16,13","25,20,17","32,26,24","20,15,14","108,122,35","112,126,39","113,127,40","109,122,38","105,118,37","103,116,37","104,115,39","99,111,37","92,104,33","100,111,43","100,112,43","97,110,41","94,107,38","89,104,35","87,102,33","86,101,32","88,105,34","88,108,36","81,104,29","77,103,27","76,103,26","74,102,25","72,101,23","70,100,22","68,99,21","65,97,21","63,95,19","65,98,22","62,97,20","57,93,16","54,91,14","54,92,15","57,95,20","59,97,22","55,95,20","51,91,18","50,88,18","50,88,22","49,88,23","46,86,21","41,83,17","40,82,16","42,88,20","44,91,23","44,93,24","43,93,24","42,92,23","37,87,18","33,83,13","31,81,12","35,80,13","33,78,11","31,74,8","28,70,6","27,68,8","27,68,14","25,64,13","23,61,12","22,60,13","25,59,15","26,58,17","27,56,18","27,55,19","28,55,20","27,54,19","24,51,16","24,51,16","26,55,18","28,58,19","28,59,18","27,59,18","27,59,18","27,59,18","24,55,14","25,56,15","26,54,14","24,52,12","24,52,11","27,55,14","30,58,17","32,59,18","32,59,17","30,57,14","30,57,14","26,52,8","27,53,9","33,59,14","36,62,17","31,57,12","31,57,11","39,65,18","32,58,10","34,61,11","38,65,14","36,63,12","36,63,12","41,68,17","42,69,18","37,64,13","48,75,24","47,74,21","40,67,14","41,68,15","45,72,19","46,73,20","43,70,17","43,70,17","40,67,14","31,58,5","34,59,9","43,66,19","47,70,24","42,65,19","31,54,9","28,51,7","36,59,14","42,65,21","41,64,21","36,59,17","31,54,12","29,52,9","30,53,11","30,53,12","27,49,9","26,48,9","26,48,9","22,44,6","23,43,9","32,51,19","38,57,25","33,52,19","29,49,14","39,59,23","37,57,20","28,51,10","30,53,10","33,56,11","34,57,10","37,63,13","32,59,8","38,65,10","37,64,9","33,61,3","37,66,7","39,69,8","37,68,5","36,68,3","37,69,2","43,75,8","43,75,8","37,68,3","38,68,4","41,71,9","41,71,9","38,68,6","41,69,10","42,70,11","41,69,10","39,67,8","40,66,9","42,67,10","42,67,10","38,63,7","35,62,8","43,72,21","36,66,16","39,69,18","39,69,19","33,63,12","28,57,6","30,59,8","35,65,14","36,66,14","30,60,8","33,63,11","36,65,13","38,68,16","40,70,17","40,70,18","41,71,18","42,72,20","43,74,17","39,70,11","42,73,11","44,77,14","45,78,16","44,78,16","41,75,13","39,74,12","40,75,13","40,79,16","36,76,13","34,74,11","33,73,10","31,73,9","29,72,8","28,72,9","30,74,11","31,75,12","34,76,12","34,75,11","34,73,9","35,74,9","37,76,11","37,77,12","35,76,10","31,72,6","32,73,7","34,75,9","34,76,10","34,76,10","33,76,10","31,76,9","31,76,9","29,74,7","28,73,6","26,71,4","27,70,5","31,72,14","32,68,17","27,62,15","27,63,16","27,62,19","22,55,13","23,53,15","23,51,16","18,45,12","17,40,12","20,39,15","21,37,16","27,38,21","27,33,21","23,25,16","26,24,16","28,24,19","24,19,15","23,18,14","30,25,22","27,21,19","19,14,11","30,25,22","27,21,19","30,24,22","27,21,19","23,18,15","26,20,18","25,19,17","26,21,18","22,17,14","23,17,15","24,18,16","21,15,13","17,11,9","20,14,12","29,23,23","22,16,18","107,121,33","113,127,39","114,127,40","110,122,37","107,118,36","108,119,41","112,122,46","110,120,47","103,113,42","107,117,48","106,117,49","102,114,46","97,110,41","91,105,36","85,101,32","84,100,30","87,104,34","88,108,37","79,104,29","75,103,26","75,103,27","75,104,27","74,103,26","71,102,24","68,100,22","66,98,22","67,99,23","64,99,22","59,96,19","54,91,14","52,89,13","53,91,15","56,95,19","56,97,21","52,93,17","47,87,13","47,86,16","47,85,19","45,84,19","45,84,19","45,87,21","41,83,17","35,81,13","37,84,15","43,92,21","41,91,20","36,85,15","33,82,12","32,81,11","33,83,12","37,83,14","38,83,14","37,80,12","34,77,11","27,69,9","20,62,8","24,63,13","26,65,16","28,66,19","30,64,21","29,62,20","25,56,16","19,50,11","20,49,11","29,57,21","31,58,23","28,58,19","26,56,17","26,57,17","28,59,18","28,60,18","26,59,16","23,56,13","24,55,14","28,58,17","29,57,17","28,56,16","28,56,15","30,59,17","32,60,19","31,58,17","29,56,14","34,61,18","40,67,23","33,58,15","27,53,10","32,58,14","39,65,19","37,63,17","34,60,14","42,68,21","34,61,12","43,71,20","39,67,16","38,66,15","42,70,19","42,70,19","37,65,14","41,70,16","42,71,18","42,71,17","39,68,14","40,69,15","44,73,19","44,72,18","39,68,12","41,70,14","43,72,16","39,66,13","36,60,11","41,65,17","45,69,21","41,65,17","31,55,8","26,49,4","32,55,9","37,60,16","37,60,16","35,58,13","37,60,16","37,60,17","33,56,13","32,55,13","38,61,18","34,57,15","28,51,9","28,50,10","28,50,12","36,56,21","43,63,29","34,53,20","27,47,11","42,62,24","40,62,23","32,55,13","36,60,15","37,62,16","36,62,13","40,67,15","37,64,11","42,69,14","40,69,12","34,63,6","38,67,7","37,67,6","40,71,7","45,78,10","40,74,4","44,77,10","48,81,14","42,75,10","39,72,7","41,72,9","43,73,11","40,70,8","33,63,3","39,69,9","42,70,12","37,66,7","33,61,3","33,61,3","34,61,4","33,60,5","30,57,5","31,59,10","33,62,14","40,69,22","38,67,19","29,58,10","26,55,6","32,62,12","37,67,17","35,65,14","27,57,5","26,56,4","25,55,2","25,55,2","28,58,4","31,62,6","33,64,7","34,64,9","33,64,6","36,67,7","41,72,10","43,77,14","43,78,14","40,75,11","37,72,8","34,71,8","35,72,10","35,75,12","35,75,12","33,73,10","30,71,7","27,69,5","25,68,4","25,69,6","30,74,11","34,78,15","37,80,16","32,73,9","34,73,10","37,77,12","38,77,12","34,74,9","32,73,7","34,75,9","35,76,10","33,75,9","39,81,15","40,82,16","35,77,11","31,75,8","30,75,8","32,76,9","32,76,10","30,74,7","27,70,5","32,71,14","33,69,19","29,63,16","29,62,17","29,61,19","22,54,12","21,51,13","21,48,14","15,40,10","15,37,9","19,37,14","21,34,14","27,36,19","29,32,21","24,24,16","24,23,16","26,22,18","23,17,14","24,17,15","32,24,25","27,18,19","23,14,15","26,18,18","29,20,21","29,20,21","28,19,20","26,17,18","24,15,16","20,11,12","23,14,15","23,14,15","27,18,19","29,20,21","24,15,16","17,8,9","19,10,11","28,19,20","21,15,17","108,120,33","115,127,39","115,127,41","111,122,37","109,118,37","113,121,43","118,127,50","119,127,53","112,121,49","108,117,47","108,118,48","105,116,47","99,111,42","90,104,34","84,99,30","82,99,29","85,102,33","83,104,33","75,100,27","73,101,26","74,103,28","74,104,29","72,103,27","70,101,26","67,99,23","67,99,23","67,101,26","66,101,26","63,99,23","61,98,22","61,99,23","60,99,25","60,101,26","61,101,27","53,94,21","50,90,18","51,90,21","53,89,24","53,90,26","55,95,29","58,98,33","52,93,28","41,84,18","38,83,16","44,89,22","43,89,22","39,85,18","37,83,16","36,82,15","35,82,15","36,83,16","37,82,16","35,80,14","33,78,14","30,74,16","28,70,18","27,69,20","28,68,19","24,62,15","21,58,12","24,59,14","25,59,16","24,56,15","23,55,13","28,59,19","32,62,22","29,60,18","23,54,12","21,52,10","25,56,13","26,58,14","23,54,11","20,51,8","25,55,12","32,60,18","37,64,23","38,66,24","38,66,23","35,64,21","32,59,16","26,54,9","22,49,5","26,53,9","38,65,19","36,63,16","33,60,13","40,66,19","47,74,26","45,72,24","42,68,20","50,77,28","38,65,14","48,75,24","44,70,19","43,70,18","46,73,21","44,70,19","33,61,9","35,61,8","31,59,6","40,67,14","40,67,14","44,71,18","49,76,22","46,73,20","40,66,12","39,68,13","48,74,20","48,74,21","39,63,14","39,63,15","43,67,19","46,70,22","44,68,20","39,63,15","34,57,10","35,59,12","38,62,15","37,60,13","41,64,17","42,66,19","38,62,16","38,61,15","40,64,18","36,59,15","36,59,14","37,61,16","37,59,18","41,63,23","45,68,27","39,60,20","30,54,12","41,63,22","44,68,24","38,62,15","41,67,18","41,68,17","38,66,12","40,68,12","37,65,8","41,70,10","41,70,11","38,68,7","41,71,9","42,72,8","45,77,11","50,84,15","39,75,5","39,75,6","45,81,12","43,78,11","40,76,9","41,76,10","40,74,10","36,70,6","33,65,4","38,71,9","40,72,12","36,67,8","31,63,4","30,61,2","30,61,3","31,61,6","30,60,7","30,58,9","30,59,10","33,62,15","33,61,13","29,58,10","31,61,12","37,66,17","36,65,16","27,56,8","33,63,11","32,61,10","29,59,6","28,57,3","28,58,3","30,60,5","33,63,7","36,66,9","37,68,9","41,73,13","44,79,16","48,83,20","47,83,19","43,80,16","40,77,13","37,76,12","38,77,14","38,78,15","34,74,11","35,76,12","37,78,14","36,78,14","34,76,13","31,75,12","29,74,10","25,70,6","20,65,1","22,66,1","30,72,8","35,77,14","35,77,14","31,73,10","31,74,9","36,79,13","37,80,15","34,76,11","39,81,15","41,83,18","37,79,14","34,75,10","32,73,8","35,76,10","37,79,13","34,75,10","28,69,6","31,68,11","31,66,14","26,59,12","27,59,14","27,58,14","21,51,10","23,51,12","24,49,14","20,44,12","20,40,12","22,39,14","20,34,12","24,34,16","26,32,17","22,25,14","21,22,13","22,22,14","22,20,14","24,21,16","29,25,22","23,17,16","25,17,17","20,15,14","27,21,20","27,19,19","26,18,18","26,18,18","23,15,15","21,12,13","21,12,13","23,14,16","29,20,22","32,23,25","26,16,18","19,9,11","20,11,12","27,18,19","19,13,15","114,124,38","120,130,44","121,130,45","116,125,41","112,120,38","114,121,42","118,126,47","118,125,48","111,118,42","111,119,45","113,122,50","112,123,52","105,117,47","94,108,38","86,102,32","85,102,32","84,102,34","79,100,30","73,98,25","70,99,25","70,100,25","70,100,26","68,99,23","66,97,23","64,96,21","65,97,23","65,98,24","64,98,24","60,96,22","63,100,26","67,105,31","64,102,29","61,101,29","64,104,31","52,93,21","51,92,20","56,94,25","57,94,28","56,93,28","54,93,28","54,93,29","50,89,26","44,84,21","44,85,21","49,90,26","52,94,30","51,94,30","47,90,27","41,85,23","36,81,19","34,80,17","32,78,15","30,76,13","29,74,13","30,74,17","31,74,22","28,69,21","31,70,23","29,68,21","22,60,13","21,58,12","25,62,16","26,61,17","23,57,12","22,55,9","29,61,16","25,56,11","17,48,4","18,48,4","25,54,10","30,59,14","31,59,15","29,57,13","22,50,8","33,60,16","40,67,24","38,65,21","34,61,16","32,60,14","34,61,15","37,65,18","37,65,17","22,50,3","36,64,16","36,64,15","34,62,12","38,66,16","40,68,18","36,64,14","34,62,11","45,73,20","38,63,12","41,67,14","41,65,13","40,65,12","43,69,16","49,73,21","47,72,20","44,68,16","47,72,20","52,77,24","45,70,18","44,68,16","46,71,18","45,70,18","40,64,12","38,64,11","42,66,14","40,64,13","37,61,13","43,66,19","49,72,25","48,72,24","42,66,18","38,62,13","40,64,15","45,69,20","46,70,21","40,64,14","38,62,11","37,61,10","35,59,9","42,66,16","34,58,9","35,59,12","43,67,20","41,65,17","43,67,21","43,68,23","43,68,22","51,76,30","47,73,26","39,64,16","45,71,21","41,68,16","39,68,13","40,69,13","41,70,12","40,69,10","38,68,8","37,67,5","38,68,5","40,70,6","44,74,9","47,79,12","48,82,14","45,82,12","40,79,8","43,82,11","45,84,13","40,79,9","40,78,9","42,80,12","42,80,13","37,74,8","33,71,6","34,71,7","34,71,8","32,69,6","28,65,3","26,62,1","25,61,2","27,62,5","29,62,8","32,62,11","30,59,9","32,60,12","32,61,11","29,57,8","30,58,9","34,62,13","34,62,12","26,54,6","32,60,9","34,62,11","35,64,10","34,64,10","33,62,8","32,61,7","34,63,9","38,67,11","42,73,14","37,72,11","38,76,13","42,80,17","42,80,18","39,78,15","35,74,11","33,72,9","34,73,10","35,76,13","34,75,11","33,75,11","33,75,11","30,73,9","27,71,7","27,72,7","29,74,9","29,74,9","27,73,8","25,71,8","28,75,12","31,78,15","31,78,15","29,76,12","31,76,12","35,80,16","34,79,15","30,74,10","34,77,13","37,79,15","37,77,14","35,74,12","33,73,9","35,75,11","37,77,12","35,72,9","28,65,4","29,64,9","28,63,11","23,56,7","23,55,8","23,53,9","18,46,5","21,47,7","25,49,12","24,45,11","25,44,14","26,42,16","22,35,11","20,31,11","22,29,13","21,26,11","18,22,10","19,22,11","24,25,16","27,26,19","26,23,19","25,21,17","23,19,16","22,18,15","24,20,17","25,21,18","25,20,19","24,18,18","25,18,18","27,18,19","21,12,13","21,12,15","25,16,19","26,16,19","22,11,15","20,9,13","24,14,17","29,20,22","21,14,14","113,123,37","118,128,42","120,128,44","117,125,42","115,122,40","119,124,44","124,129,50","125,131,54","120,127,50","118,126,52","116,125,52","114,124,53","107,119,49","96,110,40","84,100,31","78,95,25","77,97,28","80,101,32","81,106,34","77,105,31","72,101,27","68,98,24","67,97,23","69,99,26","69,101,27","69,101,28","66,100,26","67,100,27","62,97,24","60,97,24","62,100,27","58,96,24","58,96,26","62,102,31","52,92,21","52,92,22","59,97,29","59,96,30","53,90,26","48,87,22","47,86,21","47,86,23","46,85,22","49,89,26","54,94,31","51,92,29","45,87,24","43,85,23","39,83,21","39,83,21","39,85,23","39,85,23","38,84,22","36,81,21","37,81,24","34,77,24","21,63,14","25,66,17","36,77,28","32,72,23","23,62,13","23,61,13","30,68,20","29,65,18","17,52,5","31,64,17","26,58,11","18,50,4","22,53,7","27,58,11","29,59,12","30,58,13","33,62,16","31,58,17","41,68,25","40,67,26","29,56,14","26,53,9","32,60,15","40,68,21","40,68,20","32,60,14","34,62,13","43,71,22","41,69,18","39,67,16","42,71,19","45,73,21","41,70,17","40,69,15","47,76,22","53,78,25","54,78,26","48,72,20","43,67,15","43,67,15","45,69,17","42,66,14","37,61,9","40,64,12","52,76,24","45,69,17","41,65,13","45,69,17","47,71,19","45,69,17","48,72,20","52,76,24","49,73,22","48,72,22","47,71,22","45,69,20","42,66,17","39,63,13","37,61,11","38,62,12","45,69,19","51,75,25","44,68,18","41,65,15","36,60,10","32,56,8","45,69,21","43,67,18","50,74,25","52,75,29","47,70,23","42,67,20","36,62,15","34,60,13","45,71,23","44,70,22","45,72,21","46,73,20","42,70,17","43,72,16","43,72,14","40,69,11","40,70,10","40,70,8","40,70,6","41,72,7","42,74,8","45,77,10","47,80,12","46,81,12","41,79,9","37,77,6","40,80,9","43,83,12","39,79,9","39,79,9","42,82,13","42,81,14","37,76,10","36,75,10","35,74,10","32,71,9","30,69,7","28,67,6","27,65,5","26,64,4","26,63,5","26,60,5","25,56,5","24,55,6","30,59,10","28,60,10","25,54,5","25,56,6","32,63,13","38,68,18","34,64,14","30,60,8","29,60,7","30,60,6","29,61,6","31,61,7","32,63,9","35,66,11","38,67,12","38,70,13","31,69,8","33,73,11","37,77,15","39,79,16","38,77,15","34,74,11","33,73,10","34,74,11","34,76,13","40,82,19","33,76,13","27,70,6","25,68,5","25,70,6","24,68,5","23,68,4","28,73,9","36,82,18","33,80,18","29,77,15","26,74,12","26,74,12","29,76,14","34,80,17","35,81,18","32,77,15","30,74,12","37,80,18","37,78,16","32,71,10","32,70,10","36,74,13","38,75,15","32,69,9","30,65,5","31,66,8","32,66,13","29,62,12","25,56,9","25,55,10","25,53,10","18,46,4","19,44,5","22,44,8","19,39,7","20,36,8","22,37,11","20,32,9","21,30,11","22,29,13","23,28,14","22,26,13","23,25,15","26,27,18","28,27,20","27,24,19","25,22,17","23,19,16","23,19,16","24,20,17","24,20,17","25,19,18","24,18,18","24,18,18","28,19,20","21,12,13","19,10,13","21,12,15","22,12,15","20,9,13","21,10,14","27,16,20","31,22,25","23,14,15","112,122,36","115,125,39","117,125,41","115,123,40","114,121,39","119,124,44","125,129,50","126,131,55","124,128,52","118,125,51","113,120,48","108,117,47","102,114,44","92,106,36","79,94,25","69,86,17","70,90,21","78,99,30","81,106,34","79,106,32","74,102,28","70,98,24","68,96,23","68,96,25","66,97,24","64,95,23","62,94,22","67,98,27","63,96,25","58,94,22","58,94,22","53,90,18","55,92,22","62,99,29","54,91,21","53,93,23","57,96,27","57,94,29","54,91,26","51,90,25","52,91,27","55,94,31","55,94,31","52,92,29","50,90,27","47,88,25","45,87,24","43,86,23","41,85,22","42,86,23","40,86,24","39,85,23","36,82,20","33,78,18","36,80,23","36,80,26","22,64,13","26,68,18","40,82,32","36,77,27","25,65,15","24,63,14","33,71,22","33,70,22","23,59,11","38,73,26","33,66,19","25,57,11","29,61,15","31,63,16","27,57,11","27,56,10","35,64,20","43,70,28","46,72,32","39,65,26","31,58,16","33,60,18","41,68,25","44,71,26","31,59,14","17,45,2","35,63,14","37,65,16","36,64,13","36,65,12","40,69,15","44,73,18","44,73,17","44,73,17","47,76,20","45,70,17","50,74,22","47,71,19","44,68,16","44,68,16","46,70,18","45,69,17","44,68,16","50,74,22","43,67,15","41,65,13","47,71,19","54,78,26","54,78,26","47,71,19","44,68,16","47,71,19","46,70,18","46,70,19","43,67,15","40,64,12","42,66,14","44,68,17","44,68,18","39,63,13","39,63,13","43,67,17","33,57,9","34,58,9","40,64,16","42,65,18","51,74,28","55,78,33","44,67,22","42,65,20","33,56,12","45,70,24","54,80,33","46,72,25","35,61,14","25,51,6","52,79,29","44,71,18","26,54,6","34,63,10","42,71,13","42,71,13","42,72,12","42,72,10","43,74,9","44,76,11","45,77,11","45,77,10","44,78,10","44,79,11","43,81,11","38,79,8","41,82,11","44,84,13","39,79,9","39,79,9","42,82,13","42,81,15","39,78,12","37,76,13","34,73,10","31,69,8","29,67,6","30,68,9","30,68,9","29,67,8","27,65,7","27,63,7","28,61,11","25,57,8","29,61,12","29,61,12","24,56,7","22,54,4","27,59,9","32,64,14","29,61,11","26,58,7","23,56,4","22,55,1","23,55,1","26,59,4","29,62,7","31,63,8","29,62,7","27,61,5","28,66,7","30,70,8","34,74,12","36,76,14","35,75,13","32,73,10","31,72,9","31,72,10","30,74,11","35,78,15","32,76,13","29,73,10","29,73,10","28,74,10","26,72,8","23,69,5","22,68,4","26,72,8","29,77,14","25,73,11","21,69,7","23,71,9","31,78,16","35,81,20","32,77,17","30,74,14","31,74,15","36,76,18","33,72,15","28,67,9","28,66,8","32,69,13","35,70,15","30,65,10","29,64,9","32,65,13","31,64,14","26,57,10","23,53,8","24,53,10","26,52,11","19,45,5","20,42,6","20,40,8","16,34,5","17,32,5","22,33,10","22,32,11","24,32,15","27,31,17","28,30,19","28,29,18","27,27,19","28,28,20","28,25,19","26,23,18","24,21,16","22,18,15","22,18,15","24,20,17","25,21,18","26,20,19","25,19,19","24,17,17","22,13,14","20,11,12","23,14,16","26,17,20","27,17,20","25,14,18","23,12,16","26,15,19","26,17,20","19,10,11","112,120,35","113,121,36","112,120,37","111,119,36","111,118,36","114,119,39","116,121,42","118,122,46","117,121,45","118,123,51","113,120,48","107,117,46","102,114,44","94,108,38","82,97,28","72,89,20","73,93,24","82,103,34","76,98,27","73,98,25","74,100,28","72,99,27","69,96,25","67,94,23","63,93,21","63,93,22","63,94,23","67,98,28","63,95,25","60,93,23","59,93,24","53,88,18","54,91,21","61,98,28","54,91,21","57,94,24","57,96,28","58,96,29","56,95,29","57,96,31","59,98,33","62,103,37","61,101,36","54,95,31","47,87,24","47,88,24","51,93,29","49,92,28","46,90,27","45,89,26","42,86,23","38,83,20","34,78,16","29,73,13","32,77,18","36,81,26","31,75,21","34,78,25","37,81,28","30,73,20","26,69,16","28,70,17","31,70,19","31,69,19","33,69,21","39,75,27","33,67,21","25,58,13","29,60,16","32,63,19","33,64,20","38,68,25","44,72,31","33,59,20","37,63,26","38,64,27","34,60,22","30,56,17","29,56,14","33,60,17","41,68,22","45,73,26","40,68,20","37,65,16","36,64,13","37,66,12","36,65,10","36,65,8","37,66,8","37,66,8","35,64,6","50,75,20","60,84,31","62,86,34","56,80,28","51,75,23","45,69,17","38,62,10","36,60,8","45,69,17","48,72,20","40,64,12","40,64,12","48,72,20","54,78,26","53,77,25","50,74,22","46,70,18","36,61,6","44,69,14","43,68,12","42,67,11","46,71,16","52,76,22","52,76,24","45,69,17","41,65,14","42,66,16","50,74,26","54,77,31","50,73,28","40,63,19","33,56,13","60,83,41","46,69,27","68,91,49","74,97,56","65,90,46","53,79,34","52,78,33","61,87,40","49,75,27","57,84,34","42,69,16","33,61,9","35,64,8","41,71,13","46,77,17","45,76,15","44,76,13","44,77,12","47,79,14","45,79,12","43,78,10","40,76,7","41,79,9","43,84,12","38,80,9","41,82,12","42,83,13","36,77,8","35,76,8","37,78,11","36,77,11","34,75,10","39,79,16","35,75,12","31,71,9","29,69,7","30,70,9","29,69,9","28,68,8","25,65,6","24,61,5","22,56,7","16,49,2","20,53,6","25,59,10","26,60,10","28,61,11","31,65,15","33,67,16","29,63,12","26,60,9","27,62,8","29,64,11","34,69,15","39,74,20","40,75,21","35,70,16","25,61,7","16,54,1","30,70,11","33,74,13","34,75,15","35,76,15","35,76,15","33,75,15","31,75,14","31,75,14","31,75,14","26,70,9","30,76,14","33,79,17","30,76,14","25,71,9","25,72,10","29,76,14","25,73,11","16,64,3","22,70,8","23,71,9","22,69,8","28,73,14","32,78,18","31,76,17","24,67,11","23,64,8","27,68,12","29,69,15","31,70,17","31,69,17","28,65,14","23,59,9","24,57,10","28,61,13","28,60,13","25,56,10","24,54,9","22,50,7","20,47,6","23,49,9","25,50,11","21,43,7","22,41,9","23,40,10","19,34,7","19,30,7","23,31,11","26,32,15","28,32,17","29,31,18","29,29,19","29,27,19","28,25,19","26,23,18","26,23,18","29,26,21","27,24,19","24,20,17","23,19,16","23,19,16","23,19,16","23,18,17","23,17,17","22,15,15","23,14,15","23,14,15","27,18,20","28,19,22","29,19,22","27,16,20","26,15,19","26,16,20","26,17,20","21,12,13","120,128,43","120,128,43","120,128,44","120,127,44","120,126,44","120,125,45","120,124,45","119,122,46","117,121,45","116,122,49","113,121,48","108,117,46","101,112,43","94,106,37","87,100,31","81,96,27","80,97,29","81,100,31","69,91,21","68,90,19","71,94,24","71,97,26","70,96,25","69,94,24","67,94,24","69,96,27","70,99,29","66,97,28","63,94,24","64,95,26","65,98,29","59,92,23","56,92,22","62,98,28","55,91,22","59,96,27","61,99,31","61,100,33","60,99,33","59,98,32","57,97,31","59,100,34","62,103,37","58,99,34","52,92,29","51,93,28","53,95,31","51,94,30","49,93,29","48,91,28","46,89,26","43,87,24","39,83,20","34,78,17","34,79,19","37,82,25","38,83,26","41,86,31","36,81,25","27,70,15","28,71,17","32,73,21","29,69,17","26,65,14","32,68,20","27,63,15","32,65,20","34,67,22","31,63,20","32,63,19","33,64,20","32,63,21","29,59,18","33,59,25","36,62,28","39,65,31","39,65,30","38,64,26","35,61,22","33,60,19","35,62,18","37,65,19","40,68,20","35,63,12","40,69,15","44,73,18","41,70,13","39,68,9","42,72,12","46,76,16","41,69,11","35,60,5","45,70,17","50,74,22","50,74,22","48,72,20","47,71,19","43,67,15","45,69,17","55,79,27","47,71,19","42,66,14","45,69,17","50,74,22","50,74,22","44,68,16","44,68,16","51,75,23","51,76,22","49,74,16","47,72,13","46,70,11","45,69,11","45,69,13","45,69,15","44,67,15","43,66,17","43,66,18","31,54,10","38,60,17","51,74,31","55,77,37","59,81,42","81,103,64","49,70,32","38,60,25","27,49,14","18,41,4","8,32,0","23,48,16","71,97,49","67,93,45","48,75,24","40,67,14","56,85,31","49,78,21","42,72,14","46,77,18","44,75,14","42,74,11","41,76,10","44,79,13","45,80,13","43,79,11","39,76,8","39,79,9","40,82,10","35,77,6","38,79,9","38,80,9","33,74,5","31,73,4","33,74,7","31,73,7","31,72,7","39,80,17","38,78,15","34,74,13","32,72,11","28,69,9","25,66,6","24,64,5","22,62,3","21,60,5","22,59,8","14,48,2","18,52,5","25,59,12","28,61,14","28,62,14","30,65,15","30,65,15","27,62,11","36,71,21","31,65,14","24,59,8","22,57,6","23,59,7","26,61,8","27,63,9","26,62,8","24,61,7","27,65,10","26,66,7","24,65,8","24,66,7","24,67,7","24,68,10","26,70,11","28,73,14","29,73,13","22,66,7","28,73,13","31,77,17","25,71,11","18,64,4","20,68,9","31,79,18","32,81,21","22,70,10","24,72,12","26,74,14","28,73,15","28,73,14","27,72,14","24,67,11","19,62,8","19,59,7","20,60,8","23,62,12","30,67,18","31,68,22","28,63,18","20,54,10","18,50,8","21,53,11","19,51,10","15,44,4","18,45,6","21,45,7","19,43,5","22,45,8","26,47,12","22,40,9","24,41,12","27,41,15","24,36,12","22,31,10","25,30,13","28,31,16","30,31,18","28,27,17","27,24,17","28,23,17","26,21,16","23,17,14","26,21,16","34,31,26","31,28,24","27,23,20","24,20,17","22,18,15","21,17,14","19,14,12","17,11,11","19,12,13","28,19,20","27,18,19","26,17,20","24,15,18","22,12,16","23,12,16","24,13,17","27,17,20","28,19,21","21,12,14","124,132,47","124,132,47","126,132,49","128,133,51","128,132,51","127,130,51","124,127,49","122,124,49","121,124,48","116,121,48","115,121,48","109,117,47","100,110,41","92,104,35","88,101,32","86,101,32","81,98,30","74,93,24","72,93,24","71,93,24","70,93,23","67,91,21","66,92,22","67,92,24","67,94,25","67,94,25","66,95,26","63,94,25","62,93,25","66,98,30","71,104,35","65,98,29","59,94,26","62,97,29","56,91,23","61,97,28","59,97,29","57,97,30","58,99,31","59,100,32","57,98,30","59,100,34","62,103,37","59,101,35","53,95,29","52,94,29","53,95,31","51,93,29","49,91,27","48,90,26","47,89,26","45,87,24","41,83,20","38,80,18","37,81,20","39,83,24","38,84,23","41,87,28","39,83,25","30,73,16","30,73,17","33,74,20","31,71,18","34,72,21","45,81,32","25,60,13","29,63,17","35,68,23","28,59,17","31,62,20","42,73,31","46,76,36","38,66,28","42,67,35","49,74,43","50,75,43","43,68,35","40,66,30","42,68,30","44,70,30","39,66,23","32,60,14","37,65,17","33,61,10","42,71,17","49,78,23","44,73,16","40,69,10","44,74,14","50,80,20","44,74,14","50,76,20","56,80,27","53,77,25","49,73,21","48,72,20","48,72,20","45,69,17","42,66,14","47,71,19","41,65,13","40,64,12","48,72,20","55,79,27","52,76,24","42,66,14","39,63,11","48,72,20","53,78,23","47,71,11","47,72,10","49,74,12","47,71,12","43,67,10","42,65,11","45,68,16","45,67,20","42,64,18","44,66,23","64,85,44","69,90,51","51,71,34","43,62,28","27,46,17","14,34,1","12,32,5","31,52,23","32,54,21","26,49,15","36,60,23","52,78,32","30,56,16","50,77,26","45,72,19","49,77,23","45,75,18","43,73,15","44,75,16","40,73,12","37,72,8","39,75,8","43,78,12","45,82,13","44,82,13","41,80,10","39,81,11","39,81,10","35,78,7","38,81,10","39,82,11","33,76,7","33,76,7","35,77,10","34,76,10","30,72,8","32,74,10","33,75,12","32,73,13","30,71,11","27,68,10","24,65,7","24,65,7","25,66,9","27,66,12","26,63,15","18,54,8","21,57,11","25,61,15","23,59,12","20,56,8","21,57,9","25,62,13","26,63,13","31,68,18","26,63,11","20,57,6","16,53,5","16,53,5","19,56,6","22,59,7","25,62,9","25,63,9","23,62,8","21,61,5","17,60,5","17,60,4","18,62,6","22,66,10","27,71,13","30,75,19","33,78,20","24,69,13","26,71,13","26,73,16","23,71,13","21,69,10","22,70,13","27,75,16","27,77,19","24,72,13","26,74,16","29,74,17","27,72,15","22,67,11","19,64,8","21,64,10","26,69,16","27,67,16","23,62,13","22,60,13","23,59,14","23,57,15","24,56,15","23,55,16","21,51,14","16,46,10","14,44,9","16,44,9","21,47,12","23,46,11","21,42,8","24,44,10","27,45,14","23,38,10","25,40,13","28,41,16","26,36,14","24,30,12","27,30,15","31,32,18","33,32,20","30,27,18","30,24,18","32,25,19","31,24,19","28,20,17","27,20,17","32,28,23","29,25,21","26,22,19","24,20,17","23,19,16","22,18,15","22,17,15","20,14,14","20,13,14","24,15,16","26,17,18","26,17,20","24,15,18","23,13,17","22,11,15","22,11,15","22,11,15","21,12,15","19,10,13","119,125,41","120,126,42","122,128,45","125,130,48","126,130,49","125,128,49","122,125,47","120,122,47","119,121,46","115,118,47","115,121,49","111,118,48","100,109,40","89,100,32","85,98,29","86,101,32","84,101,33","75,94,26","74,95,27","73,95,27","70,94,25","66,91,22","63,88,20","64,89,21","66,93,24","66,93,25","62,91,23","63,94,25","65,96,28","68,99,32","68,101,33","63,96,28","59,94,26","63,98,30","61,97,29","62,100,32","58,98,30","56,97,28","56,98,28","57,99,30","56,98,29","60,102,34","61,103,35","60,102,35","55,97,31","49,91,26","46,88,23","47,89,24","48,89,25","48,89,26","48,89,26","47,88,25","46,87,24","45,87,24","44,87,24","41,85,22","36,81,18","38,83,20","39,82,22","33,75,16","34,75,17","37,77,21","38,77,22","40,77,25","46,82,32","27,61,14","35,67,23","36,68,24","34,64,23","42,72,31","50,79,38","48,77,38","40,66,32","28,52,25","41,66,36","34,59,30","39,64,32","43,68,34","38,64,28","36,62,23","42,69,28","39,66,21","38,66,19","36,64,14","45,74,22","49,78,23","44,73,16","40,69,11","42,72,12","42,72,13","43,73,14","55,80,25","57,81,28","55,79,27","52,76,24","50,74,22","49,73,21","45,69,17","42,66,14","43,67,15","41,65,13","42,66,14","46,70,18","51,75,23","51,75,23","48,72,20","47,71,19","46,70,18","43,68,11","43,67,7","50,74,10","54,77,14","51,74,14","49,71,14","50,71,18","51,73,22","48,68,21","45,64,21","53,72,32","74,93,55","69,88,51","34,52,19","16,32,9","9,25,2","45,64,34","56,74,41","71,91,55","66,87,47","57,80,35","60,84,37","61,86,40","39,64,25","54,81,30","36,63,14","48,76,24","46,76,20","41,72,13","41,73,14","40,75,13","35,71,7","33,71,4","40,78,11","44,84,15","43,84,14","41,81,11","37,79,9","32,75,5","31,75,4","34,78,8","37,81,11","34,79,11","33,77,10","33,77,10","31,75,9","28,71,7","28,71,8","27,70,7","27,69,9","26,69,8","25,68,8","24,67,9","24,67,9","25,67,11","26,65,12","22,60,12","19,55,10","20,56,11","22,58,13","21,57,12","20,56,10","22,58,11","26,62,16","28,64,16","22,58,10","21,58,8","21,58,8","22,59,8","24,61,10","25,62,11","24,61,10","23,60,8","20,58,6","23,61,9","19,59,6","15,56,4","13,54,2","13,54,1","15,58,4","18,61,6","20,64,10","22,66,11","23,68,14","25,69,14","25,70,16","25,71,16","24,71,15","23,70,14","21,69,12","20,68,13","20,68,11","30,76,20","32,77,21","28,72,17","22,66,11","18,62,8","20,62,9","25,66,15","26,65,16","23,60,15","23,59,15","20,55,13","17,51,11","20,52,14","24,56,19","24,54,19","16,46,13","15,43,11","21,47,15","25,48,16","24,45,14","23,41,11","24,41,11","26,42,13","25,39,13","27,40,14","28,39,16","26,34,13","23,29,11","25,28,13","29,30,16","31,28,17","26,23,13","29,22,15","32,25,18","32,24,19","27,18,15","24,17,13","26,21,17","24,21,16","23,19,16","23,19,16","25,21,18","25,21,18","24,19,18","23,17,17","20,14,14","18,9,10","21,12,13","24,15,18","24,15,18","25,14,18","24,13,17","22,11,15","20,9,13","18,9,12","19,10,13","117,122,38","119,124,40","121,126,43","123,128,46","123,128,47","123,126,47","122,124,46","120,122,47","118,120,45","111,114,43","112,117,46","109,115,46","99,107,39","88,98,30","84,95,27","87,100,31","86,102,34","79,98,30","70,92,24","69,92,24","68,92,24","65,91,22","62,88,19","62,90,21","65,94,25","66,95,28","63,93,25","63,94,26","65,96,28","65,98,29","63,95,28","59,93,26","59,94,26","63,100,31","65,101,34","61,99,32","60,100,32","59,101,31","56,99,28","56,99,28","55,98,28","59,102,33","60,103,34","61,103,36","59,101,35","55,97,31","51,93,27","53,95,29","55,95,32","55,95,32","52,92,29","50,90,27","49,89,26","48,89,26","46,87,23","41,84,19","38,80,15","41,84,20","44,84,23","39,79,18","40,80,20","44,82,25","45,82,28","38,73,22","26,61,11","31,63,16","53,84,41","62,92,50","48,76,36","34,61,23","21,46,13","12,36,7","11,36,6","2,26,2","19,44,14","22,47,17","57,82,51","77,103,69","61,87,51","42,68,30","44,70,30","42,69,26","44,71,26","37,65,17","40,68,18","38,67,14","39,68,12","47,76,18","51,81,22","43,72,14","43,72,14","43,68,13","45,69,16","46,70,18","47,71,19","45,69,17","42,66,14","40,64,12","39,63,11","39,63,11","43,67,15","46,70,18","49,73,21","51,75,23","51,75,23","46,70,18","41,65,13","42,66,14","47,71,15","46,69,8","52,75,12","56,78,15","54,76,15","54,75,17","53,73,20","56,76,27","49,68,23","53,71,29","53,71,32","47,64,28","35,52,18","18,35,7","8,24,3","38,55,23","80,97,65","79,96,64","56,74,39","57,77,37","59,81,36","54,77,30","65,89,41","73,98,49","75,102,51","28,56,9","44,72,21","46,76,19","39,71,11","41,75,15","45,82,19","40,78,13","34,74,7","40,80,12","42,83,14","40,81,11","39,80,10","35,79,8","29,75,4","31,77,6","34,79,10","35,81,11","34,80,12","31,78,10","29,75,9","27,73,8","27,73,8","30,75,11","27,73,9","24,68,7","22,67,6","21,66,6","21,65,6","20,64,6","19,61,6","19,60,7","21,59,12","21,57,13","20,56,12","20,56,12","21,57,13","22,58,14","24,60,15","26,62,17","28,64,17","28,64,17","25,61,14","24,60,12","24,60,11","26,62,13","26,63,13","25,62,11","24,61,10","21,58,7","18,56,6","16,56,4","14,53,2","13,52,1","14,54,2","16,57,4","18,61,8","22,63,10","22,65,11","21,65,12","21,65,12","21,65,12","21,65,12","20,65,11","19,64,10","17,64,9","19,64,10","20,65,11","17,62,10","19,62,10","22,65,12","25,67,15","27,68,17","27,67,17","24,63,15","20,57,12","16,53,10","22,58,17","23,58,18","21,55,16","21,53,16","23,55,18","22,52,18","16,45,13","15,42,11","19,44,13","21,43,13","21,41,11","21,39,9","22,38,9","23,39,10","25,39,13","26,39,13","26,37,12","25,34,12","25,31,12","26,29,13","28,30,16","30,28,15","27,25,13","30,24,14","33,26,17","31,23,17","26,18,13","24,17,12","26,21,17","25,22,17","25,21,18","24,20,17","24,20,17","23,19,16","21,16,15","21,15,15","21,14,15","21,12,13","21,12,13","20,11,14","20,11,14","21,11,15","22,11,15","23,12,16","23,13,17","22,13,16","21,12,15","119,124,40","121,126,42","122,126,44","124,127,46","124,126,46","123,124,46","122,122,45","120,120,46","117,119,44","108,111,40","109,114,43","107,113,44","100,107,39","90,101,32","87,98,30","89,102,33","87,102,35","81,100,31","68,90,22","63,89,20","63,90,21","61,89,20","58,87,18","58,88,20","60,91,23","61,92,24","59,91,22","57,89,21","58,91,24","60,95,27","60,95,29","59,96,28","60,97,29","61,99,32","60,99,31","57,97,29","59,101,31","60,104,33","56,102,30","53,98,26","54,100,28","54,99,28","58,104,32","60,104,34","61,104,35","58,100,33","55,96,30","56,97,31","58,99,33","57,98,32","55,95,32","54,93,30","53,93,30","52,93,29","49,90,23","43,84,16","44,85,17","51,92,27","56,95,31","50,88,26","49,86,27","52,88,31","52,86,32","50,83,32","49,82,33","46,75,29","44,73,31","52,80,40","24,50,16","7,30,3","11,34,6","26,49,18","33,57,26","22,47,18","67,92,62","54,79,49","37,62,29","29,55,21","42,68,31","64,90,52","69,95,55","43,70,27","38,65,20","37,65,17","46,74,25","41,69,18","40,68,15","46,75,20","49,78,21","42,71,15","39,68,12","46,70,17","48,72,20","49,73,21","51,75,23","51,75,23","51,75,23","52,76,24","54,78,26","55,79,27","57,81,29","49,73,21","45,69,17","47,71,19","50,74,22","46,70,18","37,61,9","39,63,11","49,74,18","53,75,15","53,75,12","49,71,8","48,70,9","54,75,19","54,74,23","63,82,36","56,74,31","58,76,36","64,82,46","35,52,24","9,26,1","19,36,6","43,60,30","94,111,79","65,82,50","51,68,34","61,78,43","68,87,47","69,90,46","63,86,39","48,72,24","50,74,26","81,108,57","40,69,17","40,69,16","44,74,17","38,70,10","35,70,9","43,80,17","42,81,16","36,77,9","35,77,9","33,74,5","30,72,2","32,76,5","33,79,8","32,80,10","34,82,11","37,83,14","33,83,12","32,80,11","29,78,10","30,77,11","31,78,13","30,79,14","29,75,13","26,73,11","22,67,8","19,65,6","18,64,5","16,62,4","15,61,4","15,59,3","15,57,5","20,58,11","21,54,12","20,53,11","19,52,10","19,52,11","20,53,11","22,56,13","24,58,15","25,59,14","26,59,14","25,59,13","25,58,13","26,60,13","29,62,15","30,64,17","31,65,17","30,64,16","27,63,14","16,53,4","15,54,4","16,53,5","16,54,5","16,55,5","16,56,5","17,57,7","20,59,9","21,62,11","19,59,9","16,57,7","14,57,6","14,57,6","14,57,6","15,58,7","15,60,8","18,61,10","19,62,11","13,55,6","13,55,5","19,60,10","23,63,13","23,63,15","22,61,14","19,58,13","19,56,12","20,56,13","20,53,13","18,50,11","16,49,11","18,48,12","19,49,13","20,48,14","17,45,12","18,45,12","20,46,14","17,41,9","15,37,6","18,37,6","19,37,7","21,37,8","22,36,10","22,35,9","23,34,9","24,33,11","26,33,12","27,31,13","28,30,14","31,29,15","32,30,17","32,27,14","29,22,12","26,18,10","26,18,10","26,19,12","25,21,16","27,24,19","28,24,21","26,22,19","23,19,16","20,16,13","20,14,13","21,15,15","23,16,17","25,16,17","24,15,16","22,13,16","20,11,14","20,9,13","21,10,14","23,12,16","24,14,18","25,16,19","24,15,19","121,126,42","122,127,43","123,126,44","123,126,45","123,125,45","122,123,45","120,121,44","118,118,44","116,116,42","109,110,39","109,112,41","108,112,43","102,108,40","94,102,35","90,99,32","88,101,32","86,99,33","79,98,29","70,94,26","66,94,25","64,94,25","63,93,24","61,92,22","60,91,23","59,92,23","58,91,22","55,90,20","54,89,21","54,90,21","55,92,24","57,95,28","57,96,29","58,97,30","58,99,31","59,98,31","57,97,30","57,100,30","57,103,30","54,100,28","48,95,22","52,98,26","46,92,20","55,101,29","56,100,30","59,102,33","53,95,28","46,87,21","49,90,23","51,92,26","53,93,27","55,94,30","56,95,32","58,96,33","59,98,34","56,95,28","50,90,20","52,92,22","60,99,30","64,101,34","56,92,29","54,89,28","56,90,31","57,88,34","49,79,28","42,71,23","63,90,45","70,95,55","52,77,39","18,41,11","5,22,1","30,47,25","65,86,55","74,96,65","78,102,71","57,82,50","38,64,31","63,89,55","63,89,53","46,72,34","40,66,27","56,83,42","73,100,59","59,86,43","46,73,28","54,82,34","48,76,27","48,76,26","50,78,26","46,75,21","44,73,20","48,76,23","48,72,20","50,74,22","51,75,23","52,76,24","51,75,23","49,73,21","48,72,20","47,71,19","47,71,19","56,80,28","47,71,19","38,62,10","37,61,9","44,68,16","50,74,22","50,74,22","47,71,19","46,69,14","56,78,18","54,76,13","53,75,13","55,76,18","54,74,19","56,76,26","55,74,29","66,84,43","67,84,47","29,43,20","14,28,6","21,38,8","33,49,18","56,73,41","76,93,60","64,81,47","63,80,45","71,89,52","63,83,42","65,87,42","71,93,47","47,71,23","34,58,10","61,87,37","45,73,20","52,82,28","52,84,27","42,77,16","37,75,13","43,83,19","43,84,17","37,80,11","39,82,13","35,80,9","33,79,7","38,83,12","35,83,12","27,76,6","30,80,9","33,83,13","33,83,13","31,81,12","30,79,12","31,80,15","33,82,17","31,81,16","22,70,8","21,69,7","19,67,7","19,68,7","19,67,8","18,66,8","16,64,6","14,61,4","14,56,5","16,52,8","17,49,8","15,47,6","14,46,5","14,46,5","15,47,6","17,49,8","18,50,9","20,52,9","19,52,9","21,54,9","22,55,10","25,58,13","28,60,15","29,62,16","30,62,16","29,62,16","29,62,15","27,60,14","26,61,14","27,61,15","24,59,12","20,56,8","16,52,5","12,49,2","12,48,2","11,49,2","16,54,7","14,53,5","12,51,3","11,50,3","11,51,3","13,53,5","13,55,5","17,56,9","16,57,10","21,63,15","23,65,17","22,63,16","18,57,12","11,50,6","7,46,2","9,46,2","16,51,9","23,58,16","15,49,8","11,43,3","12,43,5","13,43,6","13,43,6","16,43,8","18,45,10","19,45,10","19,44,11","16,40,8","15,38,5","18,40,8","21,40,10","20,38,8","18,34,7","17,32,5","18,31,6","21,32,8","24,32,10","26,30,10","25,27,8","28,28,11","33,31,16","30,27,12","22,17,4","19,13,1","23,16,5","24,19,10","22,18,12","24,21,17","28,24,21","27,23,20","23,19,16","21,17,14","22,17,15","25,19,19","26,19,19","22,13,14","23,14,15","25,16,19","26,17,20","26,16,19","26,15,19","24,13,17","21,10,14","20,11,14","22,13,18","122,126,42","121,125,41","121,124,42","121,124,43","121,123,43","119,120,42","118,118,41","116,116,42","115,115,41","113,113,43","113,115,44","111,114,45","105,110,43","97,104,37","90,100,32","85,98,29","82,94,28","75,94,25","71,97,28","67,97,29","65,97,29","66,98,29","65,98,29","63,98,29","60,97,27","60,95,27","59,97,28","56,94,25","54,93,23","52,93,24","53,93,26","54,95,27","55,97,29","55,98,29","57,98,31","57,100,32","53,98,27","51,98,25","49,97,23","43,91,17","51,99,25","38,84,12","52,98,26","51,95,25","55,98,29","56,98,30","54,95,27","55,96,28","55,94,29","54,93,28","51,90,25","50,89,24","52,89,25","54,90,24","57,94,26","61,97,27","59,95,25","63,99,30","64,98,32","56,90,26","55,87,26","58,88,30","58,87,33","58,84,34","64,89,42","72,98,53","63,85,46","18,40,9","17,37,6","27,46,14","54,72,42","68,87,57","47,67,37","54,78,46","39,65,29","36,62,26","68,94,57","66,92,55","52,78,40","42,68,28","35,62,21","42,69,28","82,109,66","45,72,27","40,68,22","35,63,15","47,75,26","55,83,34","48,76,26","47,75,24","49,77,26","42,67,16","45,69,17","49,73,21","51,75,23","52,76,24","50,74,22","49,73,21","48,72,20","48,72,20","40,64,12","43,67,15","44,68,16","42,66,14","41,65,13","46,70,18","55,79,27","56,80,28","50,73,18","58,79,20","56,76,15","64,84,24","68,87,30","56,74,21","58,76,30","47,64,23","71,88,50","65,81,45","27,41,15","38,52,27","60,75,45","69,84,53","98,113,81","60,75,41","64,80,44","67,83,45","57,74,35","57,77,34","63,84,39","60,83,36","50,74,26","52,77,29","58,85,34","49,78,24","60,90,36","48,80,22","38,73,14","42,79,18","39,79,16","33,74,8","29,72,4","35,78,9","33,78,7","30,76,5","32,79,7","32,81,9","28,78,7","30,82,10","34,85,16","34,85,16","33,84,17","31,82,15","30,81,15","30,81,15","27,78,13","20,70,7","20,70,7","21,71,10","22,72,11","21,71,12","19,69,10","14,64,6","10,58,3","10,52,2","15,51,8","17,47,9","15,45,7","14,44,6","14,44,6","15,45,6","17,48,7","18,49,8","21,52,10","28,58,17","29,60,18","31,61,19","31,62,19","30,61,17","29,60,16","26,57,13","26,56,12","25,56,12","23,54,10","23,55,11","23,55,12","24,55,12","23,55,12","22,55,12","19,54,9","19,52,9","17,53,7","18,53,9","15,52,7","13,50,5","12,49,4","12,50,5","14,51,7","15,53,7","15,52,8","12,51,6","12,51,7","15,54,9","19,58,13","20,59,15","19,58,14","16,53,10","13,50,7","15,50,8","17,52,10","15,48,7","17,49,8","20,52,11","18,49,9","12,43,4","14,42,3","18,46,7","18,44,7","14,40,3","16,41,5","19,43,9","22,45,11","24,44,12","22,42,10","19,36,7","17,33,4","17,31,4","19,31,6","23,33,9","28,35,12","28,33,11","31,33,12","36,36,17","32,31,13","25,23,6","22,19,4","25,22,7","26,22,11","22,19,13","26,23,19","29,25,22","27,23,20","24,20,17","21,17,14","22,16,15","25,19,19","25,19,19","23,14,15","23,14,15","24,15,18","25,16,19","25,15,18","25,14,18","24,13,17","22,11,15","20,11,15","22,13,18","120,124,40","119,123,39","119,122,40","119,121,40","119,120,40","117,118,40","116,117,40","115,115,41","114,114,40","116,116,46","114,117,46","112,115,46","106,111,43","97,105,37","89,99,32","84,95,27","80,92,26","74,94,25","64,89,22","56,88,20","55,89,20","57,92,22","59,95,25","60,96,26","57,94,24","57,94,25","57,96,27","55,94,25","52,92,23","50,92,23","52,94,25","53,97,28","54,97,29","51,95,27","52,95,28","53,98,30","49,96,25","50,97,24","49,97,23","43,91,17","54,102,28","36,83,10","53,99,27","49,93,23","53,96,27","58,100,31","57,98,30","58,99,31","59,98,32","57,96,30","54,93,28","53,92,27","56,93,29","58,94,28","63,98,30","66,101,30","60,95,23","62,94,26","63,94,27","58,89,23","58,88,26","60,89,30","58,86,31","59,84,34","69,93,45","67,89,46","49,69,33","20,39,9","37,55,24","58,74,44","67,83,55","60,76,49","48,68,37","62,86,52","41,67,30","33,59,22","59,85,47","50,76,37","44,70,31","49,76,36","46,73,32","48,75,34","50,77,34","33,60,17","50,77,33","45,72,26","49,77,30","50,78,31","38,66,18","40,68,21","43,71,22","48,72,22","50,74,22","52,76,24","53,77,25","53,77,25","51,75,23","51,75,23","51,75,23","52,76,24","36,60,8","45,69,17","54,78,26","53,77,25","45,69,17","43,67,15","51,75,23","57,81,29","58,81,28","63,85,27","55,76,16","56,75,17","58,76,22","54,72,22","62,79,35","67,84,43","66,82,45","31,45,18","18,30,11","43,56,33","60,75,45","59,74,42","75,91,57","69,85,49","76,92,55","69,85,46","73,90,49","77,96,52","79,100,54","72,94,48","54,79,31","49,75,27","47,74,23","55,84,30","70,99,45","45,77,21","38,72,13","51,88,26","43,83,20","34,75,9","31,74,6","37,82,13","35,81,10","30,77,6","29,78,6","32,83,10","34,86,14","33,85,14","33,84,15","33,84,15","33,84,17","32,83,16","29,80,14","26,77,11","24,74,9","23,73,10","22,72,9","22,72,11","21,71,11","20,70,10","16,66,7","11,60,3","7,54,1","7,49,2","16,50,9","18,47,10","18,46,8","17,45,7","18,46,8","19,47,9","20,49,10","23,51,11","23,53,12","21,48,8","22,52,11","28,55,14","29,58,17","30,59,17","29,58,15","28,57,14","29,57,14","28,57,15","23,53,11","21,50,9","19,49,7","20,49,8","22,51,10","24,54,12","23,55,12","20,53,10","17,50,7","17,50,7","15,49,6","13,47,4","12,48,4","14,50,6","16,53,9","17,54,10","14,51,7","11,48,4","17,56,12","21,59,16","22,61,18","23,61,19","22,60,17","20,57,14","17,54,12","16,52,9","16,51,9","12,45,5","14,46,6","20,51,10","20,49,8","13,43,2","16,43,3","25,52,12","27,54,14","22,48,9","22,47,9","23,48,12","24,47,13","24,46,12","23,44,10","21,40,9","20,37,6","19,34,5","18,32,5","21,33,6","26,35,10","28,35,11","30,34,12","31,33,11","31,30,11","29,28,9","26,25,6","25,23,6","26,23,10","27,24,16","28,25,20","29,25,22","28,24,21","24,20,17","22,18,15","21,16,15","22,16,16","23,16,16","25,16,17","23,14,15","21,12,15","19,10,13","20,9,13","21,10,14","23,12,16","24,14,18","24,15,19","21,12,17","117,121,39","117,120,38","117,119,39","116,118,39","116,118,39","115,117,40","114,117,40","114,115,40","113,115,41","116,118,47","113,118,47","109,114,45","103,110,42","95,105,36","87,99,31","81,95,26","78,92,26","76,96,28","62,89,22","53,86,17","51,87,17","54,90,20","59,95,25","58,95,25","54,91,21","53,90,21","55,94,24","52,91,22","48,89,20","48,90,21","51,94,25","55,99,30","55,99,31","50,93,25","46,91,23","47,93,24","47,94,23","53,99,26","53,100,27","47,94,21","61,108,35","40,85,13","58,102,31","52,95,24","56,98,27","58,98,29","54,95,26","56,96,27","59,96,29","59,97,30","59,97,31","61,99,33","65,102,36","70,104,38","71,103,35","66,98,27","59,91,19","60,91,22","63,93,25","62,90,25","63,91,29","64,91,32","60,84,30","68,92,41","92,115,69","54,75,35","9,25,2","19,35,9","57,74,44","94,109,79","87,102,74","66,82,53","71,90,58","61,86,50","53,80,40","50,77,37","64,91,51","43,70,31","44,72,32","59,86,46","51,79,38","45,72,31","44,71,29","43,71,29","67,94,51","48,75,31","41,68,23","43,70,25","40,67,21","48,75,30","46,74,26","44,69,19","45,69,17","45,69,17","43,68,16","42,68,15","43,69,16","46,71,19","50,75,23","53,79,26","53,78,26","52,78,25","52,77,25","52,76,23","51,76,22","51,76,22","53,78,24","55,79,26","56,80,25","53,74,16","57,77,18","62,81,24","70,88,34","70,87,37","55,71,27","79,94,56","56,70,37","14,27,8","24,37,14","44,58,30","71,86,56","88,102,69","56,72,36","68,84,46","77,94,54","76,92,53","62,79,39","71,89,46","85,106,60","80,103,56","64,88,40","67,92,44","60,86,36","50,78,26","56,85,32","48,80,23","46,80,20","50,87,25","44,84,20","37,77,13","37,80,12","42,87,18","38,84,13","32,79,7","32,81,8","35,86,14","35,86,15","30,81,12","26,77,8","26,77,8","29,80,12","30,81,14","28,79,12","25,76,9","22,73,7","22,73,9","20,70,7","17,67,6","16,66,7","14,64,5","13,62,3","11,59,2","9,56,2","11,52,3","16,48,7","18,45,10","18,44,7","18,44,7","19,44,8","20,45,9","23,48,10","25,51,11","25,51,12","15,41,2","18,46,6","24,51,11","27,55,14","27,55,14","27,54,13","27,54,13","28,54,13","28,55,14","27,55,14","22,50,9","17,45,4","16,44,4","19,47,6","22,51,10","22,51,10","19,48,7","11,43,1","13,45,3","12,44,2","11,43,1","13,46,3","16,50,7","20,54,11","20,56,12","16,51,8","11,48,5","16,54,12","18,56,14","18,55,14","17,54,13","16,53,12","16,51,13","16,50,11","14,48,7","13,45,5","8,39,1","12,42,4","20,48,7","19,46,7","12,39,0","15,41,1","27,54,13","29,56,15","23,50,9","22,48,9","23,50,11","21,47,9","20,45,7","20,44,6","21,43,9","22,42,8","20,38,7","18,35,4","19,33,4","23,35,7","26,36,10","28,34,10","25,28,6","27,29,8","31,32,11","29,30,10","23,24,6","22,20,7","27,24,15","26,23,17","26,22,18","26,22,18","27,22,19","26,22,19","25,19,18","25,18,17","23,14,15","20,11,12","20,11,12","21,11,15","21,11,15","22,12,16","23,12,16","23,12,16","22,12,16","21,12,15","17,9,15","113,117,38","113,116,38","113,117,39","113,117,40","113,117,40","113,117,42","113,117,43","114,116,44","112,117,46","111,116,46","107,115,45","102,111,42","96,107,39","89,103,34","83,99,30","78,96,27","75,94,27","72,96,28","66,95,27","62,94,25","59,93,24","57,91,22","55,91,21","54,90,20","54,91,21","56,93,23","57,95,25","58,96,26","50,90,19","45,86,15","48,89,20","54,96,26","54,95,26","52,94,24","52,95,25","52,95,25","51,94,23","53,97,25","59,103,31","59,103,31","47,91,19","53,95,23","53,96,24","62,102,32","61,101,31","62,101,31","65,103,33","66,104,34","67,103,35","67,102,35","66,100,33","66,99,32","66,99,32","66,97,31","70,99,31","71,99,29","65,92,21","66,93,21","68,95,25","66,90,23","66,89,25","67,88,30","63,83,29","65,85,37","72,91,50","20,40,10","8,25,1","28,46,16","60,79,46","62,82,50","55,77,44","48,71,37","37,63,29","61,91,51","41,71,31","85,114,76","69,98,59","38,67,28","39,69,30","48,77,38","31,60,22","29,58,19","53,81,42","40,70,29","40,68,26","38,66,23","39,67,22","37,66,19","35,64,17","42,70,23","36,64,15","50,77,27","45,71,20","43,69,17","42,69,18","42,70,17","43,71,17","45,73,19","45,74,20","40,69,15","59,87,32","57,85,30","52,79,25","52,77,23","55,80,24","58,83,27","58,81,25","55,77,21","51,72,16","60,81,23","60,80,20","66,84,24","74,91,33","72,88,34","67,80,36","93,104,69","25,32,17","9,15,2","30,37,21","31,39,21","61,72,46","97,110,73","49,65,23","88,105,60","44,61,19","75,92,54","72,89,52","84,101,60","85,104,58","62,81,33","50,69,21","66,87,39","77,101,53","47,73,24","51,78,27","58,87,35","49,80,25","34,69,11","35,71,12","43,82,20","43,84,20","42,85,19","30,76,7","30,76,5","34,81,10","35,84,14","32,82,14","29,79,12","30,81,12","31,82,13","26,78,9","25,77,8","26,78,9","25,77,9","22,74,7","20,73,6","18,70,5","16,66,3","14,64,4","13,62,3","12,60,2","12,57,2","12,55,2","15,54,6","20,52,11","21,48,11","19,44,8","20,43,7","21,42,7","21,43,7","23,44,8","23,45,8","22,47,8","19,46,7","18,48,7","19,49,9","20,51,10","22,52,11","24,51,11","25,51,11","26,50,11","24,50,10","22,50,10","19,49,8","18,46,7","17,45,6","18,45,6","19,45,7","18,45,6","18,44,6","16,44,4","18,46,7","18,47,7","18,47,8","19,50,9","21,53,12","22,55,14","20,55,12","15,50,10","12,48,6","14,49,9","14,50,9","14,49,9","16,49,10","17,49,12","20,49,15","21,48,14","20,46,13","18,44,11","19,43,10","21,45,11","23,46,11","22,44,10","19,42,7","22,45,8","27,53,13","29,55,15","27,53,13","22,50,10","17,48,7","15,46,4","14,43,2","14,43,2","18,44,6","19,43,5","17,40,4","15,36,2","16,35,3","21,37,6","25,40,11","26,39,12","22,33,6","20,30,5","22,31,7","24,32,8","23,30,8","22,25,9","23,22,11","24,21,12","23,19,13","27,20,15","29,22,17","29,22,18","29,20,18","28,18,17","26,15,15","21,10,10","23,12,12","24,12,15","23,12,14","23,12,15","23,12,16","24,13,17","22,13,15","19,13,15","20,13,20","109,115,38","109,115,38","108,114,39","108,114,39","108,114,39","108,113,41","107,112,40","107,112,42","106,112,42","104,111,43","101,111,42","98,109,40","93,108,39","87,105,36","82,101,33","76,98,29","72,94,27","67,93,24","68,98,30","68,100,32","66,99,30","63,96,27","59,94,24","58,94,24","61,97,27","62,99,29","62,99,29","59,96,26","50,88,18","44,83,12","48,88,17","55,95,24","54,94,23","54,94,23","58,99,28","60,100,29","55,96,25","52,95,23","59,102,30","65,107,35","44,86,14","65,105,34","56,96,25","66,105,34","58,96,26","59,96,26","67,103,33","69,104,34","70,104,35","71,104,35","72,103,36","71,102,35","71,101,33","71,99,32","74,100,32","75,100,31","71,94,24","71,94,22","72,95,23","71,93,23","71,92,26","73,91,32","70,87,34","83,100,54","100,115,81","1,14,0","3,20,1","71,91,64","105,127,96","75,100,66","47,74,35","44,72,32","45,75,34","56,87,46","28,60,19","95,126,87","74,106,67","50,81,43","46,77,40","50,80,43","46,76,40","51,81,44","79,109,71","46,77,36","32,62,21","47,78,35","51,80,35","44,73,27","49,79,30","53,83,33","33,63,12","49,76,25","43,70,19","41,69,18","42,71,19","43,72,18","43,73,19","47,77,23","49,81,26","43,75,19","52,83,26","52,81,24","50,79,21","52,78,20","55,80,22","58,82,24","60,81,24","58,77,21","55,74,16","68,86,28","73,90,29","67,84,22","58,73,12","61,74,18","91,100,55","102,108,76","37,39,26","40,42,33","44,46,37","45,48,34","71,79,52","91,103,61","51,65,15","90,108,55","60,78,31","88,105,68","83,100,65","72,88,49","74,90,44","72,88,40","58,76,28","76,96,47","81,101,55","65,88,40","76,100,52","70,97,48","47,77,26","39,72,17","51,86,29","43,79,20","48,88,26","41,81,18","44,86,19","35,80,10","38,84,14","40,87,18","29,78,10","28,78,10","34,85,16","37,88,19","29,82,12","26,80,9","27,82,11","26,81,11","22,78,7","21,74,5","19,72,4","18,69,3","17,67,4","16,64,5","14,61,4","14,58,3","14,56,3","16,55,7","21,56,14","20,50,12","19,44,8","20,42,6","22,41,7","24,42,8","25,43,8","22,43,6","21,43,5","24,52,12","19,50,9","17,49,8","16,48,7","17,48,8","20,48,9","23,48,9","26,48,10","26,49,10","22,49,11","20,49,10","20,48,10","19,46,8","19,44,7","18,42,6","17,41,5","17,41,5","17,41,5","27,51,15","27,52,15","23,49,12","20,48,10","18,47,9","17,48,9","17,49,10","14,49,9","14,49,9","12,45,6","10,43,4","10,42,4","12,41,6","14,40,8","16,41,11","18,41,11","19,38,12","17,37,10","23,41,13","24,43,15","23,42,13","22,41,10","21,41,9","23,44,10","23,47,11","25,49,11","25,51,12","21,51,9","16,50,6","14,48,3","14,46,2","13,46,1","15,46,4","17,46,5","18,44,6","19,43,6","19,42,7","21,41,9","23,43,10","24,42,12","21,37,8","20,34,8","21,35,9","22,35,9","22,33,9","24,30,11","28,28,15","29,25,14","29,23,15","29,22,15","31,22,17","30,21,16","29,19,15","28,15,14","27,13,13","25,12,12","26,12,12","24,12,14","24,12,14","23,12,15","23,12,16","23,12,16","21,13,17","19,13,18","18,11,18","106,112,38","106,112,38","107,112,38","108,112,38","109,113,40","109,112,41","109,112,41","109,112,43","108,113,44","107,114,46","105,113,46","100,110,44","95,108,41","89,105,38","84,102,36","80,100,33","76,99,31","73,98,31","67,97,29","66,98,31","65,98,30","62,95,27","58,91,23","55,90,22","58,93,25","58,93,25","55,90,22","54,90,22","50,87,18","49,86,17","55,92,23","60,98,28","54,94,24","51,91,21","57,97,27","60,100,30","59,100,29","57,99,27","61,102,30","64,104,33","50,90,19","69,109,38","64,103,32","70,108,38","62,98,28","61,96,26","68,101,32","69,102,33","71,102,34","73,104,36","75,104,37","75,105,37","75,104,37","76,104,37","79,105,37","80,104,35","77,100,30","75,97,25","75,97,26","78,98,29","79,98,32","77,94,36","73,89,37","89,105,61","107,122,88","6,22,2","15,33,8","102,121,94","102,124,94","85,110,76","64,90,54","55,82,44","63,91,51","36,67,26","17,49,8","67,98,57","60,91,50","47,78,38","40,70,32","43,73,36","54,84,48","55,85,49","53,83,45","55,86,45","41,71,30","54,82,40","54,83,38","44,73,27","40,69,21","39,69,20","44,73,23","49,76,25","46,73,20","47,75,22","48,77,23","44,74,20","40,71,16","45,75,19","51,82,25","51,82,25","50,80,23","51,80,22","54,81,23","57,83,25","61,85,27","63,86,28","66,87,28","68,88,29","70,87,29","62,78,19","73,86,26","82,96,34","81,94,33","80,90,35","85,92,47","38,41,11","32,31,17","60,59,53","76,74,67","72,74,60","77,82,54","87,96,53","80,92,41","75,92,38","60,77,27","73,89,51","90,105,71","82,97,59","89,105,59","99,116,67","76,94,46","89,108,60","65,84,38","50,73,25","54,78,30","38,64,18","37,66,18","58,89,36","64,98,42","51,86,28","19,59,5","49,89,27","41,84,17","33,77,8","32,77,8","32,79,10","28,76,7","26,77,7","34,85,16","38,90,18","33,86,14","31,86,12","32,88,14","30,87,13","24,82,9","23,79,8","23,78,10","25,77,11","24,75,11","23,71,10","22,68,10","21,66,10","19,63,9","19,60,9","21,57,14","19,51,10","17,44,5","19,42,4","24,43,6","26,43,7","25,43,7","21,42,4","17,42,3","21,49,9","18,49,8","17,49,8","18,50,9","20,51,12","22,51,13","24,48,11","25,45,9","22,42,8","22,46,12","19,44,10","17,42,8","17,42,7","20,43,9","22,45,12","24,46,12","22,43,11","19,40,7","26,48,15","26,49,15","22,46,12","19,45,10","17,45,9","16,46,10","16,48,11","15,48,11","14,48,11","15,47,10","15,46,9","15,44,9","15,42,9","16,43,11","18,43,13","21,43,14","22,40,14","20,38,12","21,39,12","21,40,12","21,40,11","20,39,8","20,40,7","20,42,8","20,45,8","22,48,9","23,50,11","21,51,9","20,51,9","19,52,9","20,52,9","20,51,9","20,48,8","21,49,9","24,50,12","27,51,15","27,50,15","26,47,14","26,45,15","24,43,15","24,39,12","26,40,15","27,40,15","25,37,13","20,31,8","22,28,9","30,29,18","30,27,18","30,24,18","30,23,17","30,22,17","30,21,16","27,17,14","25,14,13","25,12,13","26,11,14","26,11,14","24,12,16","24,12,16","23,12,17","23,12,18","23,12,18","22,13,18","21,12,18","16,9,16","100,105,32","101,106,33","102,107,34","104,108,35","106,109,38","108,111,41","109,112,43","110,113,45","109,114,47","113,118,52","109,117,50","103,113,47","96,108,43","90,105,39","87,103,38","84,103,37","84,105,39","83,108,42","70,100,33","69,101,34","69,101,34","66,98,31","61,93,26","58,92,24","61,95,27","58,93,25","52,87,19","56,91,23","54,90,22","54,91,22","61,98,29","64,101,32","55,94,24","48,87,18","54,94,24","58,98,28","58,99,28","57,99,27","60,101,29","61,100,29","50,89,19","63,102,31","64,101,31","73,109,39","71,107,37","70,104,35","73,106,37","73,105,37","74,104,36","73,104,36","74,103,36","74,102,35","73,102,35","74,101,35","78,103,36","83,105,38","83,105,38","80,101,32","79,100,31","85,103,37","84,101,38","77,93,36","72,87,37","85,99,57","99,112,78","20,34,5","13,23,9","73,89,66","67,86,58","70,92,62","71,94,61","58,83,46","48,74,35","42,70,30","34,65,24","49,79,38","50,80,39","41,71,32","41,70,32","49,78,41","51,80,44","39,68,33","17,46,8","70,100,59","61,89,49","71,100,57","88,117,73","83,112,68","51,80,34","24,53,6","50,78,29","44,71,21","44,71,19","50,77,23","53,81,26","47,76,20","40,70,13","42,72,15","49,79,22","50,79,20","48,77,18","52,80,20","57,83,24","62,86,26","65,87,27","67,87,28","70,88,27","74,91,31","78,94,34","86,99,40","72,83,24","68,78,18","78,86,27","92,99,45","111,115,72","30,31,6","13,11,1","16,14,9","41,37,31","96,95,81","125,128,99","93,101,57","60,70,17","83,96,42","83,98,48","58,71,33","98,111,76","82,96,57","58,73,28","64,81,33","70,87,40","82,100,53","75,94,48","62,84,37","59,82,35","56,82,34","65,94,43","72,103,50","60,93,37","40,76,17","43,81,20","45,85,22","53,94,29","46,89,21","40,84,15","37,84,14","32,82,11","29,81,9","34,86,13","36,89,15","31,86,11","30,88,11","33,91,15","32,91,14","27,86,10","22,80,6","26,82,10","27,82,13","25,79,11","24,76,11","24,73,12","23,72,12","20,67,10","18,62,9","22,60,13","19,52,10","16,46,6","18,44,5","22,45,6","25,46,8","24,45,8","20,42,4","15,40,1","13,41,2","12,44,4","16,48,7","20,52,11","24,54,15","25,53,17","25,49,13","23,42,8","19,37,5","27,50,17","25,48,15","21,44,12","21,43,11","23,44,12","25,45,15","24,44,12","20,39,9","14,34,3","19,38,8","20,40,9","20,42,10","21,45,13","23,49,15","23,50,18","22,51,16","18,48,15","15,46,11","17,47,11","17,46,10","16,44,9","17,43,10","17,42,11","19,42,13","22,42,14","21,39,13","20,38,12","19,38,11","20,39,11","21,40,12","22,42,11","22,43,10","20,44,8","21,47,8","23,49,10","25,53,12","23,52,11","21,53,10","24,55,13","26,56,15","26,56,16","24,51,12","23,49,12","24,49,13","27,49,16","28,49,18","28,48,18","30,47,19","30,45,19","27,41,15","26,40,16","27,39,15","23,34,11","18,27,6","19,25,7","26,27,16","27,25,16","27,22,17","26,21,16","28,22,17","28,19,16","27,16,15","26,14,14","25,12,14","27,12,16","25,10,13","23,10,15","25,13,18","24,13,19","23,12,19","22,11,17","22,12,19","22,12,21","16,9,17","99,102,31","99,102,31","100,102,32","101,102,32","103,104,35","104,105,37","104,105,38","104,107,40","102,107,41","104,109,43","101,109,43","99,109,43","97,108,43","93,106,42","89,105,40","84,103,38","81,101,37","78,101,35","68,97,31","70,101,34","72,104,37","69,101,34","65,97,30","66,98,31","71,103,36","68,103,35","61,96,28","59,94,26","56,91,23","56,91,23","61,98,29","65,102,33","56,93,24","50,87,18","55,94,25","60,100,30","55,95,24","54,94,23","61,99,28","65,101,31","60,96,26","65,102,32","67,102,32","74,109,39","76,109,40","76,107,39","76,107,39","76,106,38","75,104,37","75,103,36","76,103,36","76,102,35","76,102,35","77,101,36","76,100,34","78,99,34","85,106,40","82,102,34","80,100,32","89,106,41","87,103,41","79,94,37","76,90,41","83,95,54","74,85,53","14,26,4","46,59,35","94,109,84","120,137,111","80,99,71","61,81,51","69,90,56","52,77,38","57,85,45","58,86,45","52,79,39","53,80,40","48,75,37","59,87,49","71,99,62","60,87,52","43,70,35","45,73,35","64,92,52","48,76,36","49,77,36","60,89,46","61,90,46","47,76,30","39,68,21","50,78,28","40,67,16","41,67,14","48,74,20","53,80,25","51,79,23","45,73,16","44,73,15","48,77,18","46,75,14","46,74,14","51,77,15","56,81,20","61,83,22","63,84,22","64,83,21","67,84,22","72,87,25","76,90,28","85,94,36","85,93,37","84,91,33","75,80,23","78,83,31","127,129,86","43,42,13","8,5,2","12,8,7","40,36,30","69,66,50","96,97,68","105,111,67","75,83,31","75,84,30","86,97,47","73,82,44","87,98,63","84,96,57","70,85,41","77,93,47","98,115,70","72,89,44","68,87,41","67,88,41","59,83,35","68,94,46","76,104,54","59,89,38","31,64,11","35,70,13","48,86,25","48,87,24","46,86,21","51,94,26","46,90,21","40,87,17","40,90,18","33,85,11","34,86,12","32,88,11","27,84,7","28,87,9","32,91,14","32,92,15","26,87,10","21,82,5","27,86,11","27,86,13","24,80,10","23,77,10","25,77,13","25,76,14","21,71,11","18,65,9","21,61,13","19,56,11","19,52,9","20,49,8","24,48,8","25,47,8","25,46,7","20,43,5","16,41,3","16,44,6","12,44,5","12,44,5","13,45,6","17,46,9","20,46,12","23,45,12","26,43,11","25,41,10","30,49,20","27,47,18","25,44,16","24,42,14","24,42,14","25,42,15","23,40,12","20,35,9","13,30,3","24,39,13","24,41,13","22,40,12","21,42,13","21,44,14","21,45,16","20,47,15","19,45,15","17,44,12","14,41,8","12,39,4","11,37,3","11,36,4","12,36,5","14,36,7","15,35,7","14,32,6","13,31,5","17,36,9","21,40,12","22,42,13","23,44,12","21,44,10","18,43,7","17,44,5","19,46,6","21,50,8","20,50,9","21,52,11","24,55,14","28,56,17","28,56,18","26,52,15","23,49,12","22,46,12","23,44,13","24,43,13","26,43,15","29,45,18","30,45,20","27,40,15","25,37,15","26,36,14","24,33,12","21,29,10","23,28,13","30,31,21","28,28,20","27,25,20","28,24,19","29,22,19","28,20,18","27,16,16","25,14,15","25,12,15","27,12,17","24,9,14","22,9,16","25,12,19","25,14,21","23,12,20","21,10,18","21,11,20","23,13,22","16,9,18","102,105,35","102,105,35","103,104,35","103,104,35","103,104,35","102,103,36","102,103,36","100,103,37","98,103,37","93,98,33","91,98,34","91,100,37","91,101,38","89,101,38","84,100,37","79,97,34","74,93,30","70,91,27","60,88,23","63,93,28","66,97,32","63,93,28","58,89,24","60,92,26","69,101,35","68,101,35","61,94,28","61,95,28","57,92,25","55,90,23","60,96,29","63,100,33","56,93,25","53,90,22","59,97,29","63,101,32","59,97,27","59,96,25","66,102,31","71,107,35","72,106,36","74,108,38","76,109,39","79,111,41","79,110,40","78,109,39","78,108,40","79,107,39","78,106,38","79,105,37","79,105,37","80,105,38","81,105,38","83,105,40","78,100,35","76,97,32","87,108,43","83,102,36","77,96,30","87,104,40","87,102,42","82,96,40","86,100,51","91,102,62","67,76,44","20,29,8","67,77,55","58,71,48","109,122,98","77,92,65","65,81,52","82,101,67","56,78,40","57,83,42","49,76,34","54,80,40","43,70,30","45,71,32","57,83,45","63,89,53","54,79,43","45,71,35","72,99,61","56,83,46","62,88,49","64,92,51","59,87,44","48,77,33","50,79,33","70,98,52","54,82,33","50,77,25","49,74,21","52,78,23","56,82,27","54,81,25","50,78,20","48,76,18","47,75,16","40,67,6","49,75,14","55,79,16","60,82,19","64,84,22","68,86,23","71,85,23","74,87,24","78,89,27","81,90,30","81,87,30","99,102,47","105,107,51","86,88,32","81,82,31","121,121,79","31,28,2","12,8,0","19,13,8","31,25,17","50,47,31","85,84,56","99,102,59","60,65,16","89,95,41","97,105,55","49,55,17","70,78,43","86,96,57","81,95,51","86,102,56","95,111,66","45,62,17","38,57,12","64,86,40","66,89,43","77,102,54","76,103,54","55,85,35","38,71,20","50,83,27","68,105,45","51,90,27","46,86,21","49,92,24","48,92,23","43,90,20","41,92,18","34,86,11","32,86,10","31,88,9","26,85,6","27,87,8","31,92,12","31,92,13","26,89,10","25,87,9","30,92,15","30,91,16","24,84,12","23,81,12","27,82,15","29,82,18","25,78,16","21,70,13","18,61,9","21,60,12","23,58,13","24,55,12","25,51,10","25,49,8","23,47,7","21,45,7","20,45,7","18,48,10","14,45,7","10,42,4","8,39,2","10,38,4","14,39,6","20,40,9","25,41,10","26,40,13","17,33,7","16,33,6","18,34,8","21,36,11","24,38,13","27,40,16","27,40,15","26,39,15","24,37,12","30,43,19","28,42,17","24,39,14","20,37,11","17,36,10","16,37,11","16,39,10","17,40,13","16,40,11","18,42,11","18,42,10","16,40,8","16,39,9","17,38,9","18,38,11","19,38,11","17,35,9","15,33,7","15,34,7","18,37,9","20,40,11","20,42,10","18,43,8","15,42,4","12,42,1","15,45,3","18,48,6","20,51,9","21,52,11","22,52,12","24,52,14","24,52,14","23,49,13","23,47,13","23,45,13","22,43,12","24,43,14","27,43,16","28,44,17","28,42,17","25,37,14","26,35,14","27,36,15","26,34,14","22,30,12","24,29,15","32,33,25","30,31,24","29,28,23","29,26,21","29,24,21","29,22,20","27,18,18","25,14,16","24,13,15","27,14,18","22,8,14","21,8,16","26,13,21","26,14,23","23,11,21","20,8,18","21,11,20","24,15,24","20,12,23","98,101,32","98,101,32","99,102,33","100,101,33","100,101,34","100,101,35","99,101,36","99,101,36","97,102,38","93,98,35","89,96,33","85,94,32","80,91,29","76,89,27","73,88,26","71,90,27","72,91,29","72,94,30","64,91,27","67,97,33","70,100,36","65,95,31","58,89,24","58,90,25","67,99,34","67,99,34","59,91,26","64,98,32","61,96,30","57,92,26","61,96,30","63,99,32","55,92,25","52,89,22","58,95,28","62,98,30","64,100,31","66,102,31","67,101,29","65,99,27","67,100,29","69,102,31","76,108,38","77,108,38","77,106,37","81,109,40","86,112,43","85,111,42","83,109,41","83,107,39","83,106,38","83,107,39","85,107,40","86,107,40","81,102,37","81,102,37","93,114,49","86,104,38","76,93,28","85,100,37","85,98,38","83,94,40","93,104,56","92,100,61","51,58,27","42,50,23","88,96,75","54,64,43","88,98,75","89,101,76","83,97,68","73,89,56","51,70,33","72,94,55","50,75,32","79,102,63","52,77,36","57,81,42","59,83,44","52,76,38","52,76,40","54,79,42","79,104,68","55,81,44","55,81,43","48,74,35","53,80,39","53,81,39","53,82,38","75,104,59","55,83,35","57,82,31","52,77,23","52,77,22","56,81,26","57,83,27","58,83,26","59,85,27","57,83,24","48,74,12","54,79,17","59,82,19","63,84,20","68,86,22","73,89,24","78,91,27","81,93,27","85,94,30","87,93,33","94,96,40","90,89,35","88,87,32","101,100,45","124,122,72","121,119,81","15,10,0","36,30,19","16,10,5","42,35,27","47,42,27","77,75,47","120,122,78","87,91,39","85,89,34","105,110,59","68,70,32","101,105,70","93,102,63","71,83,40","71,85,39","66,81,36","45,62,17","42,60,15","77,97,52","69,90,44","60,84,37","48,74,27","41,70,20","51,83,30","64,97,41","66,102,43","53,91,30","43,83,19","43,84,18","47,90,22","46,93,22","39,90,16","32,84,9","32,86,9","32,89,10","28,87,7","29,89,9","32,93,13","30,93,12","24,88,7","22,86,7","27,91,12","26,88,13","19,81,7","17,77,6","21,79,11","25,81,15","23,77,14","19,70,10","15,62,7","21,63,13","25,63,15","26,59,13","24,54,10","23,49,7","21,46,6","21,47,7","22,48,9","14,44,6","13,44,7","12,44,7","12,43,8","15,42,9","17,40,9","18,36,7","17,31,5","15,27,3","12,25,2","14,27,4","17,29,8","21,32,10","23,33,12","25,33,13","25,34,12","24,32,13","25,34,12","24,33,14","24,33,12","22,34,13","21,34,12","20,35,12","19,36,13","18,37,12","16,34,11","13,33,8","19,40,12","20,42,12","19,41,11","18,39,11","19,39,11","20,38,12","20,38,12","18,36,10","16,34,8","11,29,4","10,30,2","14,35,4","17,40,6","17,43,6","14,44,4","14,46,4","17,50,6","21,54,10","23,55,13","23,52,13","21,49,11","18,46,8","17,45,7","21,47,12","23,48,13","25,47,15","26,47,16","32,51,21","37,53,26","32,47,21","27,40,16","23,35,13","26,36,15","28,37,16","25,33,14","18,25,8","17,23,9","25,30,20","25,28,21","25,25,20","26,24,19","27,23,20","28,22,19","27,19,19","26,16,17","26,15,17","27,15,19","20,7,14","20,7,16","26,13,22","27,15,25","23,11,21","19,7,17","20,10,19","25,15,24","19,12,21","90,95,27","91,96,29","93,97,30","96,99,33","98,100,34","99,101,35","99,101,36","98,101,37","96,100,38","92,97,36","89,97,35","86,95,35","80,93,32","74,89,29","68,87,26","67,87,26","73,93,31","77,100,38","68,94,31","70,98,34","71,100,36","65,95,31","57,87,23","58,88,24","68,98,34","68,100,35","60,92,27","67,100,35","63,95,30","57,91,25","62,97,31","65,100,34","54,90,24","52,88,21","63,98,32","66,101,34","70,104,35","71,105,33","70,102,29","69,101,28","71,103,30","75,107,35","81,111,39","82,112,40","83,111,41","83,109,39","82,107,38","85,108,38","86,109,40","87,108,39","85,106,37","86,107,38","88,109,40","91,111,43","83,102,37","75,95,30","90,109,45","83,100,34","72,88,23","83,97,34","86,98,38","87,96,42","99,106,59","101,107,68","61,64,36","14,19,5","23,27,13","33,38,19","67,74,52","88,97,73","87,98,70","70,83,51","57,73,36","72,90,50","63,84,41","65,86,45","47,69,29","71,93,54","71,92,54","47,69,32","44,67,31","50,74,38","55,78,42","36,61,25","41,67,28","53,79,40","57,84,44","54,81,39","51,78,35","57,84,40","52,80,32","71,95,45","53,76,24","36,59,9","45,69,17","56,80,25","57,80,24","57,81,23","49,74,16","58,82,21","60,81,20","67,86,25","72,89,27","75,88,25","76,87,23","77,86,22","77,83,18","81,86,22","93,95,35","95,93,38","99,97,43","100,97,43","102,99,45","117,114,64","120,117,77","58,53,29","26,19,12","56,47,43","146,139,130","119,113,98","94,91,61","141,140,96","121,122,68","93,94,37","116,118,67","63,64,24","83,84,48","78,83,45","71,82,39","76,89,45","57,71,28","60,75,32","97,113,71","48,66,24","98,118,75","83,105,60","58,83,36","60,88,39","58,88,36","51,84,29","70,105,47","68,106,45","37,76,15","28,69,6","39,81,14","42,88,18","36,86,12","38,90,15","38,92,15","30,87,8","25,83,3","25,85,5","28,90,9","29,92,11","25,89,8","17,82,2","23,88,8","22,84,9","16,78,5","15,76,5","20,78,10","21,79,12","17,73,9","12,65,4","16,66,9","18,65,11","22,63,11","24,61,10","23,57,8","23,53,8","22,49,7","20,47,6","17,46,6","12,42,4","13,44,7","15,46,11","17,45,13","17,43,12","16,37,9","15,32,6","16,28,4","16,25,4","17,26,7","19,28,9","22,30,12","24,31,13","24,30,13","23,27,12","22,27,9","21,26,10","22,27,10","18,22,6","22,27,10","22,28,11","22,30,12","23,34,15","21,33,15","16,29,9","20,34,15","15,30,9","18,36,11","18,37,8","13,33,5","12,29,3","13,30,3","16,32,6","19,35,9","19,36,10","18,36,10","14,32,5","13,33,4","16,39,7","19,45,9","20,48,9","17,48,7","18,51,8","21,56,11","26,61,15","25,58,15","23,53,13","22,51,12","21,49,11","20,48,10","20,47,10","21,45,11","23,45,13","23,45,13","22,41,12","22,38,11","23,38,12","23,37,12","24,37,13","30,39,18","33,42,21","30,39,18","24,32,13","19,27,11","17,25,13","19,25,15","21,24,17","21,22,16","23,21,18","25,20,17","24,18,16","23,14,14","23,13,14","28,16,20","24,12,16","22,10,17","24,11,19","24,13,20","22,11,19","22,10,19","23,13,22","25,15,24","16,8,16","84,89,22","85,91,24","88,93,27","90,95,29","91,96,30","92,97,32","92,96,33","90,94,33","88,94,32","83,91,31","82,92,31","81,94,33","81,96,35","80,98,36","77,98,37","75,97,35","73,95,34","70,95,33","63,89,26","63,90,28","62,92,28","59,88,25","55,85,21","56,86,22","63,93,29","64,94,31","60,92,27","66,98,34","63,95,30","58,91,26","63,98,32","67,102,36","58,93,28","57,92,26","66,101,35","70,103,36","67,98,29","64,95,24","67,98,25","72,102,30","77,107,35","81,110,38","82,109,38","78,105,34","75,101,30","78,102,32","83,106,36","86,107,38","88,109,40","90,109,40","88,107,38","88,107,38","88,108,39","91,110,42","87,106,39","85,103,37","95,113,46","87,104,36","79,94,27","88,101,36","87,97,36","81,89,34","85,91,45","118,123,84","138,141,113","3,5,0","6,8,1","39,41,24","81,86,64","91,98,73","101,109,81","98,108,76","70,82,46","84,100,61","70,88,47","51,69,28","44,63,22","65,84,45","81,99,62","72,92,56","63,83,48","80,103,67","62,84,49","63,87,51","58,82,46","56,81,43","44,70,31","43,70,30","58,85,44","62,89,47","82,108,63","72,96,48","62,84,35","57,78,30","58,80,30","56,78,25","51,73,20","54,76,20","54,77,19","51,72,14","58,76,16","68,84,23","73,87,25","75,86,24","77,86,23","82,88,24","82,86,23","85,87,22","96,96,36","100,96,42","111,105,54","119,114,60","116,112,57","113,110,60","135,132,94","205,200,172","129,121,108","203,196,189","227,220,211","143,138,121","94,90,60","122,121,76","104,104,50","81,82,25","118,118,66","83,81,39","101,100,63","99,103,65","99,107,66","93,105,63","58,71,28","51,66,23","51,66,25","54,72,30","79,97,56","69,90,47","57,81,36","62,89,41","68,97,47","63,93,41","69,102,45","44,80,19","60,98,35","66,105,41","52,93,26","38,83,13","36,84,12","36,87,12","36,88,13","35,88,11","31,87,9","27,86,6","25,85,5","25,87,7","25,88,9","23,87,8","26,89,12","22,84,9","14,76,3","12,72,2","17,76,8","21,78,12","21,77,13","18,73,11","15,69,9","18,67,11","21,66,11","23,63,11","25,60,10","25,57,9","24,53,8","22,50,8","20,48,8","17,47,9","16,47,13","16,45,13","14,41,11","12,36,8","13,32,6","16,29,7","20,29,9","22,29,11","21,25,11","22,26,12","23,26,13","23,25,12","23,24,12","23,22,11","23,23,11","24,24,12","27,26,15","24,23,12","26,27,15","22,24,11","19,23,9","20,26,12","18,25,10","13,24,8","24,35,19","21,33,16","20,35,11","18,33,8","16,32,5","14,30,4","14,30,4","15,31,6","18,33,8","19,35,10","19,36,11","19,38,10","21,42,12","22,47,13","22,50,13","20,52,10","16,50,7","15,51,5","17,55,7","21,59,10","19,55,9","17,50,7","20,51,10","24,54,14","26,55,16","26,54,16","24,51,14","22,47,11","20,43,10","21,42,11","25,43,13","26,43,15","25,41,14","25,39,14","28,40,16","29,39,17","26,35,14","19,28,8","16,24,8","19,27,14","20,28,16","20,26,15","20,23,16","22,22,17","25,22,18","24,19,16","20,13,11","20,10,11","27,16,18","24,12,15","23,11,15","25,12,18","24,13,19","23,12,20","24,13,21","26,15,23","26,16,24","17,7,14","79,88,20","78,88,21","80,89,23","81,89,24","82,90,25","83,90,26","82,90,28","82,89,28","80,89,29","83,93,33","81,93,32","76,91,31","73,90,31","71,91,31","71,94,35","74,98,38","74,100,40","72,99,38","72,99,38","69,97,36","67,95,34","67,95,34","67,95,34","67,95,34","65,94,33","65,95,33","67,97,35","67,98,35","62,94,31","60,92,29","65,97,34","68,101,38","63,98,34","61,96,32","66,101,37","70,103,38","71,101,33","72,101,30","75,104,32","79,106,35","82,109,38","84,111,40","84,110,39","82,107,37","80,103,33","82,104,34","86,107,38","89,108,39","91,110,41","93,110,42","92,109,41","91,107,39","90,107,39","90,106,38","88,105,37","89,106,38","94,111,42","88,103,35","86,100,33","94,106,39","89,100,36","78,86,29","74,78,30","105,107,67","139,139,108","14,14,0","24,23,4","31,31,11","71,72,51","88,90,65","108,112,83","118,124,92","82,93,55","49,64,22","65,82,38","56,73,31","67,85,43","67,84,45","67,83,47","60,78,42","54,73,39","79,101,65","30,50,17","63,86,51","59,83,47","56,81,44","44,70,32","54,80,41","71,98,57","42,68,27","60,85,43","57,79,34","56,75,30","65,84,39","60,79,32","48,68,19","46,66,15","58,78,25","77,96,42","65,84,29","58,75,17","65,80,21","71,82,22","73,82,21","79,85,23","87,91,28","90,91,29","90,89,26","97,94,34","115,110,56","90,84,35","91,86,34","126,122,68","121,118,71","64,61,30","255,254,225","249,245,228","253,249,239","236,232,221","150,147,128","101,100,67","126,127,80","110,113,56","81,82,24","106,106,52","79,76,33","85,84,46","99,103,65","96,104,63","79,91,49","77,90,47","94,109,66","41,56,15","83,100,58","51,69,30","43,64,22","51,75,30","59,85,37","75,103,54","99,130,78","72,105,50","40,74,17","53,91,30","65,103,40","52,92,25","39,81,12","42,88,16","38,85,12","34,84,10","32,84,9","30,84,8","29,84,7","26,85,8","27,87,9","27,88,11","25,87,10","29,91,14","27,89,14","21,82,10","18,78,8","19,78,12","22,79,16","23,79,16","20,76,13","17,73,10","19,71,11","21,70,11","24,67,12","26,64,11","26,59,11","25,56,10","24,53,10","22,51,11","19,49,11","18,49,15","18,48,16","18,45,15","17,40,14","18,34,12","18,30,12","22,29,11","24,27,13","25,26,16","26,26,17","25,25,16","24,22,13","22,20,11","23,19,11","24,20,12","26,22,14","30,26,18","23,19,11","26,22,14","23,21,13","22,22,12","23,25,15","21,23,13","16,21,10","27,32,21","22,29,16","21,33,13","21,35,11","22,36,12","22,36,13","20,34,11","18,32,9","16,30,7","16,31,8","16,33,8","12,30,4","10,32,3","12,37,4","14,42,6","15,47,6","15,51,7","16,55,7","20,60,10","24,65,14","21,59,10","17,53,7","20,54,10","22,56,12","24,56,14","24,56,14","25,55,15","25,52,14","24,50,13","22,46,11","22,43,10","24,43,13","24,41,11","23,38,11","24,39,12","26,39,14","23,36,11","18,31,7","16,27,7","19,30,14","21,30,16","21,27,15","21,25,15","25,27,17","30,29,22","29,25,20","24,18,14","21,13,10","25,15,15","22,12,13","22,10,12","24,12,15","26,14,17","25,12,17","24,12,18","25,15,19","26,17,21","20,11,15","81,93,26","80,91,24","79,90,24","78,89,24","77,89,24","79,88,26","79,90,28","81,91,31","81,93,32","71,84,24","73,88,27","75,93,33","75,95,36","73,95,35","70,95,36","69,96,36","66,95,35","63,92,33","71,100,39","70,98,37","66,94,33","67,95,34","69,97,36","67,95,34","61,89,28","60,90,28","65,95,33","68,98,36","67,98,35","66,97,35","68,100,37","71,103,40","70,104,40","67,101,37","67,101,37","71,102,38","78,108,40","83,111,40","83,109,38","81,108,36","80,107,35","82,107,35","84,108,37","86,109,38","88,110,40","88,109,39","88,108,39","91,109,40","93,110,41","94,111,42","94,110,42","93,108,40","92,106,38","89,104,36","87,102,34","87,103,34","88,105,34","87,101,32","93,106,36","100,112,43","96,106,40","85,91,32","78,82,31","100,101,58","132,131,96","50,48,24","15,12,1","19,17,0","82,81,58","77,78,51","79,81,51","106,110,77","95,103,64","60,72,30","82,96,53","61,75,34","72,88,46","66,82,43","51,67,30","50,67,31","74,92,58","98,117,83","34,53,21","76,97,64","62,85,50","54,78,42","47,72,35","64,90,51","80,106,67","38,64,24","54,79,39","60,81,39","60,78,36","72,91,47","68,87,42","57,76,30","53,72,24","56,75,24","74,91,39","60,77,24","61,75,20","70,82,26","74,83,25","76,82,23","82,85,25","92,92,32","96,95,34","94,91,30","97,92,33","105,99,45","113,106,55","105,98,46","112,108,54","120,117,68","72,69,33","253,250,221","253,252,235","250,247,237","246,243,231","159,157,136","96,96,62","113,116,67","104,108,49","80,81,22","108,109,53","84,81,37","79,78,40","77,81,42","72,81,39","61,72,32","59,70,32","117,130,88","94,109,69","88,104,64","57,74,35","67,86,45","71,93,49","62,86,39","65,93,44","65,95,46","88,121,66","37,71,16","64,100,40","49,87,27","44,84,21","52,93,26","47,89,21","45,90,19","39,85,15","29,78,5","27,78,4","32,84,9","34,89,14","30,89,12","24,84,8","20,80,5","23,84,11","25,86,15","22,82,13","20,78,11","19,76,12","19,75,13","18,73,11","15,72,9","18,75,11","19,74,11","22,72,11","23,68,11","25,65,11","25,60,10","23,55,8","21,52,8","18,49,8","12,44,5","15,46,11","17,47,15","19,46,18","20,41,17","19,35,15","18,29,12","18,24,9","19,21,9","29,27,20","31,27,22","30,26,21","29,24,18","27,20,16","25,18,13","25,17,12","26,18,14","28,20,16","21,12,8","25,18,13","24,19,14","25,22,16","28,28,21","25,26,19","19,22,14","26,29,21","20,25,13","22,31,14","24,36,14","26,38,15","27,39,16","24,37,14","20,33,11","16,30,7","16,31,8","16,33,8","12,32,6","11,33,5","13,38,5","15,43,6","16,49,7","17,54,9","20,59,10","22,65,13","25,69,16","23,64,12","20,58,9","20,57,10","19,56,9","21,55,11","21,55,11","23,56,13","26,56,15","28,56,17","23,49,12","17,41,5","20,42,8","21,41,8","20,37,7","22,39,9","26,40,13","26,40,13","23,37,12","23,35,13","26,37,20","28,39,23","28,36,22","25,31,18","30,33,21","35,36,26","36,34,25","30,25,18","25,17,13","27,17,15","24,14,12","24,12,11","25,13,14","25,13,14","24,12,14","22,10,13","22,12,14","23,14,16","20,11,13","77,90,24","75,88,22","73,87,21","71,85,20","71,84,21","73,84,23","75,87,26","77,89,29","77,92,31","59,76,15","65,84,24","75,95,35","77,99,40","73,97,38","68,94,36","64,93,34","60,91,31","56,86,26","68,97,37","69,96,36","67,94,33","68,96,35","72,100,39","71,99,38","66,94,33","65,95,33","70,100,38","72,102,40","74,104,42","74,105,42","72,104,41","74,106,43","79,111,48","76,108,45","72,104,41","75,106,42","81,109,42","84,110,40","85,111,38","84,110,37","83,109,36","84,107,35","84,107,35","86,108,36","88,109,38","90,110,38","92,110,39","92,109,39","93,109,39","94,109,40","96,110,41","96,109,40","94,107,38","90,104,35","90,104,35","91,106,35","89,105,33","93,106,34","101,113,42","104,115,45","100,108,41","93,99,38","89,93,40","108,109,64","140,138,101","99,95,67","20,16,4","34,31,11","149,145,121","109,108,79","79,79,48","127,129,94","131,136,97","69,79,36","79,92,48","66,78,37","84,97,57","88,101,63","59,73,36","45,60,24","74,90,57","87,104,70","34,53,21","75,94,62","60,82,47","50,74,38","48,72,36","60,85,47","68,94,55","49,75,36","72,97,57","83,104,65","78,97,56","78,96,55","72,90,47","67,84,40","64,81,37","60,78,30","69,85,35","69,85,33","69,80,28","78,87,33","82,88,32","82,86,28","86,87,29","96,94,36","101,98,38","99,94,35","99,93,36","106,98,46","110,103,53","105,99,47","115,111,57","119,116,67","80,78,38","252,250,220","250,249,233","249,248,237","242,242,228","146,147,124","80,82,46","108,112,61","108,113,53","87,90,29","123,124,67","99,97,51","97,96,57","81,84,45","82,90,48","84,94,54","55,66,29","92,104,64","107,120,82","60,76,40","54,70,34","73,92,52","62,84,41","42,66,20","46,74,26","40,69,20","74,107,52","55,88,33","73,109,49","46,84,23","39,78,16","47,87,22","42,82,16","48,90,22","47,90,23","35,81,11","32,81,9","36,87,14","36,89,16","29,84,10","22,79,6","25,82,10","23,81,11","21,79,10","17,76,8","16,73,8","17,73,11","18,73,12","18,72,13","17,73,11","18,77,11","18,76,9","21,73,10","23,69,10","23,64,9","22,60,7","20,55,6","19,50,6","17,48,7","14,46,7","14,45,11","15,45,14","15,42,15","16,37,14","16,31,13","18,28,12","21,25,13","23,24,15","32,28,23","33,28,24","33,27,23","32,24,21","29,21,18","26,17,14","24,14,12","24,14,12","25,14,12","24,13,11","28,19,16","26,17,15","24,19,15","27,23,18","24,22,17","20,20,14","30,30,24","26,29,19","22,29,14","23,31,12","24,33,12","26,35,14","25,35,14","23,35,13","21,34,11","22,36,13","20,38,12","19,39,12","19,42,11","19,45,11","20,49,10","19,53,9","18,56,9","19,61,9","19,63,10","21,65,11","17,61,7","16,57,5","19,58,7","21,59,9","24,61,13","25,61,13","24,59,14","25,58,14","25,56,13","23,52,11","22,48,9","23,48,11","23,46,10","20,41,7","19,40,7","21,40,9","21,39,8","21,37,8","23,37,11","28,41,21","33,45,28","32,42,26","27,34,19","27,31,17","31,33,21","32,30,19","25,22,12","21,14,8","29,19,15","26,16,12","26,15,13","28,16,15","27,15,15","25,13,13","22,11,12","22,12,12","23,14,14","23,15,14","63,79,14","64,79,14","65,80,15","66,81,16","67,82,18","68,82,20","68,84,21","68,83,22","68,84,22","64,82,21","69,89,28","70,92,32","66,89,30","59,85,26","57,86,27","62,93,33","64,97,37","64,95,35","62,91,32","62,88,30","63,89,30","65,91,32","67,93,34","67,95,35","65,93,34","66,95,35","68,97,37","69,99,38","74,104,43","74,105,44","69,101,40","71,102,42","81,112,51","80,112,51","75,106,45","79,110,47","82,110,43","84,109,40","88,112,39","90,113,41","90,114,42","90,112,40","88,110,38","89,109,38","90,110,39","91,110,39","93,110,40","92,108,39","92,107,38","94,108,39","96,109,40","97,110,41","95,108,39","93,105,36","93,107,37","94,110,38","90,106,33","96,110,36","103,116,42","100,111,39","96,104,35","95,100,39","100,102,48","110,109,63","118,115,78","99,95,64","172,167,141","139,135,109","209,208,181","196,195,166","112,111,84","83,84,55","129,134,94","87,96,53","63,74,31","66,78,36","87,99,59","98,110,71","76,89,52","59,73,38","83,98,65","104,121,87","30,49,17","59,78,46","53,73,40","51,74,39","62,86,50","61,86,49","48,73,36","58,83,44","73,98,59","49,67,30","60,77,39","63,79,41","67,84,43","75,92,49","78,95,50","67,83,38","52,67,20","58,72,23","66,77,26","79,87,34","84,89,36","83,85,29","84,84,27","93,91,33","101,96,38","100,94,36","102,94,39","113,104,54","106,99,50","106,101,49","123,119,67","117,115,67","81,79,40","254,254,226","248,246,230","252,252,241","250,251,237","149,151,128","88,92,56","131,137,86","129,134,74","92,97,34","119,121,62","83,81,34","88,87,46","72,75,35","63,70,29","70,79,38","62,73,33","71,83,44","56,68,30","42,57,20","57,73,35","56,75,34","46,68,26","51,75,30","59,87,39","37,66,16","69,102,48","30,63,19","56,91,34","50,88,26","50,89,26","52,91,28","41,80,16","43,82,17","44,85,19","43,85,19","38,84,16","32,82,11","28,79,9","26,80,9","28,84,12","33,89,19","26,83,14","19,76,8","16,73,8","19,74,12","21,76,16","22,76,18","21,75,16","18,75,13","15,76,9","16,75,7","19,72,8","22,69,9","24,65,8","23,61,8","21,56,7","21,52,7","19,50,8","16,48,9","16,47,12","15,45,14","15,41,15","16,36,14","17,31,14","21,30,15","27,29,19","30,30,22","32,27,23","32,25,23","32,23,21","29,20,18","26,16,15","25,13,13","24,12,11","25,12,12","25,14,13","27,15,14","31,21,19","27,18,16","24,18,14","26,21,17","24,21,16","21,20,15","33,32,27","30,31,24","23,28,14","20,28,9","20,29,8","20,29,10","21,30,11","22,32,12","22,34,14","22,36,13","20,36,11","18,37,9","16,39,8","15,42,7","15,46,6","15,51,6","16,55,8","17,60,7","17,61,8","18,62,8","15,59,5","14,57,3","18,59,6","23,62,10","25,65,14","26,64,14","24,61,13","23,57,11","22,54,9","22,52,10","24,53,12","26,52,13","24,49,11","20,44,6","17,41,5","19,40,6","20,42,7","20,40,7","20,37,9","23,37,14","32,45,25","32,44,25","24,33,14","21,26,9","23,26,12","24,24,11","19,17,6","18,12,4","30,21,14","27,18,11","28,17,14","30,19,16","31,20,17","29,18,16","27,16,15","28,17,16","29,19,18","30,22,19","58,77,13","61,79,16","66,84,21","70,88,25","72,90,27","72,90,28","71,89,28","68,86,26","65,85,23","61,82,21","64,87,27","65,89,30","61,87,29","57,86,27","62,92,32","69,100,40","68,102,42","63,94,34","63,93,33","65,94,35","68,95,37","68,96,37","67,96,36","67,97,37","69,99,39","69,99,38","67,97,37","64,94,33","66,97,37","68,99,39","62,95,33","64,97,34","77,109,48","79,111,48","74,105,45","80,110,48","83,110,44","85,109,41","88,111,41","89,111,41","88,111,41","86,107,38","86,107,38","89,109,40","91,111,41","93,112,42","93,110,40","92,108,38","91,106,37","92,106,38","95,108,39","96,109,40","95,108,39","94,108,39","94,107,37","92,105,34","87,101,29","93,107,32","99,112,38","92,102,31","87,95,27","93,98,36","103,107,50","108,109,59","101,99,57","103,101,63","223,221,187","240,237,205","245,242,213","242,239,209","153,151,121","75,75,44","131,135,97","168,175,134","84,95,52","71,82,40","76,89,48","82,96,56","75,91,53","52,69,32","42,59,23","80,98,62","85,105,71","79,98,64","61,81,46","59,79,44","79,100,65","71,94,58","43,67,30","70,95,56","77,101,62","69,90,53","92,110,72","77,95,56","65,83,42","66,82,42","71,87,45","75,90,47","66,79,35","81,93,47","65,74,27","74,81,32","80,84,33","77,78,26","77,77,22","87,84,29","96,91,34","98,91,36","100,93,38","108,101,48","114,107,55","113,109,54","121,119,62","120,120,66","86,88,43","254,255,223","248,247,228","253,252,239","251,250,236","140,139,119","77,77,43","126,128,79","120,123,65","82,87,23","121,123,64","91,91,41","113,114,70","103,107,65","76,84,42","64,73,31","57,68,26","66,77,37","46,58,18","80,94,54","71,87,48","48,67,26","48,70,28","60,84,40","54,81,35","51,79,30","64,94,43","45,77,26","48,82,25","61,97,37","52,90,29","45,83,22","52,90,29","38,77,15","33,73,10","41,83,19","35,80,15","22,71,6","19,69,4","27,80,13","34,89,22","27,82,14","20,75,8","15,71,5","17,73,10","22,77,16","23,77,19","20,74,17","13,68,10","10,65,6","15,71,9","16,72,8","19,70,9","22,69,10","25,66,12","25,62,12","24,59,13","24,57,14","22,53,13","7,37,2","9,38,6","13,39,11","16,39,15","18,36,16","19,31,16","19,27,14","20,24,13","21,21,14","28,24,20","28,21,19","26,17,16","24,14,14","21,11,12","20,9,11","23,11,12","25,13,15","29,17,19","24,13,15","28,18,19","28,19,19","28,22,20","32,27,24","30,26,23","26,22,19","32,31,27","27,28,20","26,30,16","23,29,12","21,28,9","19,26,8","18,27,8","19,28,9","18,30,9","16,30,7","14,29,4","19,38,9","21,45,11","18,46,9","17,49,7","16,52,8","16,55,8","16,58,8","15,59,6","15,60,5","17,61,7","18,62,8","18,61,7","19,59,6","20,60,8","20,58,8","20,58,9","23,57,11","24,57,12","20,53,9","17,47,6","21,49,9","21,47,9","18,43,5","19,43,6","24,45,9","27,49,12","28,49,14","24,44,11","20,38,9","34,49,23","38,51,27","28,40,17","24,33,11","27,33,15","31,33,19","28,28,17","25,22,13","27,22,14","26,20,13","28,21,15","33,24,19","34,25,20","33,24,19","32,23,18","34,25,18","34,27,19","25,21,12","56,77,19","58,79,21","59,80,21","58,79,20","58,81,21","61,85,25","64,88,28","65,89,29","62,86,27","58,83,23","61,87,28","62,90,31","60,88,29","57,85,26","61,90,31","69,99,39","70,100,40","64,94,34","55,86,27","57,88,29","60,92,32","60,91,31","57,88,28","57,89,28","63,95,35","66,98,35","64,97,34","64,96,33","67,101,37","72,106,42","74,109,45","75,110,44","75,110,46","76,111,45","79,114,49","85,117,52","85,113,47","83,107,40","84,106,39","89,110,44","91,112,45","86,107,40","88,109,43","92,111,44","89,109,41","86,106,37","86,105,36","91,109,40","95,112,44","92,109,41","89,104,35","86,102,32","87,103,33","91,106,37","94,108,39","94,107,38","88,99,31","89,100,31","97,108,39","94,104,35","85,94,26","86,93,30","98,105,45","113,118,61","111,114,63","81,83,35","137,138,98","231,231,194","249,248,217","246,245,216","179,177,151","101,100,74","103,103,75","131,134,98","110,118,77","69,81,40","69,85,43","63,84,41","60,84,41","49,75,32","39,64,23","72,94,55","87,107,69","43,60,24","41,58,22","48,63,28","71,86,52","73,92,58","54,75,39","67,91,54","97,122,83","30,52,13","67,88,48","63,83,43","70,90,49","77,94,55","66,82,42","66,81,40","86,98,58","48,58,16","59,67,24","75,81,36","81,85,36","77,78,28","80,79,28","95,92,39","102,97,42","100,95,39","106,99,44","110,103,48","119,113,58","114,112,52","110,111,47","111,114,52","101,107,52","248,253,209","253,254,229","251,249,232","252,247,233","141,133,115","80,71,41","137,130,87","134,131,77","94,94,34","131,132,72","81,83,31","74,79,31","67,74,29","69,77,32","74,83,40","68,77,34","73,84,43","60,72,32","64,78,38","55,71,31","65,84,44","67,89,47","53,76,34","50,76,32","64,91,45","42,71,23","54,85,35","52,87,34","71,105,50","67,103,48","62,99,43","70,109,52","51,91,33","33,73,14","36,79,19","34,80,16","31,81,15","31,82,16","21,74,12","11,66,6","25,80,13","19,75,10","15,71,6","17,73,10","22,76,16","25,79,20","21,75,18","16,69,13","13,65,9","21,70,15","23,69,16","24,68,15","24,67,16","23,63,15","22,59,14","21,56,14","22,54,16","23,52,19","18,44,14","20,43,17","23,43,20","25,43,23","27,41,25","27,38,25","24,33,22","21,28,18","21,22,16","23,19,16","25,16,16","24,14,15","24,13,16","25,14,18","25,14,19","25,14,18","23,12,18","20,11,17","23,15,19","24,17,20","25,20,21","27,23,22","29,25,22","30,26,23","31,28,23","30,27,22","28,28,19","27,28,17","28,29,17","28,31,16","27,31,16","23,31,12","20,29,10","17,29,7","19,32,9","21,38,10","21,43,11","21,47,11","20,49,10","19,51,9","18,55,10","20,58,11","18,60,10","17,59,7","15,58,5","17,61,8","17,61,8","14,58,5","16,58,6","22,61,12","22,59,13","17,54,10","18,52,10","22,55,14","18,49,10","14,43,5","21,48,11","21,46,9","21,45,9","27,49,12","27,47,10","25,44,7","27,46,9","27,46,9","23,43,7","37,55,20","41,58,25","31,47,16","24,38,12","27,39,17","31,39,23","29,35,21","24,27,16","19,21,12","21,21,13","26,26,17","30,28,20","30,27,17","27,23,11","27,23,9","31,29,13","34,31,16","18,16,4","55,79,21","55,81,23","56,81,23","54,79,21","53,79,21","57,83,25","61,87,29","63,89,31","61,87,29","55,83,24","60,88,29","63,91,32","60,89,30","56,84,25","56,85,25","63,92,32","68,97,37","66,96,36","63,94,34","62,94,35","63,96,36","65,97,37","66,99,38","68,101,40","71,103,43","72,106,42","72,106,43","68,102,38","69,103,39","72,106,41","74,108,42","74,108,42","72,106,40","72,106,40","74,108,43","80,111,45","83,111,45","84,107,42","84,106,41","90,111,46","94,115,50","89,110,45","92,113,48","95,115,49","93,113,47","87,107,39","84,104,35","88,107,38","93,110,42","93,110,42","91,108,39","89,106,36","88,105,35","89,105,35","91,105,37","94,105,39","92,103,37","94,104,37","98,108,41","96,105,38","90,99,32","91,100,36","100,108,46","102,109,50","88,93,38","94,98,47","153,155,112","233,235,196","243,243,211","247,246,219","220,218,195","143,140,118","77,76,49","125,126,92","173,179,139","61,72,32","51,68,26","68,91,47","64,90,46","55,81,39","55,81,39","39,62,22","64,84,46","67,83,46","58,73,37","66,80,45","78,93,59","74,91,57","54,74,39","38,62,25","56,80,42","48,70,31","68,91,50","85,106,65","72,93,52","75,93,53","89,104,65","72,86,47","81,92,52","76,85,44","63,71,28","71,77,32","74,78,30","71,73,24","77,77,25","90,89,34","98,96,40","97,93,36","100,95,38","112,105,50","102,96,38","106,103,41","117,120,52","103,109,42","94,101,42","249,253,206","252,253,224","254,253,233","250,243,228","149,137,120","90,78,49","137,126,84","141,135,81","99,97,38","117,118,58","82,86,31","79,85,35","75,82,34","73,81,36","74,83,40","70,79,37","90,101,60","56,67,31","69,83,43","48,64,29","68,87,50","62,83,43","40,62,21","57,82,40","61,87,43","52,81,37","63,92,44","44,75,26","43,76,25","42,77,26","34,71,19","41,78,25","76,116,58","62,103,45","41,85,24","31,76,13","24,73,9","30,82,16","32,85,18","25,80,13","31,86,20","25,81,16","19,75,11","17,73,10","19,74,14","22,76,18","23,77,19","23,74,19","22,71,18","21,68,15","22,66,15","23,65,16","22,64,16","22,61,16","22,58,16","21,55,16","23,54,18","24,51,20","20,45,16","23,43,20","24,42,22","23,37,19","20,31,16","18,27,15","18,25,16","21,27,19","26,29,22","28,23,22","28,19,20","27,16,19","25,14,18","23,13,17","22,13,18","21,11,18","19,9,17","17,7,15","23,17,21","24,18,22","22,17,20","21,17,17","22,18,16","24,20,16","26,23,18","30,27,20","32,29,20","28,28,18","29,29,18","30,31,18","29,32,18","27,32,16","23,30,12","21,33,11","24,37,13","25,43,14","22,44,12","21,46,11","22,50,11","23,54,12","21,57,13","20,58,11","19,59,9","19,59,9","18,59,8","16,58,6","14,58,5","15,58,6","17,57,8","19,58,11","19,56,12","17,54,11","17,51,10","17,49,11","16,46,9","18,45,10","23,49,14","23,47,11","20,44,8","27,47,11","25,45,8","23,42,4","25,43,5","29,48,9","31,52,11","33,54,15","33,50,14","25,42,10","21,35,9","22,35,13","26,36,19","28,36,22","25,31,19","19,22,13","21,24,15","26,28,17","28,30,18","28,28,15","25,24,8","25,24,5","29,28,8","32,32,14","24,25,11","51,78,19","53,81,22","55,82,23","53,81,22","52,81,21","55,83,24","58,87,27","60,88,29","58,87,27","52,80,21","56,84,25","58,87,28","55,85,25","50,80,20","49,79,19","54,84,24","60,90,30","63,93,33","63,94,35","60,91,32","59,90,30","62,93,33","67,98,38","68,99,39","66,97,37","67,99,36","69,101,38","71,103,40","73,105,42","75,107,43","76,108,43","74,106,41","72,104,39","72,104,39","73,105,40","77,108,42","82,109,43","83,107,42","83,105,40","87,109,44","89,111,46","85,106,41","86,107,42","89,110,43","86,107,40","88,108,40","91,111,42","90,109,41","90,107,39","89,106,38","89,106,36","90,107,37","89,106,36","89,105,35","89,103,35","90,102,36","94,104,38","97,106,41","96,105,40","93,102,36","92,101,34","96,104,39","101,107,46","103,109,50","101,106,51","95,98,48","98,99,56","223,223,185","244,243,212","247,246,219","246,244,221","195,192,169","103,102,75","97,97,65","137,142,105","66,77,37","69,86,44","60,80,38","65,88,47","75,100,59","60,85,45","44,66,27","39,56,20","85,100,65","65,78,44","55,68,33","54,67,34","65,80,47","74,91,57","51,73,37","46,68,30","69,91,52","53,76,34","68,90,49","55,76,35","64,83,43","90,106,66","71,86,46","79,91,51","118,128,86","65,74,29","65,72,25","70,75,25","74,77,25","81,82,27","89,89,31","98,97,39","93,91,31","96,92,33","106,99,43","105,99,40","111,108,44","113,116,46","95,101,32","95,101,40","231,237,186","252,253,224","249,246,225","248,242,226","167,157,138","114,102,72","142,131,88","134,127,74","88,83,25","95,94,34","79,81,27","96,101,52","83,89,44","72,80,36","64,73,33","39,48,12","92,103,61","59,70,35","56,70,31","42,58,27","43,62,27","51,72,33","53,75,35","47,73,31","43,69,26","35,64,21","49,78,32","58,89,41","46,79,28","49,83,32","45,81,28","54,91,37","147,186,129","101,141,82","30,72,19","29,74,12","26,74,10","22,73,8","21,74,7","21,75,9","26,80,14","25,80,14","23,77,14","22,76,14","21,75,15","21,74,16","21,73,16","21,71,15","20,69,14","20,67,13","20,65,12","20,63,12","20,61,13","21,59,14","21,58,14","21,55,15","22,53,16","23,49,17","14,35,8","17,37,13","21,36,16","20,33,15","16,26,11","13,19,8","12,16,8","15,18,11","20,20,15","27,20,20","27,18,19","24,14,17","22,11,16","21,11,16","21,12,19","22,12,20","22,12,20","21,11,19","20,13,19","20,14,19","21,16,18","21,17,17","23,19,18","24,20,18","25,22,18","27,24,18","28,25,17","25,24,15","25,25,14","26,27,14","25,27,14","22,26,11","17,24,7","15,26,5","17,30,6","18,35,7","19,39,8","21,44,10","24,49,12","26,55,15","24,58,14","20,56,11","17,56,8","19,58,9","19,60,10","17,58,8","16,58,6","18,59,8","16,55,7","11,49,4","11,48,4","15,51,9","18,52,12","18,49,12","15,43,8","15,42,7","21,46,12","20,44,10","19,42,7","26,46,10","24,44,8","23,42,5","26,43,7","28,47,9","25,46,6","22,42,4","23,40,6","26,42,12","29,43,17","28,41,19","29,39,22","31,39,25","29,35,23","21,24,15","23,26,16","28,30,19","28,30,17","27,27,14","25,23,8","26,25,6","30,29,10","31,31,14","20,21,9","44,73,13","49,79,19","53,83,23","54,83,24","53,83,23","54,83,23","54,85,25","55,84,25","51,82,22","55,84,25","56,85,26","54,85,25","51,82,22","49,80,20","50,81,21","55,86,26","60,90,30","61,92,32","66,96,37","64,93,35","62,92,33","66,97,37","72,103,43","73,104,44","69,100,40","69,100,37","73,104,41","74,105,43","74,105,43","75,106,42","75,106,41","74,105,41","73,104,39","74,104,40","75,106,42","78,107,42","85,112,46","87,111,46","86,108,43","88,110,45","89,111,46","83,105,40","85,106,41","88,109,42","85,106,39","89,109,41","94,114,45","90,109,41","87,106,37","87,105,37","89,107,37","92,109,39","92,109,39","91,107,37","89,102,34","89,100,35","95,104,40","97,106,41","92,101,36","90,99,33","93,102,35","98,105,40","100,106,43","103,108,48","108,112,57","107,110,59","56,57,13","192,192,155","242,240,209","253,251,223","255,253,228","219,217,194","126,123,97","50,50,23","144,148,112","88,97,58","77,91,51","42,61,26","45,67,30","67,90,51","65,88,48","63,84,45","31,47,11","88,102,67","83,95,61","60,70,36","44,55,22","53,66,34","71,86,53","61,79,45","44,65,27","72,94,55","50,72,32","55,76,36","63,84,44","74,93,54","81,97,57","72,86,45","70,82,42","99,110,67","67,76,31","70,77,28","74,80,28","80,84,29","83,85,28","81,82,23","92,94,32","91,91,27","97,95,33","99,94,34","120,114,53","131,128,63","118,120,50","96,101,32","97,102,40","190,194,143","230,230,198","246,245,223","248,243,225","171,161,141","113,101,70","125,114,70","120,111,57","104,99,41","121,119,59","86,87,34","85,89,42","76,82,38","79,86,44","78,86,47","51,59,23","94,105,64","74,84,46","48,62,23","56,72,35","47,65,27","47,68,29","53,75,36","41,66,26","51,77,34","59,88,42","48,77,31","60,91,43","43,76,27","40,74,23","41,76,24","44,81,26","80,119,62","41,81,24","18,59,5","28,71,10","31,78,13","34,84,18","28,80,14","17,69,3","20,73,6","21,75,8","24,77,13","24,77,15","21,74,14","19,70,12","17,66,11","15,65,9","15,64,9","20,67,13","17,64,10","17,60,9","18,58,10","19,56,11","19,55,12","22,53,13","23,51,14","22,47,15","21,41,13","24,41,17","27,40,19","27,37,21","28,33,20","26,29,18","24,25,16","23,21,15","23,20,15","24,16,16","22,13,15","21,10,14","20,9,15","21,10,17","23,13,21","25,15,24","27,17,25","27,17,25","19,11,18","18,12,17","21,16,18","23,19,19","26,22,21","27,23,22","27,23,20","25,22,17","24,21,14","24,22,14","25,25,15","26,26,15","24,26,14","21,24,10","17,22,7","14,23,4","14,26,4","16,31,6","16,34,5","17,40,7","22,46,11","25,53,15","25,55,14","20,54,10","16,53,6","17,54,8","19,57,9","21,60,11","24,63,13","25,63,14","20,58,11","10,47,3","8,44,1","13,47,6","15,47,10","13,43,7","11,39,4","14,40,6","19,44,11","18,42,9","19,40,7","24,44,10","24,44,9","25,43,7","28,45,9","31,49,12","28,48,10","21,42,4","22,39,5","30,46,17","34,49,23","31,44,22","28,38,20","28,36,21","27,34,21","24,27,17","27,30,19","31,33,22","29,31,19","28,27,14","27,25,10","28,27,9","32,31,13","33,33,16","24,25,13","37,70,9","43,77,16","49,82,22","51,84,23","50,83,23","49,82,22","49,83,22","48,81,20","45,79,18","53,86,26","53,86,25","50,82,22","49,80,20","49,80,20","53,84,24","57,88,28","60,91,31","59,90,30","58,87,29","57,86,28","59,89,30","64,94,34","69,99,39","70,100,40","67,97,37","69,99,37","73,103,41","73,103,41","71,101,39","71,101,38","70,100,36","70,100,36","71,101,37","72,102,38","74,104,40","76,105,40","83,110,45","86,110,45","85,107,42","89,111,46","90,112,47","85,107,42","87,109,44","92,113,47","91,112,45","87,107,39","85,105,36","85,105,36","88,108,39","92,112,43","98,116,46","98,115,45","95,112,42","92,108,38","90,103,37","93,103,39","96,105,42","96,105,40","93,102,37","91,100,34","93,102,35","97,104,39","99,105,42","104,109,48","115,118,62","124,127,75","72,74,28","143,144,103","225,225,191","251,249,219","252,250,224","241,239,215","185,181,155","85,82,54","115,117,83","83,89,54","94,105,69","99,116,80","84,105,67","71,93,54","66,88,49","46,66,27","38,54,18","75,86,52","92,101,67","71,79,46","56,64,32","51,62,30","49,63,30","55,73,38","74,94,58","58,79,41","56,78,39","55,76,37","66,87,48","68,86,47","64,80,40","80,96,54","80,92,52","75,86,43","82,92,45","87,95,45","82,89,37","85,90,34","82,86,27","71,73,12","89,91,26","93,95,28","103,103,37","89,85,23","95,89,28","113,109,44","115,116,45","98,102,30","93,98,34","135,139,87","119,117,83","172,169,145","213,205,185","182,171,148","146,134,102","143,131,88","117,107,54","91,85,27","103,101,43","87,88,36","94,98,51","100,107,63","101,108,67","88,96,56","61,70,30","63,74,35","62,72,35","36,50,13","64,80,43","59,78,40","53,74,35","61,83,45","58,83,43","40,66,25","85,114,70","63,92,48","46,77,30","55,87,39","43,77,29","30,65,13","38,73,18","34,70,14","32,71,13","44,84,24","34,75,13","23,67,5","28,75,11","31,80,14","23,75,8","24,75,9","23,75,9","23,73,10","20,71,9","17,67,8","15,64,7","15,64,8","16,64,10","18,65,11","21,68,14","18,63,9","15,58,7","15,55,7","17,54,9","18,53,10","21,51,11","22,47,12","21,44,13","24,40,14","22,35,12","21,31,12","20,26,11","22,24,12","23,23,13","24,21,13","24,19,13","24,16,13","25,16,16","23,13,16","22,11,16","21,10,16","22,11,18","23,13,21","25,15,23","25,15,24","25,15,24","23,15,23","22,15,21","21,15,19","21,16,18","22,18,18","23,19,18","26,22,19","27,24,19","29,26,21","24,21,14","23,21,13","24,23,15","24,25,15","22,24,12","20,24,9","19,26,9","21,31,12","23,36,14","17,34,7","16,37,6","20,43,10","24,49,13","24,52,14","21,52,11","18,52,8","18,52,8","18,54,8","16,53,6","16,53,6","20,57,10","21,58,13","19,54,12","19,52,12","20,51,14","18,49,12","14,43,8","13,40,7","18,43,11","23,46,14","22,43,12","19,40,8","24,43,11","24,43,9","23,42,6","27,44,8","33,51,15","34,54,17","26,45,9","23,40,6","27,43,13","29,44,18","28,42,18","27,38,19","30,39,22","30,37,23","24,27,16","29,32,21","32,34,22","29,31,18","27,26,13","28,26,11","30,29,12","34,33,16","35,34,18","25,25,13","34,70,8","41,77,15","45,81,19","45,81,19","43,79,17","41,77,15","42,78,16","44,80,18","43,79,17","45,81,19","44,80,18","45,80,19","46,80,19","47,81,20","48,82,21","50,84,23","53,87,26","57,90,29","57,87,28","62,91,33","70,98,39","72,100,41","70,98,39","68,96,37","69,97,38","71,100,39","73,101,40","74,102,41","72,100,39","70,99,37","69,98,34","69,98,34","70,99,35","71,100,36","73,102,38","74,103,37","79,106,40","79,104,39","77,102,36","81,105,40","83,107,41","79,101,36","83,105,40","88,111,44","88,111,43","86,107,39","85,106,37","87,107,38","91,111,42","93,113,44","95,115,44","96,115,44","93,113,42","91,110,39","93,108,40","95,107,43","94,104,40","92,103,37","91,102,36","91,100,34","90,99,32","92,101,35","95,104,40","96,103,41","92,98,39","102,106,53","91,93,46","109,110,69","209,210,174","248,248,216","247,246,216","244,242,215","197,193,167","45,41,13","47,46,15","133,137,105","87,97,63","46,61,27","42,61,26","60,80,43","64,83,46","41,58,22","85,99,64","55,66,32","81,88,55","73,80,47","54,62,30","51,61,29","61,73,41","66,82,48","79,99,64","37,57,21","53,73,36","73,92,55","74,92,55","70,87,49","70,87,47","68,84,43","67,79,39","63,75,32","77,88,41","77,86,36","69,77,23","75,82,24","77,83,23","65,70,7","87,92,24","84,90,20","89,91,24","113,109,47","99,93,33","85,81,16","92,93,22","108,112,40","122,127,62","149,154,101","58,56,21","58,52,27","67,58,37","90,78,55","113,100,69","123,110,68","124,114,62","103,96,41","82,79,24","76,77,27","48,53,15","45,52,15","44,52,17","42,50,20","63,72,34","72,83,46","90,100,64","60,74,39","49,65,29","25,43,15","24,44,14","38,60,24","33,57,19","25,51,11","44,73,29","47,76,32","48,79,34","48,81,34","40,73,25","39,73,22","47,80,27","36,71,14","38,73,15","33,71,12","34,75,13","37,80,18","29,74,11","17,64,3","18,67,5","26,76,11","24,74,9","20,69,6","18,67,6","16,64,6","15,62,6","15,62,8","16,62,9","18,62,10","25,69,16","20,63,10","16,56,6","14,53,5","16,51,7","18,51,8","19,48,9","20,43,10","19,40,9","21,35,11","24,33,12","25,31,14","26,27,14","27,24,14","27,22,14","28,20,15","29,19,17","30,20,19","27,17,18","25,15,18","24,13,19","23,12,18","23,12,19","23,13,21","23,13,22","22,12,21","20,10,19","22,14,22","22,15,22","20,14,20","19,15,17","21,17,17","22,18,17","24,20,18","28,24,20","29,26,21","21,18,12","19,16,10","20,19,11","21,21,12","20,21,11","19,21,10","20,24,10","23,31,13","25,37,15","20,35,10","18,36,9","21,40,11","24,46,14","26,50,16","27,53,16","25,53,13","23,51,11","20,50,9","18,50,7","15,50,5","15,50,5","19,52,9","22,54,13","22,54,15","20,49,13","19,46,13","19,45,14","20,45,15","21,45,15","25,48,18","24,44,15","20,41,10","24,44,13","24,43,11","23,41,9","27,44,11","32,50,15","31,51,15","28,47,11","25,42,8","23,39,10","25,39,12","25,39,15","29,40,20","32,41,24","31,38,22","21,25,11","27,31,17","30,32,19","25,27,14","24,23,10","26,24,10","31,29,14","35,33,18","32,31,17","16,15,3","29,70,8","37,78,15","42,83,19","41,82,19","37,78,14","35,76,13","38,78,15","41,81,18","42,81,18","42,81,18","42,81,18","46,84,21","50,87,24","51,88,26","49,86,23","47,84,22","53,88,27","62,96,35","57,88,30","63,92,34","70,98,40","69,98,38","65,93,34","62,90,31","64,92,33","67,95,34","66,94,33","73,101,40","76,104,43","74,103,40","72,101,37","71,100,36","71,100,36","72,101,37","73,102,38","74,103,37","78,105,39","78,103,38","76,101,35","79,104,38","82,106,40","78,100,35","80,103,38","84,108,40","83,106,38","88,110,42","96,117,48","93,114,45","89,109,40","86,106,37","85,105,34","87,107,36","89,109,38","92,111,40","95,110,42","95,107,43","89,100,36","86,98,32","90,101,35","89,100,33","86,96,29","86,95,29","90,99,34","96,106,42","100,108,48","100,106,49","96,101,50","77,81,36","160,162,122","227,228,195","247,247,217","243,242,214","206,204,178","77,73,46","62,61,32","132,134,105","103,112,80","67,81,47","59,76,41","63,83,47","70,90,54","93,110,75","99,110,76","66,76,43","83,89,57","71,77,45","68,75,42","77,85,53","72,84,51","46,62,28","42,59,25","54,74,37","46,66,29","63,81,44","51,68,32","56,72,36","74,90,53","56,71,32","77,89,49","100,113,70","79,91,45","69,80,30","66,75,22","77,85,28","84,92,31","77,84,21","94,101,34","86,92,23","86,89,22","90,87,28","101,95,36","98,96,30","97,98,27","99,104,32","85,90,25","119,124,69","70,71,35","45,40,17","38,29,8","95,84,61","135,123,91","124,113,70","140,131,80","115,108,53","82,81,28","103,104,57","67,71,29","66,71,33","78,85,47","67,75,37","52,60,25","75,85,50","65,75,41","33,46,20","56,71,40","46,64,30","45,65,31","65,86,52","71,95,58","60,85,49","40,67,26","44,72,31","46,77,33","31,63,18","36,69,23","58,91,41","58,90,38","26,59,7","52,84,30","55,90,32","29,67,9","23,64,3","24,68,6","28,72,11","30,76,13","22,68,7","17,64,5","20,65,7","22,69,11","21,67,11","20,64,11","19,62,10","15,58,6","13,54,4","27,66,17","22,61,12","17,54,7","15,50,5","15,47,6","18,46,8","20,44,9","21,40,11","20,35,9","12,23,3","20,26,9","27,30,16","31,30,20","31,25,19","28,20,16","26,16,14","26,15,13","26,14,15","24,13,17","24,13,17","24,13,19","25,14,21","25,14,23","24,14,23","23,13,23","22,12,21","20,10,19","18,10,18","18,11,19","20,14,20","22,18,20","24,20,21","25,21,22","25,21,20","24,20,17","24,21,16","22,18,14","21,18,13","23,19,15","24,21,16","22,22,15","22,22,14","22,24,14","24,29,15","26,35,16","24,35,14","22,37,13","23,39,13","24,43,15","26,48,17","29,52,18","27,52,16","26,51,15","23,50,12","30,59,19","33,63,22","24,55,13","20,50,9","20,50,12","15,44,9","9,36,2","9,34,3","15,40,10","19,42,14","20,42,14","24,45,17","22,41,14","19,39,11","25,44,16","26,44,15","27,43,14","31,48,17","34,52,19","30,50,15","30,50,15","31,48,16","28,44,15","26,40,13","24,38,14","23,34,13","22,31,13","19,27,11","18,22,8","26,30,16","29,31,18","23,25,12","21,20,7","24,22,9","30,28,14","34,32,18","34,32,19","27,24,15","21,68,4","34,80,15","42,89,23","42,88,23","37,83,18","37,81,17","41,85,20","44,87,23","41,83,19","46,87,24","44,85,21","45,85,22","50,90,27","53,93,30","51,91,28","47,86,23","53,90,28","66,102,40","61,94,34","59,89,30","59,89,29","59,89,29","62,92,32","66,96,36","70,100,40","75,105,43","77,107,45","75,105,43","74,104,42","74,104,41","74,104,40","73,103,39","72,102,38","71,101,37","72,102,38","73,103,37","72,100,35","71,96,31","72,97,31","79,104,38","83,108,42","79,104,38","81,106,40","84,108,40","81,104,36","83,106,37","89,112,42","89,111,41","87,108,39","83,104,35","82,104,32","82,104,32","84,105,34","86,105,35","88,105,38","89,104,40","84,97,32","84,97,31","91,104,37","90,104,35","83,96,27","80,92,23","84,95,28","91,102,37","90,101,39","81,90,32","104,112,59","82,89,41","113,118,76","152,156,119","163,167,137","166,168,143","157,158,130","70,66,39","79,78,50","90,93,64","113,122,91","73,87,54","51,69,35","58,78,43","55,74,40","52,69,36","47,59,26","56,66,34","78,84,52","63,69,42","83,91,61","89,98,64","55,68,33","59,75,39","70,87,51","104,124,87","68,88,51","58,76,39","57,74,38","57,73,37","56,72,35","60,76,37","81,94,54","54,66,25","90,101,57","87,98,50","88,98,48","86,95,40","77,86,27","77,86,25","90,99,35","90,98,33","93,96,33","92,90,33","103,99,41","105,104,39","100,103,32","93,100,28","91,99,32","139,145,90","91,93,56","35,33,13","33,27,9","111,102,79","134,123,92","87,77,36","113,106,56","83,79,25","66,64,14","96,97,54","75,79,41","64,70,33","68,76,38","60,68,32","46,54,20","86,96,62","54,63,30","77,91,57","72,87,54","43,60,28","31,50,18","53,74,40","66,90,56","11,35,4","29,57,18","35,63,23","30,61,18","40,73,29","48,80,35","57,88,41","64,94,44","41,70,19","50,80,29","53,85,31","31,67,11","24,62,5","27,67,9","31,72,15","31,74,16","24,67,10","8,53,0","18,61,6","26,70,15","19,62,10","19,61,11","26,67,19","24,65,17","14,52,6","24,60,14","21,55,11","18,50,7","16,45,4","15,41,4","16,40,5","18,39,8","20,36,11","23,35,12","22,29,12","24,27,13","25,26,15","26,23,16","27,20,16","27,17,16","25,14,14","25,12,14","23,11,14","22,11,16","24,13,18","25,14,22","27,16,24","27,16,24","25,15,24","22,12,22","20,10,21","19,9,19","19,11,19","20,13,21","22,16,21","22,17,21","22,18,19","22,18,19","22,18,17","24,20,17","26,22,19","24,18,16","22,17,15","22,17,15","23,19,16","23,20,16","25,22,18","25,25,19","26,28,17","26,31,16","26,35,18","25,37,16","22,37,13","20,36,11","19,37,10","22,39,11","23,43,11","24,45,13","24,46,12","24,49,12","21,49,9","17,46,6","19,47,8","24,51,14","21,47,13","15,40,8","17,41,11","25,49,20","25,47,20","20,40,14","23,43,17","20,38,13","17,36,9","24,40,13","25,41,13","24,40,12","28,45,15","31,49,17","26,46,12","24,44,10","25,42,11","26,42,13","28,42,16","28,42,18","29,40,19","28,37,18","24,32,14","17,21,6","27,31,16","31,33,19","24,26,12","20,19,6","22,20,7","29,27,14","33,31,18","33,30,18","23,19,10","26,77,10","31,81,14","31,81,15","28,78,12","28,76,10","33,81,15","42,90,24","48,94,29","45,91,26","41,84,20","44,88,24","49,91,28","50,91,27","48,89,26","48,89,25","51,91,28","54,94,31","57,94,32","61,95,34","64,95,36","66,96,37","66,97,37","67,98,38","68,98,38","69,100,40","73,104,41","75,106,44","71,102,40","69,100,37","69,100,36","69,100,35","69,100,35","68,99,35","67,98,34","67,98,33","68,98,32","68,97,31","68,95,29","69,95,28","75,101,35","80,106,40","78,103,37","82,107,41","88,112,45","87,111,43","82,106,37","81,104,34","86,109,39","90,112,43","91,113,44","88,110,39","85,107,35","82,103,31","79,100,31","79,98,31","80,97,32","81,98,33","85,101,36","85,101,34","81,97,28","76,93,23","77,92,23","81,95,28","82,95,29","76,89,26","88,100,40","94,104,49","92,101,51","73,82,36","77,84,43","52,59,28","34,40,15","62,65,34","39,37,11","83,83,56","75,78,52","90,99,70","70,85,53","62,81,48","72,93,59","62,81,48","38,56,23","90,105,72","63,73,41","83,91,58","56,63,36","62,71,42","79,90,55","70,84,49","74,91,54","65,84,47","68,87,50","53,71,35","66,83,47","92,109,73","74,90,54","40,56,20","69,85,48","98,113,75","65,78,39","82,93,52","74,85,40","87,98,50","90,99,48","78,87,33","80,89,32","80,89,30","82,92,30","89,94,35","91,91,35","88,86,30","99,100,37","105,109,41","89,96,26","84,94,28","107,116,62","83,88,51","36,37,13","44,40,21","111,103,81","113,105,75","65,57,18","112,106,59","114,111,61","86,86,40","108,111,72","68,74,39","62,69,34","69,76,41","61,69,34","67,74,41","99,109,75","39,48,17","59,72,40","43,58,28","44,61,31","37,56,25","35,55,24","48,72,38","23,48,13","56,84,46","44,72,33","34,64,23","45,77,34","40,72,28","42,71,26","58,85,40","41,68,21","48,76,28","58,87,37","41,74,23","26,60,9","23,60,8","25,64,10","27,67,13","33,74,19","16,58,4","19,61,9","22,63,13","15,55,7","17,57,10","27,65,20","29,66,22","22,56,14","26,56,15","23,51,10","20,46,7","19,43,7","20,42,9","22,41,11","22,37,11","20,32,9","20,27,8","23,26,12","24,25,15","25,23,16","25,21,16","26,17,17","25,15,17","24,12,16","25,10,16","23,10,16","24,11,19","23,12,20","24,12,21","25,13,22","25,13,23","23,13,24","23,13,23","22,12,23","22,12,23","19,11,21","19,12,21","21,15,22","21,16,22","22,17,20","21,17,18","22,18,17","24,20,17","26,22,20","22,16,17","20,14,15","20,14,15","20,15,15","20,16,14","22,18,15","22,21,16","23,24,15","23,26,14","23,30,15","22,31,14","19,30,10","16,28,5","14,28,3","15,30,3","17,34,6","21,38,10","22,41,11","21,43,9","21,46,9","23,49,12","24,49,14","22,47,12","21,45,13","23,45,16","22,44,16","19,41,14","15,35,10","13,32,8","18,36,12","17,34,10","17,34,8","24,40,14","24,40,14","21,37,10","21,37,9","26,43,14","27,46,15","22,41,10","20,36,7","22,38,9","27,42,15","32,46,21","33,45,22","31,40,20","26,34,15","20,24,8","24,28,12","29,31,16","28,30,16","26,26,13","25,23,10","25,23,11","29,27,15","32,29,18","24,20,11","16,70,4","25,78,10","30,83,16","30,83,16","30,82,14","31,83,16","38,87,21","43,92,26","45,93,27","36,84,18","41,87,22","47,91,26","48,90,26","46,88,24","46,88,24","49,91,27","51,91,28","49,88,25","50,85,24","55,89,29","64,96,36","71,103,42","73,105,45","72,104,44","70,103,42","71,103,40","71,105,42","66,99,36","62,96,32","62,96,31","63,96,30","63,96,31","64,96,31","62,96,30","62,94,29","61,93,26","68,98,31","71,99,33","71,98,31","75,102,35","78,105,38","76,101,35","80,105,39","86,111,44","86,111,43","87,111,42","90,113,43","91,114,44","91,114,44","93,116,46","92,114,42","88,110,38","85,107,35","83,104,34","79,100,32","76,96,30","81,101,36","84,104,37","80,99,30","75,94,25","75,95,24","78,97,26","79,97,28","75,92,25","70,87,22","88,103,43","74,88,31","93,106,53","82,94,47","96,107,63","75,85,45","32,41,11","30,35,16","43,42,16","104,106,81","85,90,64","61,71,43","91,107,77","95,115,84","72,93,60","58,79,46","43,61,29","54,69,36","60,73,40","108,118,84","71,80,46","66,76,42","87,99,64","78,93,58","51,68,32","36,56,19","77,95,59","69,86,50","68,85,49","52,66,40","63,77,51","79,95,59","50,66,29","84,98,62","73,86,50","86,98,59","67,78,36","92,102,58","96,106,59","74,83,34","76,85,33","79,87,34","69,78,22","93,99,44","93,95,42","79,79,24","81,84,22","77,85,21","62,72,12","78,91,26","93,105,51","106,113,76","34,36,18","24,22,8","76,71,51","94,88,58","92,86,47","155,151,106","100,101,53","68,71,29","76,82,46","43,51,20","36,43,11","46,53,19","51,58,24","63,71,38","111,120,88","63,72,43","68,80,50","59,73,44","50,67,37","41,60,30","49,69,38","59,83,51","13,38,8","45,72,36","34,62,24","31,62,21","33,65,23","37,69,27","42,70,28","43,69,27","42,66,23","43,69,26","41,69,23","35,65,18","28,60,12","34,68,18","34,70,19","25,63,12","29,69,18","19,59,9","24,62,14","27,65,19","22,60,16","23,61,18","29,64,24","29,63,24","25,54,17","28,53,18","25,46,12","21,40,8","21,39,8","23,40,12","25,40,15","24,36,14","20,28,10","17,22,8","21,22,12","22,20,14","23,19,15","22,17,15","23,15,17","24,13,19","24,12,20","25,11,20","24,11,20","23,12,20","22,11,19","22,10,20","23,11,21","23,11,22","22,12,23","23,13,24","24,14,25","24,14,25","21,12,23","21,13,22","22,16,23","22,17,23","21,16,20","20,16,19","21,17,17","22,18,16","25,19,19","21,14,17","20,12,16","20,12,16","20,13,16","19,14,15","20,15,14","20,17,13","20,20,14","20,22,13","23,26,16","23,29,15","21,28,11","19,28,8","17,27,5","17,29,5","19,34,7","24,38,11","26,42,13","22,41,10","19,42,7","21,45,10","22,45,11","21,43,11","24,46,16","29,49,22","27,47,21","19,39,14","15,34,10","15,33,11","17,34,11","13,28,7","13,28,4","21,36,12","24,40,14","24,40,14","26,42,15","30,47,19","30,49,19","28,46,16","28,44,15","31,47,18","34,48,21","33,47,21","28,40,15","21,31,9","19,26,6","26,30,13","24,28,11","27,29,14","31,33,19","32,31,19","27,25,13","24,22,10","28,26,15","33,29,20","21,16,9","14,71,3","21,78,9","27,83,15","30,86,17","31,86,18","33,87,19","36,88,21","36,89,21","36,87,20","37,86,20","38,85,20","41,87,22","45,90,25","48,92,27","47,91,26","44,89,24","46,88,24","50,90,26","46,83,22","51,87,26","61,95,34","68,102,41","70,105,44","71,104,44","68,104,42","71,105,42","72,107,43","68,103,39","65,100,36","64,99,34","63,99,32","64,100,33","66,101,35","65,101,35","64,99,33","63,96,29","71,101,35","75,103,36","73,100,33","75,102,35","76,103,36","72,98,32","76,102,36","83,108,41","83,108,40","88,113,44","92,117,46","85,110,40","83,106,36","85,108,38","88,111,39","86,108,36","84,106,34","83,104,34","79,100,32","74,96,29","77,99,33","76,99,31","70,93,23","70,93,23","74,97,26","76,98,26","73,93,23","68,89,21","72,93,26","80,100,37","62,79,20","65,82,27","63,79,29","76,91,45","98,111,69","89,100,64","53,60,32","79,81,55","55,57,35","83,90,65","77,90,62","91,108,79","68,89,58","41,64,31","50,73,39","43,63,30","52,69,35","48,63,30","100,111,77","73,84,50","55,66,32","66,80,45","71,88,52","61,81,43","85,105,67","69,88,50","82,100,62","58,75,39","76,92,59","79,94,63","58,73,40","70,85,51","68,82,48","65,79,44","104,116,80","61,72,34","56,68,27","66,77,34","58,69,24","62,73,25","105,114,67","39,48,7","85,93,45","90,93,44","77,78,26","73,79,19","77,88,22","81,94,29","88,103,40","53,67,14","106,116,79","48,52,29","54,54,36","93,91,71","84,82,56","54,50,19","94,92,50","107,109,66","79,86,45","38,46,16","60,70,43","54,63,34","57,64,32","85,92,60","94,102,71","95,104,73","37,46,16","34,46,17","51,65,38","48,65,38","42,61,32","57,77,47","65,89,58","7,31,5","56,83,48","32,60,23","42,72,32","30,61,20","31,63,22","51,79,39","60,84,45","52,75,36","58,80,41","56,81,40","56,83,42","35,66,21","28,60,14","26,60,13","20,57,9","23,61,14","20,58,12","26,61,18","28,64,23","26,61,22","24,59,21","24,57,21","23,53,19","22,48,15","31,50,20","27,43,13","22,36,9","20,34,8","23,34,11","26,35,15","27,33,16","23,27,13","19,22,11","22,21,15","23,19,15","22,17,16","21,15,17","21,12,19","21,11,20","22,10,20","22,10,21","22,10,21","23,11,21","22,11,19","21,10,19","20,8,18","20,9,19","21,11,22","22,12,24","24,13,27","25,14,28","24,15,26","24,16,25","24,18,26","23,18,24","21,16,20","19,14,17","18,14,15","19,15,14","21,15,15","21,13,17","22,13,18","22,13,18","21,13,17","20,14,16","21,15,16","21,17,15","20,19,14","20,21,13","19,21,11","19,23,10","19,25,10","19,27,10","19,28,9","19,28,7","18,31,6","22,33,9","23,37,10","25,40,12","22,41,10","17,38,6","17,37,6","22,41,11","27,47,18","27,46,19","25,43,18","21,40,17","21,37,16","21,36,16","21,36,15","15,30,8","12,27,4","20,35,12","22,38,13","24,39,14","27,43,17","28,45,17","21,40,10","24,43,13","31,47,19","33,49,22","33,48,21","29,43,17","25,37,12","22,32,8","23,31,10","32,37,18","23,27,10","23,25,11","29,31,17","31,30,18","26,24,12","23,20,10","28,25,16","34,31,22","27,22,16","28,88,18","22,81,12","17,75,5","18,75,6","25,81,12","34,89,21","38,93,25","36,89,21","29,82,14","38,89,22","38,88,21","39,86,21","44,90,25","48,94,29","49,94,29","45,90,25","48,90,26","52,94,30","57,96,34","59,97,36","61,98,36","61,98,36","59,97,35","60,97,35","61,100,37","68,105,41","72,111,46","70,107,42","66,103,39","63,101,35","61,99,32","61,99,32","64,101,34","64,103,36","64,102,35","64,99,31","69,101,34","71,100,33","70,97,30","72,99,32","74,101,34","70,97,30","75,102,35","83,108,40","84,109,41","84,109,40","83,109,38","77,102,32","78,101,31","85,108,38","89,112,40","85,108,36","81,104,32","79,102,31","78,102,32","76,101,34","74,101,34","72,97,29","67,94,24","70,96,25","75,101,29","74,100,27","68,93,21","64,87,17","64,87,19","63,85,20","67,88,27","71,90,33","72,90,38","53,70,24","81,98,54","113,128,87","74,84,51","47,51,25","19,22,6","51,59,35","59,73,46","50,69,40","60,83,51","80,104,71","69,93,59","23,43,10","38,55,21","53,69,36","82,96,61","67,80,46","58,72,38","78,95,59","86,105,68","48,71,31","71,93,54","52,72,33","92,110,72","59,77,40","60,77,41","64,80,46","64,79,46","96,111,79","84,98,65","57,70,38","75,86,54","60,71,38","76,87,52","77,88,49","59,70,29","77,88,46","131,142,99","66,76,32","59,66,22","63,67,22","68,72,23","73,80,23","81,93,28","88,104,38","81,100,38","39,56,5","98,109,74","59,66,41","47,50,32","51,52,34","75,74,49","101,101,67","94,96,57","119,124,83","60,67,28","44,54,26","61,71,47","52,62,35","39,48,16","48,55,23","61,69,38","44,53,23","19,28,2","71,83,56","71,84,58","52,69,42","49,68,40","55,75,47","44,67,40","10,31,8","71,98,65","14,39,12","33,61,26","36,67,27","35,66,26","32,58,23","22,44,16","35,55,20","60,82,46","29,53,15","41,67,28","46,74,33","41,70,29","26,58,16","17,51,10","29,65,22","29,64,22","26,61,21","24,58,20","22,56,20","20,54,20","19,51,19","19,48,17","24,47,18","30,44,19","28,38,14","24,32,9","22,30,9","24,30,12","26,31,15","27,31,17","26,27,17","25,24,17","28,24,22","26,22,22","25,19,22","21,15,21","19,11,20","18,8,20","18,6,20","18,6,20","18,6,19","22,10,21","23,12,20","22,10,19","21,9,19","21,9,20","20,10,21","21,11,23","23,12,26","24,13,27","25,16,28","25,17,28","24,18,27","23,18,25","21,16,21","18,14,17","16,12,13","16,12,11","18,12,14","23,15,19","26,15,22","25,15,23","24,14,21","24,15,20","22,16,18","23,17,17","22,18,15","21,20,15","16,17,9","16,17,7","19,21,9","21,26,11","21,28,11","19,26,8","18,27,6","20,29,8","22,33,8","28,42,15","27,44,14","19,38,7","17,35,6","21,40,12","25,43,16","23,40,15","20,38,15","20,38,16","20,37,16","20,35,16","25,40,20","23,38,16","19,34,12","22,37,14","18,33,10","16,30,6","17,32,6","21,37,10","22,39,11","22,41,11","26,42,15","23,39,12","21,35,9","20,34,8","23,35,10","28,38,14","31,40,17","32,37,17","22,27,7","19,22,5","23,25,11","27,27,14","26,24,12","24,21,11","27,24,15","30,26,18","17,9,6","22,83,13","19,80,10","19,79,9","19,79,9","23,81,12","27,84,15","29,86,17","33,88,20","36,90,22","34,86,18","37,87,20","39,88,22","39,86,21","38,85,20","43,89,23","49,95,29","51,96,31","48,91,27","56,98,35","59,99,37","58,97,35","56,96,33","55,95,32","56,96,33","58,98,35","61,102,36","63,103,37","65,106,40","64,104,38","58,99,32","55,95,28","55,95,28","58,98,30","61,102,34","61,101,34","61,100,31","65,100,32","66,97,30","65,94,27","68,97,30","70,100,33","68,96,29","74,102,34","82,108,39","82,108,39","83,109,39","83,110,39","81,107,36","84,107,37","88,112,41","84,108,36","75,99,27","72,96,25","76,100,29","79,105,35","79,106,39","75,104,37","74,102,34","72,101,31","72,101,30","73,100,28","71,99,26","68,95,23","70,96,26","74,100,32","61,86,21","55,79,17","57,79,20","60,81,28","40,61,14","47,67,23","78,96,53","77,89,55","33,37,15","69,74,53","45,55,31","43,58,31","63,84,54","86,110,79","89,114,82","66,92,58","49,73,39","68,88,54","37,53,20","73,87,53","108,122,88","72,87,54","41,59,24","55,76,38","48,72,33","76,100,61","44,64,26","108,126,88","93,110,74","79,95,59","72,88,53","71,86,52","91,105,72","98,111,80","77,89,59","66,77,47","65,76,45","68,79,46","83,94,60","88,100,64","73,84,46","83,94,55","58,68,27","62,71,28","80,87,42","83,90,41","80,89,33","75,89,26","68,85,21","62,82,20","62,79,27","93,107,70","86,96,69","53,58,38","22,23,10","37,38,21","65,67,35","40,43,11","97,104,64","58,67,30","80,91,64","58,70,45","40,51,24","48,57,26","71,79,47","93,100,70","98,107,78","26,36,9","64,76,49","46,59,33","40,57,30","46,65,37","50,70,42","45,68,38","29,53,22","75,102,69","26,53,19","24,52,16","21,52,13","22,51,13","43,68,32","64,85,52","50,69,37","76,98,65","28,51,16","41,66,29","47,74,36","38,67,28","33,64,23","33,65,26","21,55,15","25,58,19","20,53,17","17,49,15","19,50,18","19,48,18","18,46,17","20,46,18","26,45,20","24,35,14","27,32,13","27,31,12","27,30,14","28,31,16","28,31,17","27,29,19","26,25,19","25,23,19","27,23,22","25,20,22","24,17,23","20,13,21","19,11,20","20,9,21","19,8,23","20,9,25","20,9,23","23,11,21","23,12,20","22,11,20","22,10,20","21,10,20","20,10,21","20,10,22","21,10,23","20,10,23","21,12,24","22,14,25","22,16,24","22,17,24","20,15,21","19,14,18","18,13,15","19,15,14","21,15,17","25,16,22","27,16,24","26,16,24","25,15,22","24,16,20","23,16,18","23,17,17","22,18,16","21,20,15","17,16,10","17,17,8","20,21,9","20,25,11","19,26,10","18,24,7","18,25,5","22,29,9","26,34,11","26,38,12","25,41,12","26,42,12","23,39,11","19,35,8","21,37,11","25,41,17","26,41,19","22,37,16","18,33,12","18,33,14","25,40,20","24,39,18","20,35,13","20,34,11","16,30,7","14,28,4","19,34,8","28,44,17","32,49,22","30,47,20","28,43,17","25,40,14","23,37,11","24,38,12","27,39,14","30,41,17","32,41,18","30,36,16","24,29,9","21,24,7","24,26,12","29,28,16","31,29,17","30,27,16","29,26,17","28,24,17","22,14,11","20,81,11","19,80,10","20,80,11","21,82,12","24,83,14","26,84,15","27,84,16","28,86,17","31,86,18","28,82,14","33,86,18","34,87,20","31,83,17","30,81,15","35,86,20","43,94,27","48,96,31","42,90,24","48,92,27","51,92,28","52,92,28","53,94,30","56,97,32","58,99,35","60,100,36","58,99,33","55,96,30","62,103,37","63,104,38","59,100,33","57,98,31","56,97,30","55,96,29","58,99,32","61,102,35","61,101,34","62,101,32","63,98,29","62,95,27","64,97,28","67,99,30","68,98,30","72,103,33","78,108,37","79,107,36","79,108,35","80,108,36","78,106,34","80,107,36","83,110,39","75,103,32","66,94,23","66,94,24","73,102,33","76,105,38","72,102,36","72,101,36","71,101,35","71,100,34","68,98,30","64,94,25","63,93,25","64,94,26","65,93,26","62,90,24","63,90,25","63,91,28","66,92,32","60,85,29","56,81,26","47,71,18","49,72,22","74,92,52","77,88,62","103,113,93","53,64,44","21,36,13","27,46,20","47,69,41","74,97,68","99,122,92","95,117,86","68,87,57","39,57,25","62,79,47","113,130,97","89,106,73","61,79,46","80,99,65","70,91,56","68,88,53","81,97,64","109,124,91","56,71,37","44,59,24","52,67,31","53,68,31","64,78,41","50,63,28","66,77,44","93,103,72","86,97,66","71,82,50","84,93,61","90,99,65","66,75,40","80,89,52","51,60,20","80,89,44","82,89,42","71,80,29","70,81,25","80,94,32","84,99,36","72,87,27","66,81,26","61,73,30","78,87,53","61,66,42","35,37,15","55,58,31","87,90,60","59,63,31","105,110,74","86,92,57","87,93,63","48,56,26","26,35,5","37,47,17","49,60,30","49,61,31","85,98,67","22,34,6","57,70,43","41,57,29","22,40,12","33,52,23","56,75,47","57,78,50","41,63,34","60,84,53","26,52,20","21,47,15","28,55,22","31,58,25","33,58,26","37,60,29","41,64,33","62,87,55","22,48,14","33,59,25","45,72,38","48,75,40","38,66,31","22,51,16","15,43,9","20,48,14","19,45,14","18,43,13","21,42,15","22,42,15","21,39,14","21,38,15","25,37,18","24,29,14","27,28,16","29,29,18","30,30,19","30,29,20","29,28,21","27,26,20","24,21,18","24,19,17","22,17,19","22,15,20","21,14,20","20,12,20","21,11,21","22,11,23","23,12,25","24,13,27","25,14,26","21,11,21","21,12,20","22,11,20","21,11,20","21,12,20","21,12,20","20,12,21","20,12,21","20,11,21","19,11,21","20,13,21","22,15,23","22,16,23","21,15,21","19,13,20","19,13,18","20,16,18","23,17,20","27,17,23","27,16,24","27,16,24","26,15,22","25,16,20","25,15,18","23,16,16","23,16,17","22,18,14","20,16,12","19,18,10","21,20,9","20,21,8","18,21,7","17,20,5","18,22,5","23,26,9","27,32,12","21,31,8","18,32,6","23,39,11","24,39,13","20,35,10","21,36,11","27,42,17","28,42,19","22,37,14","21,35,13","22,36,15","21,35,13","17,32,10","18,33,9","20,34,10","18,32,8","19,33,9","29,43,18","31,45,20","22,36,12","23,36,12","23,36,13","26,39,14","27,41,15","27,40,15","25,38,12","23,35,10","24,34,10","29,36,15","25,30,10","23,26,9","26,28,13","31,30,17","31,29,17","29,26,17","29,25,18","30,24,18","28,20,14","28,89,20","22,83,14","17,78,9","17,78,9","23,83,14","28,87,19","28,87,19","24,83,15","18,76,8","26,83,15","28,84,16","28,85,17","30,86,18","32,88,20","33,89,22","35,91,24","38,93,26","41,93,26","48,95,29","51,94,28","52,93,27","52,94,28","54,95,29","56,98,32","59,100,34","61,102,36","61,102,36","61,102,36","58,99,33","58,99,33","60,101,35","58,99,33","51,92,26","53,95,29","60,101,35","59,100,33","59,100,32","59,99,30","58,97,27","57,96,25","61,98,27","68,103,31","71,106,33","74,108,33","75,107,32","74,105,31","71,102,28","69,100,26","72,103,31","77,107,36","72,104,34","64,97,27","63,97,28","71,104,36","71,103,37","63,94,31","64,95,32","65,95,32","63,94,30","60,91,28","58,89,25","58,89,25","59,90,27","57,87,24","49,78,16","49,80,16","57,86,24","60,90,28","42,71,11","54,84,24","50,79,21","36,64,10","56,79,35","72,88,63","23,37,19","5,19,2","32,47,28","47,64,42","46,64,41","64,83,59","100,120,93","88,108,81","44,64,36","52,71,42","32,51,21","85,104,73","90,107,76","59,76,45","52,69,38","57,74,44","62,78,48","56,70,42","106,117,89","64,76,45","54,66,32","69,82,45","75,88,48","70,83,42","41,52,13","116,126,90","112,121,88","65,74,42","92,101,71","98,105,77","87,93,62","107,112,80","53,60,24","70,77,35","90,98,52","83,91,41","74,84,29","69,80,22","72,84,24","78,90,30","75,85,26","78,88,33","54,62,18","87,94,53","74,79,47","52,55,28","64,67,40","80,83,57","48,52,26","56,59,30","90,93,59","73,76,39","62,68,30","46,56,21","52,67,34","79,95,63","90,106,75","87,103,72","25,40,11","61,77,48","58,75,46","57,76,46","56,75,46","51,70,42","46,66,38","35,55,27","35,57,29","17,40,12","30,53,25","54,78,49","39,63,34","23,47,18","41,66,36","45,71,41","27,54,23","31,59,27","52,79,47","39,66,34","38,65,34","39,65,35","26,51,22","24,45,17","26,47,20","29,46,21","28,43,19","28,39,17","29,37,17","29,36,17","29,35,18","29,32,19","28,27,18","27,26,19","28,25,19","28,26,19","28,25,20","27,23,19","24,20,17","21,16,15","20,14,14","24,17,20","25,16,21","24,14,21","23,13,21","22,11,20","22,10,21","23,11,22","23,11,22","23,13,22","21,11,19","19,12,19","20,12,20","20,13,20","20,13,20","20,13,20","20,13,21","21,14,21","21,14,22","20,13,20","20,13,20","21,14,21","21,14,21","21,14,21","21,14,21","20,13,20","22,15,21","24,16,22","25,16,23","27,14,23","27,14,23","27,14,22","26,14,20","25,14,20","25,14,17","24,15,16","23,16,14","24,19,15","25,21,15","25,21,12","23,21,10","22,21,8","20,21,8","21,23,8","24,26,11","26,30,13","22,30,9","18,30,6","20,34,8","22,36,11","24,38,13","23,37,12","21,35,10","20,34,9","20,34,10","21,35,11","20,34,10","15,29,4","14,28,4","21,35,10","23,37,12","21,35,10","19,33,8","23,37,13","25,37,15","22,32,11","25,34,14","28,39,17","32,42,20","31,43,19","29,41,17","24,36,12","20,32,8","21,32,9","31,38,17","23,30,9","22,25,8","26,28,14","30,29,16","27,25,14","26,22,14","31,24,18","34,27,21","23,13,8","18,77,9","23,82,14","27,87,18","28,87,19","24,84,16","21,80,12","19,78,10","22,81,13","26,85,17","24,81,13","25,82,14","27,84,16","29,86,18","32,89,21","33,90,22","34,91,23","34,91,23","36,89,21","46,94,28","51,95,29","53,95,29","52,94,28","50,93,26","50,92,26","51,95,28","58,100,34","62,106,39","58,100,34","53,96,29","54,97,31","58,100,34","57,101,35","53,94,28","52,96,30","58,100,34","56,98,30","56,99,30","57,99,30","55,96,26","55,95,24","58,97,26","66,102,30","70,106,33","72,106,31","71,105,29","75,107,32","77,109,34","74,106,31","73,105,32","75,106,36","68,101,32","59,94,24","57,92,23","62,97,29","64,98,32","59,93,30","60,94,31","61,93,30","58,92,28","56,89,26","54,87,24","55,87,25","56,88,25","55,89,26","55,87,24","52,86,22","57,88,26","58,91,28","43,75,13","53,86,23","48,81,19","35,65,9","48,73,28","62,80,53","90,104,87","45,61,44","57,73,55","68,86,65","53,71,49","32,50,28","49,68,44","107,127,100","69,89,61","71,90,62","41,60,31","86,105,75","109,128,98","80,98,68","41,58,29","48,63,34","98,113,84","59,72,46","101,113,86","70,82,51","58,69,35","78,90,52","88,100,59","68,80,38","52,63,23","137,147,110","72,82,47","62,71,39","67,75,46","67,73,46","72,78,48","83,89,56","66,74,38","84,92,50","62,71,25","78,88,36","88,98,42","80,91,32","75,86,26","82,93,33","78,89,30","69,79,24","33,41,2","81,88,47","74,80,42","53,58,25","37,41,16","39,42,21","72,74,49","68,69,41","135,136,102","82,84,46","58,63,24","40,49,14","36,49,17","60,76,44","89,106,74","73,90,59","28,44,14","54,70,41","42,60,30","42,61,31","68,87,58","73,92,64","36,56,28","28,48,21","40,60,34","70,91,64","35,56,29","30,51,24","31,53,25","25,48,20","30,55,26","62,88,58","45,70,41","25,52,22","47,73,43","39,65,35","34,60,31","33,57,30","23,45,19","13,33,8","15,33,11","20,33,12","20,32,11","21,30,11","23,28,11","23,27,11","25,26,12","26,26,15","26,23,16","25,22,17","25,22,17","25,22,17","26,22,18","25,21,18","23,19,17","21,15,15","20,13,14","26,17,22","25,16,21","24,15,22","23,13,21","22,11,20","22,10,20","22,10,20","21,9,19","20,10,19","22,12,20","20,13,20","20,13,20","20,13,20","20,13,20","20,13,20","20,13,20","20,13,20","20,13,20","21,14,21","19,12,19","17,10,17","17,10,17","20,13,20","23,16,23","25,18,25","23,16,23","23,13,21","24,14,22","26,13,22","26,13,22","26,14,21","25,14,20","25,14,20","26,15,19","25,16,17","25,17,15","26,20,16","27,22,17","27,23,16","28,25,15","27,25,13","25,25,13","26,27,13","28,29,15","29,32,16","26,33,14","23,34,12","21,35,11","20,34,10","19,33,9","17,31,7","16,30,6","17,31,7","18,32,9","15,29,5","13,27,4","19,33,9","24,38,14","22,36,12","20,34,10","20,34,10","19,33,9","16,29,7","20,31,10","30,38,20","30,37,19","29,38,17","30,39,18","28,40,16","26,38,14","25,37,13","22,34,10","24,35,11","31,39,18","26,34,13","26,29,12","29,31,17","30,29,17","27,25,14","28,23,15","35,28,23","39,30,26","25,14,10","21,80,12","21,80,12","22,81,14","24,83,15","25,84,16","25,84,16","24,83,15","23,82,14","22,81,13","22,79,11","23,80,12","25,82,14","27,84,16","29,86,19","30,87,20","31,89,21","31,88,20","33,87,20","38,87,21","43,90,22","47,93,25","48,94,26","48,94,27","48,92,26","46,93,25","49,93,26","49,96,28","50,96,28","49,94,26","50,96,28","55,101,33","56,103,35","51,96,29","50,97,29","53,97,31","48,93,26","51,94,26","53,96,26","51,93,23","52,92,22","56,96,24","64,102,29","69,105,33","71,106,32","70,104,29","72,105,29","75,107,32","72,104,30","70,102,31","70,103,32","65,99,29","59,95,25","58,94,25","62,99,31","64,99,33","60,95,31","60,95,31","58,93,29","56,91,27","54,89,25","54,89,25","54,89,25","54,89,25","53,88,24","49,84,20","47,82,18","48,83,19","50,85,21","41,76,12","51,86,22","49,83,19","38,71,11","42,70,23","42,61,32","105,120,102","40,57,38","26,44,23","26,44,22","20,38,16","11,29,7","29,46,26","99,117,91","89,107,79","56,75,47","36,55,26","41,60,30","75,94,64","82,101,71","45,63,33","37,53,24","78,94,65","57,70,44","55,69,41","80,92,61","84,95,61","69,81,43","50,63,22","48,60,20","108,119,79","121,131,94","39,49,20","59,68,38","64,72,44","88,94,67","104,111,81","76,83,49","98,106,69","62,71,28","66,75,29","62,71,21","74,84,30","70,81,24","68,79,20","86,97,37","88,99,41","63,74,18","55,63,16","76,83,39","77,83,45","79,84,52","51,55,34","24,27,15","69,72,45","43,44,17","94,95,62","83,85,47","73,78,40","52,61,25","47,60,28","66,82,50","70,87,55","43,60,29","23,39,10","38,54,25","56,74,44","44,63,33","41,60,31","46,65,37","43,62,34","51,71,44","18,38,12","45,65,38","31,51,24","33,53,26","30,50,23","39,61,34","61,84,56","37,61,33","22,45,17","27,52,24","33,57,30","16,39,14","20,43,18","35,57,32","35,55,32","26,44,23","22,38,17","19,32,12","21,31,13","25,32,15","28,31,16","28,30,16","28,29,16","27,27,16","23,20,13","22,19,14","22,19,14","23,20,15","24,20,16","24,20,17","24,19,17","22,16,16","20,14,14","23,14,19","23,14,19","22,13,20","21,11,19","22,11,20","23,11,21","23,11,21","23,11,21","23,13,22","24,14,22","22,14,21","21,14,21","20,13,20","20,13,20","20,13,20","19,12,19","19,12,19","18,11,18","19,12,19","17,10,17","16,9,16","17,10,17","19,12,19","22,15,22","24,17,24","24,17,24","24,14,22","25,13,23","26,13,23","26,13,23","26,14,23","26,15,22","27,16,23","27,16,21","27,18,20","27,18,18","23,16,14","22,17,14","25,21,15","27,24,16","28,25,16","28,26,16","28,28,16","30,30,18","30,31,17","26,31,15","22,33,11","19,33,11","19,32,11","17,31,8","16,29,9","16,30,7","18,31,9","20,34,12","17,31,9","16,29,8","23,37,14","26,39,19","20,34,12","17,30,9","17,31,9","21,34,13","23,36,16","26,37,17","30,38,19","28,36,15","25,34,13","25,34,13","25,36,13","26,38,14","25,37,13","23,35,11","23,34,11","26,34,13","25,33,12","30,32,16","32,34,20","30,29,18","26,23,15","27,22,17","33,26,22","38,30,26","33,22,18","22,81,15","20,79,13","18,77,11","19,78,12","23,82,16","26,85,19","26,85,18","22,81,15","18,77,11","21,80,14","21,80,14","21,80,14","21,80,14","22,81,15","24,83,17","26,85,19","28,87,21","32,87,20","37,89,22","39,89,21","40,88,20","41,90,21","43,92,23","47,95,26","46,96,27","45,93,25","42,91,23","46,94,26","46,94,26","46,95,27","51,99,31","51,101,32","47,95,27","46,96,27","48,95,27","42,89,21","45,91,22","49,94,24","50,93,23","52,93,23","56,95,24","61,98,26","63,100,28","65,100,28","66,100,26","64,97,24","63,95,22","62,94,22","61,94,23","62,95,24","58,93,24","56,91,23","56,92,25","58,95,28","58,94,28","53,89,25","52,88,24","49,85,21","47,83,19","46,82,18","46,82,18","47,83,19","47,83,19","46,82,18","44,80,16","43,79,15","42,78,14","44,80,16","41,77,13","48,84,20","49,85,21","43,77,17","48,77,27","53,75,42","22,40,17","135,153,131","81,99,76","36,54,30","54,72,48","78,95,70","55,71,46","32,48,22","56,72,45","116,132,105","76,95,67","45,64,36","69,88,60","89,108,79","71,89,59","57,76,46","62,78,50","58,72,46","32,45,18","75,89,57","77,90,59","74,87,51","74,87,46","55,68,26","124,136,96","85,97,59","78,88,54","101,110,79","110,119,91","97,105,78","77,85,55","68,75,41","76,84,47","93,102,59","86,95,48","72,84,33","62,75,21","67,81,25","76,90,31","74,87,28","79,90,33","78,89,33","75,84,34","63,72,28","95,102,64","102,107,75","59,63,40","39,41,25","101,104,79","80,83,57","28,31,9","74,78,44","72,77,39","45,54,18","46,58,26","79,94,64","105,120,89","77,92,61","54,70,41","36,52,23","46,62,33","31,48,19","38,56,28","44,63,36","18,37,9","33,51,25","24,42,16","34,54,27","38,58,31","40,60,33","36,56,29","29,49,23","27,47,22","37,57,32","53,73,48","41,63,38","32,52,29","19,38,16","29,48,26","45,64,42","46,64,44","40,56,37","24,39,20","10,21,4","11,19,4","19,24,9","23,26,12","23,24,11","21,20,9","20,18,9","24,21,14","23,20,15","22,19,14","23,20,15","24,21,17","25,21,18","25,20,18","24,18,18","22,16,16","22,13,18","22,13,18","21,12,19","21,11,19","22,10,20","22,10,20","23,11,21","23,11,21","22,12,21","24,14,22","22,14,21","21,14,21","20,13,20","20,13,20","20,13,20","19,12,19","19,12,19","18,11,18","15,8,15","16,9,16","19,12,19","20,13,20","20,13,20","19,12,19","20,13,20","22,15,22","26,17,25","26,15,24","26,14,25","26,14,26","27,15,27","28,16,26","27,17,25","28,18,24","28,19,24","28,19,22","20,13,14","17,12,11","21,16,12","23,19,14","24,21,14","23,20,14","22,20,11","23,20,12","22,21,11","21,26,11","20,30,12","21,32,13","22,33,16","22,34,14","20,31,14","19,31,12","20,31,13","20,32,13","21,33,14","21,32,14","22,34,15","24,35,18","23,35,15","18,29,12","13,25,6","15,27,8","23,35,16","26,37,18","20,28,9","18,26,5","16,25,4","19,29,5","21,33,9","23,35,11","23,35,11","20,32,8","20,31,8","25,33,12","28,36,15","34,37,22","36,38,25","34,33,22","30,27,19","29,24,19","32,24,21","33,24,21","24,13,11","16,74,9","18,76,11","20,78,13","20,78,12","19,78,12","18,76,11","19,77,11","21,79,14","25,83,17","20,79,13","19,78,12","19,78,12","19,78,12","19,79,12","21,80,14","22,82,16","25,84,18","28,86,18","35,90,22","35,88,19","31,82,14","29,81,12","31,82,14","35,87,18","39,91,22","41,92,24","41,92,24","44,96,27","42,94,25","41,92,23","43,95,26","44,96,27","41,92,24","43,94,26","45,97,28","41,91,22","42,89,21","47,92,23","52,94,26","55,96,28","56,97,27","56,93,24","56,94,22","58,95,23","61,97,23","64,97,24","65,98,26","65,97,27","64,97,26","62,95,27","59,94,26","57,93,24","54,91,25","53,90,24","52,90,24","52,88,24","48,85,21","45,82,17","43,80,15","43,80,16","44,81,17","44,81,17","44,81,17","45,82,18","49,86,21","51,88,24","48,85,21","47,84,19","45,82,18","48,85,20","50,87,22","49,85,24","49,80,28","47,71,35","39,58,30","68,87,60","82,100,73","70,88,61","39,55,33","13,28,8","21,36,14","59,74,48","28,43,17","77,93,67","74,90,63","47,63,36","16,34,11","32,51,27","73,92,62","52,71,41","18,37,11","68,82,56","44,58,30","69,83,52","49,61,37","44,55,28","63,76,35","57,70,28","126,138,99","75,87,49","44,55,23","66,75,44","87,96,67","68,77,49","53,61,31","77,85,51","79,88,51","114,123,80","63,73,27","78,90,41","60,73,22","67,79,26","75,89,32","50,63,6","48,60,6","81,93,38","51,61,11","43,52,9","69,76,39","98,104,71","88,92,65","49,52,28","37,41,18","56,59,44","30,33,12","127,131,99","105,110,75","60,69,35","29,42,12","33,48,19","69,84,53","43,58,27","36,52,23","29,45,16","31,47,18","43,59,30","47,64,36","33,52,25","21,39,13","50,68,42","41,59,33","26,45,18","27,47,20","15,35,9","13,32,6","22,40,15","28,45,22","34,51,30","26,43,22","11,30,9","36,54,33","31,49,28","24,42,22","35,53,34","53,70,51","53,67,49","33,46,28","18,27,12","19,25,11","24,29,16","27,30,18","27,27,16","26,24,13","26,23,15","26,23,17","24,21,16","23,20,15","23,20,15","24,21,17","25,21,18","25,20,18","25,19,19","23,17,17","25,16,21","24,15,20","23,14,21","22,12,20","21,10,19","21,9,19","20,8,18","20,8,18","19,9,18","22,12,20","20,13,20","20,13,20","20,13,20","20,13,20","20,13,20","20,13,20","20,13,20","20,13,20","16,9,16","17,10,17","20,13,20","20,13,20","20,13,20","18,11,18","18,11,18","21,14,21","23,16,24","25,16,27","26,15,27","26,15,27","26,15,27","27,16,27","26,16,25","26,16,24","26,16,24","26,17,22","24,17,20","24,18,19","26,20,19","27,22,19","27,22,18","24,21,16","23,19,12","23,19,13","22,21,12","22,25,13","22,29,14","23,33,17","25,35,18","25,35,18","22,32,16","20,30,14","18,28,12","18,28,11","20,30,13","23,33,17","25,36,19","29,39,22","30,41,24","24,34,18","15,26,9","12,23,6","16,26,9","23,31,13","27,35,14","24,32,9","23,33,9","27,37,12","31,42,17","33,45,21","32,44,20","29,41,17","26,37,14","26,33,13","28,35,17","32,35,21","32,34,21","32,30,20","29,26,18","27,22,17","28,20,17","27,18,15","22,11,9","20,76,11","19,75,10","18,74,9","17,73,8","17,73,8","17,73,8","20,76,11","22,78,13","25,81,16","18,77,11","17,76,10","19,78,12","19,78,12","20,80,13","20,81,14","21,82,15","21,82,15","22,82,14","26,82,14","28,83,15","30,84,16","31,85,17","32,86,18","33,87,19","34,88,20","38,91,23","40,93,25","42,96,28","38,92,24","34,88,20","36,90,22","38,92,24","36,90,22","42,95,27","45,99,31","43,96,27","37,86,19","39,84,16","48,91,23","55,96,29","56,97,27","54,92,23","54,91,21","59,95,24","65,101,29","67,102,31","68,101,31","68,101,31","67,100,32","65,98,31","61,96,28","58,94,27","53,90,25","48,86,21","49,88,23","53,92,27","48,87,22","44,83,18","42,81,16","43,82,17","44,83,18","45,84,19","45,84,19","42,81,16","38,77,12","43,82,17","40,79,14","37,76,11","36,75,10","36,75,10","39,78,13","43,80,18","46,78,24","58,83,42","54,76,42","43,63,31","38,57,26","27,44,15","58,74,46","64,79,54","29,43,22","82,96,71","22,36,11","34,49,23","80,96,69","74,90,63","35,52,26","40,59,32","93,114,82","95,116,83","31,50,20","60,75,48","50,65,36","75,89,57","69,83,48","71,86,48","79,94,52","56,70,28","92,104,64","51,63,25","79,90,56","59,70,37","64,74,45","65,74,46","60,69,39","76,86,51","80,91,53","66,77,35","80,92,46","72,84,37","71,83,35","67,79,28","65,78,25","69,82,27","58,71,16","85,98,44","64,74,24","65,75,30","57,65,28","84,91,60","95,100,76","59,63,44","53,56,38","137,140,115","49,52,26","50,53,23","77,82,48","66,75,43","43,55,24","48,61,31","75,90,59","62,77,47","54,69,39","40,55,26","49,65,36","60,76,47","60,76,48","46,62,35","27,44,17","37,55,30","13,31,6","34,52,26","46,64,38","22,40,16","19,36,13","33,49,26","36,50,30","34,48,30","37,51,32","19,35,16","32,48,29","29,46,27","30,46,28","40,55,37","47,61,44","37,51,34","22,34,18","14,22,9","15,22,9","19,23,12","19,21,10","18,18,8","20,18,9","23,20,14","27,24,19","25,22,17","23,20,15","23,20,15","24,20,16","24,20,17","24,19,17","24,18,18","22,16,16","23,14,19","23,14,19","22,12,19","21,11,19","21,10,19","21,9,19","21,9,19","21,9,19","21,11,20","21,11,19","19,12,19","20,13,20","20,13,20","20,13,20","20,13,20","20,13,20","21,14,21","21,14,21","19,12,19","18,11,18","18,11,18","18,11,18","19,12,19","20,13,20","20,13,20","20,13,20","19,12,20","23,13,25","25,14,28","25,14,28","25,14,27","24,14,25","24,14,24","23,13,22","21,14,21","21,15,19","21,15,19","23,17,18","25,19,18","26,21,19","27,22,18","27,22,18","27,22,17","28,23,18","29,26,18","23,26,14","20,26,12","21,29,14","22,30,15","22,30,15","21,29,14","20,28,13","20,28,13","21,29,14","18,26,11","19,27,12","27,35,20","30,38,23","22,30,15","18,26,11","18,26,11","17,25,10","14,22,7","17,25,7","26,34,13","22,30,7","17,27,3","20,30,5","24,36,10","28,41,15","27,40,14","24,37,12","25,36,13","32,40,19","32,39,21","31,34,19","28,30,17","28,26,17","28,25,18","28,23,19","28,20,18","28,19,17","29,17,16","22,77,14","16,71,7","13,68,5","14,69,6","16,71,8","19,74,11","24,79,15","25,81,17","20,76,12","15,74,9","15,74,10","17,76,11","18,78,13","20,80,15","20,81,16","20,81,16","19,81,15","20,81,14","20,78,10","23,80,12","28,84,16","30,87,19","33,89,21","33,89,21","33,89,21","35,91,23","36,92,24","37,93,25","33,89,21","32,88,20","37,93,25","38,94,26","32,88,20","37,93,25","43,99,31","41,95,27","39,88,23","42,87,22","47,91,25","52,93,27","52,93,25","50,89,22","51,88,19","55,91,22","60,95,25","62,98,28","64,98,29","64,98,29","63,97,29","61,96,29","58,94,29","56,92,28","52,90,26","48,87,23","49,88,23","51,90,25","49,88,23","46,85,20","44,83,18","43,82,17","42,81,16","43,82,17","44,83,18","42,81,16","37,76,11","40,79,14","42,81,16","43,82,17","42,81,16","39,78,13","40,79,14","44,81,18","46,80,23","48,75,29","32,57,18","43,64,28","60,80,45","56,73,41","81,98,68","102,118,90","73,87,62","46,59,35","19,31,10","28,42,18","49,65,38","63,79,52","48,65,37","26,46,17","45,66,37","98,119,86","45,65,34","34,51,23","49,64,35","66,80,48","40,53,26","34,48,17","61,77,35","77,92,50","114,127,87","79,92,54","81,93,58","62,73,40","68,79,50","75,85,57","70,79,48","77,87,52","110,120,82","54,65,22","95,107,61","76,88,42","80,92,46","71,84,35","63,76,25","72,86,32","57,70,16","66,79,25","55,66,16","53,64,19","66,74,37","46,53,25","46,52,31","60,65,49","15,19,7","63,66,43","31,34,11","48,53,24","98,104,73","76,85,54","34,45,20","30,41,20","45,59,28","62,75,45","49,63,35","23,38,13","34,49,21","38,53,24","39,55,27","42,58,31","38,55,28","26,43,18","21,38,13","35,53,27","20,34,16","10,26,6","37,53,31","53,67,45","31,44,25","29,42,24","47,60,42","44,59,40","39,54,35","40,56,37","41,56,38","27,40,25","16,28,14","38,50,33","41,52,36","28,36,23","20,27,14","15,19,8","21,23,13","24,25,15","20,19,11","20,19,12","25,22,17","24,21,16","23,20,15","23,20,15","23,19,16","23,19,16","23,18,16","23,17,17","22,16,16","22,13,18","22,13,18","21,12,19","21,11,19","21,10,19","21,9,19","21,9,19","21,9,19","20,10,19","20,10,18","18,11,18","19,12,19","20,13,20","20,13,20","21,14,21","21,14,21","21,14,21","21,14,21","20,13,20","18,11,18","17,10,17","17,10,17","19,12,19","20,13,20","21,14,21","21,14,21","18,11,19","21,13,25","22,13,28","22,13,27","22,13,25","21,12,23","21,12,23","21,13,21","20,13,20","20,14,18","23,17,21","25,19,21","26,19,20","27,19,19","25,18,16","24,17,14","23,16,12","23,17,12","23,19,11","20,21,11","18,23,10","19,26,12","21,28,14","22,29,15","22,29,14","22,29,15","23,30,16","24,31,17","23,29,15","22,29,15","27,34,19","26,33,18","18,25,10","16,22,8","18,25,11","20,27,13","20,27,12","22,30,12","27,35,13","23,32,8","19,29,4","20,30,5","22,34,8","25,38,11","26,39,13","25,38,12","27,38,14","31,39,18","27,34,16","23,26,12","20,22,11","21,20,12","24,21,15","25,20,16","25,17,15","24,15,14","27,15,15","23,77,15","15,69,7","16,70,8","18,72,10","18,72,10","18,72,10","22,76,14","22,78,15","16,72,9","16,75,11","17,76,12","17,76,12","17,77,13","18,78,14","19,79,15","19,81,16","20,82,17","22,83,16","22,81,14","24,81,14","27,84,16","30,87,19","32,89,21","32,89,21","31,88,20","29,86,18","28,85,17","32,89,21","31,88,20","31,88,20","38,95,27","39,96,28","29,86,18","33,90,22","40,97,29","35,91,24","38,88,23","43,89,25","45,89,25","48,90,25","47,89,22","47,87,21","48,87,19","51,88,21","54,90,21","56,92,23","59,94,26","58,93,25","57,92,25","56,91,27","55,91,27","54,92,28","53,91,29","52,91,29","49,88,26","46,85,20","48,87,22","49,88,23","49,88,23","47,86,21","44,83,18","41,80,15","40,79,14","40,79,14","41,80,15","41,80,15","44,83,18","47,86,21","46,85,20","42,81,16","40,79,14","42,80,16","47,82,23","54,82,32","66,92,46","43,65,25","42,63,24","93,111,75","81,97,65","56,71,42","78,92,65","52,64,39","64,76,54","75,88,64","44,58,33","67,82,56","81,98,70","55,75,46","42,64,34","100,123,89","121,142,109","36,52,24","40,55,27","63,78,47","57,72,41","57,72,38","70,87,44","70,86,43","96,111,71","45,60,26","51,62,28","77,88,55","77,88,59","67,78,49","69,80,48","77,87,53","65,75,37","97,108,65","63,75,30","84,97,51","82,95,50","77,91,44","74,88,37","59,73,22","52,65,12","80,93,40","50,62,12","60,72,27","60,69,31","47,54,25","76,82,58","107,112,91","55,60,40","97,100,78","103,107,84","35,39,25","58,64,40","52,61,32","30,41,15","38,50,25","68,81,51","85,98,68","58,71,43","67,81,55","75,90,62","48,63,34","48,63,36","77,92,65","67,83,57","16,32,6","29,45,19","33,50,24","26,41,20","53,69,45","57,73,49","36,50,28","28,41,21","37,50,32","25,38,20","30,43,25","25,40,21","29,44,25","36,51,33","26,39,24","14,26,11","36,49,32","47,60,43","42,52,38","21,29,16","9,15,3","21,25,14","29,32,21","24,24,15","21,20,13","24,21,16","24,21,16","23,20,15","23,20,15","23,19,16","23,19,16","22,18,16","23,17,17","23,17,17","23,14,19","23,14,19","22,13,20","22,12,20","22,11,20","22,10,20","21,9,19","20,8,18","19,9,18","21,11,19","19,12,19","20,13,20","21,14,21","21,14,21","21,14,21","21,14,21","20,13,20","20,13,20","20,13,20","19,12,19","17,10,17","17,10,17","19,12,19","20,13,20","21,14,21","20,13,20","19,12,20","22,14,26","22,14,28","22,14,28","22,14,26","21,13,24","21,14,23","21,14,22","22,15,22","22,16,20","22,16,20","23,17,18","24,17,17","25,17,16","24,16,13","22,14,11","20,13,8","21,14,8","20,15,7","20,20,9","20,24,11","21,27,13","25,29,15","25,31,17","26,30,16","24,30,16","25,31,17","26,32,18","29,34,20","32,37,23","31,37,23","29,35,21","25,31,17","23,28,14","22,27,13","23,29,15","25,31,16","25,33,14","25,33,9","23,31,7","20,30,5","20,30,5","20,32,5","21,34,6","23,36,9","25,38,12","29,40,16","36,44,24","32,39,21","29,32,18","29,31,19","32,31,23","34,30,26","34,28,26","32,24,24","29,20,20","25,13,15","22,74,12","18,71,9","21,73,11","24,76,14","21,74,12","16,70,8","17,72,10","19,75,12","14,70,7","20,78,15","20,79,15","19,78,14","18,78,14","17,78,14","18,80,15","20,82,17","23,85,20","25,86,20","25,84,18","27,85,17","29,86,18","29,86,18","28,85,17","28,85,17","27,84,16","25,82,14","24,81,13","28,85,17","27,84,16","28,85,17","33,90,22","34,91,23","27,84,16","29,86,18","34,91,23","31,87,20","32,84,19","36,83,20","39,85,21","43,86,22","44,86,22","45,86,20","48,87,20","51,88,21","54,91,24","55,91,24","55,90,23","54,89,22","52,88,23","51,87,23","50,87,24","49,88,26","50,88,27","51,89,28","47,85,24","43,81,18","48,84,20","51,87,23","51,88,24","49,86,22","47,83,19","43,79,15","41,77,13","42,79,14","47,84,19","45,82,18","46,82,18","47,83,19","46,82,18","44,80,16","43,80,16","46,82,19","51,84,25","56,85,32","65,92,42","57,81,35","23,44,13","73,92,59","92,108,73","69,83,52","77,89,62","96,107,82","23,33,15","68,80,57","33,47,22","33,48,22","65,83,55","64,84,55","26,48,18","36,60,30","112,135,102","52,71,43","50,66,37","55,71,39","47,64,29","57,75,35","74,91,48","70,86,43","103,120,79","57,73,36","41,55,20","54,67,33","80,92,63","70,81,52","69,80,48","105,115,81","57,69,30","131,143,99","51,64,20","75,88,44","79,93,50","69,83,39","60,74,26","51,65,13","50,64,11","64,77,24","55,68,19","56,67,24","61,71,33","56,66,34","50,56,30","38,43,25","19,23,14","33,38,23","104,109,88","29,33,18","54,59,36","75,82,54","62,73,43","42,54,24","38,49,20","69,80,50","70,83,55","95,108,80","85,99,71","47,62,33","41,56,28","56,70,44","41,55,29","22,38,12","29,45,19","16,32,6","34,50,24","68,85,59","47,63,39","27,42,21","68,81,59","91,103,83","21,34,15","31,44,24","39,54,34","29,46,25","27,45,24","37,54,35","42,58,40","31,45,27","27,40,22","39,52,35","29,40,24","17,26,11","17,24,10","20,25,11","22,24,12","26,27,18","22,22,14","24,21,16","23,20,15","23,20,15","22,19,15","22,18,15","22,18,16","23,17,17","22,16,16","23,14,19","23,14,19","22,13,20","22,12,20","22,11,20","22,10,20","21,9,19","21,9,19","20,10,19","22,12,20","20,13,20","21,14,21","21,14,21","21,14,21","21,14,21","20,13,20","19,12,19","19,12,19","21,14,21","20,13,20","19,12,19","18,11,18","19,12,19","20,13,20","20,13,20","19,12,19","18,11,19","22,16,25","24,17,28","24,17,28","23,17,27","23,17,27","24,17,25","24,17,24","25,18,25","25,19,23","22,14,18","21,13,14","23,15,14","25,17,15","26,18,15","26,17,14","27,18,13","28,20,14","28,22,14","25,23,12","24,26,12","25,29,14","28,30,16","28,32,17","29,31,17","27,32,17","28,32,18","30,33,19","28,32,17","27,29,15","26,30,15","26,28,14","22,26,11","20,23,8","18,21,7","18,22,7","19,23,7","20,26,7","22,30,6","22,31,4","21,31,4","20,30,4","18,31,3","19,32,4","21,34,7","23,36,10","24,35,11","20,28,7","18,25,7","20,23,9","21,23,11","24,23,16","25,21,18","24,18,16","20,11,12","19,10,11","28,16,18","18,70,9","16,68,7","21,73,11","24,76,14","20,71,10","15,67,6","16,71,9","22,78,15","21,77,14","21,79,16","21,79,16","20,80,16","20,80,17","19,81,17","20,82,18","21,83,18","21,86,20","23,85,20","23,83,17","23,80,14","21,78,10","19,75,8","18,75,7","19,76,8","22,78,11","26,83,15","29,85,18","26,83,16","24,81,13","26,83,15","28,85,17","28,85,17","26,83,15","26,83,15","28,84,17","28,84,16","31,82,18","35,82,20","38,84,21","42,85,22","44,86,23","44,84,21","46,85,20","48,85,21","50,87,21","53,89,23","56,91,25","54,90,24","52,88,24","49,85,23","45,83,22","44,82,21","44,83,23","46,85,24","47,84,22","46,82,20","47,83,19","47,83,19","47,82,18","45,81,17","46,81,17","47,82,18","48,84,20","51,87,23","52,88,24","48,84,20","46,82,18","48,84,20","48,84,20","48,84,20","50,85,21","54,89,25","56,89,28","49,80,21","47,76,21","62,90,38","61,84,37","54,73,31","78,94,58","89,101,69","48,58,31","26,35,11","38,47,24","42,52,28","52,64,40","49,63,38","71,89,61","86,108,78","62,87,55","43,68,35","106,131,97","94,113,85","45,61,32","43,60,27","39,57,21","54,72,32","69,86,43","50,68,23","87,104,62","60,76,37","57,71,37","58,72,38","92,104,74","85,95,67","55,66,35","68,79,44","71,83,44","56,69,25","79,92,48","69,84,42","66,81,41","69,83,40","64,78,32","60,74,24","68,82,30","46,60,7","63,75,27","48,60,17","52,63,25","73,83,51","77,85,60","67,73,53","68,73,54","28,32,13","71,76,56","35,39,19","39,45,20","56,64,36","53,63,34","30,41,14","31,42,21","118,130,100","82,95,67","33,46,18","30,43,16","26,39,13","40,54,27","48,62,36","35,50,24","68,84,58","29,44,20","20,36,10","56,72,46","42,58,32","30,46,21","29,45,20","25,38,16","37,50,28","10,23,8","57,72,49","40,57,34","21,39,17","24,42,20","41,59,38","52,69,49","39,55,36","34,49,30","27,43,23","46,59,42","35,45,30","18,27,12","13,20,5","19,25,11","25,28,17","22,22,14","24,21,16","23,20,15","23,20,15","22,19,15","22,18,15","21,17,15","22,16,16","21,15,15","23,14,19","23,14,19","23,13,20","22,12,20","23,11,21","23,11,21","22,10,20","22,10,20","20,10,19","23,13,21","21,14,21","21,14,21","21,14,21","21,14,21","20,13,20","19,12,19","18,11,18","18,11,18","22,15,22","22,15,22","20,13,20","19,12,19","19,12,19","20,13,20","20,13,20","19,12,19","17,10,17","22,16,23","23,18,27","23,18,27","22,17,26","22,18,25","24,17,24","25,19,23","26,20,24","26,20,22","27,19,20","28,20,19","30,22,19","31,23,19","31,22,17","29,19,14","26,17,10","26,17,10","26,18,9","25,23,10","25,27,12","27,29,13","28,30,16","29,32,15","28,30,16","28,31,14","29,32,17","31,34,18","30,33,16","28,30,15","29,32,16","30,33,18","30,33,16","29,31,17","28,31,15","29,32,16","30,34,16","29,34,13","28,34,10","27,36,9","27,37,9","26,36,9","24,36,8","23,36,8","25,38,11","27,40,15","27,38,15","24,32,11","24,31,13","26,28,15","28,29,20","31,29,23","31,27,25","29,23,24","27,18,21","24,15,17","21,9,11","20,70,11","18,68,9","21,71,12","22,73,14","17,68,9","12,64,5","15,69,9","22,78,17","23,79,18","18,76,15","18,77,15","20,80,18","21,82,20","22,84,21","22,85,22","20,85,21","18,83,19","18,80,15","19,76,11","20,75,10","20,75,10","22,77,12","22,77,12","23,78,13","24,79,14","24,79,14","25,80,15","22,77,12","24,79,14","26,81,16","26,81,16","25,80,15","28,83,18","26,81,16","24,79,14","29,81,17","31,81,19","33,80,19","37,83,21","41,84,22","43,86,23","45,85,22","46,85,21","48,85,21","50,86,22","51,87,23","52,88,24","53,89,25","53,89,27","50,86,24","46,83,22","44,82,21","45,83,24","47,85,26","46,83,23","44,79,17","46,81,17","49,83,19","50,85,21","50,84,20","50,84,21","51,85,21","52,87,23","55,89,25","56,90,27","51,86,22","49,83,19","49,84,20","50,85,21","49,84,20","49,84,20","52,86,23","55,88,25","53,84,23","43,73,14","40,68,13","52,76,27","35,55,12","42,58,20","82,95,62","94,104,75","46,54,31","136,144,121","47,56,34","48,59,36","51,65,40","34,53,25","39,61,32","56,81,50","26,51,23","44,70,35","170,189,160","55,72,43","42,58,26","50,68,33","55,72,37","53,70,34","53,72,27","107,124,82","54,70,31","27,42,8","71,85,52","81,95,65","82,95,66","72,84,53","54,65,30","101,113,76","31,44,6","94,107,64","69,83,43","52,67,28","71,86,45","78,93,49","60,75,27","74,88,37","52,66,15","56,70,21","51,64,20","51,62,25","70,79,47","54,63,41","31,39,23","77,84,64","38,42,25","59,63,48","52,57,37","27,32,11","41,48,24","57,67,39","42,53,24","44,55,28","136,146,117","68,78,51","24,34,8","74,86,58","65,78,50","35,49,22","33,47,21","54,68,42","74,88,64","5,18,2","35,51,26","85,101,75","55,71,47","56,72,48","72,87,62","45,59,34","31,45,20","39,54,28","73,90,64","29,47,22","24,44,19","37,58,32","38,58,34","32,52,29","42,61,39","57,75,53","19,37,15","36,53,32","30,41,27","16,27,12","15,26,9","22,31,16","20,25,12","22,22,14","24,21,16","23,20,15","22,19,14","21,18,14","21,17,14","20,16,14","21,15,15","20,14,15","23,14,19","23,14,19","23,13,20","22,12,20","23,11,21","23,11,21","23,11,21","23,11,21","21,11,20","23,13,21","21,14,21","21,14,21","21,14,21","21,14,21","20,13,20","19,12,19","18,11,18","18,11,18","22,15,22","22,15,22","20,13,20","20,13,20","20,13,20","21,14,21","21,14,21","19,12,19","17,11,18","20,15,22","20,17,23","19,17,23","19,16,22","20,17,21","22,17,22","23,18,21","25,19,20","26,20,19","28,21,19","30,22,19","32,23,19","33,24,18","31,22,14","28,19,11","24,15,6","22,13,4","21,13,2","24,21,6","27,28,11","27,30,12","28,31,13","28,31,12","27,30,12","27,30,11","28,31,13","30,33,15","27,30,12","24,27,9","26,29,10","28,31,13","30,33,14","30,33,15","31,34,16","34,37,19","36,40,20","34,39,16","29,36,9","27,36,7","26,37,7","27,38,8","25,38,8","25,38,9","25,38,11","26,38,13","25,36,13","25,33,12","23,30,14","25,27,14","23,25,16","25,23,18","25,21,20","26,20,21","27,18,21","25,16,19","22,10,13","20,69,10","18,67,8","22,71,13","24,74,15","20,70,11","14,66,7","15,69,9","21,75,15","19,75,14","16,73,12","16,75,14","18,78,16","20,81,18","20,83,20","19,84,20","18,83,19","15,80,16","15,77,12","17,74,11","20,75,11","24,78,13","28,82,17","29,83,19","29,83,18","26,80,15","21,75,11","19,73,8","19,73,9","25,79,14","28,82,17","25,79,14","25,79,14","31,84,20","26,80,15","22,76,12","28,81,17","30,80,18","31,78,18","36,80,21","39,83,22","41,85,22","44,84,21","44,84,21","46,83,20","48,84,20","47,83,19","47,83,19","50,86,23","52,88,26","51,87,25","47,84,23","45,83,24","45,84,26","47,85,27","46,82,22","45,78,17","49,83,19","55,86,24","57,90,27","57,88,25","54,87,24","52,84,21","51,83,20","51,84,21","55,86,23","50,83,20","50,81,18","50,84,20","53,85,22","51,84,21","49,82,19","50,81,18","51,83,20","53,85,22","41,73,11","49,78,21","58,83,32","47,67,22","42,58,19","55,68,35","74,85,56","77,85,62","69,77,54","39,48,27","36,48,24","42,56,31","27,45,18","46,68,39","94,119,86","74,101,66","33,59,24","144,164,133","73,90,61","50,67,35","54,71,36","47,63,32","42,57,26","80,99,55","136,153,112","50,66,30","49,63,28","84,99,65","87,100,70","71,84,55","60,72,41","56,69,34","68,81,43","52,65,31","62,75,32","63,77,37","75,90,52","81,96,56","78,93,49","75,90,42","70,85,34","44,59,8","66,80,31","54,67,23","49,60,22","57,67,35","58,66,40","73,81,59","123,130,112","34,38,27","18,22,11","62,67,48","38,45,24","39,47,23","72,82,53","75,86,57","41,52,26","88,98,69","64,74,47","18,27,8","50,62,37","53,66,38","34,48,20","37,51,25","61,75,49","53,67,42","37,51,26","59,75,49","47,62,37","22,37,15","31,47,24","54,70,43","60,75,49","62,78,51","28,44,18","21,39,12","19,39,11","29,51,23","35,58,31","43,67,40","46,69,42","33,54,28","52,72,49","40,59,36","48,65,45","52,68,47","34,49,28","15,29,10","13,24,7","19,26,11","21,22,14","24,21,16","23,20,15","22,19,14","21,18,14","21,17,14","20,15,13","20,14,14","20,14,15","23,14,19","23,14,19","23,13,20","23,13,21","24,12,22","24,12,22","23,11,21","23,11,21","22,12,21","22,12,20","20,13,20","21,14,21","21,14,21","21,14,21","21,14,21","20,13,20","19,12,19","19,12,19","21,14,21","21,14,21","20,13,20","20,13,20","20,13,20","21,14,21","22,15,22","21,14,21","18,13,19","19,14,21","19,16,21","18,16,21","18,16,20","19,16,19","21,16,20","22,18,19","24,18,18","25,20,17","28,21,18","30,23,18","33,25,18","35,26,18","35,26,17","33,23,14","29,20,10","28,18,8","27,18,6","28,24,8","30,30,12","29,32,12","29,32,12","29,31,12","28,30,11","28,30,11","29,32,12","31,34,14","30,32,12","27,29,9","28,30,10","29,31,11","29,32,12","30,32,12","31,34,14","34,36,16","37,40,19","35,40,17","30,36,10","26,35,6","23,34,4","24,35,5","25,38,8","27,40,10","25,38,11","23,36,11","23,34,11","27,35,14","26,33,17","26,28,15","24,26,17","25,23,18","24,20,19","26,20,21","28,19,23","28,18,21","26,14,18","13,61,5","13,60,4","19,67,11","24,74,16","24,74,15","20,72,12","19,74,14","22,77,16","16,74,11","16,74,11","15,75,12","15,76,13","16,77,14","16,79,16","15,80,16","14,79,15","13,78,14","15,77,12","20,77,14","22,77,13","23,77,12","23,77,12","24,77,12","24,76,12","24,76,12","23,75,11","22,74,10","21,73,9","28,80,16","31,83,19","27,79,15","26,78,14","34,86,22","29,81,17","22,74,10","30,81,17","32,81,19","33,80,20","37,82,22","39,83,22","41,83,22","41,81,19","39,79,17","39,78,15","40,77,14","42,78,15","46,82,19","50,86,24","54,90,28","53,88,28","46,84,24","42,81,22","41,80,22","43,81,23","48,83,24","54,86,25","56,88,25","59,89,27","57,88,25","55,86,23","53,83,21","52,82,20","51,82,20","51,81,19","49,79,17","46,77,14","48,78,16","53,84,22","58,88,26","58,88,26","57,87,25","55,85,23","54,87,23","54,89,23","48,83,17","56,89,29","59,87,33","63,88,40","52,72,30","44,61,24","68,83,51","96,108,81","34,46,21","101,113,89","85,99,74","46,63,36","35,55,27","39,62,34","48,73,43","68,95,60","14,40,5","40,61,30","83,100,69","51,64,41","57,72,42","65,83,43","49,67,27","55,74,35","79,96,56","56,72,37","37,53,23","52,67,36","53,68,37","57,71,41","77,91,59","81,96,60","45,59,22","122,136,94","74,88,46","61,76,38","78,93,55","75,90,50","72,87,44","81,97,50","58,75,24","66,83,32","64,77,30","61,75,30","54,65,27","59,69,36","67,75,48","63,71,47","45,53,33","23,27,14","34,38,20","106,111,91","56,63,41","29,37,17","61,71,47","79,89,60","41,52,23","54,65,36","69,79,52","24,33,13","33,45,20","60,73,45","63,76,48","45,58,32","30,43,20","19,31,14","72,86,61","88,102,77","54,68,43","45,60,35","46,62,36","43,60,33","47,65,37","57,75,47","34,53,25","53,73,45","52,73,45","30,52,23","32,56,27","49,74,45","45,69,40","24,47,19","51,74,46","85,105,80","38,56,35","52,70,47","48,64,41","23,37,18","10,21,6","16,24,9","21,22,14","24,21,16","23,20,15","22,19,14","21,17,13","20,16,13","19,14,12","19,13,13","19,12,13","23,14,18","23,14,19","23,13,20","23,13,21","24,12,22","24,12,22","24,12,22","24,12,22","23,13,22","19,11,18","18,11,18","19,12,19","20,13,20","20,13,20","21,14,21","21,14,21","21,14,21","21,14,21","21,14,21","20,13,20","19,12,19","19,12,19","21,14,21","22,15,22","23,16,23","23,16,23","20,15,21","20,15,21","19,16,21","18,16,20","18,16,19","20,17,20","22,17,19","23,19,18","25,19,19","26,21,17","26,20,16","28,21,16","32,24,17","34,26,18","35,27,17","34,25,15","31,22,12","29,20,9","28,21,8","31,27,10","33,33,13","32,34,13","32,34,13","31,33,11","30,32,10","30,32,10","32,34,12","34,36,15","36,38,16","37,39,18","37,39,17","35,37,16","32,34,13","31,33,11","31,33,11","32,34,13","35,38,15","36,41,16","36,43,15","29,39,9","25,36,5","28,39,8","32,43,13","34,46,16","31,44,15","26,39,12","24,34,11","25,33,13","26,32,16","27,29,16","25,27,18","25,22,17","23,19,18","24,17,19","25,16,20","25,14,18","24,12,16","15,62,9","12,59,6","16,64,9","20,70,13","20,72,14","18,74,13","21,78,17","23,83,18","16,78,11","15,76,10","14,76,10","13,77,10","13,77,11","14,78,13","14,77,13","14,77,12","13,76,13","14,76,11","17,75,11","18,74,9","17,72,7","15,71,6","16,71,6","18,72,7","21,75,10","23,77,13","25,79,14","26,80,15","27,81,17","28,82,17","26,78,14","25,77,13","26,78,14","25,77,13","23,75,11","26,77,13","29,77,15","31,77,16","34,77,17","35,77,17","35,76,16","34,74,14","34,74,14","35,75,14","38,76,16","39,76,17","40,77,19","45,82,24","49,84,28","47,82,27","41,77,21","37,73,18","36,72,17","40,74,19","45,79,21","51,84,23","50,83,22","51,81,21","50,81,20","51,82,21","53,84,23","57,88,27","60,90,30","61,92,31","59,89,29","59,89,28","54,84,23","51,81,21","54,83,23","54,83,23","51,79,20","48,77,17","47,81,17","41,81,12","40,81,12","47,87,22","44,82,21","46,81,25","43,75,26","40,68,23","43,70,32","59,83,48","96,119,87","94,115,85","117,139,109","78,101,72","52,76,46","33,57,28","25,50,20","67,93,60","58,82,49","51,72,40","69,88,55","45,63,33","56,74,41","57,76,38","39,59,21","59,79,42","84,102,65","99,115,79","46,62,31","81,97,64","47,63,35","82,98,70","130,145,112","63,78,43","54,70,34","100,116,78","42,58,20","81,96,59","71,86,48","67,83,42","77,94,51","73,89,45","78,94,48","79,95,49","53,68,23","51,65,22","58,70,30","61,72,36","66,76,43","80,89,61","103,112,84","121,129,104","21,28,14","84,91,70","75,83,60","44,53,30","49,60,35","64,74,47","41,51,25","50,60,34","96,106,80","31,41,16","35,47,21","47,60,34","66,79,53","69,82,56","37,50,25","24,37,15","67,81,55","65,79,53","43,57,31","38,53,26","51,68,41","66,84,56","54,74,46","20,42,14","58,80,52","39,61,33","40,63,35","50,73,45","54,77,50","45,68,41","43,65,39","61,82,56","22,43,17","49,67,44","33,51,28","43,61,39","40,57,35","22,38,18","10,24,8","14,23,8","23,25,15","25,22,15","23,20,15","22,19,14","21,17,14","21,17,14","20,15,13","20,14,14","19,13,13","23,14,17","23,14,18","24,14,19","24,15,21","25,14,22","25,14,23","25,14,23","25,13,22","24,14,22","19,12,19","19,13,20","19,13,20","20,14,21","20,14,21","20,14,21","19,13,20","17,12,19","17,11,18","19,13,20","20,14,21","20,14,21","20,14,21","21,15,22","21,16,23","21,15,22","21,15,22","19,14,21","17,12,18","17,12,18","17,13,19","18,14,18","19,14,18","20,16,17","23,19,18","25,20,20","25,22,18","24,20,16","26,21,14","28,23,14","27,22,13","28,23,12","31,25,14","27,22,10","24,19,6","26,22,6","25,22,5","26,26,6","34,34,11","38,38,16","37,37,14","34,35,11","35,36,12","35,35,12","34,35,11","34,35,11","38,39,14","41,42,17","39,40,15","35,36,11","35,36,9","32,33,7","29,30,4","30,31,4","35,39,9","40,47,15","32,42,9","28,39,5","31,42,8","36,47,15","38,50,19","35,46,17","29,40,13","22,32,9","18,26,6","23,27,12","27,30,16","29,29,20","28,26,20","27,23,20","26,19,18","25,15,16","22,12,14","18,6,10","25,71,22","18,66,15","19,67,15","22,72,17","20,74,16","18,74,14","19,79,16","21,82,17","15,77,10","14,79,9","14,79,9","13,78,9","13,78,10","15,79,12","16,78,13","15,77,12","14,76,13","15,75,11","17,76,10","16,75,9","16,73,8","16,72,7","15,71,6","16,72,7","19,75,10","23,78,13","25,80,15","23,78,13","22,77,12","23,77,12","25,77,13","24,76,12","24,76,12","23,75,11","22,74,10","21,72,9","24,71,9","27,71,10","28,70,10","28,69,9","30,71,11","33,72,14","35,75,17","37,76,18","38,77,19","38,76,19","37,74,20","39,76,22","42,76,25","40,75,23","37,71,19","37,70,19","40,72,21","43,75,24","48,81,26","53,87,27","54,88,27","54,88,27","54,88,27","54,86,26","53,84,24","50,81,21","48,79,19","50,81,21","58,88,28","59,89,29","55,84,24","51,81,21","53,81,22","53,81,22","51,79,20","51,80,20","52,86,21","44,85,15","32,74,4","32,74,8","30,70,7","36,75,16","46,83,29","43,78,29","26,59,15","28,58,18","92,121,84","26,49,24","23,43,21","53,76,49","45,69,40","26,49,20","31,54,25","46,68,40","91,111,82","23,42,18","22,42,11","38,57,25","53,73,39","53,73,38","58,78,43","92,112,78","123,143,108","127,147,112","31,48,24","87,104,73","61,78,45","91,108,75","134,150,116","70,85,52","96,111,78","97,113,79","45,60,25","96,112,75","90,106,68","95,111,71","92,109,67","55,71,29","64,79,36","103,118,75","58,73,30","54,69,26","50,63,22","47,59,20","46,57,21","45,55,22","50,59,29","101,110,82","50,59,35","36,45,21","51,59,35","59,68,43","77,87,61","74,84,59","22,32,7","38,48,23","159,169,144","32,38,26","47,59,37","43,56,30","43,56,31","44,57,33","18,31,10","40,54,28","75,89,63","24,38,14","16,30,5","35,50,24","47,64,37","52,72,44","49,71,43","25,50,21","52,76,47","16,40,12","37,61,32","51,74,47","47,70,43","41,64,38","43,64,39","45,65,40","44,64,39","89,107,85","54,72,50","42,60,38","63,81,59","56,74,53","20,36,18","12,22,7","25,27,16","27,24,17","25,22,17","24,21,16","23,20,16","23,19,16","23,18,16","22,16,16","21,15,15","23,14,17","23,14,17","23,14,18","23,14,19","24,13,20","24,13,21","25,14,22","25,14,22","24,14,22","21,14,22","19,14,21","18,13,20","17,12,19","17,12,19","17,12,19","17,12,19","18,13,20","19,14,21","19,14,21","20,15,22","20,15,22","20,15,22","21,16,23","21,16,23","20,15,22","20,15,22","19,14,20","17,12,18","17,12,18","17,12,18","18,13,17","18,13,17","19,15,16","22,18,17","24,20,17","24,21,16","25,22,17","27,23,16","27,24,15","25,22,12","27,24,12","34,32,19","33,31,18","30,27,13","32,30,13","28,27,7","27,27,5","35,35,11","39,39,15","37,37,13","34,34,9","36,36,11","38,38,12","38,38,12","33,34,8","32,33,5","37,38,10","36,36,9","34,34,6","37,37,7","34,35,4","30,31,2","30,32,1","36,41,7","40,48,12","33,42,7","28,38,3","28,39,4","31,42,9","34,45,14","32,43,14","29,39,14","25,34,11","20,27,7","23,27,12","25,27,14","25,25,15","26,23,17","25,20,16","25,18,16","26,16,15","25,14,14","22,8,13","29,75,26","22,70,19","22,70,18","24,74,20","22,76,18","20,76,16","22,80,17","23,83,19","16,78,11","19,83,14","19,85,14","19,85,14","18,84,14","18,83,13","18,80,13","17,79,12","16,76,12","15,75,11","19,78,13","19,78,12","18,77,11","17,76,10","17,75,9","19,75,10","20,76,11","23,79,14","25,81,16","20,75,10","17,72,7","19,73,8","23,75,11","24,76,12","24,76,12","22,74,10","20,72,8","18,69,6","22,70,8","25,70,8","23,66,6","23,65,5","25,66,7","30,71,13","33,74,16","34,73,16","33,72,15","32,70,15","32,69,15","36,72,19","42,76,25","45,79,28","48,80,30","46,78,28","45,77,27","43,75,24","41,74,18","39,73,13","42,76,15","46,80,19","50,84,23","55,86,26","55,86,26","55,86,26","55,86,26","53,84,24","51,81,21","53,83,23","55,83,24","54,82,23","52,80,21","51,79,20","53,81,22","56,85,25","55,86,24","43,77,12","41,77,11","52,87,23","47,80,20","41,73,18","41,71,21","42,70,23","38,65,22","40,65,28","34,56,23","82,102,72","59,78,50","70,88,61","64,80,54","44,60,34","34,50,24","31,46,21","67,82,56","55,73,44","55,74,43","78,97,67","58,77,47","35,54,22","29,48,20","26,45,20","75,94,62","83,102,70","47,64,32","64,81,47","64,81,46","70,87,51","73,90,54","58,75,38","71,89,52","97,114,77","51,69,31","72,89,50","69,85,46","73,89,49","68,85,43","44,61,20","68,83,40","69,84,41","56,71,28","57,72,32","61,74,35","52,64,25","60,71,34","65,75,44","22,31,9","68,77,48","133,142,115","42,51,27","66,74,50","58,67,43","53,63,39","57,67,43","26,36,13","85,95,71","132,142,118","43,53,30","64,75,51","55,67,42","42,55,31","36,50,27","18,32,13","41,55,30","67,81,56","13,29,9","20,36,11","40,56,30","35,52,26","31,51,24","38,61,33","11,36,9","35,58,30","45,68,40","53,76,48","27,47,25","18,38,16","40,60,35","54,74,49","31,51,26","36,56,31","61,79,57","24,42,20","36,54,32","40,58,36","28,45,25","17,33,15","18,29,13","25,27,16","29,26,19","28,25,18","28,25,18","27,24,19","26,23,18","25,21,17","25,20,17","24,18,18","24,15,18","23,14,17","22,13,18","21,12,17","22,11,18","22,11,19","23,12,20","24,13,21","24,14,22","22,15,22","20,14,20","18,13,19","16,11,17","15,10,16","16,11,17","18,13,19","20,15,21","22,17,23","20,15,21","20,15,21","21,16,22","21,16,22","21,16,22","21,16,22","21,16,22","20,15,21","20,15,21","19,14,20","18,13,18","18,13,17","18,13,17","19,14,18","20,16,17","21,17,16","22,18,15","23,20,15","22,19,13","24,21,13","24,21,12","21,19,8","22,20,8","30,28,15","32,30,17","29,27,12","31,29,12","31,31,11","31,33,10","35,37,13","35,37,13","33,36,11","33,36,9","35,38,11","39,42,15","41,44,17","38,41,13","36,39,10","41,44,15","40,42,13","38,41,12","42,45,15","39,42,11","35,38,7","35,39,7","39,45,11","41,49,12","37,46,9","31,41,6","28,38,3","27,38,5","28,39,8","30,41,12","31,41,17","30,40,17","25,32,13","25,29,14","23,25,12","22,22,12","22,19,13","22,17,13","24,17,14","26,16,15","27,16,16","25,10,15","24,69,21","18,64,15","19,66,15","22,71,17","21,74,17","21,76,17","26,82,21","28,87,22","23,84,17","23,85,16","22,86,15","21,86,16","21,86,15","20,84,15","20,82,15","19,81,14","18,78,13","18,78,11","22,81,15","21,80,14","20,79,13","20,79,12","19,78,11","21,78,12","22,79,13","24,81,15","25,82,16","23,78,12","20,75,9","20,74,9","22,75,10","24,76,12","24,76,11","20,72,7","18,70,5","19,70,6","26,74,12","28,73,11","22,67,6","18,62,1","19,61,2","24,66,8","28,70,12","31,71,13","31,70,13","34,72,17","38,75,21","37,74,20","38,72,21","40,74,23","44,77,27","47,79,29","48,80,30","47,79,27","48,81,25","51,84,24","50,83,22","49,82,22","47,80,20","47,78,19","47,78,18","47,78,18","47,77,18","48,79,19","51,81,22","51,81,22","57,85,27","57,85,26","49,77,18","46,74,15","50,77,19","55,82,23","52,79,20","43,71,10","48,76,15","62,89,31","56,80,26","44,69,18","41,64,17","44,65,22","50,70,31","61,79,44","38,54,22","57,71,42","66,78,52","36,48,26","37,48,26","84,94,71","111,120,98","57,65,43","16,27,9","22,36,14","53,70,44","87,105,78","57,76,48","41,60,31","54,72,44","52,70,42","134,153,121","114,133,101","102,120,86","55,73,39","64,82,46","71,89,52","61,79,42","72,90,53","84,103,64","76,95,56","62,80,40","75,91,52","85,101,62","89,105,65","67,84,44","51,68,30","106,121,80","56,71,28","91,106,63","44,59,26","46,59,24","62,74,36","65,76,40","57,67,34","50,59,28","79,88,59","101,110,86","42,50,31","55,63,42","50,60,36","61,71,47","75,85,61","46,56,34","79,89,65","62,73,49","25,35,12","39,51,30","36,48,26","33,45,21","43,57,32","51,65,40","46,61,35","49,64,38","34,50,24","32,48,22","27,43,17","34,51,25","46,65,38","43,66,37","24,48,20","60,83,55","38,61,33","19,42,14","26,49,22","45,66,41","47,67,42","40,60,35","53,72,47","40,59,35","39,57,35","34,52,30","92,110,88","69,86,65","40,56,36","41,57,38","23,33,17","22,24,13","27,24,17","30,27,20","30,27,20","29,26,20","27,24,19","26,22,18","26,21,18","26,20,18","25,16,17","24,15,17","22,13,17","20,11,16","20,9,16","20,9,16","22,11,18","23,12,20","24,14,22","19,12,19","18,13,19","18,12,19","18,12,18","18,12,18","19,13,20","20,14,20","21,15,22","22,17,23","21,15,22","21,15,21","22,16,22","22,16,22","22,17,23","22,17,23","22,16,22","21,15,21","20,15,21","22,16,21","20,15,19","19,13,17","19,14,17","21,16,18","22,17,17","20,16,15","21,17,14","24,20,16","21,17,11","23,20,12","28,24,14","25,22,11","21,19,7","25,22,10","27,24,11","26,23,9","29,28,11","31,32,12","32,36,12","34,38,12","35,38,14","35,39,14","36,39,12","37,41,14","40,44,17","42,47,20","42,46,18","42,47,17","45,50,21","44,48,18","41,47,17","46,50,19","43,48,16","38,43,11","38,42,11","40,46,14","41,48,13","39,48,12","36,46,11","32,42,8","30,40,8","30,40,9","31,40,14","33,42,18","33,41,19","29,34,17","25,29,14","21,24,12","23,21,13","24,20,15","23,16,13","22,14,12","24,14,13","24,14,15","23,8,13","23,66,20","16,61,13","16,62,12","19,67,15","19,70,14","19,73,14","24,80,18","28,86,21","22,82,16","18,79,10","17,79,10","18,81,11","19,82,12","20,82,13","21,82,15","21,82,15","22,81,15","22,81,15","23,82,15","22,81,13","21,80,12","21,80,12","20,79,11","21,80,12","22,81,13","25,82,14","26,83,15","28,83,16","25,80,13","22,77,10","22,77,10","24,78,12","24,76,10","19,71,5","19,71,5","23,75,9","27,76,13","26,73,11","21,67,5","16,61,0","15,59,0","20,64,5","25,69,10","31,73,14","34,74,16","37,76,21","39,76,22","36,73,19","34,68,17","35,69,18","39,72,21","42,74,24","44,76,26","44,76,24","44,77,22","48,79,21","49,80,21","51,82,23","52,83,24","53,84,25","53,84,25","52,82,23","52,81,23","52,81,23","52,81,23","48,77,19","57,85,27","58,86,28","47,75,17","44,72,14","50,77,19","54,79,22","51,76,18","57,80,23","47,70,12","50,70,18","46,65,16","45,63,16","49,66,22","51,66,26","48,62,26","54,66,34","50,61,31","32,41,14","38,45,21","42,49,26","66,71,50","98,102,83","130,134,114","141,146,127","22,29,16","14,27,10","52,69,46","77,95,70","47,66,40","27,46,18","28,46,21","27,45,23","126,145,115","104,123,92","77,96,64","43,63,27","59,79,42","57,77,39","41,62,23","70,91,51","93,114,72","41,62,20","85,104,63","83,101,61","77,93,54","78,94,55","71,88,48","69,85,44","100,115,74","55,70,29","88,103,62","82,97,56","58,71,32","63,75,38","68,79,43","51,61,28","47,56,26","37,46,19","68,76,55","93,102,79","57,65,42","50,60,36","67,77,53","75,85,61","67,77,54","17,27,6","47,59,35","37,49,25","33,44,26","39,51,30","33,46,21","27,41,16","36,51,25","27,43,17","42,58,32","52,68,42","52,68,42","38,54,28","44,61,35","56,75,48","47,68,40","24,47,19","59,82,54","46,69,41","34,57,29","36,58,33","35,56,31","39,59,34","40,60,35","25,43,19","56,74,50","67,85,63","33,49,30","47,62,44","55,69,50","60,75,54","55,68,52","26,33,22","19,20,10","26,23,16","29,26,19","31,28,21","30,27,21","28,25,20","26,22,18","26,21,18","26,21,18","26,17,18","24,15,16","23,14,16","21,12,15","21,10,15","21,10,16","22,11,17","23,12,20","23,13,21","19,11,18","19,12,19","20,13,20","21,14,21","21,14,21","21,14,21","21,14,21","21,14,21","21,14,21","21,14,21","22,15,22","23,16,23","23,16,23","23,16,23","23,16,23","23,16,23","22,15,22","21,15,21","23,17,22","22,16,20","20,14,17","21,15,17","24,18,20","25,19,19","22,16,15","23,18,14","27,22,17","22,17,11","26,21,14","33,29,19","32,28,17","27,23,11","29,25,12","31,28,13","31,28,13","35,33,16","32,34,13","29,34,10","30,36,10","33,39,13","36,42,16","38,43,16","37,43,15","39,44,16","40,46,18","39,45,16","38,44,14","40,47,16","37,43,12","35,42,11","42,48,16","41,48,15","38,44,11","38,45,12","39,46,13","37,44,10","39,46,12","38,47,13","35,45,12","33,42,11","31,40,10","30,38,13","30,38,15","30,37,17","30,34,18","24,27,13","21,22,12","25,22,16","27,22,18","24,17,15","21,12,11","20,9,10","21,10,12","24,9,14","24,65,21","17,59,14","15,60,12","17,64,13","17,66,12","16,68,11","20,75,14","24,81,17","19,78,12","19,80,11","19,81,12","20,82,12","21,82,12","21,82,13","22,82,14","22,82,14","24,81,14","22,81,14","21,80,12","20,80,11","20,81,12","20,81,12","21,81,12","22,81,13","24,83,15","25,84,16","25,84,16","27,84,17","25,81,13","21,77,10","23,78,11","27,82,15","28,82,15","21,75,8","22,75,9","27,79,13","25,76,12","23,71,8","20,67,5","17,64,2","17,64,2","21,66,7","26,70,11","32,74,16","36,77,19","32,72,16","28,66,12","32,69,15","38,72,21","44,78,27","47,79,29","45,77,27","41,71,21","35,66,15","38,69,14","45,76,19","47,78,19","52,83,24","55,86,27","57,87,28","57,87,28","55,85,26","54,83,25","54,83,25","55,83,25","46,74,16","56,82,25","61,87,30","50,76,19","47,74,16","54,80,23","56,80,24","50,73,17","57,77,23","49,68,16","55,73,23","52,70,21","47,64,19","46,61,20","45,59,20","44,56,21","50,61,29","39,48,19","40,49,21","60,67,43","43,50,27","61,66,45","68,72,52","85,89,70","182,186,168","70,78,58","19,32,12","18,35,13","45,63,40","62,80,56","69,87,62","65,83,57","54,73,47","111,130,102","109,128,98","63,83,51","51,72,35","82,103,66","66,87,51","40,62,25","76,98,56","69,91,48","59,81,38","87,109,66","82,101,60","73,90,52","64,80,42","63,79,40","71,87,47","66,81,40","88,103,62","71,86,45","77,92,51","53,66,27","40,52,21","60,71,42","76,85,52","47,56,25","40,49,22","144,152,128","123,131,108","45,52,36","43,51,33","58,68,46","59,70,47","74,85,63","35,47,26","65,76,54","40,52,29","40,53,30","43,57,33","35,49,25","34,48,24","54,69,45","61,76,52","66,82,58","39,56,31","27,44,19","22,39,14","34,52,26","43,62,35","35,56,27","37,60,31","51,73,45","36,57,29","42,64,36","56,78,50","47,67,40","30,49,25","27,46,21","32,50,27","36,52,33","55,72,51","53,68,49","32,46,28","51,66,47","66,81,61","53,67,50","40,47,35","16,17,7","24,21,13","31,28,19","33,30,21","31,28,21","29,26,19","27,23,17","26,21,17","27,21,19","26,17,18","25,16,17","25,16,18","23,14,17","23,13,18","23,12,18","23,12,18","23,12,19","21,12,18","22,13,19","21,14,20","21,14,19","21,15,20","21,15,20","21,14,20","21,14,20","20,14,19","21,14,19","22,16,21","23,16,21","23,17,22","23,17,22","24,17,22","24,17,22","23,17,22","23,16,21","22,16,20","25,19,23","23,17,20","20,14,16","23,17,19","27,21,23","28,22,21","24,19,16","25,20,16","31,26,20","23,18,12","25,21,13","33,29,19","31,27,16","27,24,11","33,30,15","36,33,18","34,31,15","33,31,13","31,33,11","27,32,8","27,33,7","30,36,10","35,41,15","38,44,16","36,42,14","37,43,15","38,44,16","38,45,15","37,44,13","38,45,14","32,39,8","31,38,7","39,46,13","41,48,15","40,47,14","42,49,16","42,48,16","37,43,10","37,44,11","37,44,13","36,43,12","34,42,13","31,40,12","29,38,13","27,35,13","28,35,15","32,36,21","25,27,14","20,21,12","25,22,17","27,22,19","24,17,15","19,9,11","17,6,9","21,8,12","27,12,18","23,64,20","16,58,13","16,59,13","17,62,12","16,64,11","16,67,10","21,74,14","25,80,17","20,77,12","31,91,23","33,93,24","32,93,23","30,91,21","28,87,18","25,84,16","23,82,14","22,79,11","20,77,9","19,78,10","18,79,10","19,80,11","19,80,11","21,81,13","23,82,14","24,83,15","25,84,16","26,85,17","24,81,13","19,76,8","19,75,8","24,79,12","30,85,18","31,86,19","24,79,12","23,78,11","28,82,15","25,77,13","22,72,9","22,72,9","22,70,8","22,70,8","24,69,10","25,70,11","28,72,13","32,74,16","34,74,18","34,73,18","35,72,18","37,71,20","38,72,21","40,72,22","41,73,23","45,75,25","46,76,25","51,81,27","54,85,28","52,83,24","50,81,22","48,79,20","48,78,19","48,77,19","49,78,20","49,78,20","54,83,25","61,89,31","48,76,18","59,84,27","64,89,32","52,77,20","50,75,18","56,81,24","55,80,23","44,67,13","46,66,14","44,64,14","58,77,28","57,76,28","50,67,22","44,60,18","39,54,16","39,53,17","50,63,29","51,62,30","49,60,30","67,76,50","55,64,39","45,53,30","33,40,20","66,73,56","181,188,169","82,90,71","11,25,7","15,31,12","66,83,63","87,105,83","71,89,66","58,76,52","84,102,76","121,139,112","144,164,134","116,137,105","65,87,51","50,72,35","36,58,21","29,52,13","49,73,30","52,77,32","95,121,76","46,69,26","49,68,28","72,89,51","72,88,50","82,98,60","105,121,82","60,75,36","85,100,59","68,83,42","70,85,45","74,87,49","44,56,24","35,46,16","65,74,43","62,71,44","13,22,4","69,77,54","46,54,31","28,36,15","43,52,32","51,61,40","40,52,30","39,51,29","34,46,24","103,115,93","24,35,20","21,35,15","33,47,24","37,52,29","47,62,39","63,78,55","55,70,47","55,70,47","51,69,45","54,72,48","46,64,40","51,69,44","60,79,52","55,76,48","37,60,31","48,68,41","65,85,58","34,54,27","17,33,14","32,48,28","60,78,54","69,87,63","43,61,38","3,21,1","29,44,23","88,103,82","62,77,56","38,53,32","38,53,33","50,63,45","50,59,43","15,16,5","25,22,13","32,29,20","34,31,22","33,30,22","30,27,20","28,24,18","27,22,18","28,22,19","26,18,17","26,17,18","26,17,19","25,16,19","25,15,20","25,14,20","24,13,19","23,12,18","22,11,17","26,17,22","24,17,21","22,16,20","20,14,18","19,13,17","19,13,17","19,13,17","21,15,19","22,16,20","22,16,20","23,17,21","23,17,21","23,17,21","24,18,22","24,18,22","23,17,21","23,17,21","22,16,20","26,20,23","23,17,19","20,14,16","23,17,19","29,23,23","30,24,22","26,21,18","27,22,18","34,29,23","29,25,17","31,27,17","34,30,19","31,27,15","28,24,12","38,35,20","42,39,24","35,32,15","26,24,6","26,28,7","27,32,8","25,31,5","26,32,6","32,38,12","36,42,14","35,41,13","35,41,13","39,45,17","40,46,17","39,46,15","38,45,14","31,38,7","27,34,3","35,42,9","37,44,11","37,44,11","39,46,13","42,48,16","41,46,14","39,45,12","37,44,13","36,42,13","36,43,15","33,42,16","30,39,16","28,36,16","30,36,19","35,39,25","25,27,15","20,20,13","25,21,17","27,21,19","24,15,16","19,7,11","18,6,11","21,8,14","27,12,19","24,63,21","18,59,15","20,62,17","23,66,18","21,67,17","20,69,14","23,74,17","26,80,19","21,77,12","21,78,10","20,78,10","23,81,12","25,82,13","27,84,15","28,85,16","28,85,17","29,85,17","28,85,16","19,79,9","20,81,11","23,84,14","21,82,12","19,79,10","20,81,11","27,88,18","29,89,19","24,84,14","25,84,15","22,82,12","21,79,10","25,82,13","31,88,19","29,86,17","22,79,10","21,76,8","25,80,13","23,76,11","22,74,10","25,76,13","27,76,13","25,75,12","24,72,12","25,70,11","26,70,11","26,69,10","32,73,16","38,78,22","38,76,22","37,71,20","35,69,18","37,69,19","39,71,21","44,75,25","48,78,27","46,76,23","42,72,16","44,73,17","46,75,18","46,75,19","46,75,19","48,77,21","53,81,25","58,85,29","60,87,32","60,85,30","56,81,26","55,80,25","56,81,25","55,79,25","54,78,23","53,77,22","51,74,20","49,72,19","54,76,27","50,71,24","48,70,23","42,64,17","34,55,9","36,54,11","43,61,20","49,67,28","47,65,27","39,55,19","44,61,27","35,49,20","43,58,30","32,45,21","22,35,11","41,54,31","63,76,55","34,47,27","19,34,15","26,41,22","44,59,40","63,78,58","56,72,50","34,52,28","35,53,28","46,66,39","69,90,59","97,118,86","40,63,32","48,72,36","70,95,56","56,81,40","30,56,14","34,61,17","86,113,68","26,51,10","83,103,64","83,100,63","65,81,44","75,91,54","83,99,60","48,63,24","103,118,78","43,58,19","59,74,35","91,104,67","75,87,52","56,67,35","66,75,45","67,76,48","55,63,38","69,77,52","103,111,88","108,117,94","58,67,46","35,45,23","36,47,30","15,23,12","64,78,55","98,112,89","37,51,29","19,33,11","36,51,28","54,69,46","53,68,45","46,62,39","48,65,42","35,53,29","43,61,37","63,81,57","59,77,53","54,72,47","55,74,48","45,65,39","27,47,19","67,87,60","58,78,51","24,43,17","35,52,28","40,58,34","28,44,23","20,34,16","35,51,28","63,78,56","36,51,30","40,55,34","29,43,22","39,53,32","45,58,39","44,56,39","57,65,48","29,30,18","17,15,3","26,23,14","25,22,13","27,24,16","28,25,18","24,20,14","21,16,12","32,27,23","26,18,16","26,18,16","26,17,17","25,16,17","25,15,18","25,14,18","23,12,17","22,11,17","22,11,17","22,13,18","23,15,19","25,16,21","24,16,20","22,14,19","21,12,17","20,11,16","22,13,18","25,16,21","25,16,21","24,15,20","24,15,20","24,15,20","24,15,20","24,15,20","25,16,21","26,17,22","26,18,22","28,19,22","24,15,18","21,12,15","25,16,17","31,23,23","32,24,22","28,20,18","30,23,19","37,31,24","33,26,19","38,31,22","44,38,27","40,34,22","32,26,14","33,27,13","36,31,15","34,28,12","31,27,9","30,31,10","28,33,9","29,35,9","34,40,14","41,47,21","40,46,18","34,40,12","32,38,10","35,41,13","38,44,14","38,45,14","38,45,14","33,40,9","31,38,7","39,46,13","39,46,13","36,43,10","35,41,9","39,46,14","43,48,18","36,41,11","33,37,10","36,42,14","37,43,16","33,39,15","29,34,13","28,33,14","30,34,18","32,34,21","21,22,12","16,16,10","23,19,16","27,20,19","26,16,19","23,11,16","24,10,17","27,12,19","28,13,20","30,67,27","24,62,21","26,64,21","25,67,21","23,67,18","20,67,13","22,72,15","27,78,18","22,77,12","31,86,20","33,89,21","32,89,20","32,89,20","31,88,19","30,87,17","30,85,16","28,83,14","26,83,13","22,82,11","23,84,13","24,85,14","22,84,13","20,82,11","20,81,11","22,83,12","25,85,14","24,85,14","25,85,15","23,83,12","21,80,10","25,82,13","29,87,17","28,85,15","21,78,8","20,76,6","23,79,10","22,77,9","21,75,9","24,77,13","25,77,14","25,75,12","23,73,12","22,70,10","23,69,9","23,67,8","24,67,9","27,67,11","29,67,12","32,66,15","33,67,16","36,68,18","38,70,20","42,71,21","43,73,21","44,73,20","45,74,19","46,75,19","48,76,20","47,75,20","44,73,17","42,71,15","42,70,15","44,70,15","50,75,20","59,84,29","57,82,27","55,80,25","55,79,25","56,80,26","56,79,25","54,77,23","52,75,22","49,72,20","44,68,19","47,71,23","54,78,30","51,76,28","41,65,18","37,60,14","41,63,18","45,66,23","43,66,24","57,79,39","29,49,12","38,57,24","54,74,43","29,46,24","43,58,40","81,98,74","26,41,23","59,77,53","77,94,73","41,57,37","26,41,22","66,81,61","80,97,74","39,55,35","15,28,12","53,73,46","121,141,113","101,124,93","59,83,50","66,90,54","60,86,47","33,60,19","45,71,31","95,122,79","74,101,59","34,60,18","81,101,62","68,85,48","53,69,33","71,87,51","87,103,65","67,82,44","89,104,68","71,86,48","81,96,57","72,85,48","53,65,30","38,49,16","40,49,19","57,66,39","57,65,41","23,31,8","89,97,75","110,119,98","73,83,62","51,63,41","44,56,37","18,27,15","59,73,50","67,81,59","30,44,22","32,47,24","31,46,23","40,55,32","57,73,50","67,83,60","73,91,68","34,51,29","52,70,46","41,59,35","20,38,17","22,40,18","29,48,25","30,49,26","44,64,36","43,62,36","24,44,17","49,67,41","69,87,61","54,72,47","37,54,31","43,60,37","56,71,48","55,69,47","17,32,12","52,67,46","32,45,25","55,68,48","50,63,45","24,36,20","57,65,49","57,59,46","23,22,10","30,28,18","35,32,22","29,26,18","28,25,18","30,26,20","24,19,14","18,13,9","29,21,18","27,19,17","26,18,18","25,16,17","24,14,17","24,13,17","23,12,16","22,11,17","22,11,17","22,13,18","23,14,19","24,15,19","24,15,19","23,14,19","22,13,18","22,13,18","23,14,19","24,15,19","25,16,20","24,15,20","24,15,20","24,15,20","24,15,20","24,15,20","25,16,21","26,17,22","27,18,21","28,19,22","25,16,19","23,14,16","26,17,18","31,22,23","31,23,21","27,19,16","29,22,16","34,27,20","29,22,14","34,27,18","44,37,26","42,36,24","34,28,14","33,27,11","36,30,14","37,31,15","39,36,17","35,34,14","30,33,10","33,38,13","39,42,18","42,47,22","42,46,19","36,41,14","34,39,12","34,39,11","37,42,13","42,47,17","41,47,16","35,40,10","32,38,8","40,45,13","41,46,13","37,42,9","36,40,8","38,42,11","37,42,12","36,41,12","36,40,13","34,38,13","31,36,12","27,32,11","27,31,12","28,32,16","29,32,19","26,27,18","20,20,12","21,17,14","27,22,21","30,22,25","27,17,22","24,10,18","24,8,18","26,10,20","27,11,21","31,67,29","24,61,22","24,61,19","23,64,19","20,63,15","17,63,10","20,69,12","25,76,16","20,74,10","35,89,22","36,91,24","35,91,22","34,90,20","32,88,17","32,86,15","31,84,14","30,83,13","27,83,12","26,87,14","23,86,13","21,85,11","22,86,12","23,87,13","21,83,10","16,78,5","19,81,8","26,88,15","25,86,14","22,82,10","20,80,8","23,83,11","26,86,14","27,84,13","20,77,6","18,75,4","21,78,8","21,78,9","21,77,10","22,77,12","23,78,13","25,78,13","23,73,12","20,69,9","20,67,7","21,66,7","24,67,9","27,67,12","30,68,14","35,70,18","38,72,21","41,72,22","42,73,23","43,72,22","42,70,20","44,72,20","47,76,22","48,77,21","50,77,22","51,78,23","50,77,22","48,75,20","49,74,19","49,74,19","51,76,21","55,80,25","53,78,23","53,76,22","53,76,22","54,77,23","54,77,23","54,77,23","53,76,23","51,74,23","48,72,22","44,69,21","48,73,25","48,73,25","44,69,21","42,68,19","43,68,20","42,66,19","36,62,15","56,79,34","48,72,29","43,65,26","52,75,37","34,54,25","22,41,16","42,64,34","55,76,47","36,56,29","105,122,100","44,60,39","20,35,17","51,66,46","75,92,69","61,79,55","34,52,27","24,41,19","75,95,67","74,98,66","44,69,35","38,63,29","49,75,38","48,75,36","46,73,34","88,117,76","59,88,47","43,70,30","67,88,50","73,91,54","50,66,31","65,81,46","122,138,101","101,115,80","40,54,25","70,84,49","76,90,54","94,106,71","81,92,58","53,63,31","46,55,26","65,74,47","71,79,55","20,27,10","53,61,42","92,101,80","71,81,61","30,41,23","19,30,14","38,51,31","52,65,45","28,43,22","30,45,24","47,62,41","57,72,51","71,87,65","76,94,72","62,80,58","44,61,40","2,17,1","60,78,57","61,80,58","39,58,36","40,59,36","66,85,60","77,95,68","40,59,31","61,79,53","79,97,71","43,61,35","21,39,13","41,58,33","61,76,53","54,69,46","50,65,42","59,73,51","17,30,14","50,63,44","37,50,30","46,59,39","55,67,48","41,52,35","37,44,28","74,76,63","36,34,22","30,28,16","34,32,20","27,25,14","31,28,19","41,38,30","37,32,26","25,20,14","32,24,21","30,22,19","28,19,19","25,16,17","23,13,16","23,12,16","22,11,15","22,11,15","22,11,15","24,15,18","23,14,17","22,13,16","22,13,16","23,14,17","24,15,18","25,16,19","23,14,17","22,13,16","24,15,18","24,15,18","24,15,18","24,15,18","24,15,18","24,15,18","25,16,19","26,17,20","26,17,20","28,19,22","26,17,18","24,15,16","26,17,17","29,21,21","30,22,19","26,18,15","27,20,14","32,25,18","31,24,16","39,32,23","48,41,30","46,40,27","38,32,18","35,29,13","34,28,12","34,29,10","37,33,13","35,34,13","35,36,14","40,42,17","43,44,20","40,43,18","40,42,15","39,43,16","39,41,15","35,37,10","38,41,14","47,50,21","45,49,20","40,42,13","36,40,10","44,46,15","43,46,15","38,42,10","37,40,9","38,41,11","37,40,12","41,44,17","41,45,20","34,38,14","29,33,11","29,34,13","31,36,18","33,36,22","30,32,21","23,23,15","20,19,15","25,20,18","30,23,24","32,23,27","27,16,24","23,9,18","23,7,17","24,8,19","25,9,19","27,62,25","20,56,18","20,57,17","21,60,16","18,60,12","16,60,9","20,68,12","27,77,17","23,75,11","29,81,15","29,82,15","29,84,14","30,84,14","30,84,14","31,84,14","31,84,14","32,84,15","30,86,15","27,88,16","22,85,11","19,83,9","22,86,12","25,89,15","22,85,12","14,77,4","18,80,7","29,91,18","25,86,14","20,81,9","20,80,8","22,82,10","25,85,13","25,83,12","20,78,7","19,76,5","20,77,8","21,78,10","21,78,11","21,77,12","23,78,13","25,80,15","23,75,13","19,69,8","17,66,6","20,66,6","25,68,10","29,69,14","31,69,15","33,70,18","36,70,19","39,70,20","40,70,20","40,69,20","41,69,18","44,72,19","48,76,23","48,76,21","47,74,20","47,74,19","47,74,20","47,74,20","50,76,22","51,76,22","54,78,25","58,82,29","57,81,28","55,78,25","53,76,23","52,74,21","51,73,20","51,72,20","50,71,19","52,74,23","61,84,34","50,73,25","47,70,22","48,71,22","47,70,22","47,72,22","49,74,24","48,72,23","41,66,17","51,74,26","40,64,18","53,76,33","49,73,32","35,58,21","36,59,24","55,78,45","58,81,48","29,49,20","91,106,83","85,100,78","35,50,30","12,25,8","67,81,62","104,121,98","25,41,21","20,35,15","92,112,85","46,69,39","46,70,39","52,77,44","75,102,67","71,99,63","21,50,14","45,75,36","68,98,59","76,103,65","62,84,47","55,72,37","52,68,32","73,89,53","96,112,76","59,73,37","89,103,67","66,80,44","74,88,52","77,89,54","88,99,66","65,75,46","32,41,16","67,76,49","71,78,55","6,12,4","22,29,12","23,30,15","29,38,24","33,43,29","29,40,24","37,51,30","66,80,59","76,91,70","30,45,24","29,45,26","55,71,50","84,101,79","94,112,90","78,96,74","57,76,54","17,35,14","41,60,38","39,58,36","23,42,20","31,51,27","51,71,45","48,66,40","25,44,16","60,78,52","81,99,73","45,63,37","29,46,20","56,72,47","55,69,49","35,47,29","75,90,67","87,101,78","68,81,61","14,24,11","31,42,25","49,62,42","62,73,55","58,68,53","36,43,31","63,64,51","51,49,36","24,22,10","21,19,7","16,14,4","23,20,11","30,26,18","25,20,14","26,21,15","33,25,22","31,23,20","28,20,18","24,16,16","22,13,15","22,12,15","21,11,14","22,11,15","23,12,16","25,16,19","23,14,17","21,12,15","21,12,15","23,14,17","25,16,19","26,17,20","24,15,18","21,12,15","23,14,17","24,14,18","23,14,17","23,14,17","23,14,17","24,14,18","24,15,18","25,16,19","26,17,20","26,17,18","24,15,16","23,13,14","25,15,15","28,19,17","29,20,18","28,19,16","29,21,16","33,25,18","32,24,15","36,29,18","41,34,21","38,31,18","35,28,15","38,32,16","38,31,14","34,28,10","35,29,10","37,34,13","41,41,18","44,44,20","43,43,19","36,37,13","37,36,11","40,42,16","42,42,16","38,38,12","39,39,12","44,44,16","44,45,16","40,39,11","37,38,10","44,44,14","41,43,12","35,36,6","32,33,4","32,34,7","36,38,12","39,42,16","37,40,17","29,33,10","28,31,9","31,34,16","33,37,21","31,34,21","27,28,18","23,23,15","22,21,17","26,20,20","29,20,23","29,18,25","25,13,22","23,8,19","24,8,19","26,9,20","24,8,18","25,59,24","19,54,17","20,57,17","23,61,17","22,63,16","21,65,15","27,73,18","33,82,23","30,81,18","26,78,12","27,79,12","28,81,12","30,83,13","32,85,15","33,86,16","33,86,16","35,86,17","33,87,16","28,88,15","20,84,10","18,82,8","22,86,12","27,91,17","25,89,15","18,82,8","20,82,9","28,90,17","23,85,12","19,81,8","20,81,8","22,82,10","23,83,11","24,84,12","22,82,10","22,80,8","22,80,9","22,80,12","21,80,13","20,78,12","23,79,14","27,82,17","25,78,16","20,70,9","18,67,7","22,68,9","24,67,10","23,64,9","24,63,8","25,62,10","28,62,11","33,64,14","36,66,16","39,68,19","42,70,19","47,74,23","52,79,26","49,76,23","46,73,20","45,72,19","46,73,20","50,77,24","54,80,27","57,81,29","58,82,30","57,80,28","57,80,28","56,79,27","54,77,25","54,75,24","55,75,24","55,75,24","56,76,25","58,77,27","57,76,28","52,72,24","57,77,29","59,78,29","52,73,22","46,67,15","47,68,16","50,71,21","47,69,19","39,60,13","64,86,37","40,61,15","47,68,25","44,65,24","36,56,19","45,66,30","54,74,41","16,33,12","37,53,28","85,100,75","65,80,57","36,50,29","58,73,51","72,89,65","12,30,7","30,50,22","62,84,56","27,51,22","47,71,41","43,69,37","46,73,40","45,74,40","23,53,19","51,82,45","65,95,60","83,110,74","49,71,35","61,78,43","69,85,50","81,97,61","92,107,71","40,54,18","109,123,87","65,79,43","120,134,98","75,87,52","87,98,65","87,97,67","33,42,16","50,59,32","57,65,42","30,37,20","67,74,55","47,55,39","32,42,26","27,39,23","19,32,15","21,35,18","75,90,69","137,152,131","43,58,38","15,32,12","39,57,35","62,80,58","63,81,59","54,72,50","53,72,50","50,69,47","68,87,65","76,95,73","56,75,53","55,75,51","49,68,43","32,50,25","63,82,54","50,68,42","24,38,20","43,59,35","40,56,30","43,59,35","47,61,40","49,61,42","65,79,56","45,59,37","62,75,55","35,46,30","68,80,62","52,64,45","25,36,20","42,52,39","74,81,67","45,46,32","68,67,53","34,32,20","28,26,14","28,26,16","32,29,20","29,25,17","19,14,8","32,27,21","33,25,22","30,22,19","29,21,18","26,18,16","24,15,15","24,14,15","23,13,15","23,12,16","23,12,16","25,14,18","24,13,17","23,12,16","23,12,16","24,13,17","25,14,18","26,15,19","24,13,17","23,12,16","24,13,17","24,13,17","23,12,16","23,12,16","23,12,16","24,13,17","25,14,18","26,15,19","26,15,19","24,14,15","22,12,13","22,12,13","24,14,13","26,16,15","28,18,16","30,20,16","32,23,18","34,25,17","35,26,17","38,29,19","38,30,18","35,27,14","37,30,14","47,40,22","46,39,21","40,33,15","38,31,12","41,37,16","45,42,20","44,43,19","41,38,16","35,34,10","37,34,9","40,39,14","43,41,16","41,39,14","40,38,12","42,40,12","42,42,14","40,37,10","37,37,9","45,42,13","41,40,10","34,32,4","30,28,0","31,31,4","35,37,11","34,36,12","31,33,11","26,29,7","28,30,10","31,34,16","31,33,18","26,28,16","23,24,14","26,25,19","25,22,19","24,18,19","25,16,20","24,13,20","23,10,20","24,10,21","26,9,22","27,9,22","23,7,18","26,58,24","21,55,18","23,59,19","26,64,22","26,67,21","26,69,19","32,77,23","37,85,26","34,84,21","29,80,14","29,81,14","31,84,15","34,87,17","37,89,19","38,90,19","36,89,17","36,86,15","32,85,14","28,88,15","21,86,12","17,83,9","20,85,11","26,90,16","28,92,18","23,87,13","21,83,10","22,84,11","18,80,7","18,80,7","20,81,9","22,82,10","23,83,11","24,84,12","25,85,13","25,84,12","24,83,13","23,83,14","21,81,13","19,79,12","22,80,15","28,85,20","27,81,19","22,72,11","21,70,9","26,72,12","25,69,12","21,63,7","23,62,7","25,61,9","28,62,11","32,63,13","36,66,16","40,69,20","44,72,22","44,72,21","42,69,18","40,67,14","38,65,12","38,65,12","43,69,16","49,74,21","53,78,25","55,79,27","55,78,26","51,74,22","53,76,24","54,77,25","53,76,24","54,75,23","55,75,24","58,78,27","62,82,31","62,80,31","52,69,21","49,66,18","57,74,26","61,78,29","55,72,21","47,65,12","45,63,10","48,65,14","46,63,12","34,52,2","62,80,31","44,62,16","49,67,23","53,71,30","32,49,17","26,43,18","77,95,61","60,76,48","20,35,9","64,78,52","57,72,46","37,53,27","36,54,26","52,71,44","56,74,49","12,24,9","67,89,61","87,112,82","84,109,79","40,66,35","32,60,29","62,91,59","70,100,67","62,93,59","58,89,57","50,79,45","54,75,42","85,102,69","91,107,72","80,96,60","69,85,49","41,55,19","115,129,93","35,49,19","75,89,54","52,64,29","59,70,37","78,88,57","58,67,39","35,43,17","56,64,41","62,70,47","71,78,59","71,79,61","86,97,79","56,69,52","10,25,9","33,47,29","40,55,36","77,92,72","28,43,24","15,31,12","44,61,41","52,70,50","38,55,36","39,56,36","38,57,37","27,46,26","56,76,55","53,74,53","31,52,31","42,62,40","45,63,40","20,39,12","39,58,31","44,62,36","31,47,25","51,67,41","26,39,21","21,34,16","49,64,41","62,76,53","32,46,23","48,62,39","56,69,48","46,59,39","47,59,39","44,56,36","47,58,41","70,81,65","88,95,79","24,25,11","59,57,44","30,28,16","31,29,17","28,26,14","30,27,17","30,26,18","23,18,12","31,25,20","30,22,19","29,21,18","28,20,18","27,19,17","26,17,17","26,16,17","25,15,16","24,14,15","23,13,15","23,12,16","24,13,17","25,14,18","25,14,18","24,13,17","23,12,16","23,12,16","24,13,17","25,14,18","24,13,17","24,13,17","23,12,16","23,12,16","23,12,16","24,13,17","24,13,17","25,14,18","26,15,19","23,13,15","23,13,14","23,13,14","24,14,13","24,14,13","26,16,14","29,20,15","31,22,17","32,23,14","38,29,20","44,36,26","43,35,23","40,32,18","41,34,18","50,43,25","46,39,21","38,31,12","36,29,10","41,35,14","44,40,18","41,36,14","39,34,12","40,35,13","43,37,13","42,38,13","41,37,13","41,37,12","43,39,13","46,41,15","46,42,15","41,35,9","38,35,7","45,40,11","43,40,11","38,34,5","35,32,4","37,34,8","36,36,12","34,33,12","31,33,12","32,34,13","31,34,15","29,32,14","26,28,13","23,25,13","24,25,15","28,26,22","26,22,19","21,16,17","21,13,17","22,12,19","25,12,22","27,12,23","27,9,23","25,7,21","24,8,19","25,59,23","21,55,18","23,59,19","26,65,21","27,68,21","28,70,21","32,77,23","37,85,26","33,82,19","29,79,14","30,81,13","33,85,16","36,87,18","38,90,20","39,91,19","37,89,17","36,86,15","33,85,13","31,89,17","26,88,15","21,85,11","22,86,12","26,89,15","29,93,18","28,90,17","22,84,11","17,79,6","17,79,5","18,80,7","20,82,8","23,83,10","23,84,11","25,85,12","25,86,13","26,86,14","25,86,14","23,85,14","21,82,13","19,79,12","22,81,15","27,86,20","28,82,20","22,74,12","21,72,10","27,74,16","26,71,14","22,64,9","24,63,10","26,63,11","29,63,12","31,63,13","34,65,13","36,65,14","39,67,16","46,74,22","57,84,31","55,81,29","54,78,26","54,78,26","56,80,28","58,82,30","57,81,29","57,80,28","58,81,29","60,83,30","61,83,29","58,81,29","55,75,23","50,70,17","46,66,13","45,65,12","47,66,14","53,71,19","67,85,32","54,71,19","51,69,17","56,73,21","58,75,22","57,74,20","55,72,18","52,69,15","50,67,13","54,72,18","54,72,20","52,69,19","50,67,21","58,74,33","45,61,26","27,43,12","59,75,43","90,105,76","22,37,9","65,81,54","74,90,63","34,47,28","10,24,5","40,59,31","74,93,66","19,38,12","14,36,9","56,79,51","72,96,67","34,59,29","40,67,37","76,103,73","55,82,53","17,37,16","76,107,75","40,68,35","42,63,31","45,61,28","59,75,40","97,113,77","108,124,88","29,43,8","54,68,33","89,103,69","82,96,61","87,99,66","78,89,58","69,79,50","59,67,41","27,35,13","58,67,44","17,25,9","25,33,14","45,54,34","74,85,67","53,66,49","21,35,18","59,73,54","56,71,52","70,85,66","25,40,22","29,44,25","34,50,31","52,69,50","75,92,73","74,91,72","51,69,50","5,24,5","56,77,57","40,62,41","17,40,18","45,67,45","68,89,65","39,56,33","15,31,9","39,54,31","45,60,37","64,79,56","59,73,51","61,75,53","57,70,48","38,50,29","34,46,26","43,55,35","67,79,59","35,47,27","17,26,8","62,71,52","73,82,63","36,44,27","31,37,21","33,35,21","52,53,39","36,36,23","39,37,25","22,20,12","19,16,9","30,26,18","30,24,18","27,20,14","29,20,17","28,20,17","29,19,18","28,18,18","27,17,18","27,17,18","25,15,16","24,14,15","24,14,15","22,11,15","24,13,17","26,15,19","26,15,19","24,13,17","22,11,15","21,10,14","23,12,16","26,15,19","24,13,17","23,12,16","23,12,16","23,12,16","23,12,16","23,12,16","24,13,17","25,14,18","26,15,19","25,14,16","25,14,16","25,14,16","25,15,15","24,14,13","26,15,14","28,18,16","29,20,15","28,19,13","28,18,11","31,22,13","33,25,13","33,25,11","34,27,11","41,34,18","38,31,14","33,26,8","36,29,10","42,35,15","43,37,14","38,32,8","39,33,9","45,39,15","48,42,16","43,38,11","40,34,8","40,35,7","43,38,9","46,41,12","44,40,11","36,32,3","31,27,1","37,33,4","39,35,6","37,33,4","36,32,4","35,32,6","31,31,8","30,31,9","32,34,13","34,36,15","30,32,13","23,25,9","19,21,7","20,21,10","24,24,15","27,25,21","25,21,18","20,15,16","21,12,17","24,13,20","27,15,24","28,13,25","25,9,22","22,6,19","24,8,19","26,63,24","24,62,20","23,61,18","21,62,16","22,64,15","26,69,16","31,74,19","34,79,19","34,82,18","28,76,11","30,79,10","32,82,12","33,83,13","33,83,12","32,82,11","33,83,12","35,87,15","37,90,18","36,93,19","28,88,14","21,82,8","21,82,7","24,86,11","29,90,15","30,92,17","30,92,17","31,93,18","27,89,14","24,86,11","25,87,12","27,89,14","27,89,14","23,85,10","17,79,4","18,80,5","23,86,12","25,87,16","24,87,17","23,85,16","22,83,16","21,81,15","21,78,15","21,75,15","22,73,14","22,70,14","22,68,13","24,66,13","25,65,13","26,64,11","27,62,11","29,63,10","32,65,10","35,66,12","38,68,13","38,65,10","38,62,10","44,68,16","44,67,15","45,68,16","49,72,20","49,72,20","46,69,16","49,70,16","52,72,19","49,70,16","54,75,19","58,78,24","58,77,23","55,74,19","54,73,18","55,74,19","59,78,23","60,80,23","54,74,14","72,92,30","68,88,30","61,80,24","58,78,22","50,69,15","41,61,7","51,71,16","74,94,38","62,81,25","54,75,18","68,88,32","55,76,24","49,68,22","49,67,27","46,63,29","43,59,32","56,72,45","16,32,7","33,49,23","83,100,71","56,74,47","17,36,10","24,41,17","37,55,31","29,49,23","18,38,13","46,66,41","83,104,78","51,73,46","37,61,32","81,106,76","104,128,98","22,47,16","36,60,28","63,86,53","63,84,49","77,95,59","69,85,49","76,92,56","96,112,76","36,52,16","77,92,59","92,106,73","35,48,18","67,80,50","55,68,39","52,64,37","74,84,60","19,29,9","50,60,36","22,32,16","30,39,20","33,42,22","36,46,27","28,40,22","23,35,18","40,51,34","35,48,30","89,102,84","19,34,17","30,45,27","24,39,20","36,52,33","67,84,65","68,86,67","38,57,37","26,48,27","80,102,81","76,98,77","39,63,41","45,68,46","47,66,46","23,38,19","60,73,53","59,71,52","11,24,8","20,32,14","38,50,31","53,64,45","46,57,38","36,47,28","51,60,43","10,19,2","21,30,13","62,70,53","34,41,25","28,35,19","28,34,18","27,32,16","46,50,35","34,38,24","16,18,8","81,84,71","61,62,49","32,30,20","28,25,16","32,27,19","23,16,11","26,16,12","30,19,17","30,19,19","31,20,21","31,19,21","29,17,20","28,16,20","26,14,18","25,14,18","25,14,18","18,7,11","21,10,14","26,15,19","28,17,21","27,16,20","23,12,16","22,11,15","24,13,17","28,17,21","23,12,16","22,11,15","22,11,15","22,11,15","23,12,16","23,12,16","24,13,17","24,13,17","24,13,17","24,12,16","24,12,15","24,12,14","25,13,14","27,15,15","29,17,17","30,19,17","29,18,14","28,17,12","35,24,18","42,31,24","42,32,23","37,27,18","37,27,15","43,33,21","44,35,21","43,34,20","48,40,22","48,41,20","45,39,15","43,37,11","42,37,9","44,39,10","45,42,11","47,44,13","47,44,10","45,42,8","46,44,10","50,49,14","51,51,14","45,45,11","36,36,2","37,37,5","44,43,12","45,45,14","39,40,10","33,33,6","33,34,8","39,41,17","39,41,19","30,32,11","28,29,10","33,34,19","36,37,24","34,33,22","28,25,17","25,22,17","24,19,16","21,15,16","21,13,18","23,14,21","26,15,24","25,14,24","22,10,22","19,7,19","22,10,20","21,59,18","25,63,20","27,67,23","27,69,23","25,68,17","24,67,13","26,70,13","32,77,17","39,85,21","38,84,19","38,84,17","36,85,15","36,86,15","37,87,16","37,87,16","37,87,16","37,89,17","36,89,17","34,91,17","30,89,15","27,87,13","29,89,15","30,90,16","30,90,16","30,90,16","31,93,18","35,97,22","32,94,19","28,90,15","27,89,14","28,90,15","28,90,15","27,89,14","21,83,8","19,82,7","21,84,10","24,87,15","24,88,17","22,85,16","21,82,15","19,80,13","19,77,16","19,74,13","18,70,12","18,67,11","21,66,12","25,68,15","27,67,15","27,66,13","28,65,13","31,66,12","33,67,12","37,68,14","40,70,15","43,70,16","48,73,21","54,78,26","53,76,24","52,75,23","55,78,26","54,77,25","50,72,19","51,72,19","56,76,23","58,78,24","57,78,23","59,78,23","60,79,24","63,82,26","65,84,29","66,84,29","65,83,28","63,84,24","62,84,20","67,91,26","59,82,20","52,75,16","57,79,22","63,84,29","61,82,28","57,79,23","56,78,21","53,75,21","49,71,12","46,68,11","48,70,17","60,80,33","59,78,38","51,69,36","60,77,50","33,50,24","43,59,30","27,43,17","65,84,56","77,96,68","48,66,41","18,35,14","24,40,20","47,67,42","45,65,40","59,79,54","93,113,88","63,85,58","41,64,35","75,99,69","104,127,97","27,51,18","53,77,45","73,95,61","54,74,38","58,76,40","48,64,28","70,86,50","113,129,94","47,62,29","89,104,71","66,81,50","49,63,32","73,86,57","66,79,51","78,90,63","95,105,80","29,39,15","32,42,18","58,68,44","66,75,53","62,71,50","65,76,56","52,64,44","26,37,19","19,30,12","15,26,10","124,137,118","46,59,41","48,63,43","42,57,38","48,64,45","62,81,61","53,72,51","30,49,28","38,60,38","37,59,38","37,59,38","15,38,16","28,51,28","45,64,44","48,62,43","90,102,83","76,88,70","37,49,31","37,48,30","35,47,29","42,52,34","38,47,29","29,38,20","48,57,39","44,52,35","48,55,39","46,53,40","43,50,35","53,60,43","39,46,29","25,31,15","53,58,43","56,61,47","6,9,2","72,75,62","56,56,44","32,30,20","25,22,13","22,17,10","14,6,4","20,10,7","26,15,13","26,14,14","27,15,16","27,15,17","27,16,18","27,16,18","26,15,18","25,14,18","25,14,18","22,11,15","22,11,15","23,12,16","25,14,18","25,14,18","25,14,18","23,12,16","23,12,16","22,11,15","22,11,15","22,11,15","23,12,16","23,12,16","23,12,16","23,12,16","24,13,17","24,13,17","24,13,17","25,13,17","24,12,16","24,12,15","26,14,16","28,16,17","30,18,18","31,20,18","30,19,17","29,18,15","36,25,20","43,32,25","43,33,24","39,29,20","38,28,18","44,34,22","43,33,21","41,31,18","45,36,19","44,36,17","43,37,13","46,40,13","48,43,14","50,45,16","49,46,15","49,46,14","51,48,14","53,50,15","53,51,16","49,49,11","40,40,3","37,38,3","44,45,11","45,46,14","38,39,7","33,34,3","34,34,5","34,35,8","30,32,6","25,27,3","23,25,4","27,29,8","32,33,15","33,34,18","30,30,15","27,25,13","26,23,14","29,24,19","25,20,17","21,15,14","20,14,17","23,14,21","25,15,23","23,13,23","19,9,19","16,6,15","22,11,19","17,55,14","24,63,20","31,71,27","33,75,29","32,75,24","30,73,19","32,76,19","39,84,25","48,94,30","44,90,25","42,88,21","39,88,18","39,89,18","42,92,21","45,95,24","46,96,25","45,97,25","42,95,23","39,96,22","36,95,21","35,95,21","36,96,22","36,96,22","33,93,19","30,90,16","30,92,17","34,96,21","34,96,21","31,93,18","29,91,16","27,89,14","28,90,15","30,92,17","26,88,13","20,84,8","17,81,6","19,83,11","19,85,14","18,82,13","17,79,12","17,78,11","19,77,14","21,76,15","21,73,15","20,70,13","23,69,15","28,71,18","28,70,17","29,69,16","30,67,15","32,67,13","33,67,13","36,67,13","38,68,14","41,70,17","48,74,23","52,76,26","47,71,20","43,67,16","48,71,19","49,72,20","49,72,20","54,77,24","61,83,29","62,82,29","59,79,26","57,76,23","60,79,24","65,84,29","68,87,32","67,86,31","62,81,26","58,79,20","56,79,15","56,81,16","55,79,17","53,77,18","54,77,20","60,83,28","64,87,33","59,82,27","48,72,15","44,68,13","41,65,6","55,79,21","48,71,17","56,79,29","46,68,27","40,60,28","103,122,93","68,87,60","48,64,36","46,62,33","54,72,43","91,110,82","87,105,78","41,59,33","34,52,27","42,62,37","58,78,53","39,59,34","97,117,91","101,123,95","63,87,57","51,75,44","67,91,57","33,57,22","61,85,50","83,106,69","52,72,35","59,77,41","53,70,34","52,69,33","82,99,63","84,99,66","80,95,62","37,52,20","62,77,46","92,105,76","97,110,82","78,90,63","53,63,38","41,51,27","29,39,15","46,56,32","41,50,28","74,83,62","95,106,86","80,92,72","43,55,35","18,30,10","22,34,16","132,145,125","45,58,38","49,63,42","58,73,52","49,65,44","44,63,41","47,65,45","17,32,16","39,60,38","36,58,35","54,76,53","32,55,32","57,80,56","69,88,67","28,42,24","49,62,42","35,48,28","38,51,31","36,48,28","27,39,19","39,50,30","39,47,31","15,22,10","22,30,16","67,76,57","74,81,63","32,38,25","31,37,22","55,62,44","42,49,33","23,29,16","60,67,51","76,83,68","12,17,4","76,78,65","50,50,38","26,25,14","28,24,15","32,27,19","24,16,11","20,12,9","27,16,14","27,15,14","27,15,15","26,14,16","25,15,16","24,14,15","23,13,15","22,11,15","21,10,14","24,13,17","23,12,16","23,12,16","24,13,17","24,13,17","25,14,18","23,12,16","21,10,14","18,7,11","22,11,15","23,12,16","23,12,16","23,12,16","24,13,17","24,13,17","24,13,17","25,14,18","25,14,18","23,11,14","23,11,13","23,11,13","25,13,15","29,17,17","32,20,20","35,24,22","35,24,21","34,23,19","38,27,21","42,31,25","43,33,25","40,30,21","39,29,19","43,33,23","40,30,19","36,26,14","38,29,14","40,32,13","42,36,13","46,40,15","49,44,17","50,45,16","48,45,15","47,44,13","49,46,12","51,48,13","51,49,14","47,47,11","44,44,8","43,44,10","46,47,13","47,48,16","43,44,12","37,38,7","33,34,4","37,38,10","41,43,17","29,31,8","22,24,3","27,29,8","32,33,15","32,33,17","30,30,15","28,26,14","28,25,17","32,27,21","24,19,16","19,13,12","20,14,15","24,16,22","27,17,25","25,15,23","21,11,20","18,8,17","21,10,18","16,54,13","20,59,16","26,66,22","30,71,25","33,75,25","35,78,24","38,81,24","42,87,27","47,93,29","41,87,22","39,85,18","36,85,15","36,86,15","40,90,19","44,94,23","46,96,25","45,97,25","41,94,22","41,97,23","37,95,22","36,94,20","37,96,22","38,98,24","38,98,24","36,96,22","35,96,22","37,98,24","35,97,22","33,95,20","28,91,16","26,89,13","26,89,14","28,91,16","26,90,14","21,85,9","14,78,4","17,82,9","18,84,12","16,81,10","15,78,9","17,78,11","20,79,15","23,79,18","24,76,18","22,72,16","23,70,15","25,69,16","25,68,15","27,67,14","29,66,14","31,66,12","32,67,13","34,67,12","35,66,12","36,65,12","39,65,14","42,67,17","37,63,13","34,60,9","41,65,15","45,69,17","48,72,20","55,78,26","60,83,30","56,78,26","55,77,23","57,76,24","59,79,25","61,81,27","62,82,28","61,81,26","58,78,23","55,77,18","52,77,12","49,74,9","54,78,17","58,82,23","54,78,22","51,74,20","51,74,20","52,75,21","52,75,19","64,88,30","64,88,28","58,82,24","51,74,19","48,71,21","45,67,24","66,86,49","123,142,110","123,142,112","57,74,46","81,97,70","54,72,45","95,113,86","93,111,85","26,44,19","13,31,6","16,36,11","88,108,83","31,51,25","68,88,61","82,104,76","55,78,48","36,60,27","56,80,44","64,89,51","29,54,18","54,76,38","50,71,34","77,95,59","91,108,72","68,85,49","66,83,47","148,164,130","105,122,88","46,61,30","36,51,20","67,80,51","107,120,92","84,96,69","57,69,44","125,136,113","15,22,9","66,76,53","31,40,18","71,80,59","88,99,78","68,80,60","44,56,36","33,45,25","22,34,14","69,82,62","28,41,21","15,29,9","28,43,22","48,64,43","70,88,66","73,92,71","19,36,18","27,48,26","21,42,21","45,67,44","26,44,25","53,72,53","64,83,62","28,42,24","73,86,66","32,45,25","35,48,28","58,71,51","45,58,38","38,51,31","41,51,33","41,50,35","43,51,36","40,49,30","50,58,39","28,37,18","10,16,4","48,54,40","63,70,53","32,39,26","30,37,23","63,70,54","24,30,15","92,94,81","62,63,50","25,24,14","16,12,5","23,18,12","29,22,17","32,24,21","30,19,17","29,18,16","28,16,15","27,15,15","26,16,17","25,15,16","23,13,15","21,11,13","18,9,11","23,12,16","24,13,17","24,13,17","25,14,18","25,14,18","23,12,16","22,11,15","21,10,14","20,9,13","23,12,16","23,12,16","24,13,17","24,13,17","24,13,17","24,13,17","25,14,18","25,14,18","25,14,18","21,10,12","21,9,11","21,9,11","23,11,11","26,14,14","29,17,17","32,21,19","31,20,16","30,19,15","35,24,18","40,29,23","42,31,24","39,29,20","38,28,18","42,32,22","37,27,17","32,22,10","33,23,9","39,32,14","44,38,16","45,39,15","47,41,16","49,43,16","50,46,17","51,47,17","51,48,15","50,47,13","48,46,12","48,48,12","51,51,16","51,52,18","47,48,14","48,49,17","49,50,18","45,46,15","36,36,7","36,37,9","45,47,21","41,43,19","34,36,14","31,33,11","31,32,14","33,34,18","34,33,19","32,29,18","31,28,20","36,31,26","27,22,19","21,15,14","22,16,17","26,18,24","27,17,25","25,15,23","21,11,20","20,10,19","21,10,18","22,60,19","23,62,18","23,64,20","26,68,22","32,75,24","37,80,26","41,84,27","40,85,26","40,86,22","41,87,22","39,86,19","37,86,16","37,87,16","39,89,18","40,90,19","42,92,21","40,92,20","38,91,19","44,100,27","42,99,26","38,96,22","38,96,22","39,97,23","38,98,24","36,96,22","35,95,21","35,95,21","35,96,21","33,95,20","29,92,17","25,89,13","23,87,11","25,89,13","26,90,14","22,86,10","15,80,4","19,86,11","22,88,15","18,83,12","16,80,10","17,79,12","20,80,16","22,78,17","20,74,16","18,69,12","17,64,9","17,62,9","20,62,9","24,63,10","26,65,12","29,66,14","32,68,14","35,69,14","37,68,16","35,64,13","33,60,11","40,66,17","40,66,17","41,68,17","48,73,23","50,74,23","48,72,22","50,74,23","52,76,24","48,71,19","51,75,22","58,78,26","60,80,27","59,79,26","58,78,25","58,78,25","58,79,25","60,83,24","62,87,22","53,78,13","51,75,14","56,79,22","57,81,27","52,75,23","45,68,15","43,66,13","47,70,14","58,82,24","48,72,12","53,77,18","62,85,28","46,69,18","35,56,11","47,67,27","55,75,38","47,66,34","30,46,18","65,81,54","37,55,28","69,87,61","86,104,79","57,75,51","56,74,50","41,61,36","50,70,45","63,83,57","105,125,98","111,134,104","72,96,64","32,56,21","42,66,29","92,117,78","38,63,24","80,103,64","98,119,81","83,101,65","69,86,50","52,69,33","50,67,31","111,128,94","81,98,64","65,81,49","44,59,28","66,80,51","69,82,54","56,69,41","69,82,56","92,105,80","12,21,5","77,87,64","20,26,15","66,75,57","68,78,58","64,76,56","62,73,56","10,19,8","15,27,7","21,34,14","28,41,21","57,72,51","59,74,53","55,71,50","57,75,53","45,64,42","17,37,14","42,64,41","32,54,32","50,72,49","28,49,28","29,51,28","35,55,32","33,48,27","73,86,66","41,54,34","60,73,52","68,81,61","31,44,27","13,25,8","40,52,32","83,95,75","90,99,80","37,46,27","21,30,11","52,61,42","34,41,25","50,56,40","59,66,48","47,54,37","53,60,44","43,50,34","9,14,6","44,47,34","46,49,36","38,39,27","29,27,18","23,19,11","22,15,9","25,18,12","29,18,16","27,16,14","26,14,13","26,15,14","28,18,18","28,18,19","28,18,19","24,15,16","21,12,13","21,10,14","23,12,16","26,15,19","27,16,20","26,15,19","23,12,16","22,11,15","22,11,15","23,12,16","24,13,17","24,13,17","24,13,17","24,13,17","24,13,17","25,14,18","25,14,18","25,14,18","26,16,17","26,15,17","26,14,15","26,14,15","26,14,14","27,15,15","29,18,16","29,18,16","27,16,13","26,15,11","31,20,15","37,26,20","39,28,21","36,26,17","36,26,17","40,30,20","36,26,16","31,21,11","33,23,10","37,30,12","39,33,12","39,33,10","39,33,10","42,37,12","48,44,17","51,47,19","52,49,17","51,48,16","50,48,15","50,50,15","47,47,11","47,48,14","51,52,18","52,53,21","48,49,17","42,43,12","39,39,9","34,35,6","31,34,8","39,42,16","42,44,20","38,40,17","34,36,16","35,36,17","34,33,18","31,29,17","31,28,19","41,36,30","31,26,22","25,19,18","25,19,20","27,19,23","24,15,21","20,10,18","19,9,18","20,10,19","20,9,17","26,64,23","25,64,21","24,65,21","26,68,22","31,74,23","37,80,26","41,84,27","41,86,27","40,86,22","41,87,22","42,88,21","42,91,21","42,92,21","42,92,21","42,92,21","42,92,21","42,94,22","42,95,23","44,99,25","42,98,23","40,97,22","39,97,21","38,96,20","35,93,18","33,91,15","34,95,18","38,99,22","37,98,21","35,97,20","32,95,18","27,91,13","22,86,8","21,88,9","25,92,13","23,90,11","19,86,8","22,89,13","22,89,15","17,84,11","14,79,9","15,77,10","19,79,15","21,77,16","17,72,13","14,66,8","15,63,8","17,63,9","20,63,10","23,64,11","26,65,12","29,66,14","31,67,13","33,66,14","34,65,14","34,63,12","34,62,13","40,68,19","40,68,19","40,68,18","46,73,24","47,73,23","45,72,21","48,74,24","51,77,27","51,75,24","53,77,26","58,81,29","59,82,30","58,81,29","55,78,26","54,76,24","52,75,22","53,77,19","54,79,16","60,86,21","52,77,18","48,73,16","53,78,24","55,79,27","48,72,20","43,67,15","50,74,19","50,75,17","55,81,20","57,83,22","50,75,16","49,73,19","50,73,22","45,69,22","50,73,32","56,76,40","20,36,6","41,57,30","51,68,42","66,84,58","110,128,104","121,139,115","44,63,39","30,50,25","21,41,16","21,41,14","104,124,96","144,167,136","113,137,103","57,81,44","39,64,26","75,100,60","38,63,22","66,89,50","66,86,49","60,80,43","62,82,45","65,84,48","66,86,49","84,101,67","114,131,97","115,132,100","54,71,39","116,132,102","104,118,89","72,87,59","88,101,75","64,77,51","72,84,60","66,78,54","19,30,12","60,72,52","69,81,59","102,114,92","109,120,102","11,22,8","54,67,44","51,64,42","23,37,15","51,66,43","39,54,31","38,55,31","49,67,43","30,50,25","24,44,19","41,64,38","36,59,33","30,53,27","24,48,22","51,74,48","53,74,49","21,38,14","45,59,37","25,40,17","16,31,8","14,28,5","46,60,38","63,76,55","41,53,35","23,35,19","54,66,44","39,50,29","60,69,48","93,102,81","44,53,32","25,34,13","31,40,19","27,35,17","18,27,12","40,49,32","29,36,21","26,31,15","46,50,35","50,51,38","40,39,27","31,28,17","32,25,17","38,30,23","29,20,16","27,17,14","25,15,13","25,15,14","28,18,17","29,20,18","28,19,19","24,15,16","21,12,13","24,14,15","24,14,15","24,14,15","25,15,16","27,17,18","28,18,19","27,17,18","25,15,16","23,13,14","24,14,15","24,14,15","24,14,15","24,14,15","25,15,16","25,15,16","25,15,16","26,16,17","26,16,17","28,16,18","27,16,16","27,16,15","27,16,15","28,17,15","29,18,16","29,18,16","28,17,13","26,15,11","31,20,15","37,26,20","38,28,21","35,25,16","35,25,16","40,30,21","38,28,18","34,24,14","36,26,15","37,28,13","35,28,10","35,28,9","36,29,9","38,32,10","41,36,12","44,40,14","48,44,15","50,47,16","50,48,15","49,49,15","49,49,15","46,47,15","45,46,14","47,48,16","49,50,18","47,48,17","42,43,12","36,38,8","34,37,10","35,38,12","38,40,16","40,42,20","38,40,18","33,35,15","32,31,16","33,31,18","36,33,22","35,30,25","27,22,18","24,18,17","26,20,20","25,17,21","20,11,16","17,7,14","20,10,18","24,14,22","20,9,17","22,60,19","22,61,17","22,62,18","23,65,19","27,69,19","31,74,20","35,78,21","36,81,22","38,84,20","37,83,18","39,86,18","40,89,19","40,90,19","40,90,19","40,90,19","41,91,20","43,95,23","46,98,26","36,90,15","34,89,14","37,93,18","39,95,20","37,95,19","34,92,16","34,92,16","39,100,23","48,109,32","39,100,23","36,98,21","35,98,21","30,95,16","22,89,10","21,88,9","26,94,14","26,94,15","21,88,9","20,88,10","19,87,10","15,82,8","13,79,7","14,77,8","18,79,12","18,77,13","17,73,12","16,68,10","18,67,12","23,69,15","24,68,15","25,68,15","28,66,15","28,65,13","28,63,12","28,62,11","27,60,10","29,60,11","32,61,13","36,65,17","32,61,13","30,58,10","35,64,15","39,66,18","42,68,20","48,75,26","54,81,30","53,78,28","53,78,28","54,79,29","55,78,28","55,78,27","53,76,25","51,74,23","48,72,19","44,68,12","35,61,2","58,84,19","55,80,21","45,70,14","48,72,20","52,76,25","50,74,24","50,74,23","58,83,28","50,75,17","57,83,22","46,72,11","52,78,17","54,80,20","53,78,22","56,80,29","55,78,33","54,76,37","29,46,13","61,78,50","96,113,87","51,69,44","81,99,75","141,159,133","50,68,44","29,46,25","51,70,44","27,47,21","62,83,53","92,115,83","79,103,69","48,72,35","43,68,29","43,68,27","30,55,13","53,78,36","58,79,41","65,85,48","62,82,45","59,79,42","63,83,46","54,71,37","74,92,58","92,109,76","55,72,40","84,100,70","58,74,45","57,72,44","98,111,87","53,66,44","66,78,54","41,54,30","31,43,20","37,49,27","39,51,30","67,79,59","73,84,66","11,20,7","26,37,19","39,53,30","30,44,21","17,32,9","32,47,24","62,78,54","65,84,60","33,53,28","14,34,9","19,42,16","41,64,38","15,38,12","11,35,9","54,77,51","61,82,57","26,43,19","67,82,59","54,69,46","21,36,14","17,32,12","61,76,54","73,86,64","41,54,32","19,31,9","46,58,36","64,77,54","26,36,15","34,44,23","50,59,38","52,61,40","42,51,30","31,40,19","32,41,20","52,61,42","56,65,48","27,34,21","43,48,34","39,41,27","27,26,14","22,19,8","25,20,12","31,24,16","33,24,19","30,21,16","28,18,15","27,17,15","27,18,16","27,19,17","25,17,15","21,13,12","17,9,9","28,19,19","26,16,17","22,12,13","22,12,13","26,16,17","31,21,22","31,21,22","28,18,19","23,13,14","24,14,15","24,14,15","25,15,16","25,15,16","27,17,18","27,17,18","27,17,18","26,16,17","25,15,16","22,11,11","21,10,8","21,10,8","21,10,8","23,12,9","25,14,11","27,16,13","27,16,12","25,14,10","31,20,15","37,26,20","37,27,20","36,25,17","35,25,17","39,29,21","39,29,20","37,27,18","40,30,20","38,29,17","36,29,14","38,31,14","40,33,15","40,33,14","40,35,13","42,38,14","46,42,14","49,46,16","47,45,14","48,48,16","60,60,27","55,56,24","37,38,6","38,39,7","53,54,22","58,59,28","45,46,15","40,41,11","47,50,22","38,41,14","34,37,12","37,39,15","35,37,15","29,30,11","29,28,12","36,34,20","38,35,24","24,20,12","20,15,11","21,16,13","25,19,18","24,16,18","20,11,15","18,8,15","24,14,22","30,20,28","20,9,17","28,66,25","27,66,23","25,66,22","24,66,20","25,67,17","27,70,16","29,73,16","31,76,17","33,79,15","37,83,18","38,85,18","38,87,17","38,88,17","39,89,18","40,90,19","41,91,20","41,93,21","42,94,22","39,93,18","40,95,20","43,98,23","44,99,24","41,97,22","35,93,17","32,90,14","30,91,14","32,93,16","31,93,16","33,96,18","35,99,21","33,99,20","28,95,16","25,93,14","27,96,16","24,93,13","18,87,7","19,88,10","22,90,13","20,88,13","19,85,13","18,82,11","17,79,11","15,75,10","16,72,11","16,70,11","19,69,13","22,69,15","24,68,15","25,68,15","27,66,14","27,64,13","26,63,12","27,62,11","27,61,11","25,57,8","25,55,8","33,62,16","34,63,17","35,64,16","39,68,20","38,67,19","37,65,17","39,67,19","43,71,23","43,69,21","44,70,21","46,73,23","48,74,24","50,74,24","51,75,25","51,75,25","52,76,25","50,75,18","40,66,4","49,75,10","51,76,17","48,73,18","49,73,21","50,74,25","52,76,27","52,76,26","52,76,23","48,73,15","53,78,18","58,84,20","59,85,21","56,82,20","52,77,19","49,74,20","51,74,25","54,77,34","58,77,41","38,55,27","79,97,69","59,78,50","56,75,47","99,118,89","96,113,88","44,58,41","64,84,57","71,91,63","44,64,35","87,110,79","96,120,87","61,85,50","54,79,42","43,68,28","66,91,49","66,91,50","67,89,51","66,86,49","50,70,33","48,68,31","66,86,49","56,76,41","65,85,50","121,139,106","103,120,88","43,59,32","37,53,26","65,80,53","62,76,52","31,45,25","80,94,69","24,38,13","32,45,25","46,58,37","34,46,27","44,56,36","66,78,56","47,58,38","20,31,15","22,36,13","45,59,36","35,50,27","26,41,18","47,64,40","51,70,45","14,34,9","28,48,23","55,77,52","40,63,37","16,39,14","35,58,32","49,72,46","35,57,32","29,47,23","58,73,50","44,59,36","52,67,44","71,86,63","75,90,67","44,58,35","25,39,16","42,56,33","62,76,53","87,101,78","22,34,12","22,34,13","54,64,43","57,66,45","39,48,27","30,39,18","37,46,25","57,66,47","38,47,28","19,25,14","51,56,43","58,60,45","43,43,30","27,25,15","22,18,12","38,32,24","33,25,19","32,23,18","31,21,18","28,19,16","27,18,16","27,19,17","26,18,16","22,16,13","19,12,10","30,21,21","29,19,20","26,16,17","24,14,15","24,14,15","25,15,16","26,16,17","26,16,17","26,16,17","24,14,15","24,14,15","27,17,18","28,18,19","29,19,20","30,20,21","30,20,21","27,17,18","25,15,15","28,17,16","29,18,16","28,17,14","26,15,12","25,14,10","27,16,12","30,19,15","30,19,15","28,17,13","33,22,16","35,24,18","35,24,18","34,23,17","33,22,16","33,22,16","35,25,17","36,26,17","37,27,18","33,23,14","29,21,10","31,23,10","33,26,11","36,29,12","40,35,13","42,37,14","42,38,13","42,38,11","44,41,12","49,48,17","56,55,24","54,55,23","43,44,12","41,42,11","47,48,17","48,49,18","41,42,11","36,37,7","38,41,12","35,38,9","32,35,8","30,32,7","27,29,7","27,28,8","29,28,11","30,28,14","28,26,14","21,17,9","19,14,10","23,18,15","29,23,22","28,20,22","22,13,17","17,8,14","22,12,20","28,18,26","20,9,17","21,59,18","22,61,17","21,62,18","23,65,18","26,69,18","31,74,20","35,78,22","38,83,24","40,86,22","33,79,14","32,79,12","34,83,13","36,86,15","38,88,17","39,89,18","40,90,19","38,90,18","37,89,17","34,87,13","35,88,13","37,91,16","40,94,19","41,98,21","42,99,22","39,97,21","34,95,17","31,92,15","35,97,19","33,96,18","28,94,15","27,94,15","29,97,17","26,95,15","19,89,8","16,86,5","18,89,8","22,92,12","23,93,14","21,91,14","21,87,14","19,85,13","18,81,11","15,76,11","16,73,11","16,71,12","21,72,16","26,74,20","25,71,19","25,66,15","24,64,13","23,61,11","24,61,10","26,61,11","28,62,12","22,55,8","17,48,5","27,58,13","31,61,16","33,64,17","36,67,20","33,63,16","29,58,11","29,57,10","36,64,16","45,72,24","44,72,24","45,72,24","48,75,25","50,76,27","50,75,26","46,71,22","41,66,16","40,66,10","48,75,13","46,74,9","50,76,17","50,77,21","46,71,21","46,71,22","51,76,28","51,77,27","44,70,17","47,74,16","51,78,17","52,79,14","49,76,11","47,74,11","49,75,14","53,80,21","56,81,27","58,82,34","75,96,57","40,58,27","32,51,20","74,93,62","66,83,57","41,57,34","113,132,104","132,152,124","18,38,10","44,64,36","34,54,26","86,108,78","99,123,90","60,85,51","46,71,36","45,70,31","105,130,90","50,75,39","39,62,31","65,86,51","67,88,51","56,77,40","71,92,55","95,115,80","56,76,41","81,99,67","142,160,128","123,140,113","97,113,86","74,89,61","49,64,38","56,71,45","96,110,85","44,58,33","9,21,6","36,49,29","57,69,46","57,69,46","62,74,51","72,84,61","28,40,17","22,35,12","39,53,29","48,63,39","62,77,53","64,81,56","44,63,37","18,38,12","24,44,18","36,59,32","25,48,20","43,66,39","62,86,58","51,74,47","37,58,31","49,67,42","61,77,53","24,41,16","44,61,36","69,85,60","74,90,65","51,66,42","53,68,44","63,78,54","17,31,9","41,55,31","39,51,28","29,41,19","46,57,34","50,61,38","45,56,33","36,47,24","22,32,11","39,49,29","62,71,52","58,65,48","44,49,33","49,52,37","49,51,37","32,32,21","20,17,9","37,33,23","32,25,18","29,22,15","25,17,13","24,17,12","26,19,15","28,21,18","28,22,19","25,20,17","22,17,14","23,14,13","24,14,14","25,15,15","25,15,15","23,13,13","22,12,12","22,12,12","23,13,13","27,17,16","26,16,16","26,16,15","25,15,15","25,15,15","25,15,15","26,16,16","28,18,18","29,19,19","30,20,19","35,24,23","36,25,22","33,22,19","32,21,17","32,21,17","34,23,19","35,24,20","33,22,18","30,19,15","30,19,14","32,21,15","32,21,15","32,21,15","31,20,14","29,18,12","29,18,12","31,20,13","33,23,15","30,20,13","28,19,10","31,22,11","32,24,12","33,26,12","34,29,9","36,31,11","40,36,12","44,40,14","48,46,17","49,48,18","46,46,15","48,49,17","53,54,22","51,52,21","45,46,15","41,42,11","41,42,12","40,42,13","35,38,9","32,35,6","28,31,4","29,31,7","31,33,11","33,35,13","32,32,14","30,28,13","28,25,13","29,25,16","25,20,14","24,19,15","27,21,20","26,18,20","22,13,16","17,8,12","19,10,16","22,13,20","19,8,16","20,58,17","21,60,16","20,61,17","21,63,17","24,67,17","28,71,17","30,74,17","33,78,19","35,81,17","34,80,15","33,80,13","32,81,11","32,82,11","33,83,12","35,85,14","36,86,15","36,88,16","38,90,16","33,85,12","33,85,10","35,88,12","38,92,16","42,97,21","44,101,24","44,102,25","41,100,22","37,98,20","35,97,18","29,93,14","23,89,9","23,90,10","28,96,16","25,96,15","17,89,7","17,89,7","23,95,13","21,92,11","18,89,9","18,88,10","19,87,11","18,85,11","19,82,12","18,78,14","19,77,15","20,75,16","22,74,18","24,73,20","24,69,18","22,65,15","21,62,12","22,60,11","22,60,10","24,61,10","26,60,12","24,56,11","22,53,10","28,59,15","27,58,14","25,56,11","27,58,13","26,57,11","25,55,9","28,57,11","36,65,18","43,71,24","43,71,23","45,73,25","47,75,27","50,77,30","50,76,29","46,72,24","40,66,16","39,67,12","49,77,16","36,65,3","44,73,14","51,78,24","46,72,22","45,71,24","54,80,33","56,83,33","44,72,20","51,79,21","56,84,24","57,86,21","54,83,16","53,82,16","57,86,22","62,91,29","61,88,30","56,81,28","81,103,61","43,62,24","47,66,30","102,122,87","87,106,75","41,59,31","111,130,99","161,182,152","51,71,43","53,73,45","43,63,35","98,121,90","112,136,103","80,104,71","70,94,58","28,52,16","31,54,26","91,116,83","86,108,75","100,122,86","99,121,83","73,95,57","59,80,43","70,90,55","47,67,32","52,71,39","109,128,96","114,131,101","64,80,55","34,50,27","57,73,46","85,100,74","88,102,77","82,96,71","40,54,33","34,48,26","53,66,42","47,59,35","42,54,30","70,82,58","14,26,2","35,49,25","27,41,16","21,36,14","73,89,64","70,87,61","33,52,26","45,65,38","45,65,38","40,63,35","28,51,23","56,79,51","53,77,49","42,66,38","49,70,43","57,77,50","42,60,34","54,72,46","96,114,88","67,83,57","39,55,29","38,54,28","58,74,48","65,80,55","35,49,25","18,32,7","65,77,53","59,71,47","31,40,24","24,34,15","43,55,31","50,62,38","28,40,18","40,51,30","59,70,50","44,53,34","23,30,12","52,56,40","59,61,47","36,36,23","28,26,14","30,26,15","34,27,19","31,24,16","27,20,14","26,19,13","25,19,15","25,19,15","24,19,16","24,19,16","24,19,16","18,10,8","21,11,10","24,14,13","25,15,14","24,14,13","22,12,11","22,12,11","24,14,13","26,16,15","26,16,15","25,15,14","24,14,13","23,13,12","22,12,11","24,14,13","26,16,15","31,21,20","33,23,22","35,24,22","32,21,17","29,18,14","30,19,15","34,23,19","38,27,23","38,27,23","34,23,19","31,20,16","29,18,13","31,20,14","33,22,16","33,22,16","32,21,15","29,18,12","27,16,10","29,18,12","32,21,15","31,21,14","30,21,14","34,25,16","35,27,17","36,28,16","33,28,11","35,30,10","39,35,13","44,40,16","45,42,15","42,41,11","43,43,13","46,47,16","50,51,20","50,51,20","47,48,17","44,45,15","42,42,14","40,41,12","37,40,11","33,36,7","29,32,5","29,32,6","31,33,9","31,33,11","30,30,11","27,25,10","26,24,11","30,26,17","25,20,14","21,16,12","23,18,16","26,18,19","24,15,17","22,13,16","22,13,18","23,14,19","20,9,17","27,65,24","27,66,22","26,66,22","25,67,20","26,69,19","27,70,16","28,71,15","29,74,15","29,75,11","34,80,15","35,82,15","34,83,13","34,84,13","35,85,14","35,85,14","34,84,13","33,85,13","33,85,11","38,89,16","40,91,17","41,93,18","41,94,19","40,94,18","38,94,17","36,94,17","37,95,18","35,97,19","33,96,17","32,96,17","30,96,16","28,96,16","28,97,16","26,98,16","26,98,16","26,99,17","26,99,17","20,92,10","15,87,6","16,86,7","16,84,8","16,84,9","18,81,11","19,80,13","19,78,15","21,76,17","18,70,14","14,63,10","17,63,11","19,63,12","20,62,12","24,62,13","24,62,13","25,61,13","26,61,13","28,62,16","33,65,22","36,69,26","31,64,20","26,59,14","27,60,15","27,60,15","29,61,16","35,67,21","39,69,22","33,61,15","43,72,25","51,80,33","50,78,31","42,70,22","35,63,15","37,65,17","43,71,22","49,77,23","46,74,13","31,60,0","41,69,10","51,78,24","48,74,25","48,74,28","57,83,37","61,87,38","49,76,24","57,85,27","61,89,28","60,89,24","59,88,21","61,90,23","65,94,28","68,97,32","65,92,30","56,81,26","35,58,17","70,89,48","50,70,30","72,93,53","110,130,93","94,114,78","43,63,30","99,120,88","76,97,67","26,46,23","58,78,51","49,71,43","70,93,64","115,139,107","102,126,94","51,75,41","8,32,1","161,185,151","105,127,92","85,107,70","83,105,67","71,93,55","57,79,42","46,67,31","77,98,63","62,82,49","65,84,52","64,83,53","72,90,62","59,77,50","53,69,42","99,115,88","57,73,47","63,79,53","22,37,17","17,30,9","38,51,28","42,54,30","62,74,50","114,126,102","41,53,29","61,75,50","52,66,41","16,30,12","48,63,42","53,70,44","26,45,19","42,62,35","72,92,65","79,102,74","29,52,24","41,64,36","24,48,20","15,39,11","30,51,24","36,56,29","21,39,13","83,101,75","121,139,113","63,80,54","21,39,13","36,53,27","40,55,34","37,49,32","81,97,71","19,34,8","35,48,24","49,63,38","32,44,22","35,46,24","43,55,31","37,49,25","29,41,18","39,51,30","13,25,9","32,41,23","36,44,26","59,64,47","48,51,35","18,18,6","20,18,9","37,33,22","33,26,18","31,24,16","30,23,17","29,22,16","26,20,15","22,17,13","20,15,11","22,19,14","29,24,20","25,18,15","24,15,13","24,14,13","25,15,14","25,15,14","25,15,14","25,15,14","23,13,12","21,11,10","22,12,11","23,13,12","25,15,14","25,15,14","24,14,13","24,14,13","25,15,14","29,19,18","32,22,20","32,22,18","28,17,12","26,15,9","27,16,11","32,21,16","36,25,20","34,23,17","31,20,14","29,18,13","29,18,13","30,19,15","32,21,17","33,22,18","32,21,17","30,19,14","28,17,13","30,19,14","31,20,16","30,20,15","31,22,16","36,27,20","39,30,23","39,31,21","36,30,15","34,29,11","36,31,11","40,36,13","41,38,12","41,40,12","45,44,15","48,49,18","50,51,20","50,51,20","48,49,18","44,44,15","40,40,12","37,38,9","36,39,8","33,36,6","29,32,4","26,29,1","24,26,1","23,25,3","24,24,5","25,24,8","27,25,12","29,25,15","24,19,13","20,15,11","22,17,13","26,18,18","27,18,20","26,17,21","26,17,22","25,16,21","23,12,20","29,67,26","29,68,24","28,69,25","29,71,24","30,73,23","32,75,21","33,76,20","33,78,19","34,80,16","30,76,11","32,79,11","34,83,13","38,88,17","40,90,19","39,89,18","36,86,15","31,83,11","27,79,6","33,84,9","36,87,11","37,89,13","37,89,14","38,90,14","37,92,15","38,95,17","40,98,21","41,103,24","37,100,20","34,99,20","33,100,20","31,99,19","28,98,17","25,97,15","25,98,15","24,97,14","21,95,12","19,93,10","19,91,9","18,89,9","18,86,10","16,84,9","17,80,9","16,77,10","16,75,12","17,73,14","19,72,14","21,70,16","22,69,17","23,67,16","23,65,15","23,61,12","20,58,10","19,55,7","17,53,5","18,53,7","24,57,14","30,63,20","28,61,18","24,57,14","26,59,15","25,58,13","22,54,11","26,57,13","34,64,20","39,68,22","36,66,20","35,64,18","35,64,18","36,64,17","36,64,17","36,64,17","36,64,15","37,65,12","43,71,10","35,64,1","43,71,12","52,79,25","51,78,28","50,76,30","55,81,34","57,83,34","52,79,27","55,83,25","51,79,19","49,77,12","50,80,11","54,83,15","57,86,19","59,88,22","61,90,25","63,88,30","75,97,48","67,87,41","66,87,43","52,73,32","56,77,38","60,81,45","27,47,17","47,68,36","149,170,139","71,91,63","29,49,21","16,37,12","45,67,41","96,119,90","131,154,124","124,148,117","7,28,5","95,119,87","70,93,58","40,62,25","44,67,29","84,107,69","112,134,96","66,88,52","85,107,71","61,81,48","31,50,21","75,94,64","122,141,111","90,108,80","36,52,28","78,94,67","41,57,31","30,46,20","39,53,30","16,27,11","63,74,55","64,76,55","35,47,27","82,94,70","33,45,20","34,48,23","66,80,55","39,55,29","61,77,51","57,74,48","27,45,19","34,54,27","55,76,48","55,78,49","29,52,24","44,67,39","24,48,19","38,62,34","55,77,50","28,48,22","19,37,12","29,47,21","47,66,39","35,54,27","32,50,23","53,70,44","49,65,39","18,32,11","22,34,18","28,44,17","31,45,20","49,63,38","62,76,50","61,73,49","40,53,28","39,51,27","73,85,61","47,59,37","28,40,19","70,79,60","47,54,36","30,35,17","43,47,30","55,56,41","41,39,27","35,33,21","30,26,17","28,22,13","28,22,15","30,24,18","29,23,18","24,19,15","21,16,12","24,20,15","32,27,23","32,25,22","30,20,19","27,17,15","25,15,14","25,15,14","26,16,14","25,15,14","22,12,11","19,9,8","20,10,9","23,13,12","26,16,15","27,17,16","25,15,14","24,14,13","24,14,13","27,17,16","30,20,18","34,24,20","32,21,15","29,18,12","30,19,13","34,23,17","34,23,17","28,17,11","26,15,9","30,19,13","29,18,13","28,17,13","28,17,13","29,18,14","30,19,15","32,21,17","32,21,17","31,20,16","29,18,15","28,18,14","29,20,15","33,24,18","36,27,19","37,28,19","35,29,15","34,28,11","35,29,10","36,31,10","46,43,19","54,52,26","47,47,19","50,50,22","62,62,33","60,61,30","47,48,17","39,39,10","40,40,12","41,42,13","36,39,8","34,37,6","32,35,6","28,31,4","26,28,3","26,28,5","29,29,9","34,32,15","34,31,17","31,27,17","28,24,15","25,20,14","24,19,16","26,18,18","27,18,20","26,17,21","24,15,20","23,13,19","25,14,22","20,58,17","21,60,17","22,62,18","24,65,19","26,69,19","29,72,18","31,74,18","31,76,17","32,78,14","30,76,11","30,78,10","30,80,10","31,82,11","33,83,12","34,85,13","35,86,14","35,87,14","35,88,13","35,86,12","35,87,10","35,87,10","37,90,12","41,95,17","45,100,22","48,105,26","46,105,25","43,105,24","42,105,24","36,101,19","31,99,16","34,102,19","37,107,24","34,106,22","24,98,13","21,95,10","24,99,14","22,97,13","19,93,10","19,91,10","19,88,10","18,86,11","18,82,11","18,79,11","17,77,12","18,75,14","20,73,15","21,71,16","22,69,17","22,66,17","21,64,15","22,62,14","22,61,14","23,60,12","23,60,12","22,58,12","23,59,14","29,65,21","31,64,21","28,61,18","30,63,20","29,62,18","25,57,14","28,59,15","33,64,20","35,66,21","32,63,18","31,60,15","32,61,15","33,62,16","34,63,17","34,63,16","33,62,13","33,61,8","38,66,6","41,69,6","46,73,15","53,79,26","56,81,33","54,80,33","51,77,30","52,78,29","57,83,31","63,90,32","56,83,22","56,84,18","62,91,22","67,96,26","65,93,25","61,89,22","62,90,25","70,95,34","73,95,42","57,77,29","52,73,26","36,58,15","51,72,34","95,116,77","98,119,82","39,60,26","110,131,100","159,178,150","63,82,55","52,73,46","54,76,49","56,78,52","101,123,95","77,99,70","34,56,29","57,80,49","66,90,56","69,94,57","83,108,70","107,132,94","102,126,88","41,63,27","61,83,47","82,103,70","62,82,50","64,84,54","72,92,62","69,89,60","56,73,46","41,59,31","55,72,46","102,118,93","38,53,29","13,27,6","58,71,49","58,71,48","36,49,25","86,99,73","57,71,45","24,38,13","46,61,35","22,37,12","76,92,66","93,110,82","54,73,45","42,61,33","38,58,30","19,42,13","45,68,39","83,106,77","48,72,42","45,69,40","53,75,46","35,56,28","65,85,57","39,59,31","55,74,46","44,63,35","53,72,44","58,75,50","42,57,33","32,48,21","64,80,53","79,95,68","59,73,47","42,56,31","61,75,49","64,78,52","44,58,32","32,46,20","47,60,36","56,68,46","37,49,27","28,38,17","56,65,44","59,64,46","50,54,37","44,46,29","36,35,21","33,32,20","36,33,23","27,23,13","23,19,11","26,22,15","31,26,21","29,24,20","24,19,15","21,18,13","24,19,15","24,16,13","24,15,12","24,14,12","24,14,12","24,14,12","24,14,12","26,16,14","28,18,16","30,20,18","24,14,13","24,14,13","26,16,15","27,17,15","24,14,13","22,12,10","22,12,10","26,16,15","29,20,17","34,24,19","32,22,14","30,20,13","33,22,16","35,24,18","32,21,15","26,15,9","28,17,11","36,25,19","33,22,18","29,18,14","28,17,13","28,17,13","32,21,17","37,26,22","38,27,23","36,25,21","32,21,19","30,19,16","29,20,16","30,21,15","31,22,14","33,24,15","34,28,16","37,31,15","39,33,15","40,35,14","41,37,15","43,41,15","42,41,13","44,44,16","47,47,19","46,46,18","40,40,12","35,35,7","33,33,5","35,36,7","38,41,10","35,38,7","31,34,5","31,34,6","31,33,8","31,34,10","32,32,12","31,31,13","31,28,13","30,26,15","31,27,17","29,24,18","27,22,19","27,19,19","26,17,20","25,16,20","22,13,18","21,12,17","25,14,22","16,54,13","19,57,16","21,60,17","23,63,18","24,67,18","27,70,17","30,73,19","30,75,17","28,75,14","32,79,14","31,81,13","28,79,8","25,77,5","25,77,4","28,81,5","32,85,9","37,90,14","43,97,21","44,99,23","42,98,22","40,96,20","41,97,21","45,101,25","48,106,28","51,109,29","45,104,25","39,100,19","40,103,21","36,100,18","32,98,15","35,104,19","41,111,27","38,110,26","26,100,15","22,97,13","26,101,17","23,98,14","18,93,10","18,91,9","19,92,11","19,90,12","16,84,10","17,82,11","20,81,13","19,78,13","17,73,11","16,69,10","17,68,12","19,67,14","20,66,15","23,65,17","24,65,17","26,66,18","28,67,19","25,63,16","22,59,13","29,66,20","29,63,19","22,56,12","23,57,13","25,59,14","27,59,14","28,59,14","26,57,12","23,54,9","32,64,16","40,71,23","38,68,21","28,59,11","23,53,6","26,57,9","36,66,17","43,71,19","38,64,6","45,69,10","49,72,18","54,76,23","56,78,27","55,77,27","54,76,25","56,78,28","63,85,31","62,84,28","60,83,24","61,83,21","65,88,22","69,91,25","66,88,23","59,81,16","57,79,14","63,84,22","72,93,34","60,80,26","62,82,30","56,76,27","67,87,41","98,116,76","102,121,83","55,73,39","34,52,23","137,155,128","60,77,52","52,70,44","43,60,37","48,65,42","124,143,116","110,128,101","49,67,40","67,88,59","87,111,78","78,103,68","53,78,43","51,76,40","74,97,61","75,97,61","71,94,58","42,64,30","42,65,30","42,68,34","54,81,48","70,97,66","76,103,73","62,87,57","24,46,18","114,135,110","55,72,49","22,36,19","45,59,39","49,63,40","27,41,19","40,54,31","57,71,47","32,46,22","76,92,65","35,51,27","64,80,55","74,92,65","45,63,36","48,67,39","81,101,73","64,85,57","35,58,29","50,73,44","36,60,30","23,47,18","25,48,19","35,58,28","50,72,42","36,58,28","74,94,64","64,83,54","49,69,40","32,49,25","32,47,24","41,58,30","29,46,18","29,46,18","27,42,15","16,31,6","41,56,29","53,68,41","56,70,43","47,62,35","32,46,21","73,85,63","75,87,66","31,41,22","81,90,70","89,95,76","68,73,54","48,51,33","33,36,19","42,43,28","41,40,26","32,32,18","21,20,8","24,21,12","31,27,19","29,25,19","24,20,15","23,20,15","19,14,10","22,14,11","23,14,11","23,14,12","23,14,12","24,15,13","24,15,13","25,16,14","26,17,17","27,18,18","24,15,16","25,15,16","26,17,18","26,16,18","23,14,15","21,12,13","22,13,14","26,16,20","29,20,21","31,20,18","30,19,15","30,20,14","32,22,16","34,24,19","32,22,19","29,19,13","31,21,15","36,26,20","31,21,17","28,18,13","28,18,13","29,18,13","30,19,14","32,22,17","34,24,18","34,24,19","33,24,18","32,23,17","32,23,17","31,23,15","31,24,14","33,26,14","37,31,17","40,34,18","43,38,20","45,40,20","43,39,18","44,40,17","49,46,21","50,48,20","44,43,15","44,42,14","45,44,15","43,42,14","37,36,8","35,35,6","38,40,10","33,35,5","29,31,2","30,31,3","31,33,6","30,33,8","26,28,5","22,23,3","22,21,4","27,26,12","31,28,17","30,25,19","27,22,19","28,20,20","27,18,21","25,15,20","23,13,19","24,12,20","23,11,18","23,61,20","26,64,23","28,66,23","26,65,20","24,64,18","25,67,17","27,71,18","27,72,15","21,69,9","24,74,9","30,81,12","30,82,11","28,81,7","29,84,8","32,88,11","32,88,9","31,87,7","37,95,16","42,100,24","41,100,27","40,100,25","42,102,26","45,105,28","47,107,30","49,109,29","45,106,26","42,104,22","38,102,17","37,102,16","37,103,18","37,104,19","35,106,20","32,104,20","28,102,17","24,99,15","21,96,13","22,98,14","21,97,14","19,95,12","21,96,14","21,95,14","14,85,8","15,83,9","17,83,11","15,77,8","15,74,8","18,75,13","21,75,16","23,74,18","23,73,18","24,70,19","21,66,17","19,63,14","19,60,12","19,59,12","22,60,13","27,65,18","27,63,17","17,53,7","16,52,5","22,58,10","27,61,14","25,58,11","22,55,8","23,56,9","25,59,9","28,60,11","27,59,10","24,56,7","24,56,7","27,59,10","34,65,16","41,67,17","44,66,13","50,69,15","54,73,20","55,74,22","55,74,21","55,75,21","59,77,23","64,82,28","68,86,31","71,88,31","74,91,32","69,85,25","64,81,19","65,82,19","67,83,20","66,82,19","65,81,18","70,88,25","77,96,34","64,83,23","68,87,30","66,85,32","54,72,27","44,61,23","51,68,30","77,93,60","31,46,19","64,79,53","78,93,69","76,90,67","55,69,45","58,73,47","109,124,98","127,142,116","40,56,28","34,53,23","45,69,37","63,89,56","70,96,62","71,95,60","78,100,65","83,104,69","53,75,39","35,59,23","80,107,69","79,109,72","53,85,50","47,80,48","65,99,67","70,103,70","44,72,43","74,97,71","65,83,61","30,42,26","28,40,23","49,63,42","56,71,49","59,74,53","122,137,114","16,31,8","41,56,32","21,33,16","45,60,39","52,70,44","28,46,21","28,47,23","64,84,56","63,83,55","35,57,28","39,62,33","54,77,48","36,59,30","22,45,15","48,72,40","71,95,63","84,108,76","57,80,48","48,70,38","65,86,55","65,85,54","49,68,40","36,55,28","31,50,20","32,50,20","57,73,44","76,92,63","84,100,71","59,75,46","40,56,27","34,49,23","17,31,10","25,37,17","33,44,26","15,24,6","76,85,66","51,59,42","54,61,43","65,71,53","18,22,6","39,43,24","40,42,25","37,39,21","23,25,10","25,25,12","30,28,18","28,25,17","25,22,14","28,25,19","21,17,13","29,21,18","27,19,16","24,16,14","23,15,13","24,16,14","24,16,14","24,16,14","22,13,14","18,9,11","21,12,16","23,14,18","24,14,20","24,14,21","23,13,20","22,12,20","22,13,20","24,14,23","26,17,21","27,18,19","29,19,17","30,20,17","31,21,18","32,22,19","33,23,21","33,23,20","32,23,18","32,23,18","28,19,14","29,20,15","31,22,16","31,22,15","28,19,12","25,16,9","25,16,9","28,19,11","31,22,14","31,22,13","30,23,12","31,25,13","33,27,14","34,28,14","36,30,14","36,30,15","39,34,16","41,36,16","42,37,17","42,37,16","44,39,15","45,41,15","45,43,15","46,42,15","43,40,11","41,37,8","39,35,6","38,37,8","40,40,12","36,36,8","33,33,5","35,35,7","35,37,10","34,37,11","31,34,10","27,30,8","26,28,8","27,28,12","31,31,18","29,25,18","25,20,16","28,19,21","28,17,22","25,13,20","24,12,20","26,12,21","20,6,13","24,62,21","25,63,22","22,61,18","18,57,13","16,56,10","16,58,9","19,63,10","22,67,12","19,67,7","19,70,6","27,78,11","31,83,12","32,85,12","35,90,14","37,94,16","33,90,11","28,85,4","32,91,11","33,92,17","33,94,21","34,95,22","37,97,22","39,99,22","41,100,24","42,102,22","43,103,23","42,104,21","43,106,21","45,110,23","45,111,25","42,108,24","35,106,20","32,104,20","32,106,21","30,105,21","26,101,18","24,101,17","21,99,15","20,97,13","23,98,15","22,97,15","16,87,9","17,85,10","18,85,12","17,79,9","16,76,9","17,75,12","18,73,13","21,72,15","22,73,17","25,72,20","24,71,20","23,68,18","21,64,16","21,61,14","22,60,13","22,60,13","20,57,11","16,53,7","16,52,6","19,55,8","21,56,10","22,57,10","23,58,10","25,58,11","23,57,9","22,54,7","23,55,7","25,57,10","28,60,12","30,62,14","31,62,14","35,61,12","41,63,11","47,66,14","51,70,17","53,71,19","54,73,19","55,74,19","58,76,21","63,80,25","67,84,29","68,85,28","71,88,28","66,82,23","61,77,16","63,79,17","66,82,19","65,81,18","66,81,18","72,89,26","74,92,30","75,94,33","61,81,23","70,88,34","67,85,37","54,71,31","74,90,52","106,121,88","94,109,80","31,45,23","98,112,88","64,78,58","36,50,28","47,61,36","33,47,22","63,77,51","125,140,111","54,71,41","57,78,47","83,107,76","88,111,79","61,81,50","42,60,29","79,95,62","91,108,74","73,93,58","45,70,35","35,62,27","33,64,28","32,64,30","57,88,57","111,141,110","70,95,68","70,90,65","76,89,71","56,65,50","57,68,50","79,92,71","77,91,69","53,68,46","107,122,99","12,27,5","47,63,38","51,66,44","51,68,44","53,71,45","49,67,41","44,64,37","61,81,53","42,63,33","41,62,32","45,67,37","69,90,60","57,78,48","52,74,43","85,107,75","88,110,79","83,105,73","36,58,26","12,33,7","21,42,13","41,61,31","53,72,42","46,65,36","27,46,17","11,28,6","34,50,22","70,86,57","58,74,45","35,51,22","29,45,16","32,47,20","35,48,26","66,78,58","34,45,28","27,39,19","91,102,82","48,56,44","39,47,33","53,62,44","12,18,6","45,49,28","45,48,29","36,39,20","32,33,18","31,32,18","33,32,21","34,31,22","31,28,20","25,22,15","26,23,16","23,16,11","22,15,10","22,14,10","21,13,10","20,12,10","21,13,11","23,15,13","25,16,17","26,17,19","26,17,20","27,18,21","27,18,23","27,18,24","25,16,23","24,14,23","24,14,23","26,16,25","28,19,24","27,17,19","27,17,16","27,17,15","28,18,16","29,19,17","30,20,18","31,21,19","33,24,19","33,24,19","34,25,19","34,25,19","35,26,19","34,25,18","32,23,15","30,21,12","28,19,11","29,20,11","29,20,11","26,19,8","26,20,8","31,25,12","35,29,15","35,29,15","33,27,11","32,26,10","34,29,11","38,33,13","36,31,11","31,26,5","34,29,6","37,33,8","41,37,10","43,39,12","43,39,11","42,38,10","42,38,9","40,37,8","38,37,9","35,34,6","31,31,3","33,33,5","34,36,9","35,38,11","34,38,13","32,35,13","31,33,13","31,32,14","29,30,16","27,23,14","24,20,15","27,19,19","29,18,22","27,15,23","26,13,22","26,12,21","23,8,15","18,56,15","18,56,15","17,56,13","17,56,11","18,58,12","20,63,13","26,70,16","31,76,21","31,79,19","27,77,14","31,82,16","32,84,14","30,83,10","30,86,10","33,90,13","32,89,10","30,87,8","36,95,15","26,86,10","25,86,12","29,90,17","33,93,18","34,94,17","34,92,16","35,94,14","40,99,19","43,103,20","43,104,20","45,108,22","45,109,24","39,105,21","29,100,14","26,99,15","32,105,21","32,107,23","27,102,19","23,100,16","20,97,13","18,95,11","22,97,14","23,96,14","17,88,8","20,88,11","21,88,15","20,82,12","22,82,14","25,83,18","22,78,16","21,74,15","22,73,16","26,73,19","24,71,19","21,67,16","17,61,12","21,61,14","26,65,18","21,59,12","18,56,9","21,59,12","21,57,12","19,55,9","20,56,10","24,60,14","29,64,18","29,62,17","27,60,13","25,56,12","26,58,12","30,61,16","33,64,19","34,65,19","33,64,18","36,63,15","46,69,17","51,72,19","55,75,22","57,76,23","59,78,23","59,79,24","62,81,25","65,83,28","67,84,29","61,79,21","67,85,25","69,84,25","69,85,24","73,89,27","74,90,27","71,87,24","67,84,20","69,87,23","63,82,19","87,107,46","64,84,26","66,84,31","65,83,34","48,65,22","54,69,31","91,106,73","128,143,113","48,62,36","71,86,61","53,67,44","31,45,22","51,65,41","69,83,58","28,43,21","171,186,157","70,86,57","32,50,21","81,99,70","103,119,90","68,81,52","44,54,26","79,88,59","86,97,65","91,106,73","76,94,60","58,80,47","64,89,55","57,83,50","46,71,41","85,109,80","106,124,100","83,97,74","84,90,72","52,57,40","27,35,18","45,58,38","61,76,53","32,47,24","55,70,45","23,39,14","28,44,18","72,88,62","86,104,77","64,82,55","44,62,35","63,81,53","99,119,89","78,98,67","55,76,45","38,59,28","30,51,19","23,44,13","28,49,18","38,59,29","28,49,21","46,67,36","43,64,33","45,66,36","24,45,14","24,44,13","54,73,43","70,89,59","38,57,28","10,29,2","25,41,12","45,61,32","22,34,16","37,50,28","71,86,57","63,76,53","16,25,11","40,52,33","33,44,25","36,48,28","49,61,39","60,70,50","68,77,57","49,58,39","13,20,5","31,38,16","47,51,31","31,35,16","35,37,21","33,34,19","31,31,18","36,33,23","35,32,24","25,22,15","33,30,23","24,19,13","26,20,13","28,20,16","27,19,16","24,16,13","21,13,10","21,14,11","23,15,14","27,18,19","24,15,18","24,15,18","23,15,19","23,14,19","21,12,18","20,11,18","19,10,17","20,11,19","22,14,18","25,16,17","26,16,15","26,16,14","26,16,14","27,17,15","29,19,17","31,21,19","34,24,20","36,27,22","33,24,18","30,21,14","29,20,13","29,20,13","30,21,14","31,22,13","29,20,11","27,18,9","26,19,9","29,22,11","31,26,13","34,29,15","37,32,18","38,32,17","38,32,16","39,34,15","41,36,17","44,39,20","41,36,15","35,30,8","37,32,9","40,36,11","42,38,13","44,40,13","43,39,12","42,38,10","39,37,7","38,37,7","38,38,10","37,36,8","33,33,5","29,31,2","28,31,4","30,33,6","30,33,8","27,31,8","28,31,10","34,35,17","26,27,13","25,22,13","26,21,16","27,19,18","29,19,22","31,19,26","30,17,26","26,12,21","28,13,20","19,57,16","18,56,15","18,57,14","19,58,14","21,61,14","22,64,15","24,68,14","26,71,16","27,75,15","28,78,15","32,83,17","31,84,15","29,82,10","28,83,7","30,87,10","30,87,9","30,87,9","37,95,17","27,86,12","27,87,14","32,92,19","35,96,21","36,96,19","36,94,18","37,96,16","43,102,22","49,108,26","41,102,18","39,102,16","39,103,18","34,100,16","27,97,11","26,98,13","30,104,19","31,106,22","28,103,20","25,101,17","22,97,12","20,95,11","23,97,14","23,96,14","16,87,7","18,86,9","20,87,13","19,81,11","22,82,15","28,86,21","25,81,18","22,76,15","22,73,16","25,72,18","23,70,16","19,66,14","15,61,10","20,62,13","28,66,20","22,59,15","20,57,13","25,62,18","25,62,18","20,57,13","20,57,13","26,62,17","29,64,21","28,61,18","30,63,18","31,64,21","31,64,19","31,62,19","31,62,19","32,63,20","34,65,21","39,67,20","44,68,18","48,71,17","52,73,20","54,74,21","55,76,21","55,76,20","57,77,21","58,77,21","59,78,22","62,82,23","69,89,28","71,89,29","72,89,28","76,94,31","78,97,33","74,92,29","71,88,24","73,92,28","67,86,24","67,87,28","63,83,26","75,95,40","74,94,44","49,68,23","37,54,14","73,90,54","92,109,77","62,78,50","37,52,25","66,82,56","56,72,49","48,64,42","93,108,82","21,37,10","80,96,67","62,78,49","31,46,22","75,88,63","98,108,83","69,76,52","49,55,30","78,82,56","78,84,56","55,63,34","49,61,32","28,43,21","44,62,36","54,74,47","35,53,32","49,66,39","132,144,122","88,97,77","62,63,47","37,38,23","27,34,15","47,59,36","55,69,44","22,36,12","62,76,51","90,106,80","34,50,23","34,50,23","56,72,44","47,65,37","19,36,14","21,35,15","53,72,41","63,82,50","52,73,40","70,91,58","47,68,35","41,62,29","78,99,66","110,131,98","90,111,78","126,147,114","61,82,50","36,55,23","29,48,16","42,61,29","45,64,32","32,50,21","33,51,26","44,61,29","19,36,8","54,71,40","76,91,61","62,76,48","38,53,24","32,47,17","43,58,30","66,78,56","115,127,107","76,88,67","49,61,39","66,77,55","89,98,75","75,85,61","38,46,23","28,35,12","43,48,26","28,33,12","31,35,16","28,30,15","26,26,13","30,30,18","32,31,20","26,23,14","36,33,24","28,24,15","31,27,18","35,31,24","36,31,25","33,27,22","27,22,16","23,18,14","23,18,15","25,20,17","24,18,17","25,19,19","25,19,20","24,18,20","22,16,19","21,15,19","20,14,18","22,16,20","23,17,19","25,18,17","26,18,15","26,18,15","26,18,15","27,20,16","29,22,16","31,24,18","34,27,21","36,29,22","33,26,18","28,21,13","25,18,9","25,18,8","28,21,11","28,21,11","25,18,8","24,17,7","26,19,8","35,29,18","40,36,22","36,33,18","35,31,16","36,32,15","40,36,19","42,38,20","42,39,20","41,39,19","38,36,14","37,35,12","38,36,13","40,38,13","41,39,14","41,39,12","39,37,10","36,35,7","33,32,4","37,36,8","46,45,17","47,47,19","43,43,15","35,38,9","33,36,9","35,38,11","35,39,14","33,37,13","32,35,13","34,37,17","23,25,9","26,24,12","30,26,19","27,20,17","29,20,21","33,21,28","32,19,28","24,11,19","25,10,17","14,53,11","12,51,8","13,52,8","17,56,10","20,60,13","20,62,13","19,64,10","21,66,11","23,71,12","22,72,10","29,79,14","31,84,15","31,84,14","32,86,13","33,90,15","31,87,11","26,83,6","30,88,11","28,86,11","28,88,15","32,91,18","34,94,19","35,94,18","36,94,18","38,97,17","43,102,22","48,107,25","41,102,18","35,99,13","34,98,13","34,100,15","34,102,18","34,103,20","31,102,18","30,103,20","30,105,22","28,103,19","24,98,13","22,96,11","25,98,13","25,96,14","19,88,7","18,87,7","22,87,11","19,82,10","19,80,11","23,81,14","22,78,14","21,75,13","22,73,14","22,71,15","22,70,15","20,68,15","19,65,13","22,65,14","24,63,17","22,59,14","20,58,13","23,61,16","24,61,17","21,58,14","20,57,13","23,59,15","24,60,17","25,59,15","28,62,18","32,64,22","31,63,21","28,60,18","26,58,16","27,59,17","31,62,19","37,66,19","42,67,16","45,68,14","49,71,17","51,72,19","54,75,20","55,77,21","56,77,21","57,76,20","58,77,21","64,84,25","68,88,28","66,84,24","63,82,20","66,86,22","70,90,25","69,89,25","69,89,25","74,94,30","62,83,22","64,84,25","63,84,27","66,86,31","75,95,45","70,90,44","34,53,11","29,47,8","59,76,42","62,78,48","66,82,53","112,128,101","103,119,93","52,68,42","46,62,35","42,58,30","20,36,7","130,146,119","79,94,69","77,89,65","136,145,121","160,166,143","113,117,94","98,102,78","225,229,203","147,153,126","165,175,146","121,135,105","78,96,65","112,131,102","152,171,143","78,93,67","59,69,48","12,19,4","117,117,102","53,53,42","35,41,23","77,88,64","80,94,68","29,43,17","46,60,34","78,93,66","54,69,42","25,41,12","44,60,31","67,84,53","60,78,47","43,61,30","53,72,40","68,87,55","53,74,40","75,96,62","54,75,41","39,60,26","44,65,32","45,65,33","45,65,33","113,133,101","40,61,28","56,75,43","60,79,47","47,65,33","36,54,22","56,74,42","104,121,89","93,110,78","46,63,31","48,64,37","52,67,38","27,39,17","31,44,21","54,68,38","46,59,31","83,95,72","87,100,77","43,55,33","23,36,12","29,41,16","38,49,24","38,49,24","34,42,18","24,32,7","43,48,26","36,41,19","33,37,17","33,36,18","33,34,19","33,34,20","32,31,19","32,30,20","35,33,23","25,21,11","28,25,15","32,28,18","33,29,21","31,27,20","27,22,15","23,19,12","21,17,12","22,18,14","22,18,14","24,18,16","24,19,18","24,19,18","22,17,18","21,16,17","20,15,18","22,17,20","25,19,20","26,19,17","27,19,15","27,19,15","27,20,16","28,21,17","30,23,17","31,24,18","32,25,18","33,26,18","35,28,20","33,26,18","29,22,13","29,22,12","31,24,14","29,22,11","23,17,6","24,18,7","30,24,12","38,33,20","39,36,21","35,32,17","33,30,13","34,31,14","39,36,17","40,37,18","38,36,15","35,33,12","35,33,11","39,37,14","40,38,15","42,40,16","44,42,17","44,42,17","42,41,14","39,38,11","37,36,9","36,36,9","38,38,11","43,43,16","40,43,14","34,37,8","31,34,7","33,37,10","35,39,13","32,37,12","30,34,12","32,35,14","19,22,5","29,28,15","35,32,23","29,22,19","28,20,19","33,23,26","33,22,27","24,11,17","27,13,18","18,57,13","15,54,10","14,53,9","18,57,11","20,61,13","20,62,13","19,63,10","21,66,11","25,73,15","22,71,11","28,78,14","31,83,16","30,83,14","31,85,14","32,88,16","29,85,11","24,80,6","29,85,11","30,87,14","30,89,17","32,91,18","34,92,18","36,93,18","38,95,19","41,98,19","45,102,23","48,106,25","43,102,19","35,98,12","32,96,12","36,101,17","41,109,25","39,109,25","29,100,16","25,98,16","30,103,20","27,100,15","21,95,8","20,93,7","24,96,11","26,97,13","22,91,9","24,92,11","28,93,17","26,89,16","21,83,12","20,78,11","21,78,12","21,76,13","21,73,13","20,70,13","20,69,13","20,69,13","21,68,15","21,66,14","20,61,13","22,61,14","22,61,14","22,61,14","23,61,16","23,60,15","21,58,14","20,57,13","21,58,14","23,59,15","25,61,17","30,62,21","30,62,21","27,59,18","26,58,17","27,59,18","29,60,18","33,63,17","39,66,15","42,67,12","46,70,15","51,74,20","55,78,23","58,81,25","59,82,26","60,82,25","61,82,24","64,85,26","70,91,30","69,89,28","67,87,25","70,90,26","73,94,29","71,92,27","69,91,26","73,95,30","57,79,17","59,80,21","64,85,28","64,84,29","72,92,41","77,97,49","53,72,28","38,56,16","94,111,75","110,127,95","102,118,88","75,91,63","60,76,48","51,67,40","50,66,39","93,109,82","14,30,4","93,109,83","39,54,32","77,91,68","129,141,117","120,129,106","99,105,82","144,150,125","146,153,127","69,79,51","111,125,95","92,110,79","63,83,52","71,93,63","89,110,83","67,85,58","49,62,40","57,66,44","131,135,118","63,65,47","30,37,15","54,66,41","65,78,52","31,45,20","13,27,5","54,68,42","61,76,47","33,49,20","40,56,27","43,59,29","37,53,22","44,61,29","48,67,35","59,78,46","36,56,22","37,57,25","38,58,25","24,42,13","33,51,24","65,84,52","64,83,51","142,161,129","46,65,33","70,89,57","79,98,66","52,70,38","37,54,23","43,60,30","44,61,32","83,100,68","53,68,37","32,46,23","59,74,46","47,62,31","68,82,52","92,105,75","35,48,20","43,57,32","44,58,34","39,53,29","44,58,33","63,76,50","81,94,68","77,89,63","45,55,30","17,26,3","38,45,21","42,47,25","35,38,18","38,41,22","39,41,26","34,35,20","27,28,14","30,31,18","24,24,12","28,26,14","30,28,16","31,29,17","31,29,17","28,26,15","25,23,13","23,20,12","22,19,11","22,19,13","18,15,9","19,15,10","20,16,12","20,16,12","19,15,13","18,14,12","18,14,14","20,16,16","22,17,17","23,17,14","25,18,13","26,19,13","28,21,15","29,22,16","30,23,17","30,23,16","29,22,14","29,22,14","35,28,19","34,27,18","31,24,14","32,25,15","33,26,15","30,24,12","24,18,6","29,23,11","38,33,20","36,32,18","32,29,12","34,31,14","37,34,17","41,38,20","44,41,22","44,41,22","41,39,19","39,37,16","39,37,15","41,39,16","43,41,18","45,43,20","47,45,21","47,45,20","46,44,19","43,41,16","42,40,15","38,37,12","36,36,10","42,43,17","42,45,16","35,39,9","32,36,8","35,39,12","36,41,15","32,37,13","28,32,10","29,32,11","18,21,3","32,31,17","39,37,27","30,24,19","27,19,17","33,23,25","34,24,27","23,13,16","31,19,22","28,67,23","22,61,17","20,59,14","22,61,15","24,64,17","21,64,14","17,61,8","19,64,10","25,73,15","22,72,11","29,79,17","28,80,15","25,78,11","28,82,12","32,88,17","30,86,13","23,79,6","30,86,13","33,90,19","34,92,21","35,94,21","35,93,19","36,93,18","38,94,18","41,98,19","45,102,23","48,105,25","48,107,24","41,101,17","33,96,12","34,98,14","40,107,22","40,109,26","30,101,17","25,98,15","27,101,17","30,103,17","27,100,12","26,98,10","31,102,15","31,102,16","22,90,7","21,89,8","26,91,13","22,86,10","20,82,10","22,81,12","21,79,12","24,79,14","22,76,14","19,70,11","19,69,11","21,71,14","20,69,14","21,66,13","23,65,15","24,64,15","24,64,15","24,64,15","25,64,15","24,62,15","24,62,16","24,62,16","23,60,15","22,58,14","24,60,16","28,62,20","28,62,20","27,61,19","26,60,18","27,60,20","30,61,20","32,63,18","34,62,11","37,63,8","40,66,11","43,68,13","47,71,16","50,74,18","53,77,21","56,80,23","59,82,24","59,82,23","62,85,23","60,82,21","60,81,18","64,86,22","68,90,25","65,87,22","62,84,19","67,89,25","72,94,32","59,82,21","68,90,32","70,91,36","66,87,35","64,86,36","59,80,34","41,60,19","55,75,37","64,83,48","68,86,55","47,64,34","36,54,25","52,70,41","69,87,59","66,84,56","50,68,41","61,78,52","79,97,73","87,105,82","133,149,126","119,132,109","28,40,16","49,59,35","40,52,26","34,48,20","58,76,45","35,57,26","53,79,46","60,87,56","32,58,29","48,71,43","76,95,70","118,131,108","118,126,107","48,55,35","25,33,11","41,53,28","60,72,47","61,74,50","15,28,7","60,74,48","51,66,39","33,47,20","30,45,17","29,44,15","35,51,22","51,67,36","34,52,20","51,68,36","33,52,20","16,36,5","41,60,28","48,66,37","57,74,47","77,97,63","62,81,48","105,124,90","24,43,11","49,67,34","54,72,39","50,67,34","59,76,43","71,88,57","64,79,50","52,68,35","43,57,25","41,55,23","89,104,72","74,88,56","60,74,42","66,79,49","40,53,25","54,69,43","70,86,60","61,75,50","43,57,31","52,65,39","78,91,64","77,89,62","36,46,20","15,24,3","39,48,22","44,51,27","34,39,16","40,44,23","45,48,30","37,39,22","27,28,13","33,34,20","25,26,12","30,30,15","30,30,15","30,30,15","30,30,16","29,29,15","28,28,15","27,26,15","26,25,14","25,24,15","23,21,13","22,21,13","22,20,14","22,20,15","23,21,16","23,21,17","22,20,17","24,22,19","27,24,21","24,20,16","25,20,14","26,21,14","25,19,12","25,20,12","28,23,15","28,23,14","26,20,12","28,23,13","35,30,20","34,29,18","28,23,12","27,22,10","29,25,13","31,26,14","31,26,14","33,29,17","38,34,20","39,36,20","41,39,20","45,44,25","46,44,25","40,38,19","39,37,17","42,40,20","41,39,18","37,35,14","35,34,12","37,36,14","41,40,18","44,44,20","46,45,21","44,43,19","42,41,17","39,39,14","38,38,13","40,40,14","42,42,16","44,47,20","43,46,19","38,42,13","36,40,13","39,43,16","41,46,20","40,45,20","37,42,19","36,39,18","26,29,11","33,34,19","37,35,24","30,26,19","28,23,18","34,26,25","36,27,27","29,19,20","32,21,22","27,66,22","23,62,18","21,60,15","23,62,16","25,65,18","23,66,16","20,64,11","21,66,12","25,72,16","24,74,15","31,81,20","28,79,17","25,77,12","28,82,14","34,90,20","31,87,15","23,79,7","29,85,14","33,90,19","34,91,20","34,92,19","34,92,17","36,94,18","40,96,20","43,100,21","44,101,22","43,100,20","52,111,28","49,110,25","40,102,18","38,101,17","40,105,21","38,107,24","31,100,17","24,96,14","24,98,14","30,103,16","29,102,13","28,100,10","33,103,15","34,104,16","21,89,4","21,89,6","26,92,12","22,86,8","22,84,10","25,84,14","22,81,12","26,83,16","28,82,18","23,75,14","24,75,15","26,77,19","25,75,18","25,71,17","28,70,18","27,67,16","23,63,12","20,60,9","20,60,9","22,62,11","25,64,15","28,66,18","27,65,18","22,60,14","24,61,17","28,63,21","29,64,22","28,63,21","27,62,20","28,62,21","30,62,22","33,63,19","35,63,12","37,64,9","39,66,11","41,68,13","45,71,15","49,74,17","53,78,20","57,82,24","60,84,25","58,82,22","61,85,24","58,82,20","57,80,16","61,83,19","65,87,22","65,87,22","62,85,20","65,89,24","61,84,22","51,75,14","57,80,23","58,81,26","55,78,25","58,81,30","65,87,41","57,78,36","52,73,33","48,69,31","71,91,55","84,103,71","55,74,43","44,63,34","76,95,69","17,36,13","51,70,42","24,43,17","54,76,52","52,75,53","42,64,41","49,68,45","62,79,55","60,75,51","65,82,56","77,96,68","62,85,54","26,54,21","47,78,44","68,101,67","44,77,45","36,66,35","72,96,69","52,71,46","76,90,69","42,54,32","29,40,18","48,60,36","70,82,58","70,82,58","29,41,17","60,72,48","38,52,26","17,31,9","23,37,12","42,56,29","57,73,45","63,79,50","57,73,43","50,67,35","48,67,36","43,62,30","62,81,49","58,77,45","44,63,30","48,68,33","56,76,41","46,66,31","42,62,27","84,101,68","65,82,48","62,79,45","79,96,62","71,87,56","37,52,24","36,51,18","82,96,63","45,59,26","65,79,46","82,96,63","75,89,56","52,66,34","34,48,18","50,65,39","31,47,21","44,59,32","56,70,43","63,76,48","77,90,61","85,98,69","64,75,46","22,32,5","45,54,26","40,48,22","31,37,11","37,43,19","48,52,30","47,50,30","40,42,25","41,42,26","34,35,20","30,31,14","26,29,11","24,26,8","23,25,8","23,25,9","25,26,11","25,27,13","26,26,13","24,25,13","19,20,8","17,18,8","17,18,8","18,18,10","18,19,12","19,19,12","18,19,13","20,19,15","22,20,16","22,19,13","25,21,15","27,22,15","24,20,11","25,21,12","30,26,17","29,25,16","26,22,12","31,27,16","37,33,22","36,32,21","30,26,15","28,24,12","29,25,13","33,29,17","32,28,16","31,27,15","31,28,14","35,32,16","41,40,22","49,48,28","48,47,27","39,38,18","35,34,13","39,38,17","37,36,15","29,28,7","29,28,7","34,33,12","39,38,16","42,42,18","44,44,20","41,41,17","39,39,15","36,36,12","35,35,11","34,35,10","33,35,9","34,37,10","32,36,9","28,32,5","27,33,5","29,35,7","31,37,10","30,36,10","32,38,13","42,46,24","35,40,18","37,39,23","38,38,24","33,31,21","33,29,21","37,30,26","39,31,28","34,25,25","26,16,17","22,61,16","24,63,18","25,64,19","24,63,17","23,63,16","24,67,17","27,71,18","28,73,19","25,72,17","26,75,17","30,80,20","29,80,17","27,79,14","30,83,16","35,90,22","32,87,19","27,82,14","31,86,16","36,93,22","36,93,22","35,91,19","37,93,19","42,98,23","48,102,27","49,103,25","44,98,20","38,94,14","47,106,23","47,108,23","42,104,20","40,103,20","40,106,22","36,105,22","29,98,15","27,98,16","29,101,18","31,102,15","28,99,9","27,99,8","32,101,13","32,101,13","24,92,7","25,93,9","30,95,14","29,92,14","24,85,10","20,80,8","18,78,7","24,81,13","27,83,18","23,77,14","23,77,15","25,79,18","24,76,17","24,72,15","28,72,17","30,72,18","27,70,16","20,62,8","21,61,7","25,65,12","29,69,17","29,68,18","27,66,17","27,65,18","27,65,18","28,65,21","30,66,23","31,67,24","32,67,25","31,66,24","29,63,21","29,61,15","30,60,8","33,61,6","36,64,8","39,67,11","43,70,13","47,74,16","50,77,19","53,80,22","54,80,21","51,77,16","62,88,25","61,87,24","59,83,19","60,84,20","64,88,23","65,89,24","63,87,22","65,90,25","58,82,20","55,80,20","54,79,21","59,84,28","64,89,35","63,87,36","58,82,33","49,72,27","25,48,8","41,63,24","84,106,68","107,129,94","84,105,73","49,69,39","40,59,32","34,54,27","47,67,40","56,78,52","26,53,29","46,74,51","38,63,41","11,34,12","27,47,25","70,89,65","80,102,75","63,86,57","29,56,25","48,80,47","59,95,59","49,86,51","39,75,41","41,75,42","66,94,64","33,58,29","99,118,94","104,118,95","48,61,41","41,51,32","71,81,60","49,58,37","33,42,21","41,52,31","37,49,26","17,29,9","20,34,11","67,81,56","88,102,77","51,66,40","61,77,49","31,47,18","45,62,34","37,53,25","32,49,20","38,55,25","62,79,46","90,108,74","87,105,70","36,53,19","57,74,40","60,77,43","34,51,21","47,63,33","78,93,60","77,93,60","52,66,35","69,83,51","137,151,118","61,75,42","26,36,16","45,56,31","61,73,41","61,73,41","81,95,64","103,118,89","27,43,15","73,89,61","87,102,73","68,83,53","73,88,56","84,99,66","54,67,37","15,28,3","39,49,18","25,34,6","24,31,4","27,33,8","32,36,14","36,39,19","34,37,19","27,29,12","29,32,15","37,40,21","32,36,15","25,29,8","22,26,5","22,26,7","25,28,10","26,30,13","27,30,13","25,29,14","25,27,13","24,27,13","25,27,15","25,27,16","25,28,17","26,28,17","25,28,19","26,27,19","25,26,19","21,19,12","24,21,13","27,23,14","26,22,13","29,25,15","34,30,19","33,29,18","29,25,15","33,29,18","36,32,20","34,30,18","33,29,17","33,29,17","34,30,18","34,31,16","29,26,12","28,25,10","29,26,10","26,24,7","26,26,7","32,34,12","33,35,13","29,30,8","30,31,10","39,41,19","43,45,23","41,43,21","36,38,16","33,35,13","36,37,15","38,40,17","40,42,20","40,42,20","38,40,17","33,35,13","30,31,8","29,32,6","32,35,8","36,39,12","37,41,14","36,40,13","36,42,14","38,44,16","38,46,17","36,44,17","34,42,16","35,40,18","32,37,15","37,40,22","38,39,25","32,30,20","29,25,18","32,26,21","35,27,24","32,23,21","25,15,14","21,60,15","28,67,22","31,70,25","27,66,19","24,64,16","26,69,18","32,76,25","32,76,23","23,70,15","24,74,15","26,76,17","26,78,17","27,79,16","30,84,18","32,87,21","34,89,21","32,87,19","32,87,19","41,98,28","41,98,27","40,96,24","42,98,24","46,101,26","49,103,27","46,100,22","43,97,19","41,96,15","46,103,20","47,105,21","44,104,21","42,105,21","40,105,21","36,102,20","28,96,13","28,97,15","32,103,20","31,102,15","31,101,11","33,103,12","35,104,15","34,103,14","30,97,10","29,94,10","28,92,10","27,90,10","26,88,11","26,86,12","25,84,13","31,88,19","34,91,23","30,85,19","29,84,20","30,85,24","28,81,21","24,73,14","24,69,10","31,75,15","34,78,18","29,72,15","29,70,14","31,73,18","31,72,18","26,66,13","23,63,11","29,67,18","26,65,17","24,62,15","26,63,18","30,66,22","32,69,25","33,68,26","32,66,23","32,64,17","31,61,9","33,62,6","36,65,9","40,69,13","45,74,16","50,78,20","53,81,22","53,82,23","52,80,20","43,69,8","58,85,22","60,87,23","55,82,18","55,81,16","59,85,19","61,86,20","59,85,18","60,85,21","64,90,27","62,88,28","47,72,14","44,69,12","49,74,18","50,75,21","53,77,26","65,89,42","45,68,23","80,103,62","76,98,59","67,89,52","70,91,57","56,76,47","26,45,22","50,69,44","42,62,38","55,78,52","44,70,47","27,55,33","59,85,63","64,87,67","21,41,22","51,73,50","11,32,10","45,70,42","59,89,58","50,82,50","38,74,39","28,65,30","43,80,46","91,127,93","47,76,46","36,60,33","64,84,59","73,90,66","35,48,29","47,58,41","92,101,83","64,73,54","32,41,21","4,13,2","28,39,20","45,56,35","32,44,22","59,72,50","73,87,63","28,42,18","68,84,58","52,67,41","41,56,30","52,68,41","55,71,44","47,63,35","55,71,40","72,89,56","62,79,49","76,93,58","91,108,74","42,59,24","51,67,33","78,94,60","105,121,87","106,121,88","54,68,37","24,38,18","56,69,36","57,71,38","78,90,57","98,109,80","84,95,65","72,84,52","91,106,73","39,54,23","34,51,22","56,72,43","48,65,33","37,53,20","48,63,30","63,77,44","50,64,30","29,43,9","49,60,28","36,47,15","43,52,22","40,47,20","33,39,14","34,37,15","32,36,15","24,27,8","37,40,21","41,46,24","36,41,19","29,35,12","26,32,9","27,33,10","29,35,14","30,35,15","28,33,15","24,29,12","22,27,10","23,28,13","24,29,15","24,28,14","23,26,15","23,27,15","24,28,16","23,27,17","21,23,14","20,19,10","25,23,13","29,25,16","28,24,15","30,26,16","35,31,20","32,29,18","28,25,13","30,27,15","31,27,16","30,27,15","31,27,15","34,30,17","35,31,18","33,30,15","29,26,11","31,28,13","35,33,16","34,34,16","35,37,17","40,42,20","40,42,19","34,36,14","32,34,11","35,37,15","36,38,16","33,35,13","31,33,11","33,35,13","34,36,14","36,38,16","39,41,19","41,43,21","41,43,21","37,39,17","32,34,13","29,32,9","30,33,7","32,36,9","33,37,10","29,35,7","31,36,9","33,39,11","33,41,12","31,40,11","30,38,10","28,34,11","28,33,11","35,38,19","35,38,21","28,28,14","24,21,11","26,22,14","28,23,18","27,19,16","26,16,15","19,58,13","27,66,21","30,69,23","25,64,17","21,61,13","23,66,16","30,74,22","29,73,20","18,65,10","26,75,18","25,75,16","25,77,16","29,81,18","31,84,20","29,84,19","31,86,20","33,88,21","28,83,16","41,96,26","42,97,27","41,97,24","43,99,25","45,101,26","46,100,24","44,98,20","46,100,22","52,107,26","53,110,27","51,110,26","50,110,26","47,109,26","42,107,23","35,101,19","28,96,13","28,97,15","29,101,16","29,99,13","32,102,11","36,105,13","37,106,15","36,105,15","38,104,17","32,97,12","27,91,8","26,89,9","27,89,12","25,85,11","23,83,11","29,86,16","31,88,19","24,81,15","23,79,14","24,79,16","22,75,13","22,71,8","25,70,8","29,73,11","30,74,12","27,71,11","26,70,10","26,70,12","27,69,12","24,65,9","23,63,10","26,66,15","24,64,13","22,60,10","23,61,12","25,63,16","28,66,21","31,67,23","33,68,23","34,67,18","33,66,13","35,66,9","36,67,10","40,71,14","45,75,17","50,79,21","53,82,24","53,83,23","51,81,21","43,71,10","54,83,20","55,84,20","52,81,16","54,82,16","57,84,17","57,84,17","55,82,15","58,84,19","51,77,15","55,80,21","53,78,20","57,82,24","60,85,28","55,80,26","53,77,26","59,83,35","41,64,17","90,113,70","51,74,33","37,59,22","71,92,57","106,127,94","88,109,80","18,36,15","129,149,122","37,59,34","23,47,25","16,39,20","45,67,48","57,75,59","35,49,34","70,89,67","31,51,26","70,93,66","63,90,60","52,83,51","27,60,27","23,58,24","57,93,59","88,122,90","85,113,84","24,46,22","65,84,60","69,82,61","30,42,25","38,47,32","88,96,80","95,103,87","69,78,61","15,24,10","30,39,21","65,76,57","36,48,29","56,68,48","79,92,71","33,47,25","72,86,64","91,105,81","51,66,43","51,66,43","70,85,63","101,117,92","99,115,85","49,66,34","17,34,8","66,83,47","105,122,86","42,58,26","41,57,23","55,71,35","65,81,45","65,80,44","50,64,29","86,100,65","48,59,25","63,74,40","76,87,53","54,65,38","44,55,28","66,78,45","74,89,56","22,39,7","55,74,43","87,104,73","53,70,42","37,53,26","63,78,48","79,94,60","49,63,28","24,38,5","48,59,27","34,45,13","36,46,16","32,41,13","30,37,11","34,39,16","35,40,18","27,30,10","32,36,16","31,37,13","27,36,11","25,33,9","25,33,9","26,34,10","26,34,11","23,31,9","20,28,7","15,23,5","23,30,12","27,34,17","28,35,19","25,32,17","23,29,14","23,29,15","26,32,18","25,31,19","22,26,15","22,23,12","27,26,16","29,27,16","28,26,14","28,26,14","33,31,19","30,28,16","25,23,10","27,25,12","31,29,16","32,30,17","32,30,17","33,31,16","34,32,17","31,29,14","28,26,11","32,30,15","38,37,20","34,34,17","31,33,13","37,39,15","40,42,18","38,40,16","38,40,16","41,43,19","42,44,21","40,42,20","38,40,19","37,39,19","36,38,17","37,39,17","39,41,19","40,42,20","40,42,20","37,39,17","32,34,14","30,33,12","31,35,10","32,36,11","30,34,7","25,31,3","23,30,3","26,34,5","28,37,8","28,37,8","27,36,8","29,37,12","29,35,12","37,40,20","37,40,23","31,31,17","27,25,13","28,24,16","29,25,19","26,20,15","18,10,7","17,56,11","23,62,17","26,65,19","24,63,16","21,61,13","22,65,15","27,71,19","25,69,16","18,65,10","28,77,21","24,74,16","26,77,16","30,82,20","31,84,21","28,83,18","32,87,22","36,91,25","27,82,15","38,93,25","38,94,24","36,91,19","39,94,20","44,98,23","45,99,23","43,97,19","48,102,24","56,111,30","51,108,25","47,106,22","47,106,23","45,106,23","41,105,21","38,103,21","34,102,19","34,103,21","36,105,21","31,101,13","33,102,11","38,106,14","36,104,13","35,102,12","41,107,19","34,100,13","28,92,8","30,94,13","34,96,18","32,92,17","28,88,15","32,90,19","33,91,22","27,84,16","25,82,15","27,83,18","25,79,15","25,76,12","28,75,10","25,70,6","22,67,3","23,68,5","22,66,4","21,65,4","22,64,5","24,65,8","26,67,11","25,65,12","24,64,11","25,63,12","25,63,13","25,63,15","27,65,17","27,65,18","29,65,19","31,65,16","32,65,11","31,62,5","31,62,5","33,64,7","39,69,11","44,74,15","47,77,18","47,77,17","47,77,16","52,81,19","54,84,20","52,81,17","52,81,16","56,85,18","58,85,18","54,82,15","53,80,13","60,86,22","59,85,24","59,84,26","63,88,30","64,89,31","60,85,29","56,80,26","57,81,30","57,81,31","49,73,25","67,90,46","70,93,51","90,112,73","91,112,77","96,117,84","111,132,102","23,43,15","36,56,29","42,63,38","49,71,50","25,44,27","43,61,44","63,81,63","44,61,42","55,71,51","42,58,35","49,69,45","57,81,53","39,66,36","28,59,28","34,67,34","44,77,45","48,79,48","42,68,39","38,59,32","100,115,92","124,135,115","64,74,58","24,32,19","46,54,40","66,74,59","65,74,57","18,27,12","28,37,21","67,77,61","51,62,44","63,74,56","82,94,75","49,61,42","58,71,52","89,103,81","125,138,117","90,105,84","35,49,31","43,58,37","62,78,49","35,52,18","35,52,16","57,74,38","55,71,35","26,42,12","62,78,45","97,112,76","79,94,59","49,64,28","72,86,51","85,99,64","78,89,55","52,63,29","61,72,38","77,88,54","72,83,49","56,68,38","50,63,39","36,53,21","70,89,57","72,89,57","41,58,30","26,43,18","50,65,36","80,95,60","69,83,49","21,35,3","46,57,24","40,51,19","35,45,15","34,43,14","38,44,19","42,47,24","42,47,25","40,44,23","35,40,18","32,40,16","33,42,16","36,44,18","37,45,20","36,44,19","34,42,18","30,38,15","27,35,13","24,32,10","27,34,14","30,37,19","30,37,20","26,33,17","21,27,12","21,27,12","26,32,17","27,33,20","24,27,15","24,25,13","29,28,17","30,28,17","28,26,14","28,26,14","32,30,18","30,28,16","25,23,10","29,27,14","33,31,18","35,33,20","34,32,18","34,32,17","36,34,19","35,33,17","32,30,14","34,32,16","38,37,19","46,47,26","50,52,29","47,49,25","39,41,17","29,31,7","24,26,3","27,29,5","31,33,10","33,35,13","33,35,14","30,32,13","32,34,13","34,36,14","36,38,16","38,40,19","40,42,20","41,43,21","42,44,22","37,40,16","28,32,7","30,34,9","29,35,7","27,33,5","28,36,8","32,41,12","36,46,16","38,48,18","35,45,16","30,39,12","27,35,11","34,38,16","35,38,20","31,30,16","28,26,13","29,26,16","29,25,17","24,19,13","18,10,7","18,57,12","20,59,15","24,63,18","25,64,18","25,65,19","26,68,20","28,71,22","27,72,21","24,71,17","26,73,19","19,68,12","23,73,14","31,82,22","33,86,24","31,84,21","37,92,27","44,99,34","34,89,23","43,98,28","39,94,22","33,87,15","36,90,15","42,96,21","45,98,22","42,96,18","42,96,17","47,102,21","46,102,20","45,103,19","43,102,19","40,100,18","37,100,17","35,99,16","35,101,17","34,101,19","34,100,16","32,101,13","37,106,16","41,109,17","35,101,11","31,97,8","38,104,16","34,100,13","28,92,8","34,97,15","38,100,21","34,95,19","30,91,16","32,92,20","33,93,21","28,85,17","28,85,16","29,86,19","28,84,17","28,80,15","29,77,12","23,69,5","22,68,3","29,75,13","30,74,12","23,67,6","19,62,4","23,65,9","26,68,13","24,64,11","27,67,14","31,70,19","31,70,20","28,67,18","25,64,16","23,62,14","22,61,13","26,62,12","33,68,13","31,63,6","29,61,4","30,62,5","35,68,9","40,73,13","44,76,16","45,76,16","46,77,16","58,89,26","52,83,20","47,77,13","50,80,14","56,87,20","56,86,19","49,79,12","48,77,10","59,88,22","59,86,23","50,78,16","60,88,27","61,89,29","55,83,24","56,84,27","64,91,36","57,84,31","56,83,33","44,70,23","67,92,48","76,100,60","60,83,47","48,70,38","67,88,59","90,110,83","34,54,29","77,96,73","45,65,45","25,45,27","29,48,30","42,58,40","41,57,38","29,44,24","82,99,77","29,48,24","55,78,50","64,89,60","74,102,72","83,113,82","77,106,76","59,87,57","43,67,38","27,46,20","68,81,59","94,104,82","55,64,46","32,40,24","56,65,49","76,84,70","73,81,66","8,16,3","8,14,5","35,45,32","45,56,40","67,78,61","70,81,64","44,56,37","107,119,100","161,174,154","218,229,209","158,171,150","61,75,54","34,48,25","52,68,40","53,70,37","51,68,32","58,74,38","32,48,12","41,57,21","71,87,51","81,96,60","57,71,36","41,55,20","70,84,49","68,82,47","57,69,35","70,81,47","69,80,46","52,62,30","62,72,40","83,93,62","64,75,49","36,52,20","79,96,64","72,90,58","54,71,37","51,68,34","64,81,46","78,94,58","70,85,49","33,47,13","33,46,11","47,60,26","42,55,23","42,53,22","37,46,18","26,35,10","23,31,9","35,43,18","33,41,16","29,38,13","32,42,15","36,46,19","37,47,20","35,45,18","31,40,16","28,37,13","27,36,13","28,37,14","28,36,15","31,39,20","30,38,20","23,32,15","17,25,8","17,26,9","24,32,16","27,33,19","22,28,14","24,26,13","29,30,16","30,30,15","28,27,12","27,27,13","34,32,18","31,31,16","29,27,13","32,31,17","32,31,17","30,29,14","30,29,15","34,32,17","39,38,22","41,39,23","37,38,21","39,37,21","40,40,22","33,34,16","28,31,10","30,33,10","32,34,11","29,33,9","29,31,9","30,33,10","32,35,12","33,35,13","35,37,15","37,40,19","38,40,19","38,40,19","35,38,16","33,34,15","31,33,14","33,34,15","35,37,17","33,36,14","28,31,7","30,34,9","31,36,9","28,34,8","29,36,9","31,39,11","32,42,13","31,41,13","31,40,13","34,40,16","27,34,10","31,34,15","33,35,17","30,29,14","29,26,14","31,26,16","31,25,16","25,19,12","23,16,11","19,56,14","23,60,17","25,64,19","25,64,20","25,65,21","27,69,25","31,73,28","33,74,29","28,72,25","33,78,30","33,79,29","35,82,29","37,85,30","35,86,28","34,85,24","33,86,23","32,85,21","27,80,14","43,96,25","39,91,18","29,82,7","30,82,7","38,90,15","44,96,19","42,96,18","42,95,15","46,99,19","44,97,15","42,96,14","42,98,15","41,98,16","40,99,16","40,99,15","38,99,15","36,97,14","34,96,12","33,99,12","35,102,13","35,103,14","35,101,13","36,102,15","38,104,17","37,102,17","34,97,15","33,96,15","33,96,16","31,93,15","28,89,12","30,90,15","29,89,16","21,81,9","21,80,9","24,83,12","25,81,12","26,78,12","28,75,14","26,71,12","33,78,19","32,77,20","30,75,18","29,73,19","23,67,13","21,65,11","22,65,12","17,59,8","17,58,8","21,63,12","27,69,20","29,70,22","27,68,21","25,66,20","27,68,21","31,70,19","31,67,12","36,70,12","36,71,13","34,68,10","35,70,11","40,75,15","45,81,20","47,81,20","45,79,18","52,87,24","50,84,21","48,83,17","50,86,18","54,89,21","54,90,21","50,85,17","46,81,13","46,82,12","50,84,15","48,83,13","53,88,19","51,86,19","46,81,15","45,81,17","55,90,28","57,91,31","51,84,27","56,88,37","36,66,21","34,62,21","52,79,42","65,89,58","80,102,75","148,167,144","38,57,36","27,44,25","17,34,16","46,64,46","36,51,36","29,43,28","59,78,58","39,60,39","100,122,99","29,53,28","35,62,34","64,92,63","77,106,77","72,101,72","64,92,64","69,95,68","89,111,85","88,107,82","83,98,75","123,136,112","69,80,59","27,37,15","58,67,45","79,88,69","58,66,50","28,36,22","4,10,4","32,39,30","66,75,60","57,66,50","31,40,22","53,63,42","122,132,109","107,120,95","98,108,85","62,74,50","39,52,31","56,69,48","77,93,66","75,94,59","72,92,53","48,68,29","73,93,55","72,91,52","88,105,68","65,82,45","55,71,34","81,95,59","83,97,61","91,104,68","59,70,35","90,100,65","93,102,68","59,66,33","53,61,28","75,84,50","64,75,41","40,53,23","91,106,76","82,97,68","63,79,49","90,106,76","103,119,88","89,106,73","73,89,56","37,54,19","37,54,19","35,51,17","28,44,10","27,43,8","31,47,12","34,50,16","36,51,19","37,52,18","31,46,14","33,49,18","31,46,15","33,48,19","37,51,23","35,49,21","29,43,17","26,40,14","28,41,16","29,42,18","27,39,18","30,41,22","28,38,20","24,35,18","23,34,17","23,33,18","22,33,18","27,34,21","20,28,14","21,24,7","30,32,11","31,34,12","27,28,8","29,31,11","36,37,18","32,34,15","28,29,9","30,32,13","31,31,14","28,29,12","26,27,11","27,28,12","29,31,16","33,34,19","32,34,20","32,32,18","31,33,17","28,30,12","31,34,14","36,40,18","32,35,16","34,39,18","39,43,23","35,40,19","30,33,13","27,31,10","32,35,17","39,42,24","37,41,23","33,36,17","36,40,22","33,36,19","28,30,13","32,33,18","33,36,19","31,32,13","32,32,10","42,42,20","34,34,12","20,23,3","37,40,18","32,37,12","24,29,5","23,29,5","25,30,7","29,31,11","25,27,8","36,38,19","38,37,21","28,24,10","27,22,8","37,30,18","40,31,21","28,19,11","29,20,13","18,57,16","22,61,19","22,62,21","21,62,20","22,63,22","24,66,26","28,71,30","30,73,30","27,70,27","28,74,28","30,78,30","32,80,31","33,82,30","34,83,28","34,83,26","32,83,23","29,81,19","27,79,14","38,90,19","34,86,12","28,80,5","30,82,7","39,91,16","45,97,21","43,96,18","41,94,16","43,97,17","44,98,18","44,99,18","44,99,18","45,100,19","46,101,18","47,102,19","49,104,21","50,106,23","49,106,23","44,106,20","39,105,17","38,106,17","40,106,19","42,108,21","43,109,22","41,107,20","39,103,19","36,100,16","35,98,16","34,97,16","32,95,14","36,97,19","35,96,18","27,88,11","26,87,10","30,89,13","30,87,14","31,85,18","32,82,22","28,74,18","32,77,22","21,68,12","19,64,9","22,68,14","21,67,13","22,68,13","28,74,20","32,77,24","24,71,19","24,68,17","26,72,20","27,72,22","23,68,18","21,66,16","25,68,19","30,71,19","28,66,11","28,65,7","30,68,9","36,73,15","41,79,18","43,81,20","44,82,21","46,84,22","47,85,22","44,83,20","44,83,18","46,85,20","47,86,20","49,88,21","49,88,20","48,87,18","46,85,16","43,83,13","50,89,17","49,89,16","50,90,17","45,86,13","37,78,6","35,77,7","45,86,20","52,91,29","45,85,25","42,78,25","29,64,17","113,145,103","142,171,134","91,117,87","58,79,56","25,38,25","34,53,34","30,47,29","13,24,13","40,51,38","46,62,45","28,47,27","32,54,33","69,92,70","89,117,94","72,99,74","24,53,28","33,63,36","61,91,64","65,94,67","49,76,49","49,73,47","61,84,58","71,90,65","36,52,28","80,94,70","63,77,49","27,38,11","36,46,22","72,82,59","86,95,78","68,76,64","40,47,36","45,53,42","66,74,61","58,66,50","35,44,23","38,48,24","64,74,48","66,76,49","68,78,52","59,69,45","48,58,37","49,60,38","59,74,46","60,81,45","38,60,21","24,46,13","61,83,45","63,82,44","69,87,49","50,67,30","44,60,23","65,80,44","61,75,39","32,44,13","75,85,50","59,69,34","49,57,23","67,73,39","79,85,51","66,73,39","58,67,35","89,102,74","72,86,59","60,74,49","28,41,22","38,53,30","57,73,43","59,76,44","47,64,35","13,31,5","28,48,13","26,45,10","24,44,7","22,44,6","23,45,6","24,45,7","24,45,7","23,44,5","20,42,4","25,45,9","19,39,5","21,40,7","26,45,13","26,45,13","21,40,10","20,39,9","26,41,15","23,39,13","21,35,11","27,41,18","32,45,25","29,42,24","24,36,19","27,38,22","24,35,19","31,42,27","23,32,15","22,29,8","31,35,11","34,38,11","29,33,8","29,33,9","36,40,15","35,39,16","32,35,13","41,45,23","36,39,19","34,37,19","36,39,23","35,38,23","30,32,19","28,30,17","33,35,22","40,42,30","42,45,32","36,40,25","32,36,20","28,32,16","21,25,10","44,48,33","40,44,29","33,37,22","35,39,23","40,44,29","34,38,24","33,37,24","48,52,38","32,36,22","34,38,24","50,54,40","43,47,33","33,37,23","25,29,15","26,26,12","38,36,20","48,47,30","21,20,4","24,25,7","22,23,7","28,31,13","28,32,12","29,33,14","40,43,25","41,44,27","15,16,1","24,25,9","31,30,15","24,20,7","20,14,3","24,16,5","26,17,7","25,16,6","29,20,14","18,62,19","20,64,21","19,63,20","18,62,19","16,62,19","17,63,22","19,65,23","19,67,25","18,65,22","24,71,25","25,74,27","26,77,27","28,80,27","30,83,28","31,84,27","30,84,24","29,83,21","29,84,17","33,89,19","31,86,13","29,84,10","33,88,14","41,96,22","45,100,25","43,97,22","40,94,18","39,95,17","41,96,18","42,98,20","43,99,21","45,102,22","47,103,23","49,103,24","50,104,24","49,103,24","47,104,22","45,106,21","41,107,19","39,108,17","39,107,17","39,108,18","41,107,18","38,104,15","35,100,13","32,97,10","31,96,10","32,96,12","31,94,11","37,97,17","39,99,19","31,91,12","30,90,11","31,92,14","30,89,12","34,89,17","39,92,25","33,84,20","36,85,24","25,75,13","22,71,10","25,75,13","24,73,13","25,74,15","30,80,20","30,79,19","24,74,14","23,71,15","26,76,19","27,76,20","24,72,15","21,70,14","25,71,17","33,77,22","41,80,24","34,69,13","31,66,9","36,72,14","42,77,19","41,77,18","40,75,15","42,78,17","47,83,21","46,82,20","48,84,21","50,86,23","52,88,24","52,88,24","51,87,23","51,87,21","51,88,21","52,89,21","49,86,16","47,85,15","48,87,17","44,85,14","38,78,9","37,77,9","45,86,19","51,91,29","45,84,25","34,71,18","15,44,9","58,87,51","68,97,58","41,68,35","47,72,44","45,67,45","52,73,53","149,168,149","87,102,85","23,35,22","27,41,26","39,58,38","24,47,25","50,74,50","21,48,23","71,99,74","29,59,33","51,81,53","75,105,77","63,91,64","41,67,40","49,73,47","61,83,56","80,98,72","77,93,67","108,123,97","82,94,67","29,41,18","27,36,20","76,85,65","89,97,82","35,43,32","13,20,12","19,27,16","30,38,26","47,55,39","81,90,69","115,125,99","90,101,73","75,86,56","51,61,34","52,62,36","59,68,45","70,81,58","76,92,63","76,97,61","87,109,70","102,124,86","84,106,67","62,81,42","42,60,22","50,67,30","93,109,72","115,130,93","66,79,43","46,59,23","158,170,134","149,159,124","94,102,67","75,82,48","72,78,44","65,71,38","66,75,42","62,75,45","148,163,134","32,43,27","66,79,54","91,107,78","79,96,64","80,97,64","91,108,74","29,46,12","34,54,18","37,57,20","35,56,19","30,52,14","22,44,6","18,40,2","21,43,5","29,51,12","38,60,21","41,62,24","35,55,18","34,55,17","37,57,20","35,55,18","29,50,14","27,46,12","28,44,14","21,37,7","30,44,16","32,46,19","33,47,23","28,42,18","21,34,12","26,38,17","28,40,19","29,41,20","22,31,10","16,24,3","23,29,6","34,39,15","35,41,17","31,36,13","37,42,19","36,41,20","33,38,19","36,41,24","37,41,25","38,42,27","40,43,30","40,44,31","40,43,32","43,46,36","47,50,40","43,46,38","37,40,32","35,38,28","38,43,30","39,45,32","33,39,27","34,40,28","25,31,18","17,23,10","22,28,15","33,37,29","36,41,35","36,41,34","39,46,35","36,42,31","26,32,21","13,17,12","10,16,9","16,22,13","20,25,14","22,25,14","27,27,17","30,31,20","31,32,20","22,24,11","30,32,19","22,26,13","15,20,6","19,23,9","24,28,14","22,25,12","13,15,2","41,42,29","42,41,29","31,29,17","33,28,17","35,28,18","32,23,15","31,22,14","24,15,10","12,58,14","11,59,14","12,58,14","12,59,15","12,60,17","14,62,20","16,64,22","18,66,24","19,68,25","23,73,28","22,73,26","22,74,26","25,78,26","27,82,27","28,83,25","25,81,23","25,81,20","27,84,19","30,88,20","29,86,17","29,86,16","33,89,19","38,94,24","40,97,25","39,95,24","39,95,22","40,96,23","42,97,24","45,100,27","47,102,28","50,104,29","52,105,31","52,105,31","50,104,29","49,100,26","45,99,21","49,108,24","51,115,25","48,114,22","47,113,22","47,112,22","47,111,21","44,108,19","41,105,17","38,102,14","37,100,13","37,99,13","38,99,14","46,104,22","49,107,25","42,100,18","40,98,16","41,99,19","39,96,17","37,91,17","35,88,17","33,84,16","40,90,23","33,84,16","30,81,14","32,83,15","27,77,12","24,74,10","26,76,12","23,73,9","20,70,6","22,72,9","29,79,16","32,82,20","31,80,19","29,78,18","33,81,21","40,84,26","45,83,26","43,77,21","38,72,16","35,70,13","37,71,14","42,76,19","46,80,23","47,82,23","45,80,21","43,78,18","46,81,20","48,83,22","48,83,21","46,81,19","44,80,17","44,80,17","45,81,18","48,84,19","45,81,14","45,81,14","50,86,19","50,87,21","46,84,19","43,81,18","46,86,22","48,87,27","41,80,23","41,78,27","41,78,28","34,68,24","57,88,49","81,110,75","65,91,61","52,77,51","35,58,35","123,143,122","87,103,83","38,53,34","73,89,70","101,120,100","45,66,45","8,28,8","14,40,15","70,98,72","51,81,53","33,63,35","64,94,66","75,102,74","64,90,62","111,135,107","72,92,65","69,88,61","57,74,48","91,105,80","83,95,68","43,53,28","43,53,31","94,103,86","69,77,63","5,12,3","1,7,1","53,60,52","81,89,75","67,75,59","64,73,52","91,101,75","81,92,62","126,137,106","69,80,49","61,71,42","75,85,59","76,87,62","49,65,35","26,46,12","61,83,44","86,107,68","71,92,53","55,73,35","39,57,19","43,60,23","66,82,45","79,94,57","59,73,37","61,75,39","57,70,39","68,79,45","57,66,31","56,64,30","66,74,40","75,83,49","77,87,54","72,85,54","139,154,124","51,66,36","76,91,59","83,99,67","70,87,54","69,86,52","63,80,47","13,30,0","22,42,5","25,45,8","26,48,10","25,47,9","23,45,7","21,43,7","21,43,6","24,46,7","28,50,11","31,52,12","27,48,8","28,49,9","32,53,13","32,53,13","29,50,11","30,50,12","32,49,14","25,42,8","38,53,22","34,49,19","28,42,14","28,42,15","30,43,17","29,42,17","41,53,29","27,39,14","36,46,22","28,36,13","28,35,16","38,44,26","41,47,27","39,45,25","50,55,38","46,51,35","48,53,39","39,43,30","37,41,28","36,41,29","36,40,29","36,40,31","33,36,29","25,28,22","20,24,17","29,32,26","45,48,44","67,72,66","52,58,51","25,31,24","58,64,57","81,87,82","108,114,107","110,117,109","128,135,127","161,168,160","177,184,177","172,178,171","163,170,164","143,149,142","55,62,55","56,62,56","52,60,53","49,55,48","62,67,61","82,85,80","70,71,68","12,13,11","46,47,42","61,65,58","43,47,40","46,51,44","57,62,55","52,57,49","46,52,42","70,74,65","30,33,24","31,34,24","29,30,21","25,24,15","25,21,13","20,16,8","18,12,5","28,21,15","21,12,9","16,63,17","13,61,15","12,60,15","13,61,16","14,62,18","14,61,19","14,62,20","16,64,22","19,69,25","19,70,25","16,68,21","16,69,20","21,74,22","25,79,25","25,80,24","22,78,21","23,79,20","27,84,23","29,86,21","29,86,19","29,86,19","30,87,20","32,88,21","34,90,23","35,91,23","40,94,26","43,96,28","51,104,36","54,106,38","53,103,36","52,102,34","53,102,33","53,102,34","57,105,36","59,107,37","60,110,37","60,115,34","57,117,30","54,116,26","53,115,25","52,114,24","54,112,26","52,110,24","49,108,21","47,105,19","43,100,15","38,94,10","39,95,11","46,101,19","49,103,22","42,96,15","40,94,13","41,95,15","39,92,13","37,88,12","35,84,12","32,81,11","39,87,17","32,80,11","30,78,9","33,81,12","29,77,9","27,75,8","33,80,14","37,84,19","30,77,12","26,74,9","29,76,11","29,76,13","27,74,11","26,73,10","31,77,15","37,78,18","30,66,9","42,75,21","45,77,22","38,71,16","38,69,15","45,77,22","51,84,28","48,80,24","39,71,14","51,83,26","51,84,26","52,84,26","50,83,24","48,81,22","47,80,20","47,80,20","48,81,22","51,84,24","57,90,29","54,87,26","55,88,26","53,86,25","46,81,20","40,75,16","40,76,17","42,79,22","36,74,18","29,66,16","43,79,31","32,66,22","40,72,31","75,104,68","85,112,80","36,63,33","66,91,63","51,73,49","68,85,63","43,56,39","52,66,50","69,86,67","46,65,44","41,60,41","33,59,34","33,62,34","59,89,61","44,74,45","71,101,71","83,110,81","64,89,61","94,116,89","44,58,40","85,102,76","93,108,83","69,83,57","71,83,58","57,67,44","47,56,38","84,93,78","46,54,43","10,16,11","1,5,2","68,73,67","88,96,84","68,77,61","64,73,52","81,91,65","63,74,44","133,144,111","67,78,46","47,58,30","58,69,43","64,76,48","65,81,50","67,88,53","53,75,36","52,73,35","60,81,42","40,58,21","55,73,35","75,92,55","68,84,47","51,66,29","72,86,50","111,125,89","44,56,27","47,59,25","78,90,54","102,113,78","92,102,68","63,73,39","50,61,27","45,59,27","58,73,42","43,58,26","51,66,34","67,83,49","75,92,58","81,98,64","74,91,58","19,36,7","27,47,10","25,45,8","22,44,6","23,45,7","25,47,9","27,49,10","27,49,10","24,46,7","21,43,4","27,48,8","27,48,7","31,52,11","35,56,16","33,54,14","30,51,11","32,52,14","35,52,17","28,45,10","34,49,17","31,46,14","31,46,15","39,54,25","42,57,28","31,44,18","44,57,31","21,34,8","45,56,32","41,50,29","40,47,30","40,46,33","34,40,28","30,36,22","39,45,33","27,31,23","54,60,50","37,43,33","23,29,20","33,39,31","66,71,64","104,109,104","130,135,130","128,132,129","131,135,132","151,155,152","180,185,181","197,204,201","135,142,140","77,83,81","167,175,173","225,234,231","246,253,250","225,234,231","227,234,232","232,241,238","233,242,239","231,239,236","226,234,233","190,198,195","50,60,57","139,147,144","154,163,160","163,171,168","185,193,190","172,178,177","97,99,101","44,47,49","138,141,143","156,161,161","81,86,86","76,81,81","85,90,90","84,89,86","89,95,90","92,98,94","33,39,33","13,16,11","21,23,17","33,34,28","31,30,24","21,19,13","21,18,12","33,28,23","25,18,15","27,74,27","23,69,23","20,66,21","20,66,21","20,66,21","18,64,21","16,62,19","17,64,20","21,69,24","27,75,31","24,73,27","24,73,26","29,79,28","35,85,32","35,85,31","31,82,27","32,83,27","37,90,31","33,86,25","33,87,24","34,89,25","34,89,26","35,88,25","36,88,25","38,90,27","44,94,32","48,97,34","55,104,41","58,104,41","57,102,38","55,99,35","55,97,34","56,98,35","63,104,39","67,108,44","69,113,46","61,109,35","53,105,25","51,104,22","50,103,21","49,103,21","52,103,24","51,102,23","50,101,22","48,99,20","47,97,18","45,94,16","45,93,16","51,98,21","54,100,24","47,93,17","45,91,15","46,93,16","44,90,15","45,90,18","48,91,22","42,85,18","46,89,22","37,81,13","35,78,10","39,82,16","38,81,16","38,81,16","44,86,22","47,89,26","38,80,17","32,75,12","33,75,12","30,72,11","26,68,7","25,67,5","29,69,9","33,71,12","28,61,6","44,75,23","51,79,27","44,75,22","41,71,19","43,73,20","45,76,22","40,71,16","33,63,8","48,78,23","44,75,20","43,74,19","42,73,16","41,72,16","42,72,16","43,74,17","44,74,19","46,76,20","61,90,34","56,86,30","54,84,28","51,82,26","43,76,20","35,69,14","35,70,14","40,75,20","37,72,18","32,69,18","34,70,22","39,73,29","32,64,24","42,72,36","76,103,70","53,80,49","23,48,19","55,78,52","94,111,89","67,80,62","23,36,20","5,21,2","25,45,22","69,92,68","37,63,38","21,49,22","48,78,50","39,69,39","47,76,46","91,118,89","131,156,127","118,140,113","39,55,34","86,101,75","154,169,143","151,164,139","104,115,92","66,76,55","72,81,65","104,112,99","84,92,83","77,83,80","55,60,58","103,109,103","94,102,92","71,79,64","76,85,64","81,92,66","54,65,35","118,129,97","62,73,41","53,64,34","63,74,46","62,74,45","78,93,61","102,120,85","62,83,45","42,62,26","62,82,44","42,59,25","50,67,32","67,84,48","53,70,35","54,70,34","122,136,102","108,124,88","56,69,36","39,52,17","69,82,48","89,100,66","68,78,45","45,56,23","61,72,40","65,78,48","59,74,43","42,57,25","42,57,25","61,77,45","78,95,61","69,86,54","41,58,27","25,42,7","44,64,29","38,58,22","28,50,14","22,44,8","20,42,6","23,45,8","28,50,12","32,54,17","34,56,18","18,38,3","20,41,4","30,50,14","36,56,21","35,55,20","33,53,18","39,58,25","47,63,32","41,57,26","48,62,34","38,52,24","37,51,24","35,49,22","26,40,14","25,37,13","35,48,23","13,26,4","25,37,16","34,44,27","27,35,23","28,35,27","65,71,64","117,124,115","113,120,112","32,38,32","109,114,109","153,158,153","167,173,168","180,185,183","203,208,206","229,235,233","246,252,251","245,250,250","242,248,247","240,245,245","242,247,248","237,245,245","190,201,202","157,167,169","213,222,225","228,237,240","226,235,238","201,212,214","211,221,222","232,243,243","236,246,246","225,236,237","215,225,226","177,186,187","151,162,163","221,230,231","235,245,246","234,244,244","212,222,222","170,177,181","114,118,125","70,73,81","190,193,201","123,127,134","39,42,47","22,27,32","20,25,29","26,32,32","38,44,45","21,25,26","19,25,24","9,14,11","16,21,17","28,31,27","30,31,26","30,29,25","30,28,24","24,20,16","28,23,20","22,65,17","19,61,14","18,61,14","22,65,19","27,69,24","29,71,28","31,73,29","37,79,35","43,87,42","50,93,49","46,90,44","45,88,41","48,93,43","52,97,45","51,96,43","46,92,37","46,90,36","52,98,42","41,89,32","40,90,32","44,95,35","45,96,36","45,93,34","46,91,33","49,93,36","53,98,39","57,101,41","59,100,42","61,101,42","64,102,43","67,103,44","68,104,45","69,104,44","69,104,43","69,102,43","67,102,41","64,102,36","60,102,32","58,102,30","57,101,29","58,101,30","60,102,31","61,103,32","60,102,32","59,100,30","58,100,29","57,97,28","57,96,26","62,101,32","63,102,31","56,95,25","55,92,23","57,94,24","55,92,23","56,92,26","58,95,30","53,90,27","57,94,31","49,86,23","46,83,21","48,85,24","45,82,21","44,80,19","46,82,22","43,79,20","39,75,17","43,79,20","49,85,26","51,87,29","46,82,25","41,77,20","41,76,20","44,77,22","42,72,20","50,78,27","53,81,30","52,81,29","50,78,27","48,76,25","51,80,27","55,84,30","56,85,31","49,78,24","45,75,21","42,71,17","41,70,16","43,72,18","46,75,21","48,77,23","49,78,24","48,77,25","45,72,21","41,69,18","45,73,22","48,78,26","46,77,24","41,74,21","41,74,21","44,79,25","41,75,23","29,65,17","27,61,15","33,66,22","33,64,24","28,57,21","52,79,44","121,147,116","33,58,29","58,79,53","87,101,80","82,95,75","38,50,34","12,27,10","38,58,36","58,80,57","38,62,38","64,91,65","50,78,51","35,64,35","28,56,27","40,66,37","69,94,65","88,111,83","54,73,46","118,134,107","94,109,83","139,152,127","89,100,78","51,60,42","84,92,79","94,101,92","64,70,65","55,61,60","57,63,62","117,124,120","109,115,108","68,75,62","77,86,67","117,127,102","68,79,50","86,97,66","74,85,54","92,103,72","89,99,71","72,83,56","60,74,44","58,76,43","62,82,47","47,66,33","71,91,56","93,110,77","73,90,57","54,71,38","55,72,39","68,85,51","74,89,57","39,54,20","73,87,56","74,88,55","90,104,72","80,93,61","61,74,42","63,76,46","83,96,66","77,91,61","22,37,11","55,70,41","53,68,39","61,77,48","69,85,55","55,72,41","33,50,19","30,47,15","31,50,17","34,54,21","37,58,24","35,56,23","32,53,19","28,49,15","26,48,14","29,50,17","32,53,21","31,50,21","35,53,25","42,60,33","42,60,33","33,52,24","24,42,15","25,42,16","30,46,21","24,40,15","37,51,29","20,33,15","26,40,20","32,45,24","50,62,42","118,129,111","167,179,160","179,190,173","173,185,168","165,173,162","184,189,184","195,200,197","204,211,208","226,232,229","215,221,218","139,146,143","190,196,195","147,153,152","190,196,197","235,240,242","245,250,251","245,251,253","240,245,247","238,243,246","247,252,252","248,253,253","242,247,250","242,249,251","221,230,234","192,202,210","207,217,224","240,249,251","233,242,249","216,227,233","226,237,242","230,241,245","220,231,235","215,226,230","193,204,208","75,86,89","185,196,199","143,154,158","149,160,162","158,169,171","178,188,191","200,208,215","169,173,184","67,70,82","199,203,214","140,145,156","34,40,48","77,84,90","110,118,123","89,97,100","73,82,84","83,90,91","92,101,100","49,55,55","35,41,39","31,34,32","23,25,22","26,28,24","36,35,31","23,21,18","24,18,18","31,69,29","32,70,27","32,70,26","32,70,26","30,69,26","29,65,26","27,63,25","27,64,25","30,67,25","30,66,22","24,61,20","22,58,19","25,62,19","27,65,19","26,63,18","19,58,16","19,56,15","25,64,17","16,56,12","14,56,10","17,60,10","19,61,10","19,60,8","19,60,7","23,62,7","30,67,13","37,73,17","49,84,28","56,90,34","59,92,35","63,93,37","65,94,38","67,94,39","68,95,40","70,96,41","72,99,42","73,102,44","72,105,45","69,103,42","68,102,42","69,103,42","71,105,44","72,103,43","69,100,41","66,97,37","70,102,42","76,106,48","75,104,47","74,104,46","72,102,43","70,100,40","68,96,37","65,93,33","62,90,31","60,89,30","61,90,33","61,90,34","61,90,34","59,88,32","58,87,32","55,85,30","53,82,28","50,80,25","48,78,24","46,75,23","46,74,23","52,80,29","58,87,35","56,84,34","49,77,28","45,74,24","50,78,29","53,82,32","46,74,22","51,81,26","54,83,29","50,79,25","46,75,21","45,74,21","48,77,23","49,78,24","48,77,23","51,80,26","53,82,28","50,78,26","50,78,27","55,83,32","59,87,36","56,85,33","54,82,31","57,85,34","42,70,21","44,72,23","52,80,32","47,77,27","37,68,18","34,67,16","39,71,20","30,64,13","33,67,18","39,73,26","28,61,15","25,56,13","37,67,27","38,65,29","25,51,17","67,91,61","149,172,144","40,59,34","61,75,55","118,130,112","76,87,74","25,37,24","58,76,57","77,97,76","50,74,50","77,102,78","79,105,80","75,101,76","56,82,56","42,67,41","46,70,44","56,78,52","82,100,76","104,120,94","74,87,63","138,151,128","129,139,120","121,130,115","154,162,152","128,134,128","26,32,30","11,16,18","8,11,14","82,87,87","62,68,64","45,52,41","84,92,76","109,119,97","73,83,57","72,83,54","60,70,43","61,71,44","62,72,47","61,73,47","58,72,45","57,74,44","62,81,50","49,68,38","51,70,39","71,90,59","61,80,48","51,69,38","62,78,48","80,97,66","76,92,63","44,61,30","90,105,76","95,110,80","107,121,92","76,91,61","58,72,43","75,89,61","88,103,75","87,101,74","40,54,28","30,44,19","50,64,38","68,83,57","68,84,58","58,74,47","46,62,35","34,50,23","37,55,28","38,57,29","40,59,32","29,49,22","41,61,33","45,65,38","30,50,23","50,70,43","44,63,40","42,59,39","23,38,22","28,44,29","35,51,36","44,60,44","57,74,58","76,93,77","154,168,154","170,184,171","152,164,152","92,104,92","93,105,93","113,125,113","148,159,148","221,231,222","237,247,238","227,237,228","230,240,232","234,244,239","240,249,247","241,248,249","238,246,248","241,249,249","236,242,243","177,185,187","231,238,240","189,197,199","180,188,191","191,199,202","207,215,218","230,238,240","247,253,254","239,246,252","246,253,255","235,241,246","238,246,251","232,241,246","208,220,227","200,212,222","229,240,248","228,238,240","206,218,227","172,185,193","169,182,190","139,152,158","136,149,155","163,176,182","143,156,162","77,90,95","209,222,225","205,219,222","220,231,233","206,218,221","185,197,201","190,199,207","186,191,202","107,111,123","181,185,196","120,126,136","89,96,104","89,98,104","88,97,102","74,84,87","54,64,66","46,55,56","57,66,65","23,29,28","22,28,26","22,26,23","15,17,14","24,26,21","39,40,35","26,25,21","18,13,10","220,254,204","215,251,199","209,245,193","203,240,188","200,236,185","196,231,183","191,225,178","185,218,173","181,213,168","165,195,153","157,187,143","153,185,138","152,185,137","154,185,136","149,180,129","140,174,120","139,171,118","142,176,122","118,155,100","110,148,93","108,146,92","103,142,88","96,133,78","88,125,70","83,118,64","84,117,63","85,118,63","85,116,60","85,115,59","86,116,59","87,115,58","86,112,56","84,110,54","81,107,52","80,106,52","81,107,53","80,107,54","79,107,55","75,104,54","72,101,51","70,99,49","70,99,46","70,99,44","71,99,46","72,99,46","65,92,43","57,83,38","55,80,35","52,77,31","50,75,27","49,74,22","49,74,19","47,71,16","46,70,15","42,67,13","38,63,11","37,64,12","39,66,13","41,68,15","42,68,18","43,69,19","43,69,19","42,69,20","44,71,22","49,75,27","44,70,23","45,71,25","50,76,30","52,78,32","49,75,31","47,73,31","51,77,35","54,82,36","47,77,27","50,82,29","54,84,32","54,85,31","56,86,31","57,87,32","55,86,31","50,80,26","43,74,20","44,74,19","46,76,22","44,74,21","43,73,21","45,74,22","46,76,23","44,74,22","44,73,22","47,77,27","50,79,30","44,74,26","42,72,24","40,71,22","39,71,21","40,72,23","38,70,20","30,64,15","32,65,18","37,70,24","28,60,17","35,63,23","39,65,27","38,62,28","36,59,30","25,47,22","126,145,119","122,137,114","64,77,58","92,104,87","98,110,94","57,71,54","38,54,37","59,78,60","28,52,30","57,80,59","72,97,75","82,107,85","51,77,53","46,70,47","84,105,82","79,98,75","78,95,74","60,74,51","46,58,36","96,108,87","136,145,128","137,144,133","148,154,148","163,169,166","11,17,18","2,5,10","16,21,26","125,130,134","89,94,94","62,69,63","97,105,93","85,93,77","30,39,19","80,90,66","64,74,50","95,105,82","119,128,107","99,110,89","80,93,70","93,109,83","101,120,92","112,131,103","85,103,76","53,72,44","46,65,37","67,84,58","72,89,62","64,81,54","77,93,67","30,46,19","50,65,38","51,65,39","47,61,35","31,46,20","37,52,26","47,62,36","32,46,21","58,72,48","101,115,92","97,111,89","85,98,77","81,95,73","65,80,59","39,54,32","27,42,20","34,48,27","34,52,32","29,46,26","41,59,39","50,68,48","38,55,36","31,48,29","45,64,44","59,76,59","59,70,61","59,75,66","110,125,119","161,176,171","211,223,220","212,225,222","137,152,147","46,61,56","65,78,73","47,60,55","194,206,202","166,176,173","193,203,200","227,238,235","225,235,233","239,248,246","230,239,238","202,211,209","180,189,189","217,225,227","242,249,251","241,248,250","237,245,248","238,246,248","210,218,223","128,137,140","216,224,226","210,218,224","227,234,240","219,226,233","207,214,221","226,233,239","238,245,247","207,214,220","218,225,232","214,222,227","201,210,214","142,152,159","75,85,96","96,108,119","212,223,235","151,163,174","173,185,194","181,193,202","199,211,220","223,235,243","226,238,242","219,230,233","223,235,240","192,204,209","161,173,177","208,221,224","201,214,217","209,223,225","164,176,179","120,129,133","136,142,149","91,96,103","25,29,36","29,34,41","157,165,170","79,88,91","7,17,19","5,14,14","7,13,12","12,17,17","20,29,27","13,20,16","19,26,22","24,28,23","20,22,18","21,23,17","23,23,19","14,13,9","20,16,13","197,236,177","199,238,179","203,240,183","205,241,186","207,242,188","209,243,192","212,245,195","215,247,199","216,249,200","218,245,202","214,243,197","212,242,195","214,243,196","217,245,196","215,244,193","209,242,187","210,242,186","213,246,190","212,249,191","212,250,193","214,251,195","214,251,195","213,251,193","212,249,191","212,248,191","215,250,194","218,252,195","217,250,192","218,250,191","220,251,192","222,252,194","222,252,193","222,251,192","221,251,190","221,250,190","222,251,192","220,250,194","219,249,196","219,248,197","217,245,195","213,239,191","206,233,183","200,228,177","198,224,174","197,223,173","196,221,169","192,217,164","185,211,158","176,202,148","167,193,138","160,184,130","153,176,123","147,169,116","142,165,111","133,157,105","124,147,97","121,146,97","119,144,95","115,141,91","112,138,89","108,135,86","104,131,83","101,128,81","102,129,82","104,131,84","97,125,79","92,119,76","90,118,73","84,112,67","72,99,58","61,87,49","52,80,43","49,78,38","48,79,33","46,80,29","43,76,24","40,74,19","40,73,15","38,71,13","35,68,10","29,62,5","24,57,3","33,65,10","32,65,11","34,65,11","31,63,10","28,60,9","27,59,9","28,60,10","30,62,11","29,62,13","28,59,11","24,57,10","22,54,8","22,55,8","26,58,10","26,60,12","24,58,12","35,67,21","33,64,24","44,75,33","38,68,28","35,62,25","30,54,20","26,48,18","34,52,28","41,56,33","27,39,22","181,193,175","133,144,129","88,98,84","91,101,89","68,81,68","8,23,9","21,39,24","52,75,57","56,79,61","78,103,83","83,108,88","47,72,51","37,61,40","60,81,61","46,64,45","89,104,86","88,101,82","67,78,59","96,106,89","127,135,121","88,96,87","76,82,77","148,154,154","7,12,16","4,9,16","14,19,27","127,132,138","81,86,88","59,65,63","123,130,122","119,127,117","17,23,14","145,154,135","79,88,70","113,122,105","127,136,120","101,111,96","74,86,68","75,90,69","87,105,81","82,100,76","77,95,70","63,81,56","59,77,53","69,87,63","73,91,67","65,82,57","62,77,53","57,73,49","65,80,56","68,84,60","66,81,57","60,76,52","79,95,71","95,111,88","68,83,62","56,69,50","89,101,85","85,97,82","76,87,74","49,61,47","34,48,33","41,55,40","45,59,45","30,44,30","21,38,24","65,82,68","84,99,86","105,122,108","68,83,73","60,74,64","132,150,137","174,192,180","198,215,206","216,230,228","192,205,205","211,225,227","214,228,230","186,200,202","148,162,163","122,135,136","145,156,156","143,154,156","220,229,231","149,158,160","177,187,190","234,244,246","233,242,245","221,228,232","216,224,228","187,195,199","203,211,213","220,228,233","235,243,247","226,235,239","214,223,228","224,233,239","220,229,234","89,98,104","182,191,198","171,180,187","204,213,220","211,220,227","193,202,209","192,201,208","184,193,200","156,165,172","187,196,203","180,188,193","149,158,165","126,136,145","111,121,132","135,145,156","213,223,233","210,220,231","221,231,240","220,230,239","229,239,246","234,244,252","194,204,211","175,186,190","238,249,251","215,225,228","152,163,166","130,141,144","146,157,159","199,211,212","210,220,221","168,176,178","140,145,148","142,147,149","4,8,10","57,62,63","91,100,99","40,49,47","7,17,15","17,28,24","29,40,35","31,41,36","27,37,30","27,34,27","18,25,17","16,20,12","21,23,16","25,26,19","27,27,20","28,26,20","22,19,13","192,235,170","197,239,176","202,242,181","202,242,182","200,240,181","199,240,182","202,242,186","207,244,191","208,245,192","207,242,190","205,240,187","204,240,186","206,241,187","209,243,188","209,243,187","207,242,183","208,243,184","210,245,187","207,246,186","206,247,186","206,248,186","204,247,185","203,245,183","202,243,182","201,243,181","203,244,182","206,245,183","204,243,180","205,243,180","208,245,182","210,247,183","211,248,183","211,247,183","210,246,181","209,246,181","210,247,183","203,240,180","201,238,181","207,243,187","212,247,192","214,247,194","211,244,190","207,241,186","206,238,184","206,237,183","210,241,185","214,245,188","213,245,187","212,245,185","213,245,186","216,245,186","216,245,187","216,244,185","214,243,184","214,243,186","215,244,189","215,245,192","217,246,193","217,249,195","220,251,197","221,253,199","222,255,200","223,254,202","221,252,200","216,248,195","214,248,194","215,247,195","213,243,195","207,236,189","195,225,176","182,214,164","174,206,155","168,202,147","161,196,136","159,194,131","154,189,127","149,184,121","144,179,117","140,175,114","137,171,111","136,168,110","134,164,110","128,159,106","125,159,104","129,160,107","127,158,107","121,154,103","118,153,102","123,156,104","125,157,107","119,153,103","120,155,106","109,144,95","94,129,82","87,122,75","87,122,73","81,116,68","66,101,55","60,93,47","3,32,2","46,77,37","50,78,40","65,90,56","74,95,65","67,86,59","68,83,62","84,97,76","53,60,49","104,112,99","190,197,187","114,123,113","107,117,107","103,114,105","5,19,7","25,40,28","119,140,126","35,58,43","92,115,98","106,130,113","59,82,64","47,69,50","91,110,93","105,123,106","112,126,110","100,113,96","92,101,86","134,142,128","135,143,131","78,85,78","85,91,87","170,176,178","5,10,15","12,16,26","36,40,52","154,158,167","96,101,107","73,78,80","119,125,121","79,85,79","22,28,20","192,200,186","87,94,83","73,80,70","85,92,84","82,91,82","72,83,71","84,98,81","112,127,108","55,70,51","66,82,63","81,98,78","91,108,88","75,93,73","63,81,61","68,85,65","74,90,70","99,115,96","72,88,69","62,78,58","64,80,61","74,91,71","107,124,104","123,139,121","73,88,71","26,39,26","37,49,38","39,50,41","19,28,22","17,28,20","20,33,23","48,61,53","106,119,112","116,129,123","148,162,156","198,213,207","163,179,173","181,197,192","146,162,158","142,158,154","219,236,231","212,228,224","183,199,196","144,156,160","138,151,155","190,203,209","215,228,234","212,226,230","221,235,238","241,253,255","243,252,255","237,246,247","246,253,254","127,135,139","159,168,175","217,226,232","205,214,220","207,214,220","219,226,232","231,238,244","237,244,248","236,244,250","234,243,251","217,227,235","209,218,225","206,216,222","136,146,154","54,63,71","181,191,199","174,183,191","178,187,195","188,197,205","183,193,200","173,183,190","181,192,197","204,213,217","226,236,242","211,220,224","225,234,241","234,243,252","214,223,234","185,194,206","181,190,201","200,209,219","206,215,225","217,227,236","226,236,242","229,239,245","218,227,232","213,222,224","229,239,241","231,239,240","224,233,234","104,114,115","57,68,68","89,100,100","113,124,123","98,106,104","82,88,84","91,96,90","10,15,9","21,26,19","22,30,21","16,26,17","12,23,14","14,25,16","18,28,17","14,23,12","11,20,9","32,38,28","26,33,22","27,30,20","34,36,26","32,32,23","22,22,13","25,22,14","21,18,9","197,248,177","199,247,178","197,245,179","195,243,178","197,245,180","202,250,187","208,253,193","206,251,191","198,242,182","205,247,190","206,248,189","206,247,188","207,247,187","208,248,187","208,248,186","206,247,184","208,246,184","207,247,184","206,250,186","205,252,185","203,251,185","202,249,183","201,249,182","201,249,184","203,250,183","205,250,185","207,250,185","201,247,180","201,248,179","203,250,180","204,251,181","205,252,180","203,250,178","200,248,175","199,246,175","198,245,176","198,245,179","199,245,182","202,247,185","203,249,185","203,249,185","201,247,183","200,246,181","202,244,181","203,243,181","205,246,181","206,248,181","205,248,179","205,248,179","206,248,179","207,247,178","205,245,177","203,243,173","199,239,170","201,242,174","207,248,182","206,248,184","206,248,185","206,248,186","207,248,186","207,249,186","208,250,188","209,249,190","204,244,184","193,233,173","194,236,175","197,238,179","197,237,180","197,235,179","194,234,177","192,233,176","194,234,177","195,234,173","192,229,165","195,232,166","201,237,171","204,241,176","205,241,177","205,241,178","205,241,179","210,244,184","214,246,188","214,248,189","209,244,184","214,247,191","215,248,192","208,242,185","204,239,181","209,243,186","208,243,188","191,228,172","170,208,156","147,185,133","128,166,115","124,161,110","127,165,114","125,162,111","120,156,106","125,158,112","18,48,9","17,44,12","45,71,36","116,139,105","155,174,146","166,182,157","184,196,175","153,163,145","104,109,97","31,35,25","110,115,108","137,144,137","105,114,107","62,73,66","31,45,35","20,35,25","111,131,120","33,54,42","44,65,52","88,110,96","82,105,89","73,94,78","97,114,100","102,118,104","71,85,71","91,103,88","103,112,100","138,146,135","86,94,84","30,36,30","89,95,93","186,191,194","13,18,24","9,13,24","55,58,72","150,154,167","93,97,107","63,67,73","72,78,79","18,24,22","21,26,22","152,159,151","120,126,121","128,134,130","105,111,109","97,104,101","112,122,115","131,144,131","137,151,136","55,69,55","79,93,77","78,93,78","96,112,96","99,115,100","100,117,101","101,118,102","85,102,87","111,128,111","77,94,79","90,107,91","89,106,90","53,67,54","43,58,44","49,67,52","19,35,23","22,35,27","11,22,16","59,70,66","119,130,127","148,160,157","138,151,147","145,157,155","187,199,198","169,181,180","144,158,158","153,167,167","109,125,125","170,185,186","176,192,193","176,191,194","227,243,246","201,216,219","174,189,193","140,153,159","181,194,200","213,226,234","222,235,242","217,230,236","218,231,236","221,234,238","163,174,179","230,240,243","222,230,235","134,143,148","171,180,187","217,226,232","211,219,224","230,237,240","234,241,243","212,219,225","237,244,247","213,222,228","188,198,207","164,174,183","157,167,176","151,161,169","73,83,92","63,73,82","184,194,203","188,198,207","175,185,194","183,193,202","176,186,194","149,160,166","164,175,180","219,230,234","221,232,238","179,190,196","212,223,229","239,248,253","230,238,245","204,212,223","190,198,208","206,215,224","194,203,213","224,233,240","218,227,233","228,236,240","241,250,251","239,248,249","231,241,243","235,245,244","238,248,245","198,209,206","84,95,91","31,41,38","20,28,25","22,28,22","30,35,24","27,32,18","13,17,4","32,39,25","16,23,13","17,26,13","26,35,20","22,32,17","15,26,10","24,33,17","19,27,12","34,40,26","25,31,17","24,27,14","32,33,20","32,32,20","26,25,13","30,28,17","24,21,10","181,238,163","186,243,167","186,243,169","184,240,167","183,239,168","188,242,173","194,247,180","194,245,180","187,238,173","193,242,179","194,243,179","195,244,180","196,244,179","196,244,179","197,245,179","198,247,179","200,246,178","198,247,176","201,251,182","200,251,181","194,249,177","190,245,175","189,244,172","189,243,173","191,245,173","193,247,176","194,248,175","192,246,172","193,248,173","196,251,177","197,254,179","198,255,179","197,253,177","195,253,174","194,251,175","194,251,175","191,247,174","189,244,172","187,242,170","185,240,168","186,240,169","187,242,169","190,244,171","193,245,172","195,247,173","197,248,175","199,250,175","198,250,173","198,250,173","200,251,173","203,253,175","203,254,174","202,252,172","201,251,172","201,252,176","205,255,181","203,254,181","202,252,180","200,251,179","199,250,179","199,250,179","200,250,180","200,250,180","202,250,182","203,249,185","201,249,183","198,248,180","196,246,178","197,246,181","200,248,183","202,248,186","205,249,188","207,249,185","208,248,181","208,248,178","210,250,180","214,251,185","214,251,186","211,248,183","206,245,180","207,246,181","210,248,185","213,251,188","204,243,180","211,249,187","214,251,191","206,244,184","200,238,179","204,241,182","197,235,176","170,208,151","130,169,116","98,138,85","88,127,75","93,133,80","91,130,78","80,118,67","92,128,78","142,175,128","31,62,18","21,48,11","20,44,9","94,115,84","134,151,124","101,113,92","61,70,53","49,54,40","32,34,23","9,10,6","22,26,22","137,143,139","128,136,132","39,50,45","14,27,20","7,23,15","31,51,42","123,143,134","35,56,45","28,50,38","46,68,56","43,63,50","38,55,44","68,83,71","106,119,108","155,165,154","127,135,126","94,101,92","49,55,48","21,27,22","73,79,77","174,179,183","113,117,125","41,44,58","151,154,169","184,187,202","174,177,189","117,121,129","52,57,61","36,41,42","67,73,71","157,163,160","90,96,94","140,145,146","156,161,164","147,153,155","130,139,136","115,127,118","115,128,116","83,96,86","138,152,139","118,134,122","93,109,96","78,94,81","64,80,68","48,65,51","41,57,46","45,61,49","25,43,31","29,47,33","28,40,29","27,40,29","86,103,91","112,129,118","42,57,49","167,180,177","188,199,199","120,130,130","84,94,95","85,96,98","123,134,136","178,189,191","213,224,228","194,205,209","184,197,203","202,215,220","205,220,225","228,241,243","181,193,198","155,169,178","206,220,228","192,207,215","187,202,209","161,174,180","189,203,207","205,219,224","209,222,227","207,221,225","209,223,226","196,209,212","106,118,121","223,234,236","161,171,175","120,130,134","168,178,182","212,222,226","214,223,226","214,222,224","189,197,198","108,116,119","170,178,182","172,181,189","188,198,208","202,212,222","194,203,213","183,193,203","188,198,207","130,140,149","145,155,164","172,182,190","201,211,220","224,234,239","216,226,230","185,196,201","177,188,194","213,224,230","239,248,250","220,230,235","233,244,247","241,250,254","240,248,253","233,241,245","216,224,233","229,236,243","208,216,223","226,233,239","198,205,211","178,186,189","204,211,213","239,247,247","230,240,239","209,218,216","180,189,184","129,139,133","45,56,49","17,28,21","26,35,27","37,43,32","40,44,28","38,42,23","19,24,5","25,32,12","40,48,29","31,40,21","27,36,15","26,35,15","21,30,10","17,24,6","16,24,6","26,30,14","23,27,10","24,26,12","30,31,17","33,32,18","31,29,16","32,29,17","26,24,11","162,226,146","177,241,162","187,251,172","185,248,170","177,239,162","174,234,160","179,240,166","188,248,175","192,250,178","189,247,176","189,247,175","190,246,176","189,246,175","188,244,173","187,244,170","188,244,171","189,244,169","186,242,167","195,251,176","195,251,176","190,247,172","184,242,168","181,239,164","180,238,164","182,240,164","185,245,168","188,247,171","189,248,171","190,250,173","192,252,175","194,254,177","193,254,176","191,251,172","186,248,168","185,246,166","184,244,165","187,248,168","189,250,169","188,248,167","189,249,168","191,251,171","195,254,171","195,253,171","192,251,169","191,249,165","191,250,165","193,251,167","191,249,164","189,247,161","188,246,161","191,247,160","193,249,162","194,251,164","196,251,166","197,251,170","198,251,173","196,250,174","197,250,175","197,251,175","199,252,177","200,253,179","203,254,182","204,255,183","204,254,183","201,253,181","198,251,179","195,247,176","196,248,177","200,253,182","204,254,187","204,254,187","201,252,183","201,250,180","213,253,187","207,249,178","201,243,173","203,244,174","206,249,178","206,249,180","204,247,178","204,248,178","207,251,182","211,253,187","200,243,176","205,248,183","209,253,187","202,245,180","197,241,175","199,242,177","189,232,168","159,202,138","136,181,120","95,140,82","95,139,83","111,153,99","110,149,97","95,132,82","109,144,97","161,192,150","33,59,23","80,104,70","65,86,57","42,58,35","24,37,19","13,22,10","12,18,6","7,10,1","14,16,7","26,29,22","9,13,10","77,83,82","177,184,183","178,187,186","68,79,77","8,22,18","41,57,52","113,131,126","57,76,71","43,61,55","30,47,41","27,43,35","68,83,73","129,141,132","91,101,92","47,54,46","38,44,35","56,62,54","83,88,81","76,81,77","73,78,78","139,144,148","190,195,203","24,30,40","177,183,195","138,143,154","146,151,160","119,123,129","66,69,72","75,78,79","86,89,87","168,172,170","136,141,140","112,117,120","114,121,126","86,94,100","62,72,75","74,87,84","64,79,73","25,40,34","20,36,30","27,42,34","23,37,29","42,58,49","48,66,56","65,82,73","154,171,162","157,174,165","35,54,46","33,53,45","128,148,140","183,202,196","208,227,222","170,188,184","83,99,98","227,241,241","236,248,249","163,175,178","59,71,75","45,59,64","63,77,84","105,118,126","174,187,196","169,183,192","211,225,236","155,170,181","194,209,222","211,227,238","136,152,164","105,121,136","183,199,214","204,221,234","210,227,240","202,222,230","217,236,239","206,226,231","198,219,224","198,219,223","185,205,208","144,163,166","127,145,148","176,192,196","105,119,125","55,69,75","152,164,168","232,243,247","224,236,241","218,229,233","211,221,224","228,238,240","225,235,237","222,229,237","225,231,242","207,212,225","176,181,193","179,185,196","236,244,252","216,224,232","161,169,176","200,208,211","211,220,225","216,226,231","228,239,242","239,249,250","240,248,249","227,238,239","242,251,250","239,250,250","239,252,250","241,253,252","231,243,241","209,221,218","182,194,190","130,143,137","216,228,222","225,236,231","206,217,210","169,182,172","127,140,129","87,100,88","51,63,52","20,28,18","19,34,17","26,40,24","24,39,22","31,45,27","32,45,27","28,38,20","29,36,16","26,32,12","33,39,18","33,41,21","21,29,9","19,27,7","28,37,16","34,43,23","32,40,22","31,38,21","32,39,22","31,36,18","28,32,17","26,29,14","25,28,14","27,27,13","27,25,12","26,25,12","26,27,13","186,252,171","188,252,174","187,253,172","184,251,170","183,250,170","186,253,173","189,254,176","185,251,171","176,240,162","186,251,172","188,253,174","189,254,175","189,254,175","190,255,175","190,255,175","190,255,175","191,255,176","192,255,177","192,252,174","194,253,176","197,254,178","195,252,176","189,247,170","184,242,165","183,241,164","191,249,172","199,254,180","196,252,177","195,253,176","198,255,179","199,255,180","196,254,178","193,251,174","188,248,170","190,248,171","192,250,172","195,253,170","193,253,166","190,250,161","193,251,164","198,255,169","197,255,168","189,247,160","187,245,158","190,248,160","192,251,161","193,251,162","194,253,163","192,250,161","188,247,157","185,243,154","185,244,154","189,248,159","196,253,166","197,251,168","192,245,165","189,242,164","194,245,170","197,249,174","194,246,171","196,248,173","202,252,178","202,253,180","199,250,177","197,248,174","195,246,172","194,245,174","196,248,176","199,250,179","198,250,178","197,248,177","195,245,175","194,243,172","193,241,168","185,234,160","182,231,157","187,236,162","198,248,173","205,253,182","203,252,181","198,250,176","204,254,183","205,254,183","193,245,171","192,245,170","199,250,178","199,250,178","198,250,177","198,250,177","190,243,171","172,224,155","109,161,95","85,135,74","100,146,89","98,141,87","85,125,75","97,132,87","140,169,130","154,179,146","19,36,18","30,47,25","39,54,35","17,27,16","17,25,16","32,40,30","24,31,25","27,31,27","56,62,56","33,39,33","17,23,22","9,13,15","100,105,108","205,212,214","180,190,192","54,64,67","9,20,23","91,104,106","179,193,194","204,216,217","129,141,141","68,79,76","87,96,91","95,103,96","12,17,10","73,78,69","21,25,15","25,28,18","138,140,133","178,181,178","113,117,117","108,114,117","174,181,188","75,85,91","90,100,106","155,163,167","194,200,202","161,163,164","83,83,81","32,30,28","42,41,36","60,61,56","60,63,61","70,76,77","60,69,74","43,57,63","36,51,57","30,46,50","22,39,41","80,100,101","70,91,91","131,151,150","117,138,135","136,158,153","134,156,152","128,149,145","231,251,247","218,237,233","94,114,113","167,186,185","211,230,232","212,232,236","211,230,237","174,193,200","110,128,133","231,248,250","197,213,216","121,138,143","75,92,99","68,85,94","79,96,106","117,134,147","171,188,203","168,185,200","219,236,248","134,151,170","191,209,229","212,228,240","124,141,155","76,94,114","154,173,191","208,227,241","178,199,217","143,170,186","156,185,199","123,154,165","92,124,132","112,143,148","162,191,194","173,202,205","142,168,172","204,229,234","221,243,249","154,175,186","159,178,191","206,223,235","215,231,239","186,200,209","203,218,223","236,248,250","207,217,221","217,221,229","215,215,226","209,208,220","216,215,226","233,233,242","241,243,247","249,252,253","155,159,164","114,119,122","162,170,170","214,223,223","231,241,240","233,244,240","244,254,249","237,251,242","231,244,235","230,245,234","232,249,235","236,252,237","234,250,232","212,231,210","159,181,155","80,103,76","213,234,207","151,175,145","107,129,99","90,113,82","83,107,75","80,103,70","78,103,69","78,101,66","75,100,64","72,95,60","66,91,57","64,89,56","66,88,56","66,84,57","62,75,57","60,71,56","61,72,54","57,68,48","48,58,42","42,52,34","35,44,26","25,33,18","14,21,11","10,19,5","11,20,5","15,20,4","18,24,8","17,22,7","16,21,7","18,22,9","22,27,13","28,32,17","28,34,17","169,238,155","166,235,152","169,237,154","177,245,163","182,250,168","181,249,167","179,247,165","182,249,168","192,255,178","182,250,168","180,249,166","179,248,165","179,247,164","181,249,166","183,251,168","184,252,169","183,251,168","183,249,167","177,240,161","182,241,164","191,248,172","196,252,177","195,252,176","191,249,172","187,245,168","188,246,169","190,248,171","194,252,175","196,254,177","195,253,176","195,252,176","193,251,174","192,250,173","193,251,174","196,254,177","199,255,179","197,253,173","194,252,167","194,253,166","198,254,170","201,255,173","196,253,169","187,246,159","187,245,160","193,251,165","194,251,166","192,249,164","194,252,165","195,253,168","195,253,166","194,251,167","194,252,165","194,252,167","197,253,169","200,254,173","201,253,174","198,250,172","202,253,175","204,255,180","199,251,175","199,251,175","202,253,178","201,252,177","199,249,176","201,251,178","199,250,176","197,248,176","197,248,176","197,248,176","196,247,174","193,244,172","190,241,169","189,240,167","190,242,166","191,243,167","193,243,169","191,243,168","194,246,171","195,248,174","194,246,173","193,245,173","195,248,176","199,252,180","190,243,172","185,238,166","185,234,167","187,235,169","183,232,165","168,218,149","146,196,128","125,175,110","91,139,79","104,152,96","72,116,65","82,122,75","111,147,105","95,126,90","52,78,47","92,114,90","97,114,95","62,77,63","55,68,58","24,35,29","30,40,36","61,70,67","55,63,62","48,55,55","84,94,95","31,37,39","17,24,25","27,31,33","35,40,42","75,83,85","150,158,161","159,168,173","10,19,24","120,131,136","191,202,206","193,203,206","131,141,143","104,113,113","114,120,118","58,63,59","14,17,11","160,163,155","48,51,43","68,70,61","118,120,113","157,160,157","181,186,187","177,184,187","146,155,160","60,71,76","117,128,133","188,197,200","200,207,207","171,173,171","135,134,130","128,126,121","169,167,162","112,113,107","52,54,53","29,34,36","27,37,43","36,51,59","77,95,104","114,132,141","75,94,101","161,181,187","162,182,187","218,237,238","166,185,185","182,202,201","186,206,204","153,174,174","223,243,243","222,238,240","161,181,184","197,215,218","204,223,230","160,179,189","169,188,200","175,193,206","106,123,134","221,236,244","161,177,183","109,124,132","145,161,167","169,183,192","175,191,204","175,191,206","166,183,198","169,185,200","170,186,207","193,211,230","198,216,236","160,178,199","118,135,156","112,131,151","151,171,190","189,208,228","161,183,203","130,155,176","149,176,197","176,206,222","177,206,219","151,179,188","151,178,184","192,219,223","125,150,155","182,205,212","215,236,241","191,211,222","137,154,170","162,177,190","222,238,246","209,224,233","218,232,238","217,232,234","234,245,246","235,241,241","243,245,246","246,247,249","246,247,249","248,250,249","232,236,236","244,249,248","211,218,214","138,146,139","191,202,192","241,251,242","240,250,240","231,245,231","234,251,232","227,245,226","232,249,230","213,232,210","200,222,196","200,224,193","187,214,177","169,197,156","171,198,158","154,183,141","197,225,182","171,200,157","181,210,166","186,215,170","187,216,170","194,223,176","203,233,185","207,235,186","196,227,177","192,221,172","195,225,176","200,230,178","201,229,180","199,224,182","197,218,184","197,217,185","198,217,186","191,210,179","180,199,170","168,186,158","153,170,141","136,152,124","119,135,108","110,125,100","109,124,99","109,122,97","105,118,94","99,112,89","93,105,84","91,103,83","95,107,86","97,109,86","80,94,67","178,243,161","162,230,147","159,225,143","169,236,153","179,247,164","181,248,165","174,242,159","174,240,158","180,248,165","181,248,166","179,246,163","176,243,161","175,242,159","177,244,161","180,247,164","180,248,165","178,244,162","176,241,159","171,233,154","176,235,158","183,241,164","187,245,168","188,246,169","186,244,167","184,242,165","183,241,164","184,242,165","188,246,169","188,246,169","185,243,166","181,239,162","180,238,161","180,238,161","182,240,163","183,241,164","185,242,165","186,243,165","187,245,165","189,246,166","192,249,170","195,251,172","190,247,168","184,242,162","184,241,162","189,246,167","189,246,167","186,243,164","189,246,166","191,248,169","194,251,171","196,253,174","196,254,174","195,253,174","195,251,172","194,249,170","192,246,165","190,243,163","196,249,169","200,252,174","196,249,170","196,249,170","199,252,173","197,250,172","195,247,171","202,253,178","202,254,179","201,253,178","199,251,177","199,251,176","199,251,177","199,251,176","196,248,174","193,245,170","190,242,165","199,251,174","205,254,181","201,252,178","199,251,177","197,249,177","199,247,180","204,249,187","199,248,183","207,254,192","196,243,182","186,232,171","181,226,167","186,228,171","176,218,160","143,185,127","114,156,100","101,142,89","93,133,86","105,142,100","60,95,57","98,131,97","172,202,172","143,167,144","16,34,16","54,73,59","116,132,124","135,149,146","122,135,136","49,60,64","15,26,32","25,33,41","11,17,26","10,19,29","33,46,56","4,10,18","70,78,82","112,118,119","92,98,99","64,71,73","88,96,99","139,149,153","103,112,117","106,116,120","111,122,126","171,181,184","130,140,141","75,83,84","73,79,78","49,54,51","126,128,124","186,188,182","92,94,88","75,76,70","56,58,55","83,87,86","141,147,150","136,145,150","86,96,102","36,48,56","177,189,196","183,192,197","137,144,146","106,109,109","135,135,132","212,211,206","240,239,234","161,163,159","153,158,158","113,122,125","74,87,93","37,53,62","78,96,106","176,194,204","156,175,183","120,138,147","142,161,168","214,232,235","144,162,166","158,176,180","195,213,217","180,200,203","202,221,225","184,203,209","184,202,210","181,200,209","199,217,229","143,160,175","150,167,183","167,185,201","88,104,118","207,220,230","157,169,178","140,152,162","164,174,183","179,191,202","181,194,208","165,179,195","142,155,173","149,163,182","185,199,217","153,168,184","145,160,178","175,190,202","190,206,219","174,190,207","162,179,195","189,206,223","198,217,234","148,168,191","141,161,184","168,190,210","183,204,220","167,187,199","164,185,193","210,231,237","188,208,214","206,224,233","216,233,244","220,236,247","130,145,158","103,116,131","183,195,206","239,249,252","227,239,243","231,241,243","239,250,246","234,241,236","237,245,237","238,246,236","239,246,238","247,254,244","240,251,237","247,255,243","221,235,217","90,107,85","145,162,139","212,230,207","219,237,213","202,223,196","171,195,163","156,181,148","189,214,180","179,205,170","172,200,160","179,209,164","170,202,152","160,194,141","194,226,173","205,239,184","185,218,164","175,209,154","187,221,164","169,203,146","159,192,135","173,206,148","183,218,158","187,221,161","177,211,151","174,208,148","180,214,153","185,219,157","185,219,159","181,214,159","179,211,162","182,212,167","182,212,167","182,212,167","188,217,173","192,222,178","193,221,178","191,218,175","189,216,175","192,216,177","190,215,175","195,220,180","190,214,175","189,212,174","185,207,171","186,209,172","197,219,183","194,216,179","154,175,137","198,255,181","186,250,170","179,243,161","181,246,164","188,252,172","194,254,176","191,252,175","186,250,168","180,246,164","189,252,172","187,252,170","185,249,167","184,248,167","186,251,169","190,252,172","191,253,174","188,251,170","184,247,166","185,247,168","187,248,170","189,249,171","189,249,172","190,250,172","189,249,171","188,248,171","189,249,171","190,250,173","189,249,172","187,247,169","184,244,166","181,242,164","180,240,163","180,240,163","179,239,161","178,238,160","177,237,160","183,242,166","187,244,171","186,243,170","187,244,171","191,248,175","193,250,177","191,248,175","189,246,173","189,246,173","189,246,173","187,244,171","187,244,171","188,245,172","191,248,175","193,250,177","194,251,178","193,250,177","192,249,174","190,245,168","187,242,160","185,239,156","191,246,164","196,250,168","192,246,164","192,246,164","194,249,168","192,247,167","188,243,163","190,245,165","193,246,169","194,247,170","192,245,168","191,244,167","193,247,170","195,248,172","194,248,172","191,244,166","184,238,158","191,245,165","198,250,173","194,245,171","194,245,174","191,240,173","195,241,178","204,247,190","188,230,175","189,229,177","198,237,187","206,242,195","201,237,191","208,242,197","200,233,188","163,196,152","126,158,116","101,131,92","115,143,112","151,178,151","63,83,64","44,64,47","69,91,74","54,73,61","12,27,21","14,25,22","43,56,61","109,122,130","73,86,97","21,30,45","6,15,32","26,40,57","57,71,89","73,90,109","25,42,61","58,71,86","162,171,178","131,138,138","141,148,148","183,191,192","150,159,161","111,121,123","200,210,213","133,144,147","68,79,82","158,168,170","143,153,154","85,94,95","108,114,115","148,153,153","216,218,216","191,193,190","111,111,108","42,43,40","37,41,39","52,58,59","50,58,62","44,55,61","29,41,49","15,28,37","56,66,75","101,111,118","89,97,102","51,56,57","91,92,92","206,205,203","183,183,180","83,85,84","204,209,210","203,213,217","148,162,170","117,134,145","151,169,181","210,228,239","189,207,218","84,102,113","151,170,179","213,231,239","159,178,184","163,182,189","171,190,197","152,171,178","211,229,237","216,232,234","194,212,224","175,192,207","180,197,213","170,187,205","170,186,206","144,160,181","86,101,119","177,187,201","170,178,190","189,198,210","185,193,208","200,208,219","201,209,222","179,188,207","164,173,192","172,182,200","232,241,254","170,182,199","90,102,119","169,181,195","224,237,249","161,175,187","104,119,131","196,211,224","218,233,247","189,203,224","191,205,228","211,226,242","224,238,250","224,239,247","221,236,241","226,241,246","238,251,253","221,235,241","206,220,227","224,238,245","194,206,215","140,151,161","155,166,171","237,246,245","200,212,210","229,240,235","235,248,235","230,244,225","237,249,229","242,253,233","238,251,228","233,250,222","232,251,220","220,239,208","164,186,152","57,82,45","117,142,104","171,197,155","167,196,152","161,191,147","153,185,137","155,188,138","187,220,171","180,215,163","192,228,173","188,224,164","166,203,140","155,193,127","163,201,135","164,202,135","171,209,143","177,216,149","189,228,160","178,217,148","173,212,142","181,220,150","182,221,150","181,220,149","178,218,146","177,216,144","177,216,143","176,216,142","175,214,143","178,218,151","187,229,167","187,229,168","176,216,158","167,208,149","173,214,155","178,219,160","179,218,160","179,218,161","179,217,162","172,209,154","168,206,150","178,215,159","169,205,152","171,207,154","166,201,149","167,201,151","179,213,162","175,207,156","131,161,110","176,237,158","183,246,165","186,249,168","183,246,165","180,243,163","183,245,165","190,252,172","192,255,174","188,251,170","186,249,168","184,247,166","182,245,164","183,246,165","186,249,169","190,253,172","192,254,174","192,254,173","189,252,171","191,252,173","191,252,174","191,252,174","191,252,174","192,253,175","193,254,176","191,252,174","188,249,171","186,247,169","190,251,173","193,253,176","195,253,178","195,253,178","196,253,179","195,252,178","193,252,176","191,252,174","190,251,173","195,253,180","197,252,183","193,250,181","193,250,181","196,253,184","201,254,188","201,254,189","198,253,185","194,251,182","193,250,181","194,251,182","193,250,181","193,250,180","192,249,180","192,249,179","191,248,179","192,249,179","192,250,177","194,251,174","197,252,171","195,250,166","198,253,169","200,254,172","195,249,166","193,248,165","194,249,166","192,247,164","188,243,160","189,244,162","194,249,169","195,249,169","189,244,164","187,242,162","190,245,165","193,247,168","193,247,169","192,247,167","197,251,169","192,247,165","196,250,171","193,245,170","193,243,173","185,230,168","186,228,171","198,237,187","179,214,170","218,243,210","214,241,207","183,208,177","107,130,101","55,75,51","38,54,36","34,48,30","34,54,27","32,51,28","54,69,52","132,148,133","102,114,104","47,60,51","13,23,18","4,12,11","10,22,26","11,22,30","6,18,30","17,28,45","15,28,48","20,34,57","44,59,84","85,103,129","112,132,158","75,96,122","66,90,117","120,138,159","167,180,188","136,144,144","140,147,146","148,156,156","101,109,110","103,113,114","232,240,241","173,184,186","114,125,126","130,140,141","85,95,97","37,45,48","62,68,70","120,124,127","221,222,223","193,194,195","65,66,66","106,107,107","104,107,109","79,86,90","102,112,118","147,158,167","154,168,177","165,181,191","34,49,59","21,35,43","43,53,59","35,41,44","40,43,44","122,124,123","221,222,221","124,127,128","164,171,173","214,225,231","193,209,219","158,176,189","145,163,177","138,156,169","118,136,148","106,124,136","163,181,193","205,223,234","182,200,211","167,185,196","129,147,158","87,105,116","123,141,154","135,152,164","128,145,161","143,160,178","130,146,165","151,167,188","169,185,208","159,174,198","156,167,188","174,182,198","222,229,243","199,205,221","174,181,196","192,197,213","213,218,235","216,222,240","215,222,240","219,226,242","237,244,254","233,242,249","183,193,204","194,204,216","225,235,244","186,197,204","128,141,147","200,213,218","197,210,218","197,207,224","207,216,234","220,231,243","227,238,246","233,244,248","241,252,251","232,244,244","189,203,200","141,156,154","204,218,219","223,237,238","229,241,242","178,191,190","144,159,155","202,217,209","153,169,156","126,142,124","145,164,140","208,224,197","221,243,207","207,232,191","184,210,168","153,181,136","138,166,120","167,198,150","171,202,154","162,195,144","174,208,155","179,215,158","171,208,150","167,206,145","177,216,155","181,220,158","189,230,166","167,208,144","166,208,140","164,207,134","163,207,130","167,210,132","163,206,129","158,202,124","196,240,162","178,222,144","167,211,132","172,216,137","170,215,135","158,202,123","154,198,117","153,197,116","161,206,124","167,211,129","166,211,129","166,210,128","165,210,129","157,205,126","146,196,122","155,206,134","151,201,129","149,199,127","161,212,140","165,216,144","159,209,138","156,205,135","163,212,142","175,223,154","169,215,147","179,225,159","165,211,145","169,215,150","160,204,141","156,199,136","163,206,143","159,199,137","139,177,115","176,237,157","186,247,167","191,252,172","187,248,168","181,242,162","181,242,162","187,248,168","191,252,172","190,252,171","182,243,163","181,242,162","182,243,163","182,243,163","183,244,164","184,245,165","185,246,166","185,246,166","186,247,167","186,247,167","184,245,165","182,243,163","181,242,162","183,244,164","184,245,165","184,245,165","180,241,161","177,238,158","174,235,156","176,237,157","180,241,161","183,244,164","183,244,165","181,242,162","179,240,160","180,241,161","182,243,164","188,247,171","191,248,175","189,246,175","188,245,174","188,245,174","189,246,175","188,244,173","184,241,170","180,237,166","179,236,165","182,240,168","186,243,171","189,246,174","190,247,176","188,246,174","189,246,175","191,248,177","194,251,177","194,252,173","192,250,165","189,247,160","193,251,164","195,253,166","191,249,162","192,250,164","194,252,167","195,252,168","192,250,165","195,252,168","202,255,175","202,255,176","195,252,169","191,249,165","194,252,168","197,254,172","198,254,173","195,253,169","193,249,166","183,241,157","192,247,168","197,250,176","205,253,187","195,238,180","200,234,189","224,248,217","193,222,189","136,159,132","56,75,53","23,33,22","9,16,9","17,25,16","17,25,16","6,10,4","13,21,9","16,23,13","15,19,12","10,15,10","62,66,64","105,109,108","76,82,85","16,21,28","11,14,25","34,43,58","2,11,28","12,17,40","89,102,127","117,134,160","117,136,164","110,132,161","84,109,138","61,87,116","91,119,148","50,73,95","129,143,153","139,147,148","141,149,148","118,127,126","81,90,89","155,165,164","113,122,121","46,57,57","39,46,46","43,52,53","23,30,32","48,53,56","104,109,113","91,95,99","105,106,111","142,143,147","83,82,87","96,97,102","166,170,176","202,211,216","198,209,217","214,227,236","213,228,237","204,220,232","127,143,155","64,79,89","102,114,121","152,160,165","119,124,127","83,86,87","240,242,243","204,208,211","159,166,172","185,196,205","160,177,189","133,151,166","144,163,178","166,184,198","150,166,181","159,175,190","140,156,171","157,173,188","169,185,199","180,196,211","185,201,216","165,181,197","125,141,157","160,175,194","173,188,207","203,218,237","185,200,221","177,193,214","160,175,199","143,156,180","148,159,179","122,129,146","234,237,251","198,201,216","202,206,222","228,232,242","221,227,237","201,206,222","208,214,228","224,231,242","223,230,241","219,227,236","216,225,232","202,211,216","217,227,228","207,218,216","170,182,179","210,222,217","219,232,230","102,115,119","122,135,139","172,187,187","202,216,211","205,220,211","209,225,212","225,243,226","217,236,218","226,246,228","212,232,217","217,238,224","162,183,169","96,118,102","96,118,98","143,167,143","110,136,105","121,148,111","152,180,139","147,179,131","150,186,133","160,196,141","169,205,149","175,213,155","171,209,150","196,236,176","181,222,160","187,229,166","175,217,151","177,220,152","181,224,155","169,214,144","172,218,146","166,213,140","170,219,145","163,211,137","156,205,129","155,202,124","165,213,131","176,225,141","170,218,134","158,207,123","175,223,139","162,211,127","153,201,117","158,207,122","165,214,128","165,214,128","165,213,127","162,211,125","156,205,119","154,203,117","154,202,116","152,200,114","147,196,111","142,193,109","141,196,114","154,209,128","147,202,122","144,199,118","158,213,134","161,215,136","150,204,126","145,198,120","149,202,125","153,204,129","146,196,122","162,212,139","152,202,129","164,214,141","160,208,136","155,202,130","160,206,135","147,191,123","109,152,86","194,255,175","195,255,176","193,254,174","188,249,169","185,246,166","186,247,167","190,250,171","189,248,170","182,243,163","189,250,170","191,252,172","192,253,173","190,251,171","188,249,169","187,248,168","188,249,169","187,248,168","184,245,165","190,251,171","187,249,168","184,246,165","183,244,163","183,244,164","183,245,164","186,248,167","187,248,168","184,246,165","179,241,160","179,241,160","182,244,163","183,245,164","181,243,162","178,240,158","177,239,157","180,242,160","184,246,165","183,243,165","183,242,165","184,243,167","184,242,167","182,240,165","178,237,161","175,234,158","174,233,157","172,231,155","172,231,155","175,234,158","179,238,162","185,243,168","186,245,169","186,245,169","186,245,169","189,248,172","192,252,174","190,249,168","183,241,154","179,238,148","182,241,153","187,245,157","187,245,157","189,247,159","191,249,163","191,249,163","188,247,161","188,247,161","192,250,165","191,249,165","188,246,162","187,246,161","191,250,166","193,252,168","192,250,166","190,249,164","198,252,170","180,240,154","196,252,173","195,248,176","184,231,168","181,221,169","200,233,193","203,228,199","124,145,123","27,42,27","18,29,20","26,33,27","18,22,19","21,23,21","28,28,27","26,25,24","29,27,24","12,11,7","29,26,23","16,13,11","29,27,27","74,73,75","119,120,125","103,106,114","21,25,37","0,5,20","6,17,35","88,103,124","107,124,148","99,118,144","110,132,159","116,142,169","102,131,158","136,166,193","117,148,176","91,117,139","148,164,174","104,113,116","92,100,100","83,92,92","34,42,42","71,81,80","87,97,96","132,144,144","186,198,198","111,121,123","48,58,60","82,90,93","168,173,177","209,213,217","199,199,205","200,201,207","136,135,142","102,101,109","174,178,183","211,219,225","171,182,191","155,169,178","145,162,172","148,164,179","219,235,243","211,225,234","173,185,194","159,166,173","121,125,129","83,86,89","220,222,224","216,220,224","178,187,194","173,185,195","140,156,170","136,154,169","166,185,199","191,209,223","190,206,221","193,209,223","176,192,207","182,198,212","197,213,225","198,214,227","194,210,226","174,190,206","135,151,167","209,225,242","211,225,239","204,219,236","125,141,160","126,141,160","162,178,197","185,200,217","183,196,209","97,105,116","240,247,249","214,219,227","197,204,214","223,230,236","220,227,233","208,215,224","236,243,251","242,250,251","239,249,249","241,253,252","189,201,199","115,128,122","123,138,128","181,196,184","195,209,196","168,183,167","214,231,217","234,252,240","224,245,231","226,246,229","223,242,222","209,229,205","190,214,184","177,204,169","181,209,174","184,214,178","124,154,120","161,192,160","125,157,123","106,138,104","158,190,153","192,223,184","162,198,150","185,223,168","170,211,153","151,193,132","147,190,127","154,198,134","174,217,154","189,232,168","161,208,142","188,234,167","183,230,162","178,226,157","180,228,157","186,234,162","178,226,154","166,216,141","184,235,160","182,234,156","168,221,143","180,232,154","186,238,159","173,225,144","170,222,138","184,237,150","185,236,151","159,212,125","149,199,115","170,223,136","176,228,142","171,223,138","164,217,130","165,216,130","172,225,138","172,224,138","159,212,126","157,208,122","161,213,127","163,214,128","156,207,122","149,202,117","150,206,124","158,215,132","143,197,117","136,190,110","154,209,129","160,214,134","152,206,126","150,204,125","153,205,128","138,190,114","142,194,119","147,197,123","143,192,118","153,203,128","152,202,128","148,196,123","150,196,125","144,191,120","108,153,87","189,249,170","189,250,170","189,250,170","186,247,167","182,243,163","184,244,165","192,250,173","193,250,174","181,242,162","189,250,170","190,251,171","187,248,168","184,245,165","182,243,163","186,247,167","191,252,172","189,250,170","182,243,163","191,252,171","189,252,169","188,252,168","189,252,169","190,252,170","186,250,166","189,252,169","193,255,173","187,251,167","187,251,167","189,253,169","190,254,170","188,252,168","183,247,163","179,243,159","180,244,160","185,249,165","190,254,170","191,254,171","192,253,171","194,255,173","195,255,174","196,255,175","193,254,172","190,252,169","191,253,170","193,254,172","194,254,173","193,254,173","193,254,172","192,254,172","191,253,171","190,251,169","189,250,168","190,251,169","190,252,168","192,253,168","193,253,164","189,249,159","187,247,157","190,250,160","192,252,162","190,250,160","185,245,156","181,241,153","181,241,154","184,244,158","180,240,154","177,237,151","181,241,155","187,247,162","190,249,165","188,247,163","181,240,156","176,237,151","182,243,155","173,233,147","190,245,168","187,238,168","164,208,149","188,222,178","207,234,203","136,158,134","10,26,10","24,32,27","38,42,42","33,33,37","18,17,21","21,17,22","34,29,34","37,30,34","27,20,22","25,18,18","21,12,10","24,17,13","16,10,8","27,23,23","97,95,97","127,128,134","26,29,39","12,16,29","14,26,41","96,111,130","86,106,125","89,111,133","104,128,152","106,133,157","108,139,164","143,175,199","124,155,181","119,147,166","182,198,208","159,167,172","120,126,129","72,80,82","26,35,37","92,102,103","205,215,216","198,209,209","206,218,218","198,209,210","145,155,156","122,130,133","174,179,183","220,224,229","168,168,176","148,148,156","104,103,112","52,51,61","133,137,146","171,179,188","127,138,147","143,157,166","125,141,151","165,181,196","210,226,233","165,179,188","157,168,177","183,191,197","155,160,163","92,96,99","192,193,198","235,238,243","189,196,205","200,211,223","179,195,209","184,202,218","201,220,231","190,206,214","175,191,202","159,175,187","123,140,151","143,159,171","198,214,223","218,234,241","215,230,238","189,205,215","137,153,166","218,235,247","219,234,239","218,234,245","173,189,201","174,190,202","195,211,222","211,226,235","221,234,236","152,164,169","209,221,222","211,221,223","179,190,192","205,217,219","200,211,213","189,201,201","234,245,245","234,246,245","235,246,243","232,249,240","234,252,239","188,206,190","154,172,153","164,183,160","148,169,144","57,78,51","170,194,165","204,229,201","192,223,190","176,207,170","157,190,148","136,170,124","114,149,99","98,135,82","104,144,90","123,164,111","116,157,106","132,173,123","154,197,146","169,212,160","158,203,148","130,178,117","148,196,131","125,174,104","132,182,111","122,172,103","124,172,105","130,178,112","148,195,129","163,212,144","133,183,116","146,196,127","144,194,124","152,203,132","151,202,129","148,200,126","143,195,121","140,193,117","157,210,134","159,212,134","132,186,108","148,201,123","152,205,127","146,199,118","137,191,108","144,198,114","164,217,134","144,197,113","131,184,101","156,210,126","159,212,128","156,209,126","152,205,122","151,204,122","160,213,131","164,217,135","160,213,131","163,216,134","171,224,142","172,225,143","166,218,137","160,213,132","165,219,140","179,233,153","166,218,141","156,208,132","170,222,146","173,225,149","166,218,141","164,215,140","167,217,143","156,206,132","182,230,159","157,204,133","162,208,137","155,201,130","157,203,132","151,196,127","146,190,122","158,204,136","115,161,97","176,239,158","179,241,161","180,242,161","176,238,158","172,234,154","173,235,154","178,240,159","179,242,161","173,235,154","186,248,168","184,247,166","180,243,162","179,241,160","180,242,161","184,246,165","186,249,168","187,250,169","187,249,168","189,252,169","184,248,165","181,246,162","181,246,162","180,245,161","176,241,157","178,243,159","181,246,162","176,240,156","178,242,158","181,245,161","182,247,163","182,247,163","181,245,161","178,243,159","179,243,159","182,246,162","187,251,166","187,250,165","187,249,164","189,251,165","190,252,166","189,250,165","186,248,162","184,246,161","184,246,161","185,247,161","188,249,164","190,252,167","189,250,165","187,249,164","188,250,165","191,253,167","192,254,169","192,254,169","192,253,167","192,254,166","192,253,163","189,251,160","188,250,160","192,254,164","194,255,166","193,255,166","192,253,165","192,252,167","193,252,167","189,251,165","187,248,162","185,246,160","188,249,164","193,252,169","194,253,171","190,250,167","182,244,159","173,235,149","165,227,139","198,252,174","186,241,165","196,246,178","202,244,188","202,234,193","152,175,149","59,76,59","27,37,28","51,55,56","38,38,42","18,14,21","20,14,21","24,16,23","30,21,28","31,22,27","15,7,8","27,18,17","22,11,7","12,3,1","48,40,37","98,92,89","125,122,122","98,98,102","29,32,39","12,16,27","18,29,42","88,104,119","85,105,121","106,129,147","99,124,145","70,97,118","78,108,130","102,134,156","111,142,164","96,123,141","192,209,219","165,173,179","97,103,108","49,57,61","53,61,64","159,169,170","209,219,220","165,177,177","201,212,212","224,234,234","197,207,207","142,150,152","142,147,151","238,242,246","239,239,243","204,204,212","177,175,184","72,71,80","134,137,146","196,203,212","165,175,184","164,176,186","177,191,203","198,214,229","157,173,187","53,62,74","52,59,70","142,149,156","159,162,166","73,75,78","157,158,161","232,236,240","160,167,175","196,206,218","184,199,213","174,192,207","200,219,229","228,243,249","208,224,231","204,219,228","148,163,172","120,135,145","185,201,210","224,238,245","229,243,248","216,231,235","174,189,198","228,243,247","222,235,240","225,240,245","195,211,214","189,206,208","204,220,222","222,238,238","228,243,240","178,195,189","176,195,186","230,243,239","208,224,217","216,235,226","212,230,223","207,222,216","228,243,235","211,231,217","236,255,241","205,229,208","227,247,228","225,249,222","205,231,200","188,215,181","153,183,144","93,122,82","172,204,161","166,203,156","155,195,145","141,182,129","137,179,121","142,186,123","148,192,127","146,192,124","136,184,116","134,183,115","154,202,137","149,199,135","152,203,140","161,212,149","155,208,142","143,198,126","171,228,150","145,202,121","152,208,127","161,215,139","161,213,143","143,194,126","143,194,126","169,221,151","149,201,131","146,198,128","160,213,141","164,216,144","147,200,126","134,187,113","139,192,118","148,202,126","148,202,126","158,212,135","150,204,127","148,202,126","146,200,123","155,208,129","149,202,121","137,190,109","151,204,123","148,201,120","141,194,113","145,198,117","135,188,108","135,188,108","137,190,110","133,186,107","133,185,107","134,186,109","137,189,112","137,190,113","138,190,113","138,190,113","138,191,114","131,183,106","124,176,100","150,201,125","157,206,133","144,192,119","140,189,115","143,192,118","146,195,121","149,197,124","151,196,126","147,193,123","163,209,141","153,197,130","168,211,144","161,204,137","161,204,137","158,201,134","154,196,131","160,204,139","126,172,109","176,239,158","182,246,164","183,247,165","178,243,161","176,239,158","176,240,159","179,243,161","181,244,163","181,246,164","183,247,165","178,243,161","176,239,158","178,242,160","183,246,165","183,247,165","179,244,162","178,241,160","180,245,163","183,248,164","180,245,161","179,244,160","182,247,163","181,246,162","175,240,156","174,239,155","172,237,153","164,229,145","169,234,150","174,239,155","175,240,156","178,243,159","179,244,160","178,243,159","177,242,158","179,244,160","183,248,162","185,249,162","186,249,162","187,249,162","186,248,162","184,246,158","181,243,157","180,242,154","179,241,154","176,239,152","180,242,155","183,245,158","179,242,155","177,239,153","179,242,154","184,246,160","187,249,162","187,249,162","184,247,159","184,247,157","184,247,157","182,245,154","182,245,154","184,247,158","184,247,158","183,246,157","185,247,160","188,249,164","191,252,167","191,253,167","188,250,164","186,248,163","188,250,165","192,254,169","194,255,171","191,252,168","185,247,162","183,243,160","190,244,166","192,250,169","182,236,160","186,235,169","198,239,185","188,221,181","117,140,115","28,43,29","42,48,44","44,43,48","17,14,21","12,5,14","30,20,29","24,14,22","21,12,16","32,22,23","16,7,6","23,13,9","19,8,2","18,9,2","74,67,60","100,94,89","76,74,72","38,39,41","17,22,26","13,19,27","8,21,31","119,136,149","110,130,144","89,111,128","65,89,108","64,89,110","109,136,157","138,166,187","163,192,213","45,70,87","69,83,96","89,96,106","59,65,73","19,25,32","49,53,59","170,180,183","204,214,216","203,214,215","228,239,239","207,218,217","133,143,142","81,89,90","129,134,136","237,241,243","188,189,193","242,242,245","243,242,248","105,104,112","137,139,147","222,228,236","223,231,240","203,213,224","222,234,246","224,239,249","129,144,156","123,133,143","139,147,156","110,116,122","59,61,65","55,55,58","119,119,121","229,230,234","138,143,150","184,193,203","207,222,235","192,209,223","172,189,201","164,180,187","164,179,183","230,245,250","216,231,237","135,149,155","195,209,213","237,249,251","203,217,219","156,171,175","148,164,166","161,176,176","238,249,249","220,235,232","134,150,144","108,126,118","171,187,179","239,253,246","235,252,241","207,230,211","137,165,144","221,240,228","223,247,230","220,247,227","214,241,220","195,221,201","165,191,169","123,154,126","146,178,148","103,136,102","176,208,173","152,186,145","138,173,129","148,184,137","148,186,135","169,208,154","139,181,125","153,198,139","162,211,148","154,203,137","145,194,124","141,192,117","141,193,115","142,194,116","129,183,105","131,184,108","143,198,124","140,196,123","145,201,131","156,213,142","151,208,135","128,187,109","141,203,120","137,198,113","145,205,120","149,205,126","147,200,126","128,181,109","130,182,111","163,216,145","163,216,144","162,216,142","175,228,154","172,226,152","160,214,139","154,208,133","159,213,137","162,216,140","155,209,131","158,211,135","169,223,146","163,216,140","158,211,134","167,221,142","171,224,144","168,221,141","175,228,149","162,215,136","154,207,128","159,212,134","155,208,131","157,210,134","158,210,134","150,202,126","142,194,118","141,193,119","152,204,129","154,206,132","152,204,130","157,209,134","167,219,145","156,208,134","125,175,101","135,185,112","147,194,122","139,186,114","127,174,103","128,175,105","133,180,110","131,177,107","122,167,99","121,166,98","130,175,108","132,174,109","143,185,120","132,174,109","135,177,112","141,183,119","139,180,116","131,173,110","99,145,83","175,240,158","183,250,167","183,249,166","178,244,162","178,245,162","182,248,166","181,249,166","183,248,166","190,254,174","187,252,171","180,247,164","178,244,161","180,246,164","183,250,167","183,249,167","178,246,163","180,245,163","184,249,167","187,252,168","183,248,162","182,248,162","185,251,164","185,251,164","181,247,160","182,248,161","183,248,162","177,242,156","178,244,157","178,244,158","178,244,158","182,248,161","186,252,165","187,253,166","183,249,162","184,250,163","188,253,167","188,253,167","190,253,167","192,254,169","190,253,168","187,251,164","186,250,164","189,252,165","188,251,165","184,248,161","184,248,161","186,249,163","182,246,159","179,243,157","180,244,157","184,248,162","187,251,164","186,250,163","183,247,160","180,244,156","176,240,151","174,239,148","174,238,148","175,239,152","174,238,151","173,237,150","175,239,153","180,244,158","183,247,161","183,247,161","180,244,158","175,239,155","176,239,155","178,241,157","180,243,159","177,241,157","174,238,154","173,236,152","177,238,154","158,220,137","194,244,175","191,238,176","209,245,198","192,220,186","115,136,113","34,46,35","45,49,48","159,158,163","30,24,33","12,4,13","25,14,21","27,17,20","19,10,11","22,14,12","54,45,39","96,87,78","91,82,74","42,33,25","33,28,19","28,26,19","22,22,19","35,38,38","57,66,69","23,34,40","60,73,82","102,120,132","134,155,169","123,145,162","103,125,144","121,144,166","171,195,217","184,209,231","170,195,217","56,76,96","149,160,178","206,211,223","133,138,148","33,37,48","11,15,23","35,44,49","57,66,69","88,100,101","174,186,186","128,138,138","145,155,154","164,172,172","135,141,142","180,184,187","203,204,208","145,146,151","93,93,98","46,46,52","74,76,81","119,123,128","130,137,144","116,126,135","58,69,80","43,55,66","21,27,39","52,59,69","50,55,63","31,32,38","16,17,20","17,16,18","65,64,66","223,224,226","139,143,149","165,174,183","189,201,214","157,172,185","92,107,117","52,67,71","61,77,77","64,79,79","146,162,163","192,208,208","187,203,203","208,223,223","224,238,237","210,224,222","207,224,218","203,220,213","184,201,190","93,110,96","80,99,81","145,164,144","210,227,206","228,245,223","217,243,214","197,230,198","67,104,69","157,193,159","131,168,133","112,149,113","79,117,82","54,94,57","70,110,71","61,101,60","99,139,96","118,160,113","145,189,139","133,178,124","109,154,98","104,149,89","113,161,97","115,163,98","115,165,99","125,175,108","144,196,125","134,186,113","124,178,99","124,179,97","133,187,104","142,197,114","125,179,97","128,182,104","133,189,113","129,185,112","124,180,109","136,193,121","144,200,128","126,183,107","131,190,110","153,212,128","138,197,113","128,184,104","124,177,102","120,172,98","123,175,101","140,192,117","150,202,127","160,213,137","147,199,124","140,192,117","136,189,113","146,198,122","147,199,122","139,190,112","145,197,118","132,184,107","153,206,127","153,204,126","147,200,121","138,191,111","139,192,112","154,207,127","165,218,139","158,211,131","159,212,134","169,222,144","165,218,142","162,214,139","166,218,144","169,221,147","160,212,138","158,210,136","165,217,143","160,212,140","148,200,128","144,196,124","152,204,131","164,216,142","170,222,147","160,212,137","168,217,144","171,221,148","161,211,138","157,207,134","162,212,140","161,210,139","151,198,128","141,188,118","152,199,129","160,205,139","159,204,137","142,187,120","147,192,125","158,202,136","152,195,130","130,174,110","119,164,101","168,236,153","179,247,164","174,243,160","169,237,154","173,241,158","180,248,165","177,245,162","173,241,158","187,255,172","184,252,169","181,249,166","177,245,162","175,243,160","175,243,160","176,244,161","179,247,164","183,251,168","188,254,171","188,253,169","182,248,162","179,245,158","179,245,158","179,245,158","178,244,157","185,251,164","192,255,171","190,254,169","187,252,166","182,248,161","181,247,160","183,249,162","188,254,167","189,255,168","183,249,162","183,249,162","187,253,167","185,249,165","184,248,164","187,251,167","187,251,167","184,248,165","187,251,167","193,254,173","193,254,173","188,251,169","189,252,169","190,253,170","188,251,168","186,250,166","186,249,166","187,251,168","188,252,168","187,251,168","186,250,165","186,249,164","185,249,162","182,247,158","181,245,158","184,248,161","185,249,162","184,248,161","185,250,163","188,252,166","189,253,168","188,252,166","185,249,164","181,245,161","180,245,161","181,245,161","181,245,161","179,243,160","176,239,157","179,240,158","195,248,173","175,236,154","175,230,156","154,201,139","182,221,173","154,184,150","88,108,87","51,63,53","36,39,39","144,141,147","45,38,46","21,12,20","32,21,27","27,17,17","18,8,4","32,24,16","82,74,63","184,176,163","142,134,124","59,51,43","30,25,18","66,65,60","132,134,131","137,142,143","66,75,79","116,127,134","161,176,187","70,85,99","135,153,169","149,168,188","107,128,150","88,109,132","115,134,159","128,147,171","98,118,143","157,174,198","166,175,196","183,188,206","126,130,146","70,76,88","75,82,91","36,45,53","78,87,92","54,65,67","37,49,49","21,32,31","47,57,55","56,64,64","37,43,43","59,64,64","84,85,88","113,114,117","78,78,83","119,118,123","88,88,93","31,33,39","26,31,38","62,69,78","80,88,99","61,71,82","44,54,64","39,47,56","98,104,112","118,119,125","78,77,80","46,43,44","37,36,37","137,137,138","112,114,120","108,114,123","106,115,127","118,132,143","99,114,120","56,71,71","75,90,87","14,22,19","57,72,69","159,174,171","118,133,130","125,141,136","121,137,130","90,107,97","164,180,169","180,197,183","164,183,163","157,176,152","161,181,153","186,207,175","174,195,160","136,159,121","136,165,124","129,168,123","107,151,104","97,144,97","62,108,61","99,146,99","120,166,119","97,144,96","86,134,85","99,147,96","126,176,123","110,160,104","138,190,130","156,209,145","150,204,137","140,194,124","141,196,123","144,201,127","127,183,108","131,185,112","161,214,140","151,205,128","139,193,112","131,186,103","128,182,98","129,184,100","103,156,75","114,167,89","128,181,106","128,181,109","135,188,120","154,206,139","159,212,142","138,191,119","136,190,115","146,202,122","112,169,87","122,176,96","128,181,103","127,180,101","126,179,100","131,184,105","147,200,120","159,212,132","141,193,113","136,189,108","137,188,108","144,194,115","145,195,116","141,191,112","151,201,120","134,185,105","140,192,110","136,188,106","136,187,106","140,192,109","142,195,112","140,193,111","138,191,110","143,196,116","150,203,123","144,197,118","135,188,109","136,189,113","130,182,106","118,170,94","122,174,100","129,181,107","137,189,114","136,188,116","132,184,112","130,182,110","132,184,111","137,191,115","141,196,119","133,188,111","141,196,119","149,204,127","140,193,118","135,187,113","142,194,120","150,202,128","146,198,124","130,181,109","143,193,122","153,204,132","147,197,126","136,184,115","140,188,119","148,195,127","137,185,116","116,162,95","111,156,91","176,244,161","185,252,171","177,245,163","170,239,156","176,244,162","185,252,170","179,247,165","171,240,157","186,254,172","176,245,162","178,247,164","180,249,166","179,248,165","177,246,163","177,246,163","179,248,165","179,248,165","177,245,160","185,250,167","183,249,163","182,248,161","184,248,163","184,248,163","182,247,161","184,250,164","187,252,167","183,248,162","187,252,167","185,251,165","181,247,161","182,248,162","187,252,166","187,253,167","180,246,160","180,246,160","184,250,166","182,246,163","181,244,163","184,247,166","182,245,165","178,241,160","181,244,164","188,251,170","188,251,170","181,244,163","182,245,164","187,250,169","186,249,168","186,249,168","185,248,167","184,247,167","184,247,166","185,248,167","185,249,167","189,251,169","192,255,171","187,253,165","183,249,162","186,252,164","187,253,166","186,252,165","184,250,164","183,248,164","182,247,163","180,245,161","180,245,161","182,247,164","185,250,168","187,252,170","187,252,170","184,249,167","181,246,163","177,242,157","178,240,156","195,254,175","184,237,166","200,245,187","210,248,202","123,151,118","54,73,52","71,81,72","5,8,7","9,7,11","17,11,18","32,24,29","30,21,23","56,48,45","87,79,71","89,82,70","94,89,77","181,176,159","183,178,165","127,123,115","88,86,80","142,142,139","215,217,217","179,185,187","72,82,87","183,196,204","125,141,154","23,32,49","112,127,146","144,162,184","104,124,147","71,90,115","82,100,127","109,127,154","74,92,121","118,132,161","97,106,131","126,132,153","86,91,110","102,108,121","215,222,229","160,168,177","186,194,200","205,215,218","137,148,148","76,86,86","93,103,102","93,102,100","36,43,41","29,36,34","101,103,105","179,181,182","227,227,231","228,227,231","119,119,123","42,43,49","94,97,103","186,190,199","171,178,187","197,206,216","185,194,204","142,149,158","120,123,131","176,176,181","215,213,216","140,137,138","74,71,72","150,150,151","24,25,28","33,38,45","55,62,73","49,58,68","43,56,60","70,85,83","106,123,117","69,86,80","49,66,60","61,78,71","47,62,54","60,76,65","80,98,86","68,86,72","43,59,42","74,94,71","54,74,46","66,88,54","93,116,77","113,136,93","123,146,101","131,157,109","140,174,122","134,180,125","147,199,142","59,111,56","77,128,74","116,168,113","107,158,104","63,116,61","52,107,50","105,160,102","138,195,134","89,146,82","140,198,129","156,215,143","142,202,127","128,190,112","141,203,123","176,238,158","131,190,111","123,179,103","154,208,132","136,189,111","110,164,82","89,142,60","78,132,49","89,143,60","86,138,59","128,181,105","147,199,127","133,184,115","152,204,137","168,219,154","151,202,135","134,186,117","157,210,138","161,213,139","150,203,124","142,195,115","142,195,114","132,185,103","126,179,97","144,196,114","166,218,136","160,213,130","162,214,131","158,210,128","162,213,130","154,204,123","155,205,123","168,218,136","159,209,127","160,210,129","146,196,113","138,187,105","149,199,117","162,214,131","167,219,136","161,215,131","151,204,122","154,207,125","158,211,129","142,195,115","140,193,113","154,207,128","151,204,125","139,191,114","147,199,123","146,198,123","137,189,114","133,185,110","136,188,114","140,192,117","138,191,116","132,187,110","127,184,105","127,184,105","129,186,107","128,185,106","124,179,101","123,177,100","127,181,105","130,184,108","129,182,107","126,179,104","127,180,106","131,183,109","128,180,106","126,178,106","129,180,108","134,185,113","135,186,115","126,175,104","103,148,80","175,242,159","176,240,161","177,242,161","174,241,158","179,245,163","190,252,174","189,253,175","179,246,163","188,255,174","179,245,163","182,250,167","189,254,174","192,255,176","188,254,174","185,252,170","183,252,169","180,247,164","170,237,154","182,247,164","185,251,166","184,249,165","184,247,165","184,247,164","185,250,167","187,252,169","187,252,169","185,248,167","189,252,171","188,252,169","185,250,167","187,251,170","191,254,174","191,254,175","185,250,169","184,248,167","187,252,171","187,251,170","188,250,169","189,251,171","188,250,171","184,247,165","182,245,165","188,251,169","190,251,172","184,246,166","182,245,164","185,248,167","188,251,170","190,251,173","188,251,169","186,249,169","187,250,169","188,251,170","188,251,170","190,252,170","191,254,169","184,251,162","179,246,157","179,247,157","180,247,159","178,246,158","176,243,155","174,241,154","173,239,154","172,239,153","171,238,152","172,238,153","172,238,155","174,240,157","175,241,158","175,241,158","175,241,157","180,243,160","196,253,170","187,240,161","176,225,155","173,212,155","144,177,131","67,93,60","29,47,27","52,62,52","10,13,10","25,24,25","14,10,13","22,15,17","24,17,16","120,112,108","220,213,203","234,228,213","224,219,200","238,236,217","232,232,221","111,113,107","87,91,87","119,124,122","182,189,190","172,180,183","42,53,58","70,83,92","13,23,35","6,21,38","105,123,142","140,160,181","118,139,163","85,107,133","65,88,116","81,104,134","85,108,139","92,112,143","104,121,150","164,177,204","113,123,147","61,70,90","149,156,171","223,229,236","124,130,137","178,185,189","216,225,227","157,166,169","163,173,176","173,183,185","118,128,129","85,94,96","61,68,70","47,52,54","106,109,110","149,151,152","82,83,84","49,48,51","137,137,141","222,223,228","126,128,135","87,91,100","189,192,202","122,125,134","114,114,124","172,171,179","221,219,226","206,205,210","132,132,134","127,128,131","53,56,59","140,147,148","188,197,200","151,164,165","111,129,127","132,155,148","155,182,172","125,151,140","26,53,41","27,54,40","82,109,92","86,114,95","92,121,98","120,149,122","107,137,106","132,163,124","87,119,75","101,134,83","135,168,111","118,153,91","116,151,85","136,174,105","126,170,101","133,188,122","124,183,119","51,109,48","90,148,88","109,167,109","81,139,81","55,113,55","68,127,67","87,146,83","109,171,101","68,130,57","130,192,114","140,203,122","129,193,109","113,177,93","110,175,89","149,213,127","110,173,89","95,155,74","108,167,86","99,157,75","87,146,62","72,130,46","53,112,28","52,109,26","61,117,36","96,153,75","124,180,104","126,182,108","149,204,131","150,205,134","126,181,109","124,179,105","150,207,132","135,190,115","130,185,107","131,185,107","139,192,114","124,177,98","113,166,86","138,191,111","155,209,127","136,190,107","154,207,123","146,199,116","154,206,123","138,191,107","135,188,103","156,208,125","138,191,107","152,205,122","133,186,103","130,181,99","144,196,113","144,196,115","145,197,116","150,203,122","138,191,110","144,197,116","159,212,131","148,201,122","144,197,118","147,200,121","148,201,122","147,200,122","153,206,128","149,202,126","145,198,121","135,188,111","138,190,114","153,205,129","159,211,136","149,203,126","140,194,117","145,199,122","146,201,124","143,198,121","143,197,120","145,199,123","146,199,124","141,194,119","140,193,118","152,205,130","144,197,123","138,189,117","134,185,112","130,181,111","128,179,108","131,182,110","138,189,118","138,188,117","113,158,89","165,230,148","160,226,144","168,234,151","169,235,153","170,236,154","179,242,162","184,247,168","176,242,159","177,244,161","181,246,164","181,247,164","184,249,168","187,250,170","183,247,167","179,244,162","180,246,163","182,247,165","173,238,156","182,247,165","188,252,170","184,249,167","177,242,160","174,239,156","180,245,163","183,248,166","182,247,166","185,248,169","188,252,172","186,251,170","184,249,169","185,249,171","187,250,173","187,250,174","185,249,172","186,250,173","190,253,176","188,251,172","187,250,168","189,252,169","191,254,172","190,253,170","186,250,167","192,254,172","197,255,178","193,254,174","191,253,172","194,253,174","197,255,177","197,255,177","191,254,171","188,252,169","191,254,172","194,255,175","195,255,174","193,255,172","191,255,169","186,254,164","184,252,162","184,251,162","184,251,163","183,251,162","182,251,162","182,251,162","184,251,165","187,251,168","184,250,165","179,247,160","175,243,157","172,240,155","172,240,155","173,241,156","175,242,157","182,243,160","193,246,164","190,238,159","204,247,178","155,192,133","61,91,50","17,41,11","23,40,17","21,32,18","9,13,8","25,25,23","20,17,17","22,17,17","27,21,18","86,79,74","180,174,164","242,237,223","242,237,219","240,239,223","237,239,231","147,152,148","64,72,70","59,67,66","123,133,133","139,150,152","46,57,62","44,57,65","6,16,27","8,25,39","76,94,112","101,122,143","81,104,129","56,81,108","65,92,122","118,146,177","98,126,160","58,85,119","60,83,117","120,140,171","142,158,186","97,109,132","72,80,98","138,144,153","61,64,73","145,149,155","120,125,130","149,158,162","180,191,196","189,201,207","165,177,182","95,108,110","66,76,78","22,31,32","93,98,97","151,156,152","97,100,96","46,46,44","99,100,99","191,191,192","140,139,143","49,48,54","193,192,200","140,138,148","137,134,145","140,138,149","147,146,156","179,179,186","108,110,115","85,90,92","75,80,79","146,154,149","200,209,203","203,215,208","181,201,193","162,194,181","143,179,164","185,221,205","69,105,87","21,53,34","32,67,45","61,99,72","69,108,77","68,107,71","99,139,97","150,192,142","69,111,55","103,147,82","134,178,108","146,192,115","155,202,121","151,199,117","127,181,100","138,200,125","150,214,144","73,137,71","87,150,88","96,158,99","76,138,79","56,118,59","68,130,68","104,166,98","96,160,85","75,140,60","123,187,103","146,212,124","145,210,121","130,195,105","120,185,97","133,197,110","111,175,88","120,183,97","112,175,89","114,177,91","109,172,87","92,155,70","66,129,43","47,110,25","78,140,56","105,168,85","103,165,82","124,187,105","141,202,122","130,192,112","116,178,98","127,188,109","144,207,127","131,192,113","128,188,108","125,182,105","134,189,113","127,181,104","122,176,98","143,197,119","151,205,126","132,187,104","149,203,120","142,196,112","141,196,111","128,183,96","122,177,91","133,187,103","125,180,96","130,184,102","125,179,96","124,178,96","129,183,101","122,176,95","127,180,101","138,191,113","122,175,96","123,176,97","141,194,116","138,191,113","136,189,111","133,186,108","131,184,106","133,186,108","135,188,110","134,187,109","141,194,116","132,185,107","127,180,102","138,190,113","143,195,118","131,184,107","122,174,99","130,182,107","136,188,113","135,187,112","134,185,111","134,185,112","134,185,112","132,183,109","134,186,112","147,198,126","141,193,121","139,189,118","137,187,117","135,185,116","133,183,113","133,183,114","138,188,119","138,188,118","112,158,88","174,239,157","178,243,161","177,242,160","175,240,158","175,240,158","174,239,157","175,240,158","176,241,159","172,237,155","178,243,161","176,241,159","176,241,159","176,241,159","171,236,154","169,234,152","174,239,157","179,244,162","174,239,157","177,242,159","182,247,164","181,246,163","175,240,158","174,239,157","178,243,161","179,244,162","174,239,158","174,239,159","181,246,166","182,247,167","181,245,166","180,244,166","179,243,165","178,242,164","177,241,163","181,245,168","187,252,173","183,248,167","181,245,163","184,249,165","186,251,167","185,250,166","185,250,166","188,252,169","189,251,169","186,250,167","186,249,166","187,250,168","187,249,168","184,247,165","178,243,159","176,241,157","180,245,161","185,248,166","188,251,167","186,250,165","182,248,160","184,251,161","187,253,163","188,254,165","188,254,165","188,254,165","188,254,166","188,254,166","184,250,163","176,240,155","176,242,156","180,246,159","182,249,162","184,250,165","186,252,168","186,252,168","187,252,168","187,247,165","186,237,158","211,253,183","217,254,191","179,217,158","82,113,68","94,117,84","155,173,148","110,121,107","3,8,2","4,4,4","23,20,20","27,21,22","38,32,31","37,30,28","56,49,43","95,87,76","113,106,94","184,181,170","140,140,135","74,76,76","39,44,45","24,28,29","33,38,39","40,46,50","20,25,30","37,47,54","22,35,45","8,25,37","89,107,123","121,141,161","119,140,163","100,124,149","77,102,130","103,129,160","69,96,128","76,102,136","54,79,112","78,100,130","145,162,190","157,170,193","85,95,112","57,63,75","98,102,109","163,166,171","54,59,63","61,69,72","139,151,154","198,212,216","162,175,178","30,44,45","31,43,42","146,156,152","84,92,86","99,105,96","94,99,90","53,56,48","31,33,27","58,59,56","66,67,66","114,115,116","193,193,196","91,90,96","43,42,49","86,86,92","142,143,149","128,131,135","28,33,35","23,32,29","31,39,33","139,150,140","132,144,132","135,150,136","166,190,173","162,197,177","148,187,165","181,220,198","114,154,130","92,129,105","47,86,61","48,89,60","79,120,88","103,144,108","121,163,123","128,172,125","80,124,72","125,169,111","135,181,117","146,193,126","154,201,130","138,187,113","108,162,87","101,163,90","119,183,111","75,138,73","95,158,96","111,171,112","92,152,93","61,123,64","68,128,66","118,180,112","87,149,74","88,151,71","113,177,91","134,199,110","139,204,113","132,196,105","120,183,95","113,176,90","131,193,108","149,213,126","127,191,104","119,183,96","103,167,80","89,153,67","80,144,58","66,130,44","99,163,78","124,188,103","107,171,87","129,193,109","147,210,128","150,213,132","149,212,131","148,211,130","138,201,120","118,181,100","100,161,81","105,162,86","114,169,94","123,177,101","137,191,114","155,209,131","156,210,132","140,195,112","139,194,111","142,197,113","143,199,113","146,202,115","144,200,114","139,194,110","147,202,118","134,189,106","147,202,119","145,200,119","146,201,120","137,191,112","143,196,118","157,210,132","145,198,120","136,189,111","135,188,110","126,179,101","131,184,106","142,195,117","142,195,117","135,188,110","137,190,112","138,191,113","134,187,109","132,185,107","130,183,105","125,178,100","124,177,99","124,177,99","121,174,97","126,179,102","129,181,104","122,176,99","119,170,96","118,170,96","120,173,97","122,175,99","123,176,101","124,176,103","121,174,100","121,173,99","121,173,101","119,172,100","117,168,97","116,167,96","118,169,98","119,170,99","111,158,88","183,248,166","195,253,178","189,251,172","187,252,170","187,251,170","181,246,164","180,244,163","193,253,176","186,251,169","185,250,168","181,246,164","182,247,165","183,248,166","179,244,162","177,242,160","181,246,164","184,249,167","176,241,159","172,237,154","177,242,158","178,243,160","175,240,158","176,241,159","182,247,165","185,250,168","180,245,165","181,246,166","180,245,165","181,246,166","185,250,171","187,251,173","187,251,173","185,249,171","182,246,168","184,248,170","186,251,171","184,249,167","183,248,165","186,251,167","185,250,166","185,250,166","189,253,170","187,251,168","183,248,164","181,245,162","180,244,161","179,244,160","180,245,161","181,246,162","181,246,162","181,246,162","182,247,163","184,249,165","184,250,164","178,244,157","171,237,148","175,241,151","178,244,154","177,243,153","176,242,152","177,243,153","177,243,154","177,243,155","174,240,153","170,236,149","172,238,151","175,241,154","178,243,157","179,244,159","177,242,158","176,241,157","174,238,154","180,238,158","198,243,173","157,203,131","193,236,171","191,228,173","95,128,82","60,87,52","76,96,71","52,64,49","19,25,18","26,28,27","16,15,17","42,37,40","75,67,71","60,51,53","26,17,16","15,7,5","22,13,9","36,29,23","20,16,16","39,37,39","103,101,105","120,119,123","69,68,72","23,25,29","40,45,50","23,30,38","61,70,79","11,16,27","110,123,137","93,109,126","79,97,116","102,122,144","79,101,126","76,100,127","92,117,144","86,111,141","84,108,138","93,115,143","96,113,139","63,75,96","31,40,55","102,109,118","231,235,236","69,73,76","36,42,44","111,119,121","164,176,177","135,150,149","58,74,73","10,27,23","36,51,44","177,190,180","196,207,194","104,114,98","81,90,74","65,74,57","53,61,46","108,116,103","73,80,70","128,134,127","209,213,210","66,68,66","90,92,91","178,182,182","149,154,154","38,45,42","42,51,46","71,82,74","12,22,12","59,73,57","51,67,49","47,68,47","51,79,53","46,83,52","67,108,76","23,62,30","22,63,33","115,156,126","121,161,130","55,90,60","11,46,15","44,85,51","115,157,120","139,181,142","154,197,154","143,186,141","146,190,139","145,189,137","156,200,146","168,215,157","158,209,146","136,194,125","123,184,114","97,156,91","118,178,116","91,149,90","73,131,73","79,137,79","68,126,65","54,113,46","131,191,117","121,182,102","135,197,112","143,206,117","140,202,112","131,192,102","119,180,93","116,176,91","145,206,121","134,196,110","119,182,95","120,183,97","117,180,94","114,178,91","108,172,86","91,154,69","92,155,70","109,173,87","112,176,92","134,198,114","146,209,127","151,214,133","149,212,131","131,194,113","105,168,87","103,166,85","94,155,75","89,147,70","89,143,68","114,168,93","149,203,126","161,215,137","158,212,134","153,208,125","138,193,110","153,208,124","143,199,113","147,203,116","146,202,116","134,189,105","155,210,126","142,197,114","144,199,116","147,202,121","147,202,121","149,203,123","151,204,126","149,202,124","143,196,118","148,201,123","152,205,127","140,193,115","138,191,113","150,203,125","146,199,121","133,186,108","139,192,114","145,198,120","130,183,105","131,184,106","134,187,109","127,180,102","134,187,109","144,197,119","134,188,110","134,188,110","132,186,107","129,183,105","128,182,104","130,184,107","133,187,110","135,189,112","132,186,110","125,179,103","123,177,102","121,175,100","119,174,99","118,172,97","118,172,98","120,174,100","124,177,105","125,177,104","113,163,92","172,237,155","184,249,167","179,244,162","177,242,160","177,242,160","171,236,154","171,236,154","186,250,169","181,246,164","185,250,168","181,246,164","180,245,163","178,243,161","175,240,158","173,238,156","177,242,160","180,245,163","170,235,153","175,240,157","181,246,162","180,245,161","175,240,156","174,239,155","179,244,162","182,247,165","178,243,161","180,245,163","181,246,165","184,249,169","186,251,171","187,251,172","186,251,172","185,249,171","186,250,172","186,250,172","187,251,172","183,248,167","183,248,165","184,249,165","180,245,161","182,247,163","194,254,175","191,253,172","185,249,166","187,251,168","188,252,169","185,250,166","183,248,164","183,248,164","185,250,166","186,251,167","186,251,167","185,250,166","186,251,166","183,248,161","179,244,156","183,248,158","181,246,156","176,241,151","174,239,149","175,240,150","176,240,152","174,238,151","172,236,149","173,237,151","174,238,152","175,238,153","175,238,153","174,238,153","172,235,152","170,233,150","169,231,148","167,226,145","165,220,142","194,244,171","184,229,164","208,243,192","197,230,186","140,169,132","108,130,104","109,125,109","36,45,38","8,10,10","68,68,72","140,136,141","66,59,65","16,7,11","22,10,15","33,20,22","36,23,24","26,14,15","14,4,8","45,37,43","54,47,53","77,71,77","94,91,95","95,93,98","82,83,87","25,27,32","61,68,73","39,48,55","37,49,56","82,96,107","133,149,162","146,163,179","121,140,159","101,120,143","106,128,151","156,180,204","95,118,144","60,83,107","28,46,67","7,18,35","66,75,86","219,225,233","199,204,207","33,37,37","15,24,22","107,118,115","80,92,89","13,29,24","23,43,34","59,79,68","117,135,120","51,68,49","122,136,115","142,156,131","126,140,113","93,109,82","92,108,83","154,168,147","203,216,197","94,105,89","178,187,174","58,65,56","23,31,22","90,98,90","119,128,119","89,100,89","183,195,182","193,206,191","36,51,35","11,30,7","99,121,95","172,197,168","162,193,158","87,127,87","17,59,18","39,81,42","40,82,44","55,97,60","29,69,32","18,54,19","19,57,23","19,60,26","41,82,47","88,129,94","88,125,93","113,154,118","122,164,125","120,162,122","116,158,116","130,174,128","162,210,156","139,193,127","54,110,42","103,158,93","166,221,159","165,220,162","105,159,102","73,127,69","105,159,100","102,157,92","143,200,127","111,168,89","156,215,131","164,224,137","157,215,128","145,204,117","134,193,107","144,202,118","148,207,123","116,177,92","128,190,104","148,210,124","164,226,140","159,221,135","141,203,117","126,188,102","101,163,78","133,196,111","108,170,87","115,177,94","125,187,104","130,192,109","122,184,102","92,153,73","65,126,46","83,144,64","94,153,73","92,149,72","86,141,66","117,171,95","158,212,135","162,216,138","153,208,129","158,213,130","139,194,111","156,211,127","144,200,114","142,198,111","140,196,110","132,187,103","154,209,125","158,213,130","129,184,101","140,195,114","146,201,120","144,198,119","140,193,115","138,191,113","138,191,113","139,192,114","145,198,120","146,199,121","138,191,113","132,185,107","135,188,110","141,194,116","144,197,119","147,200,122","135,188,110","141,194,116","146,199,121","138,191,113","143,196,118","149,204,124","141,198,116","136,193,112","133,190,108","135,192,111","138,195,114","139,196,116","138,195,116","137,194,115","136,193,114","137,194,115","138,195,118","138,195,118","135,192,115","131,188,111","128,185,108","127,184,108","128,183,108","123,177,103","104,156,84","168,233,151","173,238,156","174,239,157","170,235,153","166,231,149","163,228,146","165,230,148","170,235,153","170,235,153","176,241,159","170,235,153","167,232,150","163,228,146","160,225,143","159,224,142","165,230,148","168,233,151","160,225,143","162,227,144","167,233,148","166,231,147","161,226,142","160,225,141","166,231,148","169,234,151","166,231,149","168,233,151","174,239,158","176,241,161","174,239,159","171,236,156","168,233,153","170,234,155","176,241,162","178,242,163","177,242,162","178,244,162","182,248,164","179,245,161","169,235,151","167,233,149","182,248,163","176,242,158","167,233,149","172,239,154","183,249,165","186,252,168","181,247,163","179,245,161","181,247,162","183,249,164","182,248,164","183,249,165","186,251,166","186,251,164","186,250,162","187,252,162","184,249,159","178,243,153","177,242,152","180,245,155","180,245,156","174,238,151","175,239,153","189,253,167","189,253,167","188,251,166","188,250,166","187,249,166","187,248,167","185,247,165","186,246,166","186,244,166","184,240,164","190,242,171","205,253,188","191,235,178","194,234,186","138,170,132","72,98,70","75,94,76","83,97,87","18,26,22","63,66,68","199,198,203","148,144,150","62,53,60","31,20,27","33,20,26","24,10,14","26,14,16","19,5,11","27,14,21","20,10,16","17,9,13","28,21,23","28,24,26","4,4,5","32,34,35","211,216,217","189,197,199","53,60,61","16,25,29","33,48,54","52,70,79","78,96,109","99,118,133","155,175,192","102,123,141","63,83,104","28,49,69","14,30,47","47,59,70","122,133,140","172,180,183","73,80,78","77,84,81","19,27,22","37,49,42","31,44,35","33,48,38","67,90,75","80,102,84","114,137,115","65,87,59","98,114,86","134,152,119","169,189,154","170,193,157","144,167,132","138,160,128","168,189,160","45,62,38","186,201,180","71,82,68","24,35,20","76,88,74","130,140,127","131,146,126","137,155,133","227,242,222","82,103,76","45,71,40","87,114,81","133,162,126","149,185,143","126,167,122","70,113,67","137,180,136","108,151,107","140,182,140","86,129,87","91,133,93","118,160,121","99,141,102","79,121,83","83,124,87","54,82,56","76,116,80","80,122,84","101,141,103","140,181,143","166,207,168","148,189,143","103,152,90","78,130,63","107,159,94","156,207,145","123,174,117","85,135,78","83,133,76","110,161,101","170,223,158","150,203,131","105,160,82","166,221,140","165,222,138","154,211,125","149,206,120","147,204,119","169,226,142","163,221,137","137,197,111","134,195,108","130,192,105","132,194,107","131,193,107","129,191,105","133,195,109","102,164,78","140,202,117","131,193,109","134,196,112","151,213,129","164,226,143","155,216,134","122,183,102","95,156,75","98,159,78","107,166,86","106,163,86","99,154,78","127,181,106","163,217,141","161,215,137","149,203,125","162,217,134","147,202,119","155,210,127","154,210,124","159,215,128","157,212,127","147,202,118","158,213,129","174,229,146","138,193,110","149,204,123","161,216,135","154,208,128","148,201,123","156,209,131","165,218,140","152,205,127","149,202,124","161,214,136","154,207,129","144,197,119","146,199,121","153,206,128","150,203,125","148,201,123","147,200,122","149,202,124","149,202,124","144,197,119","139,193,114","137,193,111","137,195,111","133,192,107","131,190,105","134,192,109","134,192,110","131,189,107","128,185,103","126,184,102","124,182,102","120,178,98","127,185,105","133,191,112","134,191,113","131,189,111","129,186,108","125,183,105","120,177,100","114,170,94","104,157,85","181,246,164","178,243,161","184,247,167","180,244,163","172,237,155","174,239,157","178,243,161","171,236,154","177,242,160","179,244,162","175,240,158","175,240,158","176,241,159","175,240,158","175,239,158","178,243,161","178,243,161","166,231,148","166,231,147","170,236,150","170,236,150","166,231,147","165,230,146","172,237,153","174,239,155","170,235,152","170,235,153","172,237,155","172,237,155","170,235,154","167,232,152","167,232,152","171,236,156","178,243,163","176,241,161","170,235,154","172,239,157","177,245,161","172,240,155","157,225,140","154,222,137","171,239,154","164,232,147","155,223,138","164,232,147","170,238,153","167,235,150","165,233,148","167,235,150","174,242,157","179,247,162","178,246,161","177,245,160","178,245,159","180,245,158","181,245,157","183,248,158","180,245,155","176,241,151","179,244,154","185,250,160","183,247,159","173,237,150","170,234,147","181,245,159","181,245,159","180,244,158","179,243,157","178,242,157","177,241,157","176,240,156","176,239,156","177,237,158","180,237,162","190,244,174","184,236,169","164,212,153","193,232,185","169,203,165","93,125,92","45,70,47","42,62,46","2,15,7","18,25,23","142,144,145","195,193,196","116,110,115","36,27,33","35,24,30","27,16,22","19,8,11","23,9,15","35,20,26","35,22,27","28,18,21","21,14,14","21,18,15","48,49,44","132,136,130","224,232,225","199,207,202","64,76,70","5,17,13","9,24,22","14,29,30","6,18,23","17,35,42","68,86,97","44,62,75","23,42,57","18,39,53","24,45,56","93,111,117","165,179,181","83,93,90","136,146,139","73,83,74","23,32,22","51,66,53","47,67,52","58,80,64","105,130,110","97,122,98","74,100,71","158,183,148","180,201,164","206,228,187","195,222,178","176,206,161","163,193,149","142,171,129","143,169,131","78,101,68","179,199,169","101,119,91","38,54,33","30,43,26","50,63,44","76,94,70","109,131,104","209,233,201","123,150,115","132,162,124","139,171,131","126,161,118","118,157,111","128,171,122","136,180,130","93,136,89","49,92,45","114,158,111","103,146,99","111,154,108","144,187,141","143,187,141","110,153,108","149,192,148","108,151,107","147,190,145","124,167,123","52,93,49","38,79,36","97,138,93","128,167,119","82,129,65","60,110,41","144,193,127","149,198,136","122,171,113","104,152,97","89,138,81","87,136,76","147,199,133","127,179,108","90,143,67","144,198,117","132,187,103","118,173,89","121,176,92","125,180,97","146,202,119","149,207,123","139,199,113","123,185,97","112,175,86","104,167,78","107,169,82","119,181,95","118,180,94","80,142,56","107,169,83","129,191,106","123,185,100","133,195,111","144,206,123","136,198,115","115,177,94","105,167,84","98,160,77","106,166,85","97,155,77","90,145,70","117,171,96","149,203,127","147,201,123","137,191,113","158,213,130","150,205,122","150,205,122","153,209,123","164,220,133","163,219,133","149,204,120","147,202,118","160,215,132","142,197,114","148,203,122","161,216,135","161,215,136","148,201,123","145,198,120","159,212,134","162,215,137","158,211,133","161,214,136","155,208,130","158,211,133","160,213,135","159,212,134","162,215,137","159,212,134","161,214,136","146,199,121","136,189,111","147,200,122","152,206,127","148,204,122","146,205,120","146,206,120","148,208,122","149,208,123","143,202,117","136,195,111","133,192,108","136,195,111","137,196,113","127,186,104","134,193,111","139,198,118","137,196,116","135,194,114","133,192,112","131,190,110","126,185,106","121,177,101","115,168,96","169,234,152","161,226,144","173,236,156","175,239,158","174,239,157","180,245,163","185,250,168","177,242,160","189,252,172","192,253,175","183,247,166","182,247,165","184,249,167","183,248,166","182,247,165","187,252,170","190,254,173","178,242,159","175,240,156","181,247,161","186,251,165","183,248,163","179,244,158","180,246,160","183,248,163","178,243,159","172,237,154","176,241,158","179,244,162","179,244,162","177,242,160","176,241,160","182,246,167","189,252,174","184,249,169","173,238,157","177,243,162","181,247,165","173,241,156","165,233,148","167,235,150","174,242,157","170,238,153","168,236,151","176,244,159","173,241,156","165,233,148","171,239,154","174,242,157","178,246,161","178,246,161","172,240,155","167,235,150","169,237,151","173,239,152","176,240,152","184,249,159","182,247,157","177,242,152","182,247,157","188,253,163","185,249,161","177,241,154","168,232,145","167,231,145","176,240,154","173,237,151","172,236,150","172,236,151","175,239,155","179,243,159","180,244,161","175,236,157","177,237,160","184,242,169","170,224,156","147,199,137","174,218,166","193,234,189","173,211,172","129,160,130","81,106,83","5,24,8","19,33,23","39,47,40","66,70,66","46,46,45","36,32,34","52,46,48","18,11,14","26,16,18","36,24,26","24,13,15","25,14,14","22,15,12","19,16,9","25,25,15","70,74,61","203,211,195","108,119,103","61,74,59","22,33,22","4,14,7","46,61,53","71,87,81","20,35,32","37,56,57","56,71,76","70,88,94","84,107,114","49,74,79","47,69,72","108,127,127","145,161,156","78,90,81","178,189,177","23,35,22","16,30,14","49,67,49","97,119,100","136,161,138","154,181,156","148,176,147","57,85,51","187,215,176","186,211,167","176,202,155","159,191,140","153,189,136","161,197,145","162,197,147","150,181,136","125,152,111","175,199,162","133,155,120","46,64,41","37,54,32","88,106,77","110,130,101","132,156,124","195,222,185","134,164,125","142,176,133","174,209,163","151,189,141","141,181,133","188,231,182","180,224,175","60,104,54","131,175,125","152,196,145","150,194,142","150,194,141","135,180,127","114,159,105","124,168,114","138,183,127","123,169,112","145,191,134","169,215,157","135,181,122","88,134,75","84,129,70","112,158,95","110,156,88","81,129,59","142,187,122","125,170,110","119,165,107","118,164,109","96,142,86","86,133,74","156,206,140","131,182,113","127,179,105","117,170,90","131,185,101","133,188,104","126,181,98","132,187,104","147,202,121","152,209,127","142,202,116","115,176,88","117,178,90","119,180,91","121,182,94","126,187,100","117,177,91","87,148,62","88,148,62","119,180,94","119,180,94","118,178,94","121,181,97","125,185,102","129,189,105","126,186,102","117,177,95","128,187,106","115,173,95","84,139,64","103,157,81","144,198,122","145,199,121","130,184,105","142,197,114","140,195,112","135,190,106","142,198,112","150,206,119","149,204,118","140,195,111","134,189,105","133,188,105","135,190,107","144,199,118","152,207,126","152,206,126","140,193,115","128,181,103","134,187,109","146,199,121","151,204,126","139,192,114","134,187,109","147,200,122","153,206,128","151,204,126","153,206,128","143,196,118","148,201,123","140,193,115","137,190,112","150,203,125","147,201,122","135,191,109","137,195,111","139,199,113","142,202,116","139,199,113","133,192,107","129,188,104","132,191,107","137,196,112","141,200,117","139,198,116","136,195,113","133,192,112","132,191,111","131,190,110","131,190,110","131,190,110","132,191,112","128,185,109","103,156,84","160,225,143","156,221,139","161,226,144","162,227,145","161,226,144","165,230,148","168,233,151","165,229,148","172,236,155","179,242,162","168,233,151","165,230,148","166,231,149","166,231,149","164,229,147","171,236,154","176,241,159","166,230,147","173,238,153","182,248,161","187,252,166","185,251,164","180,246,159","180,246,159","183,249,162","181,246,162","175,240,156","180,245,163","182,247,165","181,246,164","181,246,164","179,244,162","183,248,168","190,255,175","185,249,170","178,243,162","181,248,165","181,248,164","176,244,159","177,245,160","184,252,167","187,252,170","183,251,166","182,250,165","187,253,170","182,249,165","178,246,161","181,250,165","180,248,163","177,245,160","176,244,159","170,238,153","169,237,152","176,244,158","179,245,158","175,240,152","184,249,159","185,250,160","179,245,155","185,251,161","190,254,165","187,251,163","181,246,158","177,242,155","180,243,158","189,251,168","181,245,159","178,242,156","176,240,155","176,241,157","182,246,162","183,247,164","175,238,158","177,239,161","183,243,167","188,244,173","180,234,168","179,230,169","183,231,177","191,234,187","200,237,197","179,208,177","30,56,30","6,22,7","18,32,17","11,23,10","11,18,8","25,28,21","35,36,29","25,23,20","14,10,6","21,15,11","8,3,3","18,14,7","16,16,7","9,12,3","13,21,7","63,75,52","209,224,198","166,184,156","29,49,26","1,21,0","18,37,17","92,113,95","118,139,125","25,45,35","16,36,30","26,42,41","120,139,138","148,172,171","104,131,129","107,132,127","112,132,123","93,110,98","184,197,180","186,198,180","45,59,39","18,35,13","79,98,76","171,193,172","177,202,179","130,160,131","168,198,164","121,153,112","209,241,195","183,212,163","184,214,160","173,209,152","166,207,148","180,221,163","190,227,174","154,190,140","150,182,135","138,166,123","159,184,145","78,100,66","18,35,10","38,56,31","79,101,66","105,129,94","125,153,114","128,160,118","130,166,119","177,216,166","158,198,148","146,189,138","172,216,167","71,115,66","40,84,33","167,211,158","146,190,137","132,176,121","134,179,121","118,164,103","115,160,98","166,212,148","141,187,122","142,189,121","104,151,81","148,194,125","182,229,158","170,217,146","155,203,131","176,224,152","160,207,135","128,173,104","161,205,141","112,156,96","132,176,118","165,209,152","151,196,140","128,174,115","157,204,139","155,205,136","138,189,115","92,145,64","134,188,104","149,203,120","138,193,111","157,211,131","161,216,137","137,194,113","141,201,115","109,169,81","110,170,82","120,180,92","118,178,90","110,170,82","110,170,83","122,182,96","84,144,58","113,173,87","124,184,98","124,184,99","130,189,105","145,204,120","162,221,137","163,222,138","157,216,134","168,227,147","158,214,136","113,167,92","132,186,111","180,234,158","174,228,150","163,217,138","155,210,127","153,208,125","157,212,128","154,210,124","154,210,123","156,212,126","156,211,127","151,206,122","144,199,116","150,205,122","160,215,133","161,216,135","152,206,127","146,199,121","147,200,122","141,194,116","127,180,102","135,188,110","137,190,112","126,179,101","126,179,101","130,183,105","134,187,109","139,192,114","138,191,113","142,195,117","138,191,113","137,190,112","142,195,117","135,189,109","124,180,98","123,182,97","125,185,99","127,187,101","128,187,103","127,186,102","127,186,102","128,187,103","127,186,103","128,187,105","133,192,110","129,188,106","125,184,104","127,186,106","128,187,107","128,187,107","128,187,107","130,188,109","124,181,105","88,141,69","160,225,143","168,233,151","165,230,148","161,226,144","159,224,142","160,225,143","163,228,146","171,236,154","165,230,148","170,235,153","165,230,148","162,227,145","163,228,146","164,229,147","163,228,146","168,233,151","172,237,155","166,231,147","164,230,144","165,231,144","164,230,143","163,229,141","160,226,139","159,225,138","159,225,138","162,228,141","164,230,143","166,231,147","159,224,140","158,223,140","163,228,146","160,225,143","163,228,146","170,235,153","158,223,141","164,229,147","175,242,158","177,246,161","172,241,156","171,240,155","174,243,157","172,241,156","165,235,149","161,230,145","161,231,145","173,242,157","183,253,167","179,249,163","169,239,153","163,233,147","166,236,150","164,234,148","167,236,150","177,245,159","179,247,159","171,240,150","173,241,150","176,242,152","177,246,155","182,248,158","182,250,159","180,247,158","177,245,156","178,246,158","185,251,165","185,252,166","178,244,157","180,248,161","185,250,166","183,250,165","187,252,169","193,254,174","190,253,171","188,250,171","177,238,160","179,240,163","190,247,175","200,250,187","199,247,189","194,244,186","196,241,189","195,237,189","156,192,150","55,85,49","16,40,14","15,36,11","12,28,7","12,25,7","29,39,21","37,43,30","5,9,1","21,25,11","20,26,11","22,29,10","13,21,6","34,46,26","77,96,64","92,114,78","97,122,83","105,133,92","86,114,76","67,97,61","86,115,82","159,184,156","192,215,192","104,125,107","2,15,4","13,29,20","143,163,154","195,221,210","131,161,147","96,123,107","101,123,104","120,138,117","190,204,180","126,140,115","18,32,15","5,22,3","116,138,113","191,216,189","160,190,160","123,157,123","172,206,168","83,118,74","191,225,175","196,228,172","201,234,177","171,210,150","147,193,129","153,201,138","149,192,134","106,144,90","109,143,93","49,79,34","146,172,131","105,128,90","34,55,19","52,71,39","114,137,102","128,153,116","152,180,140","145,177,134","134,170,123","165,204,155","123,165,113","72,116,64","89,133,84","83,127,77","113,157,106","130,174,120","136,181,124","123,169,109","124,170,107","127,173,107","119,166,97","116,163,91","108,156,82","118,166,91","104,153,74","132,181,103","144,192,113","140,189,109","145,194,115","147,196,117","97,142,69","128,172,101","135,177,112","100,143,82","117,161,103","128,171,115","113,157,100","99,144,85","77,124,59","147,197,128","135,186,112","99,152,73","130,184,102","133,188,106","124,179,98","143,198,118","146,203,123","135,192,111","131,190,105","129,189,99","106,166,76","101,161,71","114,174,85","116,176,88","99,159,71","131,191,103","113,173,85","115,175,89","117,177,91","115,175,89","115,174,89","122,182,97","134,193,109","139,198,114","141,200,117","152,211,129","122,177,99","86,140,65","115,169,94","157,211,134","146,200,122","151,206,127","132,187,104","133,188,105","148,203,120","145,200,114","145,201,114","151,206,121","148,203,119","138,193,109","131,186,103","136,191,108","140,195,114","139,194,113","137,191,112","143,196,118","150,203,125","137,190,112","116,169,91","131,184,106","151,204,126","139,192,114","137,190,112","138,191,113","136,189,111","138,191,113","150,203,125","149,202,124","142,195,117","144,197,119","144,197,119","143,196,117","141,197,115","138,196,112","133,191,107","129,187,103","131,188,106","135,192,111","136,193,112","132,189,108","126,183,103","124,181,102","128,185,106","128,185,106","123,181,103","120,177,100","119,176,99","121,178,101","122,180,102","122,179,102","118,173,99","105,158,87","162,227,145","180,245,163","175,240,158","171,236,154","171,236,154","169,234,152","173,238,156","187,252,170","172,237,155","180,245,163","181,246,164","180,245,163","181,246,164","182,247,165","182,247,165","183,248,166","186,251,169","185,250,166","183,249,163","179,245,157","175,241,153","173,239,151","171,237,149","169,235,148","168,234,146","173,239,151","179,245,158","184,249,164","174,239,155","171,236,153","179,244,161","177,242,159","177,242,160","182,247,165","170,235,153","181,247,165","186,253,170","180,249,164","173,243,157","169,239,153","168,238,152","167,237,151","165,235,149","164,234,148","166,235,150","173,242,157","176,245,160","169,239,153","158,228,142","152,222,136","156,226,140","154,224,138","153,223,137","159,229,142","165,235,147","166,236,146","160,231,139","164,234,143","170,241,149","169,239,147","167,237,146","167,237,147","166,236,147","164,234,145","165,233,146","163,233,145","156,225,138","168,238,150","175,244,158","171,240,154","171,241,156","177,245,160","178,245,161","183,243,163","180,244,161","188,249,170","166,227,149","166,227,150","168,226,153","173,228,160","188,241,176","189,239,178","207,247,196","200,237,188","101,135,90","42,75,31","17,45,9","11,35,4","15,33,6","8,21,4","6,23,0","7,24,0","5,18,1","26,44,23","64,86,54","129,155,114","196,224,181","217,242,200","192,228,175","206,246,192","209,249,197","205,243,194","201,238,193","197,231,192","197,227,194","162,189,162","17,41,20","0,19,3","5,28,11","157,182,166","130,159,138","68,97,71","114,138,111","207,227,198","192,208,177","142,157,125","16,30,14","28,48,20","162,185,155","228,251,224","152,179,150","69,104,67","125,162,120","93,130,82","189,226,172","173,207,148","118,156,93","146,190,125","192,240,175","191,241,176","170,215,155","156,195,141","110,145,94","57,86,41","169,195,154","168,192,154","75,96,63","6,26,0","31,54,26","136,160,124","201,229,189","196,228,186","146,183,137","129,168,119","129,171,120","110,153,102","81,125,73","102,147,95","155,199,145","95,140,83","80,125,65","97,143,79","130,177,111","159,206,137","144,191,119","80,128,54","81,129,53","175,224,146","167,216,138","138,186,109","133,181,103","131,179,100","146,194,116","171,218,142","74,118,43","158,202,130","96,138,72","130,172,110","128,171,113","103,146,90","101,145,88","128,174,114","152,201,135","136,186,117","160,211,137","125,180,100","120,175,93","124,180,98","121,177,97","117,175,96","125,182,105","147,205,126","146,206,120","142,201,112","115,175,85","97,157,67","110,169,80","115,174,86","81,140,52","99,158,70","105,164,76","109,168,82","111,171,84","111,170,84","110,170,84","112,171,86","118,176,92","126,185,100","132,190,106","135,193,111","92,146,69","93,147,72","133,187,112","153,207,131","136,190,112","128,182,103","108,163,80","125,180,97","147,202,118","145,200,114","146,202,115","150,206,120","142,197,113","131,186,102","129,184,101","133,188,105","137,192,110","140,195,114","134,188,109","134,187,109","128,181,103","100,153,75","108,161,83","121,174,96","121,174,96","118,171,93","126,179,101","138,191,113","136,189,111","125,178,100","137,190,112","132,185,107","132,185,107","143,196,118","142,195,117","139,192,114","149,203,124","158,213,133","146,202,122","136,192,112","136,192,112","139,195,115","140,196,117","138,194,116","135,192,113","136,192,114","142,198,120","140,196,120","133,190,113","125,182,105","123,179,103","126,182,105","129,185,109","130,184,110","126,179,106","115,165,96","165,230,148","181,246,164","180,245,163","175,240,158","173,238,156","169,234,152","168,233,151","177,242,160","165,230,148","166,231,149","171,236,154","172,237,155","172,237,155","172,237,155","174,239,157","173,238,156","172,237,155","177,242,158","175,241,155","173,239,151","171,237,149","170,236,148","170,236,148","169,235,147","170,236,148","174,240,153","179,245,158","182,247,162","174,239,155","170,235,151","174,239,155","177,242,159","178,243,161","175,240,158","170,235,153","178,243,162","179,246,164","176,246,160","174,244,158","174,244,158","176,246,160","178,248,162","179,249,163","179,248,163","179,246,163","179,246,163","178,248,162","176,246,160","170,240,154","169,239,153","173,243,157","170,240,154","164,234,148","165,236,149","169,240,152","168,240,150","159,232,140","165,237,145","169,242,150","163,235,143","161,234,142","164,236,146","163,235,145","157,230,140","158,229,141","158,231,143","154,225,137","166,237,149","168,240,153","159,231,145","156,227,141","160,230,144","159,228,141","160,226,138","159,223,137","178,240,157","152,216,131","161,224,141","165,228,146","166,227,147","176,236,159","162,219,146","164,217,147","210,251,193","193,234,178","138,178,123","104,141,90","92,124,79","89,119,76","105,132,90","89,117,78","89,117,81","99,123,87","140,170,127","185,217,171","195,232,181","181,225,167","178,224,162","172,220,156","175,223,159","180,228,166","172,220,160","178,222,169","176,216,169","179,216,176","182,215,182","94,122,95","8,33,11","5,25,7","73,103,77","78,112,80","121,151,117","175,201,166","177,199,163","178,195,158","138,155,118","15,29,13","64,84,53","174,200,165","195,224,190","141,175,139","112,148,110","130,169,124","104,142,92","195,233,178","191,220,166","144,180,118","125,171,104","142,193,127","163,214,149","168,213,154","174,212,159","107,141,91","45,74,29","154,180,140","191,215,177","99,119,90","5,25,0","22,45,13","77,102,67","140,168,129","195,227,185","140,177,132","136,177,129","174,215,166","184,226,176","145,190,135","115,160,104","148,193,135","132,178,118","83,129,66","107,153,87","139,185,118","140,187,118","138,185,114","160,206,136","144,188,119","113,160,88","132,179,107","150,197,127","149,196,126","132,179,110","130,176,107","148,192,124","136,179,107","203,246,174","99,141,74","152,195,131","157,201,140","137,181,123","128,173,116","119,165,105","122,171,105","137,188,119","158,211,136","125,180,100","116,174,91","134,192,109","142,200,119","133,192,113","145,203,125","136,195,115","144,203,118","129,188,99","133,192,102","117,176,86","111,170,80","122,181,91","114,173,84","123,181,94","114,172,85","114,172,85","116,174,87","121,179,93","123,181,96","122,180,95","123,181,96","129,187,102","129,187,103","118,176,94","122,177,99","148,202,127","156,210,134","144,198,122","143,197,119","149,203,124","154,209,126","149,204,121","133,188,104","136,192,106","148,204,117","151,207,121","145,200,116","140,195,112","146,201,118","143,198,115","138,193,112","144,199,118","140,194,115","142,195,117","139,192,114","106,159,81","130,183,105","127,180,102","119,172,94","120,173,95","120,173,95","123,176,98","125,178,100","121,174,96","133,186,108","126,179,101","123,176,98","133,186,108","133,186,108","131,184,106","134,187,109","135,189,111","128,182,104","125,178,100","128,182,104","132,186,108","132,186,110","132,186,110","134,187,112","134,187,112","129,182,107","127,181,106","125,178,104","123,177,103","124,177,103","124,178,104","125,178,105","124,176,105","116,167,98","87,135,68","169,234,152","175,240,158","180,245,163","178,243,161","173,238,156","170,235,153","171,236,154","173,238,156","175,240,158","168,233,151","176,241,159","178,243,161","176,241,159","176,241,159","179,244,162","175,240,158","171,236,154","181,246,162","172,238,151","172,238,150","174,240,152","174,240,152","173,239,151","173,239,151","176,242,154","178,244,157","177,243,156","176,242,156","174,240,154","168,234,149","166,231,147","175,240,157","177,242,159","166,231,148","172,237,154","169,236,153","166,235,151","166,237,151","165,236,150","165,236,150","165,236,150","163,234,148","159,230,144","154,225,139","149,220,134","155,226,140","166,237,151","168,239,153","166,237,151","169,240,154","173,244,158","168,239,153","161,232,146","161,232,145","167,240,151","169,244,152","161,237,143","169,243,150","168,244,151","158,232,139","160,236,142","168,243,151","165,239,149","154,229,139","157,231,141","163,238,149","163,236,147","171,245,157","172,245,158","164,238,151","163,237,150","168,240,153","170,240,151","178,244,156","169,233,145","173,238,150","159,224,135","169,234,146","175,240,152","175,240,153","181,245,160","172,235,152","171,229,151","170,225,150","182,231,162","190,238,171","197,241,179","195,235,177","193,229,173","206,240,187","188,224,171","197,233,183","198,232,186","188,228,176","183,228,170","173,222,159","165,217,151","182,235,166","191,236,176","163,219,149","172,227,158","175,229,163","180,230,170","179,225,172","166,207,162","146,182,145","122,153,122","11,29,11","10,31,11","13,44,14","90,125,88","161,192,152","165,192,151","152,176,134","187,206,164","48,67,24","7,24,2","86,109,74","181,207,170","166,197,160","129,164,126","133,171,131","115,155,110","129,168,118","174,213,157","180,209,155","147,184,121","130,176,109","132,184,117","139,191,126","147,194,133","159,202,146","148,182,133","52,81,38","145,169,129","173,195,159","87,104,78","11,26,5","22,42,10","24,47,14","139,166,129","153,184,144","126,162,119","84,123,77","103,145,96","155,198,146","153,199,141","96,142,82","114,160,99","136,182,119","81,127,63","128,175,108","144,191,123","123,170,101","131,178,109","174,220,153","200,242,180","141,187,122","120,166,102","157,203,142","181,227,167","171,216,159","139,184,126","105,150,87","112,155,85","148,191,119","138,182,114","175,219,155","157,201,140","134,179,121","133,179,121","128,176,115","121,171,105","130,181,112","162,215,140","124,180,100","127,185,102","144,203,120","142,201,120","138,198,119","157,216,140","128,186,107","132,190,104","133,192,102","150,209,118","120,179,88","105,164,73","127,186,96","121,179,90","115,173,86","122,180,93","132,190,103","132,190,103","133,191,105","133,191,106","130,188,103","132,190,105","147,205,120","154,212,127","140,197,114","136,190,113","157,211,135","165,219,143","155,209,133","150,204,126","155,209,131","170,225,142","156,211,128","146,201,117","153,208,122","161,217,130","160,216,130","154,209,125","157,212,129","168,223,140","153,208,125","138,193,111","143,198,117","147,201,121","154,207,129","156,209,131","138,191,113","147,200,122","122,175,97","132,185,107","126,179,101","111,164,86","115,168,90","132,185,107","140,193,115","147,200,122","141,194,116","133,186,108","138,191,113","143,196,118","139,192,114","137,189,112","141,194,117","135,188,111","136,188,111","143,196,119","148,199,125","146,198,124","144,196,122","145,197,123","143,195,121","128,179,107","121,174,101","123,174,101","128,180,109","132,183,112","129,181,110","125,177,107","126,177,107","126,175,107","109,155,90","181,245,166","176,241,160","184,248,169","182,247,167","175,240,160","173,238,158","175,240,159","171,236,156","186,251,171","168,232,152","176,241,161","179,244,164","177,240,161","177,240,161","179,242,164","173,236,156","168,231,152","180,244,164","173,238,155","177,243,158","184,249,164","182,248,164","177,243,158","177,242,158","180,246,161","178,243,159","170,236,152","175,241,157","184,249,166","176,242,159","167,232,151","182,248,167","184,251,169","167,233,152","182,248,167","170,237,156","168,238,155","171,243,159","169,241,158","167,239,156","166,238,154","166,238,154","166,238,154","165,237,153","162,234,151","163,235,152","168,240,157","171,243,160","169,241,158","170,242,159","174,244,162","167,238,154","161,232,148","162,234,149","166,239,151","164,239,148","158,234,140","166,242,148","163,240,146","150,226,134","157,233,141","169,245,154","162,240,149","144,221,131","138,214,124","151,227,137","151,227,137","156,232,143","154,230,142","149,225,137","152,228,140","159,233,146","159,230,142","158,225,137","173,239,151","171,238,149","165,233,143","156,224,134","158,226,137","165,234,145","167,235,146","166,234,146","169,233,148","151,213,131","171,231,152","187,243,167","185,237,164","173,221,152","170,216,149","181,225,161","169,213,151","178,224,164","185,231,171","174,223,160","178,229,164","184,237,170","175,230,162","162,217,148","165,215,152","177,235,164","189,247,176","196,251,185","157,210,148","131,179,123","107,150,102","56,94,53","47,79,46","1,22,1","6,31,7","18,50,17","78,111,72","120,151,110","151,179,136","197,222,179","194,216,174","13,31,3","26,49,14","122,146,107","180,207,168","177,207,167","170,204,164","145,183,140","63,102,55","180,218,168","164,202,146","103,139,78","117,156,92","149,195,129","173,223,159","185,235,173","190,235,177","200,241,187","198,232,184","51,80,37","134,159,120","161,183,146","93,111,82","25,40,18","18,35,12","51,74,42","214,240,204","119,150,111","90,126,83","34,73,31","58,100,53","130,172,120","154,199,141","140,186,125","91,137,75","143,189,127","112,160,95","147,196,130","141,189,123","96,144,78","101,147,83","162,208,145","111,156,95","133,177,119","112,156,99","138,183,129","160,204,153","160,204,155","141,186,136","123,170,112","154,199,132","76,121,50","157,202,136","190,235,172","149,195,135","117,163,105","99,146,88","65,113,54","62,112,52","110,162,94","181,231,163","110,166,90","111,169,89","135,195,114","137,197,118","135,196,117","147,208,131","137,197,119","134,193,108","115,175,85","136,195,105","122,181,90","107,166,76","111,170,82","93,152,64","110,168,81","127,186,99","124,182,97","120,178,93","120,179,93","119,178,92","115,174,88","117,175,90","134,193,108","142,200,115","121,179,95","116,171,92","123,176,100","145,198,123","155,208,131","138,191,113","143,196,117","154,208,127","135,188,106","148,202,118","156,211,126","157,212,127","149,204,119","142,197,113","152,206,123","170,223,141","152,205,123","136,189,108","146,200,119","156,208,129","152,204,127","149,200,124","156,207,131","154,206,130","119,171,95","156,207,131","145,197,121","136,188,112","140,191,115","148,199,123","153,204,128","142,194,118","138,190,114","138,189,113","146,198,122","157,209,132","146,198,122","141,192,117","157,208,134","145,195,121","138,187,114","141,191,118","144,193,121","140,190,118","137,186,115","137,187,115","141,192,120","147,195,125","130,181,111","126,174,105","130,180,111","133,182,113","128,178,109","126,175,107","133,181,113","139,186,120","119,163,100","170,232,160","174,235,162","179,241,168","178,240,167","174,237,163","175,236,164","179,242,167","183,245,173","191,253,179","178,238,167","180,242,168","183,245,172","184,245,173","185,246,172","185,245,174","184,244,171","185,245,174","191,250,178","182,244,171","179,242,168","181,244,170","184,248,174","187,251,176","187,251,178","185,251,177","182,248,174","182,247,173","177,243,168","179,245,169","167,235,158","156,222,147","174,241,166","176,244,168","156,223,147","176,244,168","169,237,163","164,233,159","163,234,159","162,233,159","160,232,157","160,232,157","164,235,160","169,239,164","173,243,168","177,247,172","171,240,165","163,232,156","162,230,154","159,228,151","163,232,156","171,237,162","163,231,154","157,224,148","159,227,149","158,229,144","152,226,136","157,233,141","162,238,146","159,235,143","159,235,145","166,244,153","170,248,157","163,242,152","151,230,141","145,223,134","151,229,140","164,242,153","164,239,153","159,234,149","159,234,149","160,234,149","163,237,152","166,237,153","155,224,140","172,240,156","155,223,139","169,239,152","152,222,136","152,222,137","159,231,144","151,221,135","162,232,145","169,239,152","161,230,144","172,239,155","186,249,170","178,239,161","167,229,149","171,232,154","176,236,159","171,229,153","153,208,135","194,242,177","178,226,162","151,200,137","152,199,140","172,218,162","178,225,168","163,212,154","183,234,175","185,237,178","103,156,96","50,102,44","30,79,26","29,73,26","36,73,31","26,59,23","49,75,46","128,153,124","69,97,66","135,165,131","181,211,174","187,216,178","191,219,180","101,126,88","2,19,2","97,123,84","188,216,173","179,208,165","118,149,104","140,168,126","181,206,166","87,120,71","201,235,183","209,241,188","188,221,164","147,182,123","138,177,121","130,172,117","139,181,127","196,235,183","184,221,170","135,167,119","50,79,33","151,179,136","210,232,197","138,159,127","31,51,26","5,20,3","38,64,34","194,224,191","74,109,71","135,173,130","87,128,82","108,150,100","162,204,151","145,187,132","128,171,116","34,81,25","125,173,116","68,117,58","107,157,97","126,177,117","106,155,96","106,152,94","140,183,127","155,196,142","146,187,133","169,210,157","139,181,129","106,151,99","97,144,93","92,140,88","90,140,83","150,199,136","38,87,22","142,191,129","175,224,164","103,152,94","50,99,42","60,110,54","62,113,57","7,58,3","25,78,22","139,191,128","99,155,86","105,162,90","136,194,120","146,205,129","132,192,115","124,185,108","142,203,124","110,171,86","123,184,99","120,181,94","135,195,108","138,199,112","115,176,90","108,169,83","116,176,90","131,193,107","126,186,101","117,178,93","129,189,104","144,204,119","146,206,122","144,203,119","155,216,131","154,213,128","127,186,101","153,206,126","144,194,117","141,190,114","148,198,121","142,192,113","144,194,115","161,211,132","147,196,117","137,187,106","153,203,122","151,201,119","138,188,106","142,192,111","144,194,114","134,184,104","143,193,113","151,201,121","137,186,108","147,195,120","143,191,117","127,174,102","148,196,123","137,185,112","136,184,112","138,186,113","141,188,116","140,188,115","144,192,119","151,199,126","151,199,127","145,193,121","136,184,111","135,182,110","145,193,121","152,200,127","141,189,117","140,188,118","151,199,130","124,171,102","129,174,106","128,176,107","135,181,113","138,185,117","130,177,108","128,175,107","142,189,120","142,189,121","127,174,108","128,173,107","138,185,119","144,190,124","136,182,116","126,173,107","129,174,109","130,174,110","103,144,83","167,221,160","170,225,163","169,224,162","164,218,157","156,211,149","153,208,146","153,208,146","155,209,148","156,209,148","158,211,151","161,213,153","163,216,155","165,218,157","167,219,158","169,220,159","170,221,160","171,223,162","171,224,163","179,234,172","178,234,171","173,231,167","173,231,167","174,232,168","173,232,168","172,231,167","175,235,171","181,241,175","184,245,178","186,248,181","177,239,172","171,232,165","183,246,179","186,248,182","173,238,168","186,246,181","184,247,181","185,246,183","187,246,186","186,246,186","186,247,185","185,247,184","185,248,181","184,248,180","185,249,181","186,250,182","185,248,179","181,244,174","177,239,169","173,233,164","176,236,167","182,243,173","178,238,168","173,233,164","178,238,167","176,239,162","164,230,148","159,228,143","158,227,142","159,230,146","158,231,147","154,227,143","151,225,140","150,224,141","149,224,141","148,223,140","149,223,141","162,234,153","159,231,151","157,227,148","162,231,152","165,232,154","168,234,156","173,239,161","163,229,153","174,240,163","161,226,148","178,244,166","170,236,157","169,235,157","170,236,156","154,220,140","157,223,144","171,237,157","163,229,149","156,222,141","176,242,160","167,233,152","159,225,143","173,239,157","168,235,153","170,231,151","178,234,158","166,217,146","182,229,163","195,238,179","199,239,186","197,235,187","180,218,171","141,180,134","122,164,115","37,81,35","24,69,19","89,136,83","88,135,82","37,75,32","44,71,41","89,117,81","217,237,211","101,122,95","82,108,78","167,196,162","198,228,194","192,221,186","170,199,163","27,56,22","13,42,6","166,196,156","193,224,180","112,141,97","43,72,28","91,121,75","161,190,140","106,134,84","226,244,204","206,236,183","213,243,189","180,212,158","161,193,144","137,170,125","142,177,130","211,244,196","203,234,185","151,180,132","41,69,29","161,188,148","201,226,188","128,153,119","42,66,38","9,34,6","26,54,26","190,221,190","107,141,104","173,211,168","89,129,80","98,139,87","186,227,174","180,218,167","99,140,90","57,101,48","157,205,150","140,193,136","71,123,67","67,119,62","122,172,116","137,182,128","81,123,70","145,183,132","196,234,183","194,232,181","127,167,115","119,164,111","136,184,129","127,176,121","113,164,107","127,178,121","129,178,120","191,237,182","141,190,134","97,146,90","114,164,108","140,190,135","104,154,101","40,92,36","31,82,25","142,195,135","146,200,137","120,176,110","133,189,120","144,201,129","119,177,103","113,171,95","149,207,130","97,158,76","136,198,115","121,183,100","127,189,106","134,195,113","120,182,99","118,180,97","108,169,86","130,191,108","131,193,110","131,193,110","129,190,107","130,192,109","133,195,112","130,191,109","123,184,101","106,167,84","116,174,93","153,206,126","158,209,128","160,209,129","166,215,136","157,207,127","140,189,109","145,194,113","152,202,122","149,198,117","157,206,127","152,201,121","144,193,112","148,198,118","149,199,118","138,187,108","151,200,120","161,211,131","146,195,116","155,204,128","158,207,133","147,195,123","161,209,137","150,198,126","160,207,135","142,189,117","144,191,119","138,186,113","136,183,111","141,189,116","143,191,118","141,189,117","132,179,107","129,177,104","138,186,113","143,191,118","137,185,113","133,181,111","138,186,117","138,186,117","154,201,133","133,181,112","133,181,112","153,201,132","153,200,132","142,190,121","143,191,123","147,194,126","132,180,111","128,175,107","137,184,116","140,188,119","133,180,112","126,173,105","127,175,107","130,175,109","107,149,86","150,191,145","153,194,149","155,196,150","157,198,152","161,202,156","167,208,162","174,215,170","179,219,174","178,219,174","188,225,183","190,227,185","191,230,186","195,233,189","199,238,193","204,243,198","206,246,201","207,246,201","205,246,199","203,248,196","200,248,192","196,244,188","193,240,184","188,236,180","182,230,173","177,226,169","178,229,171","182,232,174","180,231,172","173,225,165","168,222,161","169,223,162","173,227,165","175,229,167","171,226,164","168,224,162","170,226,164","167,222,160","165,219,159","169,222,163","175,226,166","178,229,169","179,231,170","179,233,171","181,233,171","183,235,171","187,239,175","189,241,177","185,236,172","179,229,164","180,230,165","187,237,171","185,234,169","184,232,167","190,239,173","197,248,182","196,248,180","179,238,164","172,231,157","177,237,165","174,236,162","160,223,149","151,216,142","154,219,146","162,227,155","166,232,160","165,230,158","175,239,167","173,234,165","173,232,164","176,235,167","175,233,166","173,230,163","177,233,167","175,230,163","172,227,158","162,217,148","170,224,155","173,228,158","180,235,166","186,241,171","181,237,165","179,234,163","166,222,148","166,222,148","157,213,139","181,235,163","176,231,157","170,226,151","182,238,163","168,224,149","168,220,147","179,226,156","162,203,140","182,221,161","184,220,166","160,193,145","113,144,99","51,83,40","32,63,21","94,128,86","30,68,23","32,61,28","60,94,54","87,127,78","139,173,129","205,234,195","200,223,190","227,241,218","63,79,54","163,186,156","197,225,190","199,228,191","201,228,193","169,197,160","99,127,89","47,75,35","178,206,165","113,142,99","134,163,119","111,140,94","121,149,101","174,202,153","133,160,110","188,214,165","162,190,139","198,226,176","131,160,111","169,193,153","203,227,189","175,205,160","185,216,169","205,234,186","189,216,167","94,119,72","124,148,105","160,184,145","134,158,124","61,84,56","10,35,7","48,74,46","174,203,173","96,125,90","175,208,167","93,129,82","104,141,90","181,217,165","137,172,124","42,78,37","146,187,134","132,177,122","141,190,134","133,184,127","108,157,101","101,148,92","103,146,91","80,118,66","140,176,124","210,243,192","136,172,120","151,189,136","172,214,160","133,177,123","103,149,94","137,185,130","77,123,69","143,189,134","167,213,158","95,141,86","80,125,72","135,182,127","176,224,170","162,211,156","159,209,154","135,184,128","152,202,145","150,202,141","85,138,74","97,150,83","145,198,129","140,194,122","131,186,111","151,207,131","100,158,81","138,196,118","118,176,98","114,173,94","125,183,104","128,186,108","133,191,112","118,176,98","139,197,118","132,191,112","141,199,121","131,190,111","123,181,102","131,189,111","134,193,114","110,169,90","94,152,74","134,191,113","147,203,122","144,198,115","137,190,107","137,190,107","141,196,112","136,189,107","136,190,106","147,201,118","133,187,103","137,191,108","138,193,109","135,190,106","135,189,105","133,187,103","130,183,101","133,187,104","134,188,105","128,181,99","122,176,96","122,175,97","124,177,101","125,178,102","122,175,99","142,195,119","128,181,105","138,190,115","134,187,111","126,179,103","128,181,105","134,187,111","134,187,111","128,180,105","128,181,105","134,187,111","139,191,115","138,191,115","133,185,110","129,182,108","141,194,121","156,208,135","127,179,107","119,172,99","136,189,116","139,191,118","128,180,107","129,182,109","149,202,129","135,188,115","128,181,108","133,185,112","136,189,116","133,186,113","132,184,111","136,188,116","138,189,117","112,160,91","6,33,2","7,36,5","12,39,9","18,45,16","28,54,26","40,65,37","49,76,48","56,80,53","56,80,55","70,95,67","74,99,71","79,103,76","86,111,83","97,123,93","107,134,103","116,142,112","120,146,116","120,148,117","122,152,118","124,158,119","127,164,120","129,167,122","130,167,122","128,167,120","127,167,118","129,169,119","131,170,121","134,175,123","127,170,117","128,171,118","135,179,125","133,178,122","136,181,126","144,186,134","132,178,122","139,183,128","145,189,134","150,193,137","155,195,141","158,198,144","160,199,146","160,201,146","160,203,145","164,205,148","167,208,149","171,211,153","175,215,156","175,215,155","172,211,152","174,214,153","182,222,161","183,222,162","184,222,161","189,228,167","195,237,176","192,238,176","184,231,169","179,227,165","183,233,171","183,234,171","176,228,167","171,225,163","173,228,166","175,229,168","170,223,164","168,222,162","178,229,171","177,229,170","180,230,171","186,233,177","184,230,176","180,226,170","183,227,171","182,224,168","178,221,162","176,218,160","176,220,160","181,225,165","186,231,170","190,235,173","191,237,175","190,236,173","190,235,173","188,234,169","182,228,163","190,236,171","185,231,166","183,229,163","191,238,171","189,235,170","191,235,170","202,243,180","214,243,190","167,198,144","96,126,77","47,74,29","40,64,24","56,81,42","57,84,44","74,103,66","75,106,68","130,164,120","174,209,161","182,215,169","168,196,154","165,188,152","198,214,185","167,177,154","79,91,67","171,190,160","162,189,153","174,202,165","163,189,154","67,95,57","45,72,33","107,134,94","160,187,146","70,97,56","138,165,123","175,202,158","155,182,136","155,182,135","179,205,158","194,215,172","177,203,155","200,225,178","177,203,156","192,217,173","190,215,173","169,194,151","188,212,169","193,214,171","197,219,171","103,125,79","70,89,47","126,146,107","138,158,124","67,86,60","16,35,15","77,101,72","146,171,141","73,99,65","169,198,158","138,169,122","145,178,128","158,189,139","104,135,84","124,157,105","160,197,144","107,147,93","65,109,54","123,170,114","163,209,153","128,171,116","96,135,82","150,184,133","140,172,121","156,185,135","163,193,143","170,205,152","158,195,142","111,152,97","83,127,71","115,159,104","118,159,105","172,213,160","115,157,103","69,110,57","97,138,86","142,184,132","138,181,129","100,145,92","112,157,103","148,194,139","109,155,99","138,185,126","96,145,83","97,146,81","137,186,120","145,195,127","130,181,110","138,190,118","115,169,96","135,189,117","124,179,107","123,178,106","119,173,101","103,158,86","109,164,91","113,168,96","139,194,122","136,191,119","145,200,128","143,197,125","133,188,116","134,189,117","138,193,121","108,163,91","117,172,99","140,195,121","145,200,122","141,197,115","130,186,102","125,181,97","135,192,108","137,193,109","132,188,104","143,199,115","125,181,97","127,183,99","134,190,106","134,191,107","132,188,104","130,186,102","133,190,106","131,187,103","127,183,99","128,184,101","133,189,107","143,198,118","146,201,122","133,188,109","125,180,101","140,195,116","127,183,103","138,193,114","134,190,110","122,178,98","121,176,97","130,185,106","130,185,106","125,180,101","128,183,104","130,185,106","131,187,107","136,191,112","136,191,113","129,184,108","130,185,110","139,194,119","129,184,109","126,180,105","131,186,111","129,184,109","123,178,103","129,184,109","141,196,121","130,185,110","123,178,103","124,179,104","124,179,104","120,175,100","116,171,96","116,170,95","117,171,96","111,162,90","18,33,15","17,34,14","16,31,14","16,30,14","17,31,15","19,33,18","22,36,19","22,34,20","19,30,17","17,31,15","16,30,14","16,29,14","16,30,15","17,32,15","18,33,16","18,34,15","17,32,16","15,33,12","11,32,6","11,37,5","13,43,5","13,45,4","12,45,3","12,44,2","13,46,3","17,50,6","18,52,6","18,53,7","12,47,4","14,50,6","22,58,11","18,56,9","22,60,11","32,71,19","21,59,11","28,65,15","37,72,20","42,76,24","46,79,26","48,81,28","46,79,30","44,78,32","45,79,34","50,82,37","55,87,40","59,91,43","63,95,46","68,99,48","70,99,50","73,103,55","83,113,62","84,114,66","85,115,68","90,120,72","95,128,79","98,135,85","100,139,86","100,139,86","97,138,86","98,140,87","100,144,90","99,145,91","96,141,90","99,144,95","113,156,106","108,152,100","115,157,108","114,156,106","121,161,111","133,171,123","138,175,129","141,179,131","150,186,139","158,192,146","159,195,146","166,200,151","166,203,152","170,206,155","172,209,157","175,213,159","181,218,164","183,222,168","199,236,182","199,238,182","205,243,187","200,238,182","197,235,179","195,233,176","192,232,174","197,235,178","195,232,174","196,232,173","168,201,145","100,131,78","98,125,78","125,149,107","147,167,130","179,194,162","186,204,171","197,223,183","201,230,186","207,233,191","199,226,183","187,215,171","181,206,166","186,206,172","193,206,179","90,96,76","162,171,147","204,222,191","186,211,174","171,198,159","150,177,140","89,117,78","49,75,36","209,231,195","130,156,116","118,145,104","159,185,143","193,218,175","146,171,127","110,134,90","211,234,189","143,164,121","173,196,152","225,244,202","213,233,190","224,241,203","216,232,196","175,194,153","162,180,138","184,199,158","116,133,88","88,105,60","104,120,77","169,186,147","164,180,145","87,103,74","53,69,45","101,118,91","139,160,132","44,67,33","108,132,93","155,182,137","156,184,135","101,129,79","66,92,41","156,185,133","125,157,104","113,150,95","78,118,62","121,163,107","153,194,138","135,173,118","103,138,84","110,140,88","151,179,127","107,132,82","183,209,158","175,204,152","135,168,115","120,156,102","128,168,112","131,171,116","145,182,130","191,228,176","94,132,81","92,130,79","141,178,128","166,203,155","144,183,133","112,152,100","125,165,113","201,242,188","136,177,122","167,208,152","145,188,129","118,161,101","125,169,105","139,184,120","127,174,108","133,180,114","141,190,125","136,186,121","132,182,117","141,191,126","132,182,117","108,159,94","118,169,104","137,187,122","156,206,142","137,187,122","137,187,122","139,189,125","132,182,118","127,177,113","131,181,117","117,168,103","156,206,141","152,203,135","140,192,118","139,194,115","138,194,113","136,192,111","138,194,113","133,189,108","126,181,101","137,193,112","134,190,109","129,185,104","131,186,106","131,187,107","129,185,105","131,186,106","136,192,112","132,188,107","128,184,104","132,188,107","127,183,104","126,182,103","131,187,108","126,181,103","124,179,101","133,188,110","131,186,108","141,196,118","138,194,115","125,180,102","119,175,96","128,183,105","125,180,102","120,176,97","125,181,102","122,178,99","118,174,96","124,180,102","127,182,106","118,173,99","122,176,103","128,182,110","130,184,111","133,188,115","138,192,119","134,188,115","124,179,106","121,175,102","128,182,109","124,178,105","122,176,104","124,178,105","125,179,106","122,177,104","118,172,99","115,169,96","112,165,92","104,155,83","21,30,18","22,32,18","24,33,20","23,33,19","24,34,21","28,37,24","31,41,27","30,41,28","26,37,22","22,32,19","22,33,19","24,35,22","26,37,24","28,39,25","29,40,27","29,42,27","32,42,30","30,45,26","18,40,11","15,41,6","15,42,5","14,41,4","13,40,3","17,44,5","24,53,13","31,60,20","32,63,22","32,63,22","29,60,21","31,62,22","34,67,23","30,64,19","31,65,19","37,71,23","32,66,20","35,69,21","39,70,21","42,71,21","46,74,23","48,76,25","46,74,25","43,72,25","44,73,27","50,78,31","56,83,35","53,81,32","51,79,29","56,84,33","57,82,31","54,80,29","58,84,32","55,81,31","51,77,27","52,79,29","48,77,27","40,72,24","43,78,27","42,77,26","31,69,19","29,67,18","30,71,20","29,70,19","22,62,13","18,60,12","28,68,20","20,60,12","22,62,16","15,52,10","15,51,12","22,56,17","26,59,22","29,62,24","37,70,28","43,75,32","44,78,33","42,75,34","41,74,36","43,71,38","45,73,40","49,80,43","56,88,47","62,95,50","64,91,59","67,101,59","77,110,61","75,110,58","79,113,62","81,115,65","78,112,62","79,112,66","76,110,67","93,128,73","74,108,54","47,78,29","80,107,63","106,129,89","98,117,81","109,126,93","120,138,104","126,152,111","141,172,127","138,167,121","143,172,127","148,176,132","158,182,142","176,195,161","156,168,141","62,67,47","182,190,168","185,203,171","212,231,198","175,199,162","146,174,133","160,187,146","84,109,70","200,223,186","129,154,114","174,197,158","196,219,179","214,235,197","177,197,159","142,162,123","231,247,209","205,224,185","207,223,185","230,247,208","226,242,204","225,240,204","228,241,206","203,217,178","160,174,133","196,210,167","167,181,136","96,110,66","136,150,107","197,210,171","184,196,161","129,142,112","115,129,100","133,147,120","189,205,177","125,144,110","144,164,126","186,206,165","154,175,130","111,132,85","147,169,119","198,221,172","125,153,102","135,167,114","128,163,109","133,171,116","136,172,118","137,170,117","132,163,110","115,140,90","124,148,98","124,144,96","136,157,108","164,188,138","154,182,131","143,175,122","133,168,115","99,133,82","109,140,91","114,145,98","49,82,34","108,142,93","143,176,129","136,169,122","117,150,102","104,139,89","104,140,89","145,180,129","95,131,79","114,152,98","113,152,96","98,137,79","105,144,85","125,165,104","111,154,92","108,150,90","136,179,121","119,163,106","107,152,95","115,160,103","117,162,105","112,157,100","125,169,113","127,172,115","130,174,118","129,174,117","137,182,125","130,174,118","120,164,108","116,161,104","112,157,100","111,155,99","144,188,132","132,179,118","134,182,116","136,186,115","136,187,114","136,187,114","135,186,113","139,190,117","139,191,117","136,187,114","137,188,115","139,191,117","138,190,116","136,187,114","134,186,112","137,188,115","139,190,117","134,186,112","132,183,110","133,184,111","137,187,115","137,187,116","136,185,115","140,190,119","138,187,116","131,181,110","136,186,115","141,190,119","138,187,117","132,181,110","131,181,110","139,188,117","133,182,112","131,180,110","141,191,120","135,185,114","128,177,107","134,183,113","138,186,118","128,177,110","136,185,118","136,184,120","134,182,116","137,185,120","141,189,123","138,186,120","125,173,108","118,166,100","135,183,117","132,180,114","129,177,112","126,174,108","125,173,107","122,170,105","118,166,100","112,160,95","108,156,90","111,157,91","25,32,20","27,35,22","27,34,22","25,32,19","22,29,17","22,29,16","21,29,16","19,28,15","14,25,11","10,21,7","12,23,9","15,26,12","17,28,14","17,29,15","17,29,15","17,29,15","19,31,18","21,35,18","22,43,18","22,48,17","21,48,14","18,44,11","16,43,10","19,46,12","27,54,18","28,58,22","27,57,19","28,59,18","30,62,21","33,65,23","35,68,25","35,69,25","37,72,27","43,78,32","46,81,35","48,82,35","42,73,24","39,69,18","45,74,23","52,80,29","53,81,30","53,81,30","56,84,31","63,90,37","69,97,43","60,87,34","52,79,26","59,86,31","60,86,31","60,85,30","66,91,36","67,92,35","67,92,35","69,95,39","64,93,38","54,86,34","54,88,37","52,86,35","46,83,31","44,82,31","45,85,33","44,84,32","39,80,28","36,78,27","41,81,32","38,78,28","44,84,36","39,77,31","37,73,29","38,74,29","37,71,28","35,68,25","40,73,30","42,75,32","47,79,38","43,75,34","47,80,38","42,74,34","40,72,33","41,74,33","40,73,31","41,74,30","25,56,15","35,68,24","34,67,20","36,69,22","37,70,22","36,69,22","31,65,17","16,49,4","9,46,1","11,46,6","28,64,14","30,64,15","33,63,19","29,56,15","23,47,9","27,51,14","17,43,10","19,48,15","26,59,18","25,60,17","34,69,22","34,65,23","28,55,24","37,59,29","46,60,33","15,23,12","68,79,59","58,77,45","78,101,64","59,85,50","39,66,32","58,85,44","43,68,28","69,94,54","36,58,25","68,89,52","79,100,61","71,90,53","85,103,66","142,159,121","213,228,192","236,250,214","230,244,208","141,156,119","111,124,88","172,184,148","228,238,204","195,203,167","121,130,90","169,179,136","178,187,142","63,72,33","83,93,52","152,163,122","132,142,106","67,77,46","62,72,43","66,76,50","120,131,103","113,128,95","143,157,122","159,173,135","142,158,116","150,166,121","195,213,166","192,210,162","139,162,114","178,206,155","170,200,148","171,203,151","187,219,167","202,230,179","201,225,175","188,209,160","172,190,143","209,220,179","175,191,145","193,213,164","176,199,149","163,190,139","164,193,142","146,176,126","179,206,159","194,216,176","137,164,119","181,208,163","199,227,182","190,219,173","176,206,158","170,200,152","191,219,172","174,205,155","163,195,145","177,210,160","180,213,161","177,211,157","184,217,164","192,223,172","172,208,153","159,194,142","172,208,157","178,216,167","176,214,165","172,211,161","169,208,158","170,208,159","177,215,166","171,209,160","183,221,172","172,211,161","189,227,178","172,211,161","166,204,155","175,214,164","167,206,156","172,211,161","177,215,166","177,216,165","172,212,157","167,208,149","166,208,148","164,206,146","156,198,138","158,201,141","162,204,145","144,186,126","149,191,132","147,189,129","137,179,119","132,174,114","134,176,116","140,182,122","139,181,121","139,181,121","140,182,122","140,181,122","137,177,119","123,162,106","111,150,94","121,160,103","114,154,97","95,135,79","108,147,90","113,152,95","113,152,96","111,150,94","112,151,95","119,158,102","113,152,96","114,154,97","130,168,112","126,165,108","118,156,100","125,164,108","131,170,114","120,158,105","118,157,104","110,148,95","108,147,94","108,146,94","106,145,92","106,144,92","103,141,89","102,141,89","114,152,100","113,152,99","111,150,97","110,149,96","114,152,99","119,158,105","123,162,109","123,162,109","117,155,102","97,133,80","19,27,11","18,29,12","20,29,14","22,32,16","24,34,18","27,36,20","28,39,23","29,41,24","29,42,25","17,31,13","16,30,12","18,32,14","19,33,16","20,34,17","20,35,18","21,36,18","21,39,20","23,42,22","17,42,16","16,45,14","18,47,16","19,49,16","18,48,14","16,47,13","17,49,12","20,52,15","21,55,16","28,63,21","31,67,24","32,68,24","33,70,26","34,72,27","36,74,27","38,76,29","38,77,29","38,76,27","42,78,26","47,81,27","49,83,28","51,84,29","50,84,28","49,80,26","50,81,24","52,83,26","55,87,30","56,87,29","54,84,26","51,81,23","51,81,22","54,84,25","58,87,29","56,85,26","55,83,24","54,84,25","49,82,23","41,78,19","41,81,21","41,80,23","38,80,21","40,82,23","44,87,28","43,87,29","38,83,26","34,80,22","37,82,25","38,83,26","41,84,30","42,83,29","40,80,27","38,78,25","37,76,23","37,74,22","34,71,22","25,62,18","28,65,22","31,68,25","34,72,28","35,73,29","35,73,29","34,71,27","32,69,25","32,69,24","40,78,31","39,77,30","40,79,31","38,76,29","35,74,25","38,76,27","42,81,31","40,79,29","29,69,18","46,89,36","37,80,27","30,70,20","26,61,16","29,61,19","38,69,28","42,74,32","36,68,26","46,83,35","31,70,19","48,90,37","43,85,31","42,80,32","46,80,36","34,65,26","41,64,33","61,77,54","109,124,99","88,108,77","75,98,61","54,79,41","38,63,25","50,75,36","77,99,61","85,107,69","41,61,24","56,76,39","69,87,51","59,75,44","83,99,68","125,140,104","100,113,78","137,150,115","142,154,119","137,148,112","195,205,170","141,147,115","130,135,103","157,161,127","66,70,32","77,82,41","115,122,78","45,52,24","33,40,8","70,77,40","77,85,47","67,75,42","84,93,63","86,94,67","71,80,51","42,50,19","70,79,45","48,58,30","33,44,12","43,55,16","52,65,26","50,65,23","32,51,16","96,119,71","63,90,40","33,61,18","45,72,26","68,94,43","86,108,59","100,117,73","43,56,28","48,59,25","55,68,24","54,70,23","48,68,19","67,91,41","81,106,57","45,70,23","43,66,23","73,96,54","49,72,30","39,63,20","35,61,23","42,67,28","46,72,27","45,72,25","50,77,30","38,64,21","31,58,15","43,71,24","66,95,46","55,84,35","37,66,18","44,73,28","52,81,36","48,77,30","95,125,83","99,129,89","105,135,95","106,136,97","111,141,102","118,148,108","116,146,107","125,155,114","125,156,116","122,153,113","132,162,122","126,157,117","127,157,118","132,161,123","129,159,120","153,183,143","145,175,135","148,178,138","151,179,139","153,181,140","154,183,141","155,183,142","154,182,140","152,180,139","151,179,138","151,180,138","154,182,140","152,180,139","147,175,134","144,172,130","145,173,131","149,177,136","149,177,136","145,173,132","145,173,132","149,177,135","159,186,145","161,187,148","161,186,148","177,201,162","183,209,170","171,195,158","177,202,163","185,208,170","177,201,164","174,199,161","181,206,167","178,203,164","174,198,159","169,195,155","169,193,155","168,193,154","167,192,153","169,193,155","170,194,157","172,195,160","177,202,166","178,201,166","173,197,162","174,197,162","179,203,168","184,208,173","183,207,171","177,202,166","173,197,162","172,197,161","168,191,156","158,183,148","150,173,138","142,167,131","139,164,128","141,165,130","139,163,128","123,145,111","18,31,9","17,31,9","17,31,9","16,30,8","15,29,7","14,28,6","13,27,5","11,28,5","11,28,5","15,35,11","15,35,11","13,34,10","13,34,10","13,34,10","14,36,11","16,37,13","15,38,13","13,39,11","11,41,11","11,44,12","12,47,14","13,48,13","11,46,10","9,44,9","8,45,7","12,49,10","14,52,11","24,62,19","28,67,22","28,68,22","29,70,23","31,73,25","33,76,27","36,79,28","38,81,30","39,82,30","40,81,26","41,80,23","42,81,21","42,81,22","41,80,20","41,78,18","41,79,17","43,80,21","46,83,23","51,87,26","54,89,28","53,88,26","55,91,29","60,95,33","63,97,35","60,94,30","55,89,26","52,86,24","47,85,21","42,83,18","42,85,19","40,83,19","36,81,17","37,83,18","40,87,22","39,88,23","35,85,21","31,81,18","31,80,16","30,79,15","31,78,16","30,77,16","30,75,15","32,75,15","33,75,16","35,77,18","33,74,21","26,66,18","24,67,20","24,66,19","24,66,19","22,65,18","22,65,18","22,64,17","21,64,16","22,65,16","28,71,22","26,68,18","27,70,19","27,70,19","26,69,17","26,69,16","28,71,18","28,72,18","24,69,15","20,68,13","22,70,15","30,76,24","33,74,26","33,71,25","34,71,26","30,67,22","21,61,13","38,80,27","25,70,13","29,77,17","28,75,16","18,62,11","20,59,15","44,79,36","71,98,63","86,108,80","87,107,80","98,119,88","88,112,76","70,94,57","60,83,47","63,86,48","67,89,51","24,44,7","30,49,13","66,84,48","75,91,55","137,151,117","169,182,147","140,152,116","151,162,127","132,139,106","64,73,41","159,166,132","225,228,197","172,173,143","120,119,89","140,139,107","171,171,135","144,146,106","94,97,53","98,104,58","68,75,29","113,120,77","113,120,80","95,102,66","138,144,112","108,113,85","76,81,53","34,39,10","93,98,66","90,96,60","67,73,35","81,89,47","112,121,78","98,111,66","60,77,32","94,115,67","74,98,51","41,67,18","56,81,32","80,101,54","115,133,86","194,208,164","121,132,87","81,89,47","92,103,58","60,73,29","47,64,18","61,81,34","69,91,45","49,71,26","31,52,10","122,142,102","82,102,61","49,71,30","67,88,46","74,95,52","52,74,30","39,62,16","52,76,31","23,40,16","46,70,27","41,66,22","61,87,41","47,73,28","17,41,4","13,36,7","12,34,6","17,44,5","12,35,7","11,33,8","15,38,9","12,34,7","11,33,6","13,38,7","10,34,6","16,41,8","11,35,5","12,37,8","13,38,7","14,38,9","10,32,6","7,27,3","10,30,6","7,32,2","9,33,4","4,25,1","6,24,3","8,26,5","10,27,5","11,28,6","10,27,5","8,25,4","6,23,4","7,24,3","8,24,3","7,24,3","9,25,4","10,27,6","11,28,6","10,27,4","7,23,3","6,22,3","8,24,4","12,28,5","14,28,4","10,23,2","9,21,2","17,29,6","16,28,6","4,15,1","10,22,1","18,30,7","10,22,4","9,21,4","19,30,10","20,32,11","21,33,12","24,36,15","28,40,19","33,45,24","38,50,28","41,53,32","51,63,43","68,79,60","72,83,65","72,83,65","72,83,66","80,90,73","94,105,88","108,119,102","116,126,109","120,131,113","125,136,118","130,142,123","137,148,129","140,152,133","139,151,132","137,149,130","137,149,130","138,150,131","139,150,132","139,148,130","20,35,9","19,35,9","18,35,8","18,35,8","17,34,7","16,33,6","14,33,6","13,33,6","12,33,5","14,37,8","11,35,6","8,33,3","6,33,3","8,35,5","11,38,8","14,41,11","13,41,11","10,40,9","13,47,14","15,51,16","16,53,18","16,53,17","14,52,14","13,51,13","13,52,12","17,56,14","20,60,16","21,62,18","22,64,18","22,66,17","23,67,16","24,69,17","26,72,19","30,76,22","34,80,24","37,83,26","41,87,27","44,88,26","44,87,24","43,86,23","42,86,22","42,85,21","44,87,22","47,88,24","50,90,26","51,92,28","52,92,27","49,89,23","49,88,22","51,91,24","52,90,23","49,88,20","47,86,19","48,87,19","46,87,18","42,85,15","40,85,15","38,83,15","34,81,12","33,82,12","34,85,15","34,85,17","32,84,16","27,80,11","21,72,4","23,74,7","28,79,13","32,81,15","34,81,16","33,78,14","28,73,9","24,68,6","23,67,8","30,75,21","27,73,21","24,70,18","22,67,16","20,65,14","19,64,12","18,64,11","19,64,11","20,66,13","25,70,18","23,69,14","24,69,14","25,72,16","26,73,15","24,70,13","22,68,11","24,70,13","29,77,20","17,67,11","17,67,11","23,71,18","24,69,19","26,67,20","31,70,23","27,67,18","14,57,5","23,69,12","27,75,13","22,73,9","30,81,17","32,81,20","35,81,25","56,93,47","69,100,61","86,111,82","59,81,54","80,103,72","73,97,63","61,84,50","54,75,43","56,77,42","80,100,66","68,86,52","74,90,57","67,82,49","87,100,66","100,111,77","150,161,127","224,233,198","233,241,207","250,252,222","186,191,158","87,92,57","173,176,142","224,225,194","163,161,133","108,104,73","161,158,123","170,170,129","106,108,64","80,85,38","44,51,14","102,109,70","112,118,78","78,84,48","98,103,70","101,106,76","72,77,48","44,48,20","84,88,56","114,118,84","117,120,83","114,118,79","112,119,79","87,98,55","51,66,24","80,99,54","76,97,52","49,72,26","69,90,45","111,130,86","153,168,124","184,195,153","91,100,58","42,49,11","75,83,42","59,70,28","72,86,43","74,91,47","48,67,24","35,56,14","40,60,21","73,91,53","57,75,36","42,61,20","40,59,22","65,83,45","66,86,43","33,56,10","63,86,40","54,76,30","83,106,60","46,69,28","52,76,34","46,69,26","30,53,11","31,55,15","33,57,17","28,52,14","29,50,15","30,49,18","35,54,22","27,46,15","24,43,12","29,48,16","28,46,15","34,52,21","25,44,13","35,53,22","33,51,20","37,56,25","30,49,18","22,41,10","31,50,19","18,37,6","28,47,15","15,33,4","20,34,11","25,35,16","26,35,18","27,36,19","25,34,17","23,32,15","20,30,12","19,27,10","18,27,9","17,26,9","21,30,13","26,35,18","27,36,18","20,30,12","17,26,9","20,29,11","23,32,15","25,32,16","25,29,15","21,26,13","21,26,13","23,27,15","16,20,8","9,11,5","16,20,10","24,29,17","18,21,12","12,15,8","14,18,9","13,17,9","14,18,10","13,18,10","14,18,10","14,18,10","15,19,9","15,19,9","14,18,9","13,16,8","15,19,12","14,17,12","13,15,11","14,15,12","15,17,14","17,19,15","16,18,15","13,15,11","8,10,6","10,14,6","13,16,10","14,18,11","12,15,8","9,13,5","9,12,5","9,12,7","9,11,7","6,8,2","17,33,5","17,33,5","17,34,6","18,36,7","18,36,8","18,38,9","19,40,10","20,41,11","18,42,11","15,39,8","10,35,4","7,33,1","5,33,1","7,37,4","12,42,9","15,45,12","14,44,11","11,42,9","11,45,11","12,49,12","15,51,14","15,52,13","14,52,12","13,51,11","14,54,11","19,59,14","21,63,16","23,65,18","24,67,17","24,68,16","24,69,15","24,70,15","25,71,14","28,74,17","33,80,19","37,83,21","42,88,25","44,91,25","43,89,23","42,88,22","42,88,21","43,88,22","46,91,23","48,92,24","50,94,25","54,97,28","55,97,28","51,92,23","48,89,20","47,89,18","47,88,17","45,86,15","47,88,17","50,92,21","48,90,19","41,85,14","39,85,13","37,82,13","34,81,11","32,80,10","30,80,9","30,81,11","30,81,12","30,82,12","28,80,11","28,78,10","27,77,10","28,76,10","29,76,11","29,75,10","29,73,9","27,71,7","26,71,10","33,78,21","31,77,21","29,75,20","28,74,18","27,73,16","26,72,15","25,71,14","25,70,13","24,70,12","25,71,12","26,73,13","24,70,10","25,72,11","28,75,13","26,73,11","21,67,5","23,70,8","35,84,22","37,88,30","30,80,24","26,73,20","21,65,15","25,66,17","36,76,26","37,78,26","21,65,11","24,70,9","29,79,14","24,75,7","19,71,3","27,76,12","31,77,20","24,62,16","36,68,27","84,109,78","78,99,71","105,127,98","74,95,66","45,66,37","45,65,35","56,75,44","80,97,66","116,133,100","69,84,51","58,72,39","62,74,40","70,80,46","92,101,67","124,131,97","140,145,111","162,165,132","213,216,180","93,96,60","175,176,141","239,238,207","220,217,188","164,160,129","122,118,84","105,103,70","101,102,57","108,113,64","47,53,19","91,98,60","106,113,71","68,74,36","75,80,46","103,107,76","60,63,34","41,44,18","85,87,57","106,107,74","100,101,66","97,100,63","99,104,66","72,81,41","53,67,27","87,105,62","87,106,64","68,89,46","57,77,34","77,95,53","120,135,94","135,145,107","61,69,30","36,42,6","78,85,46","59,68,29","61,73,32","74,89,47","69,88,47","62,82,41","79,97,59","36,53,16","58,75,37","59,76,37","46,63,26","53,71,33","75,93,50","71,91,46","40,61,16","63,85,39","71,93,47","48,70,26","59,81,39","52,74,33","25,47,10","18,40,7","37,60,23","17,38,4","24,42,11","27,42,14","32,47,20","25,40,13","22,37,10","28,43,15","28,43,16","35,50,23","27,42,15","29,44,17","29,43,16","32,47,20","30,45,18","28,42,15","34,49,22","27,42,15","32,47,20","24,38,13","23,33,15","25,31,17","27,30,18","28,31,19","27,31,19","27,30,18","24,28,16","23,26,14","21,24,12","23,26,14","27,30,18","29,33,20","27,30,18","21,25,12","23,25,13","28,32,19","30,33,21","26,28,17","25,26,17","27,28,21","30,30,24","32,31,24","25,24,18","22,20,14","31,30,24","38,37,31","32,31,25","24,23,17","22,21,14","22,21,15","24,22,16","23,23,17","25,23,17","24,23,17","24,23,16","24,23,16","25,24,19","29,27,24","28,28,25","27,24,24","22,22,18","22,20,19","24,23,21","27,26,24","28,26,25","24,24,21","20,18,17","19,19,15","19,16,16","16,15,13","16,13,12","16,15,13","19,18,15","23,20,20","23,20,20","13,10,11","19,34,7","18,34,6","19,34,6","19,34,6","18,34,5","17,35,6","16,35,5","15,35,7","13,37,5","17,41,10","14,39,7","11,37,6","10,38,6","11,41,7","14,43,11","14,45,11","12,43,10","9,40,7","12,46,10","15,51,12","19,55,15","21,57,16","21,58,15","20,57,14","21,58,14","25,63,17","27,67,18","27,68,17","27,70,17","28,72,17","29,73,16","28,73,14","27,71,11","28,73,11","32,77,14","35,81,17","38,84,17","39,86,16","38,85,15","37,84,15","39,85,14","41,86,18","44,89,18","44,90,19","45,90,18","46,90,18","46,89,18","46,89,17","48,90,18","50,92,18","47,89,16","43,85,12","43,85,11","44,86,13","45,87,15","43,86,15","41,85,15","40,84,15","39,84,15","37,83,14","33,80,12","31,81,12","33,83,14","34,85,16","34,83,16","30,80,13","28,75,9","28,74,9","31,75,12","34,78,14","37,79,16","37,78,16","34,78,15","31,75,15","32,77,17","33,78,18","34,78,19","34,78,18","33,78,17","32,76,14","30,74,13","29,73,11","27,72,8","33,78,14","27,72,8","24,69,4","29,74,8","30,76,10","24,70,4","24,70,4","37,84,21","31,80,20","29,77,21","30,74,21","25,66,16","23,63,13","28,68,17","29,69,16","16,58,3","22,66,4","15,63,6","29,78,13","25,75,6","32,81,16","38,82,23","20,57,8","42,73,30","71,95,61","71,91,62","78,98,70","57,77,50","52,71,44","73,92,64","77,95,67","43,59,32","107,122,92","25,39,14","65,77,47","78,89,56","113,122,88","108,115,80","70,76,40","104,108,72","80,82,46","116,118,81","71,72,34","128,127,92","159,154,123","136,130,102","128,123,92","154,151,115","90,89,52","107,108,62","121,127,77","56,62,23","113,120,78","127,134,90","93,99,60","127,132,97","132,135,104","92,95,65","70,71,44","153,154,124","118,118,85","69,70,34","74,77,41","103,108,71","114,123,85","92,104,66","66,82,42","35,52,21","42,62,25","44,64,22","62,80,40","92,107,68","93,102,65","152,160,123","85,90,55","70,75,39","97,104,67","84,94,56","63,78,38","58,77,37","51,71,32","53,69,34","15,31,6","52,68,32","48,64,26","40,58,18","42,60,19","66,84,41","84,103,58","37,57,12","75,97,51","39,61,17","31,52,10","60,81,41","66,88,49","37,59,24","18,40,10","46,67,34","26,45,15","32,47,20","30,44,18","33,47,21","28,41,15","25,39,13","29,42,16","24,38,12","32,45,19","27,41,15","25,38,12","27,40,14","25,39,13","26,39,13","28,41,15","26,39,13","29,42,16","23,36,10","23,33,11","19,26,9","18,23,9","19,22,10","20,23,11","21,25,12","25,27,16","25,28,15","26,28,17","24,27,15","27,29,17","27,30,18","24,28,16","21,24,12","20,24,11","25,27,16","30,33,21","29,32,20","24,26,15","21,22,14","25,23,19","29,26,23","32,28,24","28,25,21","30,26,22","33,30,26","34,31,27","31,27,24","27,23,20","26,22,19","26,23,19","25,22,18","24,21,17","22,19,15","21,17,14","19,16,12","18,15,11","18,15,13","22,18,18","21,18,18","21,17,18","19,16,16","20,16,17","21,17,18","23,19,20","24,21,21","24,21,21","24,21,21","23,20,20","22,18,19","19,16,16","17,14,14","16,12,13","15,12,12","16,12,13","15,11,13","12,7,13","24,36,12","23,37,11","23,36,11","22,36,10","21,36,9","19,35,8","18,35,7","16,34,8","15,35,7","16,38,10","16,40,10","16,41,11","16,42,12","16,44,12","16,43,13","13,43,11","11,40,10","8,39,6","11,43,7","14,49,9","18,53,11","21,55,13","20,56,13","18,55,11","18,54,8","19,56,7","21,58,8","24,63,10","27,67,13","30,71,14","32,73,12","30,73,10","28,71,8","28,71,7","30,73,9","33,78,11","36,82,13","39,84,14","38,84,12","39,84,12","42,86,14","45,89,18","47,91,19","46,90,18","45,88,15","46,89,15","49,91,17","51,92,19","56,97,23","59,100,25","57,98,23","52,93,18","50,91,15","50,91,17","49,89,17","44,84,16","43,82,17","44,84,18","46,88,21","43,86,20","37,82,16","35,81,15","37,83,17","37,84,18","31,78,14","32,77,14","35,79,16","41,84,21","46,87,26","48,88,27","44,83,24","39,78,18","35,74,14","34,74,12","34,76,13","36,78,15","37,79,16","37,79,15","37,79,15","36,78,13","34,77,11","33,76,10","32,75,9","44,87,19","34,77,9","25,69,2","31,74,7","38,81,12","34,77,8","29,72,4","38,83,16","28,73,13","35,81,24","45,87,34","42,81,30","36,73,22","36,72,20","35,71,17","26,64,7","34,76,13","31,76,10","33,79,10","36,83,13","42,87,21","33,73,18","21,55,14","75,103,59","78,99,64","82,100,70","34,52,26","30,49,24","39,58,33","58,76,52","70,88,61","40,56,29","159,174,145","37,50,22","41,52,21","87,97,64","128,136,102","99,105,72","58,63,29","112,115,78","71,73,36","99,99,61","64,63,25","103,101,65","118,113,82","86,80,51","107,101,72","218,214,179","193,191,151","88,90,43","112,118,67","53,60,21","110,118,75","128,136,91","100,107,67","129,136,99","129,135,101","43,46,16","32,34,11","120,121,92","120,121,88","86,86,52","79,80,47","91,95,61","80,87,52","40,52,17","64,80,43","76,94,58","65,85,47","56,76,36","82,99,61","135,149,113","166,176,141","153,161,127","103,108,74","38,44,20","40,47,19","36,46,16","32,46,14","32,51,17","31,51,21","64,80,44","37,53,20","38,54,18","38,54,15","37,54,15","40,58,17","41,59,17","40,59,17","52,71,26","37,59,14","28,50,7","38,59,17","57,78,39","55,76,38","30,52,17","16,38,7","34,54,22","28,47,17","34,48,22","27,38,14","28,38,14","26,36,12","27,37,13","28,38,14","19,30,5","26,37,13","30,40,16","29,40,15","30,41,16","26,36,12","27,37,13","28,38,14","24,35,10","27,38,13","20,31,7","22,31,9","24,32,14","24,31,15","23,28,13","21,26,12","22,27,12","25,29,15","26,33,17","28,32,18","26,32,17","29,34,19","27,31,17","23,28,13","23,26,13","24,30,15","28,32,19","26,33,17","26,31,16","26,30,17","23,25,15","22,21,15","24,22,18","24,23,18","27,25,20","30,29,24","25,24,19","21,19,15","22,20,15","22,20,16","20,18,13","20,19,14","21,19,14","21,19,15","22,20,16","22,21,16","23,21,16","22,21,17","21,20,17","19,17,16","20,18,17","23,21,19","24,23,21","23,21,20","20,19,17","17,15,14","15,13,11","14,12,11","15,13,12","15,14,12","17,16,14","18,17,15","20,19,17","20,19,17","19,18,16","18,16,15","17,14,16","14,12,17","19,34,9","20,35,8","20,35,9","20,36,10","20,37,9","21,39,10","20,40,11","21,41,12","20,41,12","13,36,7","13,38,7","14,40,8","16,42,10","17,44,12","17,44,12","16,44,12","14,43,11","13,43,8","18,50,12","22,57,15","26,62,19","28,64,21","27,64,19","25,61,15","24,60,12","23,61,10","22,62,9","24,64,10","28,68,12","32,73,14","35,78,16","35,78,15","33,76,12","32,75,9","34,78,11","37,83,13","37,84,13","37,83,11","38,84,11","40,85,13","44,87,15","47,90,18","48,90,19","47,89,17","45,87,14","45,87,14","46,87,15","46,86,13","48,88,15","49,89,16","47,88,15","44,85,12","45,85,12","48,88,16","48,88,18","43,82,15","41,80,16","43,82,19","46,86,23","42,84,20","38,80,16","37,80,15","38,82,17","41,85,21","43,87,24","40,84,21","39,81,18","40,82,19","44,84,22","46,85,24","45,83,23","42,80,20","39,78,16","39,79,17","38,78,15","38,78,15","38,78,15","37,78,13","37,78,13","38,78,13","37,78,12","36,78,11","32,73,7","45,86,18","35,76,9","25,66,3","30,71,7","38,79,11","36,77,9","29,70,3","35,76,10","30,71,9","37,78,17","44,84,24","40,78,20","37,73,16","41,77,19","41,78,18","32,70,9","37,77,14","30,72,5","27,69,6","39,80,18","43,82,21","32,67,14","41,70,26","105,130,89","92,113,78","124,141,111","43,62,35","51,71,44","62,81,53","61,79,52","68,86,59","47,63,35","170,185,156","52,66,36","48,60,28","95,105,72","85,94,60","56,63,29","67,73,37","102,106,69","129,131,94","69,69,31","92,93,54","156,154,119","138,135,104","130,124,96","189,184,156","244,244,210","222,221,182","53,55,16","116,120,71","74,80,30","72,78,29","71,76,31","63,68,28","108,113,76","182,186,153","26,28,2","37,37,8","91,90,59","146,146,113","112,112,78","53,54,21","59,64,31","87,95,60","56,68,32","72,87,51","84,104,66","55,76,37","46,68,29","67,88,49","101,118,81","119,131,98","28,38,12","114,122,88","78,86,53","78,88,54","79,91,57","55,70,34","64,83,46","138,158,121","117,134,98","85,102,65","49,66,29","81,98,60","109,126,88","81,99,59","46,64,23","61,79,37","74,93,51","54,74,34","82,103,61","85,106,65","72,93,54","47,68,30","34,54,17","38,59,24","33,51,19","23,39,10","30,43,16","20,31,6","20,30,6","23,33,9","28,38,14","29,39,15","18,28,4","25,35,11","31,41,17","25,35,11","22,32,9","20,30,6","19,29,6","20,29,7","21,30,9","23,33,9","21,30,10","20,29,8","23,30,11","22,27,11","19,23,8","17,21,5","17,20,5","17,21,6","16,20,5","16,19,4","16,19,5","20,23,8","18,21,7","16,19,4","18,21,7","22,25,10","20,22,9","16,19,4","17,18,6","21,22,11","22,22,14","21,19,15","20,17,14","21,17,14","25,23,20","30,27,24","21,19,15","14,13,9","18,17,13","22,21,17","22,20,17","21,19,16","20,18,15","18,17,13","17,16,13","16,15,12","16,15,12","16,15,12","19,17,15","23,22,20","20,17,16","17,13,12","13,11,10","14,11,10","16,13,12","20,17,16","25,21,20","25,23,22","22,19,18","20,18,17","19,15,15","17,15,14","18,14,14","17,15,14","17,15,14","17,14,13","16,14,15","19,16,21","20,42,12","19,41,10","18,40,10","17,39,8","17,39,7","17,40,7","16,41,8","16,41,8","15,41,7","22,48,12","19,46,10","14,43,5","12,41,2","12,43,4","16,46,7","17,48,9","16,47,8","13,45,6","12,46,5","17,55,11","23,62,17","22,62,16","19,59,12","19,59,11","25,66,15","23,67,14","18,61,7","21,64,9","25,70,11","30,75,14","34,81,18","36,83,18","35,82,17","34,82,14","35,85,16","39,90,18","35,85,13","33,82,10","38,85,13","42,88,16","44,88,17","44,87,16","44,85,15","46,86,16","48,88,18","47,87,17","44,83,14","42,81,11","43,83,12","47,87,16","46,87,16","42,84,12","40,82,11","42,84,13","47,89,20","50,92,25","44,85,19","43,84,18","43,85,19","38,80,14","40,82,16","43,85,19","41,83,17","40,82,17","47,89,24","43,85,20","39,81,16","39,81,17","43,85,20","45,87,22","45,86,22","43,84,20","42,83,19","46,86,23","43,83,20","40,80,17","36,76,13","35,75,12","35,75,12","37,77,14","40,80,16","40,80,15","32,72,9","32,72,7","34,74,9","35,75,10","35,76,11","34,75,10","31,72,7","30,70,5","30,70,5","23,62,0","33,71,5","35,73,5","32,71,3","33,72,5","40,79,13","42,81,15","36,75,10","30,70,7","34,73,12","43,81,23","39,75,21","30,63,13","21,51,8","23,49,16","65,89,54","81,102,71","54,74,44","20,40,13","49,71,40","69,89,57","62,81,50","62,80,50","77,93,62","135,150,118","53,67,36","103,116,84","108,119,85","75,84,50","85,93,59","127,134,99","124,131,94","186,190,153","72,75,37","113,116,77","139,141,106","127,127,97","140,137,112","183,180,153","206,205,171","215,215,176","85,86,40","128,129,81","74,77,28","99,103,53","110,113,66","97,99,58","141,142,105","181,182,149","30,31,3","60,59,29","140,139,107","160,160,127","116,117,83","72,73,40","73,77,45","98,106,73","81,92,58","59,75,39","50,71,34","39,64,25","34,59,20","30,55,17","50,72,35","104,121,86","88,102,67","192,204,170","65,77,43","31,45,12","79,96,62","73,92,58","32,54,20","67,88,50","65,84,47","43,61,23","24,42,6","73,91,54","76,94,56","45,63,26","34,52,15","57,75,35","65,83,45","31,49,19","43,61,23","60,78,40","78,96,58","61,79,41","35,54,16","34,52,15","28,46,10","24,40,9","30,44,15","29,40,14","30,40,15","34,44,19","37,47,22","33,43,19","24,34,10","19,29,5","20,30,6","28,37,16","28,37,16","24,33,13","21,30,9","21,30,10","26,35,15","31,40,20","32,41,22","29,36,18","24,28,11","20,24,7","21,23,7","26,28,12","32,33,17","34,34,20","29,29,16","29,29,15","33,33,19","29,27,15","23,21,9","23,20,9","27,25,14","28,26,15","23,18,10","23,19,9","26,21,13","24,20,12","24,19,15","23,19,18","22,17,17","24,18,19","27,23,23","27,21,22","21,16,16","18,14,14","19,15,15","21,16,17","22,17,19","22,18,20","23,18,20","23,18,20","20,18,20","20,18,19","19,17,18","19,16,18","21,18,19","25,20,22","23,17,19","19,13,15","16,10,12","15,9,11","17,11,13","20,14,16","23,17,19","23,18,20","22,16,18","21,16,18","21,15,17","19,15,16","19,14,15","18,13,14","17,13,14","17,12,14","17,12,15","19,13,20","23,48,15","21,46,13","19,44,11","17,42,9","16,41,8","15,41,6","15,41,6","15,42,6","14,43,5","23,51,13","20,49,11","15,46,6","13,44,3","13,45,4","15,47,5","16,49,7","15,47,5","12,46,3","9,46,3","14,52,8","18,59,13","17,59,13","15,57,8","16,58,8","21,64,11","21,65,12","17,62,5","18,63,6","22,67,8","26,73,11","29,78,14","32,81,15","32,81,15","35,85,16","37,89,18","42,94,22","37,88,15","34,84,11","37,86,13","41,88,16","43,89,17","44,87,16","45,86,16","46,87,17","48,88,18","52,90,21","55,92,23","52,90,20","51,91,21","53,93,23","52,93,23","50,91,21","49,91,21","51,94,23","52,95,26","51,93,27","45,87,21","47,89,23","46,88,22","40,82,16","40,82,16","43,85,19","42,84,18","41,83,17","44,86,20","41,83,17","39,81,15","41,83,17","44,86,20","46,88,22","46,88,22","43,85,19","42,84,18","45,85,21","42,83,19","40,80,16","38,79,14","37,78,13","37,78,13","38,79,15","41,81,17","41,81,17","33,73,9","34,74,10","36,76,12","37,77,13","38,79,14","38,78,14","37,77,13","36,76,12","36,75,9","30,67,1","39,76,6","39,77,6","36,73,3","37,76,5","43,83,13","46,86,17","41,81,15","38,78,15","46,83,24","35,71,16","42,75,24","40,70,24","38,66,24","62,86,50","89,112,79","103,124,93","31,51,21","43,63,31","33,55,20","41,62,27","57,76,43","61,80,47","89,106,73","90,107,73","43,57,24","72,86,53","96,107,73","103,113,79","137,146,112","167,174,139","131,139,102","187,191,154","91,95,58","91,95,57","129,133,97","182,183,153","211,210,185","209,209,182","198,197,165","154,154,115","92,93,49","129,130,82","81,83,34","96,98,49","112,113,68","113,114,73","138,138,101","137,137,104","37,36,5","83,82,51","102,101,68","161,161,127","124,125,91","57,58,25","63,65,33","64,72,39","70,82,47","82,99,62","97,120,81","81,106,67","68,94,54","57,83,43","49,72,33","69,88,50","123,139,103","117,131,99","46,60,25","45,61,25","56,73,36","53,73,40","46,68,36","49,71,33","74,95,56","100,118,80","38,56,21","37,55,18","36,54,16","28,46,11","34,51,22","67,83,54","102,120,82","50,68,31","78,96,58","75,93,55","79,97,59","54,72,34","30,48,10","32,50,13","21,39,3","36,52,17","22,36,7","25,35,10","28,38,13","29,39,14","29,39,14","28,38,13","27,37,13","29,39,15","32,42,18","36,45,23","28,37,16","23,32,11","26,35,15","32,41,21","33,42,23","27,36,17","25,34,15","31,38,20","28,33,16","27,30,14","27,29,13","26,28,12","25,27,11","26,25,12","25,24,11","24,24,10","24,24,11","30,28,16","29,26,15","27,24,13","30,26,17","31,27,18","28,22,14","30,24,16","31,25,17","27,21,14","24,19,15","23,18,17","22,16,17","23,17,18","26,20,21","26,20,22","22,16,18","19,14,16","20,16,17","22,17,20","23,18,21","24,19,22","24,19,23","24,19,23","23,20,23","22,19,22","21,18,21","21,17,21","22,17,20","24,18,21","24,18,21","22,16,19","22,16,19","22,16,19","22,16,19","21,15,18","22,16,19","22,16,19","22,16,18","21,15,18","21,15,17","20,14,17","19,13,16","18,12,15","18,12,15","17,11,15","18,12,16","21,14,21","19,45,10","17,45,9","16,43,8","14,42,6","13,41,6","12,41,5","13,42,5","16,45,7","16,48,9","19,50,10","16,49,8","13,47,5","12,46,5","14,48,6","17,51,8","17,53,9","18,53,10","16,52,8","11,48,4","13,52,7","17,58,11","16,58,11","15,57,8","17,59,8","21,64,11","22,66,12","19,64,7","18,63,4","20,65,6","23,71,7","25,73,9","25,74,8","27,76,10","31,81,12","34,86,14","37,89,17","36,86,14","34,84,11","36,85,13","39,86,14","41,87,15","44,87,16","44,87,16","46,87,17","48,88,18","52,90,21","55,92,23","53,90,21","49,89,19","49,89,19","48,89,19","48,89,19","49,91,21","51,94,23","51,94,25","48,90,24","46,88,22","50,92,26","49,91,25","42,84,18","41,83,17","45,87,21","46,88,22","45,87,21","46,88,22","44,86,20","42,84,18","44,86,20","45,87,21","45,87,21","43,85,19","40,82,16","39,81,15","46,87,21","45,86,20","43,84,18","42,83,17","41,82,16","41,82,16","40,81,15","40,81,15","39,80,14","35,76,10","37,78,12","39,80,14","39,80,14","40,81,15","41,82,16","41,82,16","40,81,15","40,79,12","41,78,8","48,85,13","46,83,12","41,78,8","41,79,9","46,85,16","46,86,17","42,81,15","42,81,18","41,76,17","39,73,18","67,99,48","54,83,39","36,63,25","78,102,64","89,112,79","114,134,103","35,54,24","81,102,70","57,79,44","54,75,39","71,91,56","69,89,54","99,116,82","74,91,55","56,70,36","77,91,56","93,104,70","102,112,77","114,123,88","144,152,116","184,191,154","155,159,122","90,94,57","119,123,86","164,168,134","188,188,160","211,209,185","238,238,212","225,224,192","115,115,76","115,116,72","127,129,81","75,77,28","70,72,25","82,84,39","84,85,44","109,109,72","163,163,129","57,56,25","91,90,59","51,50,18","138,138,105","162,162,128","107,108,75","74,77,44","58,65,31","68,80,44","64,82,44","93,115,75","73,99,59","49,76,35","44,70,29","41,65,27","41,61,25","116,132,95","92,106,72","112,126,90","63,78,42","25,42,7","58,78,43","91,113,74","44,66,29","55,76,46","118,136,99","59,77,39","45,63,25","62,80,42","64,82,48","50,67,37","53,70,39","77,95,57","52,70,33","55,73,35","72,90,52","93,111,73","57,75,40","23,41,6","36,54,17","36,54,17","21,37,2","27,40,11","33,44,18","36,46,21","33,43,18","29,39,14","29,39,14","35,45,20","37,47,23","36,46,22","28,38,16","25,34,13","24,33,12","23,32,11","23,32,12","25,34,15","26,35,16","23,32,13","21,28,10","26,31,14","32,35,18","33,36,19","29,32,15","25,27,11","24,25,12","28,29,15","28,29,15","24,25,11","30,29,17","30,28,16","27,24,13","29,26,14","30,26,15","27,23,14","30,26,17","30,26,17","23,18,11","21,16,11","21,16,14","20,14,14","20,14,14","22,16,16","22,16,18","20,14,16","19,14,15","19,15,16","21,17,18","22,18,19","22,18,20","23,18,22","23,18,22","22,17,21","22,17,21","21,16,20","21,16,20","21,15,19","22,16,20","23,17,21","24,17,23","25,19,23","25,18,24","24,17,22","22,15,21","21,15,20","21,14,19","22,15,21","22,16,20","21,14,20","21,15,19","20,14,19","19,13,18","19,13,17","19,12,18","18,11,17","17,10,17","12,41,4","11,42,4","12,42,5","11,41,4","10,41,3","9,40,2","11,42,4","14,45,7","16,50,9","16,50,8","14,49,7","13,49,6","13,50,6","15,52,8","18,55,10","19,57,12","21,58,12","19,58,12","11,50,4","12,51,5","15,56,8","15,57,8","16,58,8","17,60,9","20,63,10","22,67,12","22,67,10","22,67,8","25,70,10","27,74,11","26,75,10","25,74,8","26,76,9","33,83,14","35,85,16","35,87,15","36,87,15","37,88,14","39,88,15","40,87,15","42,89,17","46,89,18","47,90,19","49,90,20","51,91,21","48,87,17","46,85,15","50,89,19","53,93,23","55,95,25","54,95,25","52,93,23","48,90,20","44,87,16","43,86,17","44,86,20","43,85,19","49,91,25","49,91,25","43,85,19","42,84,18","47,89,23","49,91,25","47,89,23","47,89,23","46,88,22","45,87,21","45,87,21","44,86,20","43,85,19","41,83,17","38,80,14","38,80,14","46,87,21","47,86,21","46,86,21","46,86,20","45,84,19","45,84,19","45,84,19","44,83,18","42,81,16","39,78,13","43,82,17","43,83,17","41,80,15","40,80,14","41,81,15","43,82,17","42,81,15","40,78,11","49,83,14","54,88,17","50,84,13","44,80,9","44,81,10","48,85,16","47,85,16","43,81,14","45,82,18","49,84,23","52,86,30","56,86,36","42,71,26","40,67,27","68,92,55","56,80,46","35,54,26","29,48,18","93,114,82","70,92,57","36,57,23","34,54,19","53,72,36","90,107,72","90,107,71","82,96,61","119,133,98","82,93,58","80,90,54","82,91,55","108,116,79","235,241,205","191,195,159","64,68,33","89,93,58","101,105,71","167,167,140","225,223,200","236,234,209","205,204,172","70,70,31","103,104,60","100,102,54","80,82,33","85,87,40","88,89,45","79,80,41","109,109,73","195,195,163","89,88,57","142,141,111","66,65,34","137,137,104","153,153,119","94,95,61","61,63,32","43,50,19","90,103,67","64,82,44","61,82,43","45,70,30","37,63,23","45,69,29","52,74,35","49,68,31","69,85,48","115,129,93","81,95,59","51,65,29","42,59,23","52,72,35","57,79,40","43,65,27","38,59,25","72,90,53","40,58,20","55,73,35","94,112,74","85,103,65","54,72,34","74,92,54","112,130,92","78,96,58","51,69,31","75,93,55","104,122,84","82,100,64","44,62,26","35,53,15","42,60,22","29,45,10","37,48,18","40,50,23","39,48,22","34,43,16","31,39,14","33,42,17","37,46,21","34,43,19","25,34,10","24,33,10","29,37,14","29,37,15","24,32,10","18,27,5","20,28,8","27,35,15","26,34,14","19,27,6","21,26,7","27,31,12","30,34,16","28,32,15","24,28,11","25,28,11","29,32,15","28,29,15","22,24,10","27,28,14","28,28,15","25,25,11","26,24,12","27,24,13","24,21,10","29,26,15","29,25,16","19,16,8","18,15,9","22,18,14","21,17,15","20,16,14","19,15,13","19,15,15","20,15,15","20,16,16","20,16,16","21,17,17","21,17,18","21,17,19","22,17,21","22,17,21","21,16,20","21,16,20","20,15,19","20,15,19","20,14,19","22,15,21","22,16,22","23,16,23","22,15,22","22,15,23","22,15,21","21,14,21","20,13,21","21,14,20","23,16,23","22,15,21","22,15,22","22,15,21","21,15,22","21,14,21","21,14,20","20,13,21","19,12,19","14,7,14","10,45,5","12,47,7","13,48,8","12,47,7","10,45,5","8,43,2","7,43,1","9,45,3","12,49,6","16,53,10","16,54,9","16,55,10","17,56,10","17,58,12","18,57,12","17,59,11","18,59,11","18,60,12","18,58,10","20,60,11","22,63,13","23,65,14","24,67,14","25,68,15","28,71,17","30,75,19","32,77,19","25,70,12","25,71,10","28,75,12","27,76,11","26,75,9","29,78,11","36,85,17","36,87,18","34,86,15","38,90,18","41,93,20","41,91,18","42,90,18","44,91,19","48,93,21","51,95,24","53,94,24","54,94,24","52,92,22","50,90,20","52,92,22","50,90,20","47,88,18","47,88,18","48,91,20","50,93,22","48,92,21","47,90,21","43,85,19","42,84,18","46,88,22","50,92,26","45,87,21","46,88,22","50,92,26","51,93,27","47,89,23","43,85,19","43,85,19","43,85,19","44,86,20","44,86,20","43,85,19","43,85,19","42,84,18","43,84,18","46,85,20","47,86,20","46,85,20","47,86,21","48,87,22","48,87,22","49,88,22","49,88,23","49,88,23","42,81,15","46,85,20","46,85,20","42,81,16","39,78,13","41,80,15","44,83,18","42,81,16","39,76,9","48,81,12","52,84,14","50,81,11","46,78,8","49,82,12","53,87,18","51,87,18","47,83,17","51,86,22","46,81,20","63,95,39","32,58,21","37,61,27","75,101,59","91,115,77","118,140,105","12,31,3","72,91,61","61,81,49","58,80,44","52,73,35","66,86,50","106,126,89","92,109,72","57,75,37","43,57,21","104,118,80","98,110,72","133,143,106","170,180,143","152,160,123","119,127,90","123,127,92","181,185,150","110,114,79","163,167,135","214,214,187","234,232,209","229,228,202","179,178,146","95,95,57","176,177,133","101,103,55","45,47,14","73,75,37","84,85,42","95,96,57","179,179,144","227,227,196","55,54,24","77,76,46","45,44,16","138,137,106","152,152,119","134,134,101","146,148,116","46,53,19","52,62,27","47,63,25","41,61,23","70,94,55","102,127,87","78,102,62","42,63,24","78,96,58","56,70,34","30,43,14","91,103,68","79,92,56","78,94,57","62,82,43","23,45,11","23,42,16","79,99,60","116,134,96","66,84,46","28,46,18","31,49,16","35,53,15","42,60,22","61,79,41","55,73,35","37,55,17","34,52,14","64,82,44","77,95,57","67,85,47","49,67,29","40,58,21","44,62,25","24,39,5","39,51,20","39,48,20","35,44,17","32,41,14","34,43,16","38,46,20","38,46,21","30,39,14","22,30,6","32,40,17","28,36,13","25,33,10","26,34,11","28,36,13","25,33,12","21,29,8","22,30,9","28,36,15","23,31,10","24,31,10","26,33,13","28,32,15","27,31,14","25,29,12","25,30,12","24,27,12","20,22,8","24,26,12","26,27,13","26,26,13","26,26,14","23,23,11","20,20,8","27,27,15","30,27,18","21,18,9","22,19,13","27,24,20","27,23,20","24,21,17","20,17,14","20,16,15","22,18,17","24,20,19","23,19,18","23,19,19","23,19,20","24,20,21","24,19,23","24,19,23","24,19,23","23,18,22","22,17,21","22,17,21","21,16,22","22,15,23","21,14,22","20,13,21","19,11,20","19,11,20","19,11,20","19,12,20","19,12,20","21,14,22","22,15,23","22,15,23","22,15,23","22,15,23","22,15,23","22,15,23","22,15,23","22,15,23","20,13,21","16,9,16","10,48,5","14,51,8","17,54,11","18,55,12","16,53,10","13,51,7","11,51,6","12,52,7","15,55,9","15,55,9","14,56,8","15,58,10","17,60,11","17,61,12","18,61,12","17,62,11","19,63,12","20,64,13","15,58,7","16,57,5","18,59,7","20,62,9","22,65,11","23,66,12","25,68,14","28,73,16","31,76,18","27,72,13","29,75,14","33,80,17","31,80,15","27,76,11","29,78,12","35,84,18","33,84,16","28,79,9","39,90,19","47,99,26","46,97,23","46,95,22","48,95,23","53,99,27","57,101,30","59,101,30","58,100,29","57,98,28","55,95,25","54,94,24","49,90,20","43,84,14","43,84,14","47,90,19","51,95,24","52,97,25","51,96,26","49,91,25","45,87,21","48,90,24","51,93,27","48,90,24","49,91,25","52,94,28","50,92,26","45,87,21","43,85,19","43,85,19","43,85,19","42,84,18","42,84,18","43,85,19","43,85,19","45,87,21","47,88,22","53,92,25","51,90,23","50,89,22","49,88,21","48,87,20","48,87,20","48,87,20","48,87,20","48,87,20","41,80,13","47,86,19","47,86,19","42,81,14","40,79,12","43,82,15","48,87,20","47,86,19","43,80,11","49,80,10","53,83,12","51,80,10","49,79,10","52,83,14","55,89,20","52,88,19","48,82,17","54,88,24","49,80,20","74,105,49","43,72,25","53,80,37","84,110,67","72,96,57","116,138,103","17,36,8","115,134,103","60,82,47","58,80,43","54,76,38","67,88,50","114,134,95","96,114,76","57,75,34","68,84,44","96,111,70","99,112,71","95,106,66","94,103,65","96,104,66","101,109,72","100,104,71","131,135,102","110,114,81","198,201,170","195,196,169","178,176,154","185,183,158","134,133,102","85,85,48","155,156,115","102,104,57","57,59,16","57,58,19","61,62,24","65,66,29","122,122,87","236,235,207","86,85,55","64,63,33","66,65,35","49,48,20","79,79,48","117,117,83","99,101,67","63,69,33","51,61,24","80,95,56","51,73,31","47,72,30","92,117,75","88,112,70","39,61,19","54,72,32","48,62,25","20,32,11","78,90,56","96,110,71","84,100,61","63,82,42","44,66,25","34,56,16","45,64,25","96,114,76","57,75,39","62,80,43","68,86,48","69,87,49","76,94,56","93,111,73","103,121,83","51,69,31","53,71,33","55,73,35","51,69,31","43,61,24","30,48,13","20,38,5","28,45,11","46,62,27","43,55,22","38,48,18","34,43,14","35,44,15","38,47,18","38,47,19","35,43,16","31,40,13","30,39,12","30,39,13","27,35,11","27,35,11","29,37,13","31,39,15","28,36,13","24,32,9","23,31,8","28,36,13","26,34,13","23,32,11","21,30,9","23,32,11","26,34,13","24,31,13","20,27,9","21,25,8","23,28,11","22,26,10","22,26,11","25,28,14","27,29,15","23,25,11","17,19,6","24,27,14","29,30,17","21,21,11","23,22,15","28,27,21","28,27,21","24,23,18","17,16,11","18,14,11","21,17,14","23,19,18","22,18,17","22,18,18","23,19,20","23,19,21","25,19,23","25,19,23","24,18,22","24,18,22","23,17,23","23,16,23","22,15,22","21,14,22","21,13,24","20,12,23","19,11,22","19,11,22","19,11,22","19,11,22","19,11,22","19,11,22","19,11,22","19,11,22","20,12,23","20,12,23","20,12,23","20,12,23","20,12,23","20,12,22","20,13,21","19,12,19","11,51,7","14,54,9","17,57,12","18,58,14","17,57,13","16,56,11","15,57,10","18,60,13","21,63,15","13,56,7","12,56,6","14,59,9","16,61,10","17,62,11","18,63,11","17,65,12","21,68,15","24,69,16","19,63,10","22,63,10","24,65,13","25,68,14","26,69,14","27,70,15","29,72,16","32,77,20","36,81,22","33,78,17","34,80,18","37,84,21","33,82,17","29,78,13","30,79,13","38,87,21","38,88,21","32,83,14","34,86,16","37,89,16","36,88,14","37,87,14","40,89,16","46,92,20","47,93,21","48,92,20","47,89,18","46,87,17","47,88,18","52,93,23","55,96,26","55,96,26","55,98,27","54,99,28","50,96,24","43,89,17","45,89,19","50,92,26","43,85,19","49,91,25","55,97,31","48,90,24","49,91,25","53,95,29","50,92,26","43,85,19","44,86,20","44,86,20","44,86,20","42,84,18","41,83,17","41,83,17","41,83,17","44,86,20","47,88,21","54,92,25","55,93,26","54,92,25","52,90,23","49,88,21","48,87,20","49,87,20","50,88,21","49,87,20","42,80,13","47,86,19","48,86,19","45,83,16","44,82,15","47,85,18","50,89,22","51,89,22","49,84,16","57,86,16","59,86,15","57,83,13","54,82,12","55,84,15","56,86,18","53,85,16","50,81,15","53,85,21","56,86,26","56,86,30","32,60,13","60,87,43","114,139,96","117,139,100","100,121,87","21,40,14","70,89,57","40,61,26","44,66,28","45,67,29","59,80,42","88,108,68","60,78,37","37,55,13","92,107,65","91,107,63","71,83,41","127,138,98","154,163,123","90,98,59","65,72,36","118,122,89","61,65,32","166,170,137","228,231,201","245,245,221","212,210,189","163,161,138","144,144,114","133,133,97","141,142,100","79,81,36","64,66,19","49,50,12","39,40,9","60,61,27","124,124,90","196,195,165","67,66,36","46,45,16","92,91,61","63,62,38","77,76,49","100,100,67","82,83,49","100,104,69","45,55,18","79,94,55","74,94,54","40,64,22","62,87,45","65,90,48","37,58,17","64,80,41","45,60,21","64,77,39","57,69,31","45,57,25","42,57,22","65,82,42","77,98,57","50,70,30","52,70,32","75,93,55","41,59,25","58,76,44","81,99,64","74,92,56","56,74,39","60,78,40","71,89,51","36,54,16","50,68,30","78,96,58","72,90,52","40,58,24","26,44,11","43,61,23","46,63,26","33,49,13","44,57,23","39,49,18","33,43,13","34,43,13","36,46,16","35,45,15","30,40,10","30,40,12","36,46,18","26,36,8","31,40,14","35,44,19","34,42,17","30,38,13","30,39,14","34,43,19","32,41,17","25,35,10","25,35,12","22,33,11","18,30,8","20,30,8","23,33,11","24,34,14","21,29,10","22,29,11","28,35,17","21,29,11","20,26,9","23,28,13","24,29,14","19,24,9","15,18,4","20,25,11","25,28,14","20,23,9","21,23,13","26,26,17","25,26,17","21,20,14","15,15,9","14,12,6","17,14,10","19,16,12","20,16,13","20,16,16","22,17,18","22,17,19","23,17,21","23,17,21","23,16,21","23,16,21","22,15,21","22,14,21","21,13,21","20,12,23","20,12,23","20,12,23","20,12,23","21,13,24","20,12,23","19,11,22","18,10,21","18,10,21","16,8,19","17,9,20","18,10,21","19,11,22","19,11,22","19,11,22","19,11,22","18,10,20","18,11,19","19,12,20","17,59,13","17,59,13","17,59,13","15,57,11","15,57,10","15,57,9","15,57,9","18,61,12","20,64,14","16,61,11","15,62,10","16,63,11","16,63,11","16,63,10","16,64,10","17,66,11","20,69,14","23,71,16","20,64,11","25,66,13","29,70,16","28,71,16","26,69,13","25,69,12","28,72,14","31,75,18","32,77,17","31,77,15","33,79,17","34,81,18","29,78,13","24,73,8","27,76,10","37,86,20","41,92,25","39,90,22","39,91,20","39,91,19","38,90,17","39,90,16","41,91,18","45,92,20","46,92,20","45,89,17","43,86,15","43,85,15","46,87,17","50,91,21","50,91,21","47,89,19","48,92,21","50,95,24","47,93,21","40,86,14","40,85,15","44,86,20","36,78,12","47,89,23","54,96,30","41,83,17","42,84,18","50,92,26","48,90,24","41,83,17","45,87,21","45,87,21","44,86,20","43,85,19","42,84,18","41,83,17","42,84,18","44,86,20","46,87,20","49,88,21","53,90,23","53,90,23","52,89,22","51,88,21","51,88,21","53,90,23","56,93,26","56,93,26","47,84,17","49,86,19","51,88,21","50,87,20","50,87,20","50,87,20","50,87,20","52,88,21","54,88,21","63,90,21","63,89,18","63,87,17","60,86,15","57,85,14","55,84,15","53,84,15","55,85,18","56,86,22","58,88,27","60,89,32","33,61,14","36,62,19","74,98,56","88,110,71","57,79,42","95,114,81","86,105,72","56,77,41","44,66,27","73,95,56","133,154,113","151,172,129","69,88,44","55,74,29","114,130,86","103,119,74","87,100,56","133,144,101","163,173,132","124,132,93","97,104,68","167,171,138","92,96,64","202,205,174","230,233,204","236,236,213","188,186,165","131,129,106","146,145,116","133,133,97","149,150,109","67,68,28","74,76,31","79,80,35","62,63,23","83,83,47","157,157,124","176,175,145","39,38,10","59,58,30","100,99,70","77,76,45","107,106,75","140,140,108","117,118,84","127,131,95","48,57,20","63,78,39","70,90,49","47,69,27","68,91,49","81,103,62","72,92,52","103,118,79","82,95,57","54,66,29","61,72,34","29,40,11","27,42,10","56,73,34","66,85,45","45,65,25","45,63,25","51,69,31","66,84,46","43,61,29","45,63,29","34,52,17","35,53,20","75,93,55","73,91,53","50,68,30","43,61,23","74,92,54","69,87,49","50,68,30","41,59,21","38,56,20","26,44,11","37,53,18","47,61,26","38,51,17","31,43,10","30,42,10","33,45,12","33,45,13","29,42,10","31,42,12","36,48,18","29,40,10","31,42,14","33,44,16","32,43,16","30,41,14","31,41,14","32,44,17","32,42,16","27,38,13","25,37,12","25,38,14","23,36,11","20,33,8","21,34,10","26,39,16","24,35,13","22,33,13","30,41,21","25,35,15","23,32,13","24,32,15","21,29,13","16,23,7","15,20,5","17,24,8","19,25,10","19,24,9","20,24,11","23,25,14","21,23,13","18,20,11","16,17,8","14,14,6","14,13,7","17,14,9","20,16,13","22,17,15","23,17,18","24,18,19","24,18,22","24,18,22","26,16,24","25,15,23","24,14,22","24,14,22","22,13,22","20,13,23","19,11,22","18,10,21","18,10,21","20,12,23","21,13,24","20,12,23","19,11,22","17,9,20","16,8,19","17,9,20","19,11,22","21,13,24","22,14,25","21,13,24","20,12,23","19,11,21","19,12,19","21,14,21","17,59,12","19,61,13","21,63,16","22,64,16","21,63,15","19,61,12","17,59,10","15,59,9","16,60,9","17,64,12","18,65,12","18,65,12","19,66,11","20,67,12","20,69,13","21,70,14","21,70,15","22,69,14","20,64,9","24,66,10","27,70,12","27,71,13","27,71,13","28,72,13","31,75,16","29,74,15","26,72,11","32,78,16","37,83,21","37,85,21","33,82,17","28,77,12","29,78,12","36,85,19","38,88,21","36,87,18","39,91,20","40,94,20","39,92,18","38,90,16","39,88,15","43,90,18","46,93,21","49,93,21","49,92,21","48,90,20","51,92,22","56,97,27","56,98,27","48,91,20","45,91,19","50,96,24","50,96,24","43,90,18","43,88,19","47,89,23","39,81,15","46,88,22","50,92,26","38,80,14","39,81,15","47,89,23","46,88,22","40,82,16","45,87,21","45,87,21","45,87,21","45,87,21","44,86,20","43,85,19","43,85,19","42,84,18","46,87,20","56,95,28","56,93,25","53,90,22","51,88,20","50,87,18","49,86,18","50,87,19","51,88,20","50,87,19","49,86,18","51,88,20","52,89,21","52,89,20","51,88,19","51,88,19","50,87,19","52,88,20","56,89,21","62,88,18","66,90,18","68,90,19","67,90,19","64,89,19","61,87,18","59,87,18","59,88,21","61,91,27","60,89,28","48,77,18","56,83,34","77,103,57","76,100,56","42,64,24","34,56,18","126,146,111","73,93,58","44,65,28","27,49,12","82,104,65","153,174,132","136,156,115","50,69,32","85,104,58","91,107,61","86,102,55","103,116,71","118,129,86","118,128,86","107,115,75","99,106,70","131,135,102","138,141,110","223,226,196","176,178,152","164,163,141","160,158,138","142,140,117","141,140,111","93,93,58","134,135,95","90,91,51","97,98,54","105,106,63","80,81,42","97,97,61","198,198,165","227,226,197","43,42,15","117,116,88","153,152,122","83,82,52","87,86,55","120,120,87","109,110,75","137,140,104","41,49,12","59,73,33","53,73,31","40,62,19","57,80,37","80,102,60","80,99,58","71,87,47","79,91,52","48,60,21","48,59,20","46,57,19","51,65,26","45,62,23","47,66,26","71,92,51","53,71,33","25,43,5","44,62,24","61,79,41","66,84,46","59,77,39","59,77,40","74,92,54","74,92,54","65,83,45","55,73,35","77,95,57","67,85,47","47,65,27","38,56,18","37,55,18","37,55,21","38,55,19","44,59,23","37,52,16","32,46,11","32,46,11","34,48,13","33,47,13","29,44,9","30,43,11","34,49,17","30,43,12","30,44,12","31,44,14","29,42,13","26,40,11","27,40,11","28,42,13","29,41,12","25,39,11","24,38,12","24,39,13","22,37,12","19,34,9","20,35,10","25,40,15","22,36,12","20,34,12","28,41,19","25,37,16","25,35,16","26,36,17","23,34,15","19,29,11","17,25,8","18,26,9","17,26,9","16,24,8","20,25,10","23,27,12","23,25,13","21,23,11","19,21,9","17,17,8","17,17,9","20,18,12","24,20,16","24,19,17","22,16,16","23,16,17","25,17,21","25,17,22","27,16,24","26,16,24","25,15,23","25,14,23","24,15,23","21,14,22","19,12,21","18,11,20","19,12,21","21,14,23","21,14,23","20,13,22","20,13,22","19,11,20","19,11,21","19,12,21","20,13,22","21,14,23","21,14,23","21,14,23","21,14,23","21,14,23","21,14,22","21,14,21","17,59,11","19,61,13","22,64,16","24,66,17","23,65,16","21,63,13","18,61,11","16,60,9","15,59,7","18,63,10","17,64,10","17,64,10","19,66,11","22,69,14","24,72,16","24,73,17","23,72,16","22,70,13","24,68,10","26,68,10","26,68,10","25,69,10","26,70,11","29,73,14","33,77,17","29,75,14","24,70,8","30,76,13","36,82,18","37,84,19","34,83,18","32,81,16","34,83,17","41,90,24","42,92,26","40,91,22","36,88,17","34,88,14","37,90,16","40,92,18","44,95,21","50,97,25","52,99,27","53,98,26","54,98,26","51,93,23","51,92,22","53,94,24","53,96,25","49,92,21","43,89,17","42,88,16","43,89,17","43,90,18","46,92,22","50,93,27","45,87,21","50,92,26","52,94,28","44,86,20","43,85,19","48,90,24","48,90,24","42,84,18","40,82,16","40,82,16","42,84,18","44,86,20","45,87,21","45,87,21","45,87,21","44,86,19","46,86,19","50,89,22","50,87,18","49,86,17","52,89,20","54,91,22","54,91,22","51,88,19","48,85,16","47,84,15","48,85,16","50,87,18","52,89,20","52,89,20","52,89,20","52,89,20","53,90,21","55,91,22","60,91,23","63,87,18","66,88,17","68,89,18","69,91,19","68,92,21","67,92,22","65,91,23","63,91,24","61,90,26","62,90,29","49,77,18","87,115,61","121,147,98","106,131,86","75,97,56","88,109,72","90,111,75","67,87,52","64,85,48","63,86,46","135,157,117","194,215,173","135,156,112","47,66,23","104,124,75","112,128,80","99,115,67","87,100,53","87,99,53","83,93,50","80,88,48","98,105,69","71,75,43","207,210,180","242,245,217","226,227,203","188,186,166","168,165,146","172,169,148","160,158,131","88,88,54","173,174,134","82,83,40","98,99,55","83,84,41","51,52,15","95,95,62","212,212,179","225,224,197","33,31,7","121,120,92","169,168,140","113,112,83","89,88,57","131,130,98","184,185,150","192,194,157","64,72,34","51,62,23","75,93,51","62,83,40","43,66,22","53,76,32","85,105,62","94,110,69","56,68,28","76,87,47","81,92,52","58,69,29","67,80,39","60,76,35","36,55,13","42,63,21","47,65,27","122,140,102","135,153,115","86,104,66","56,74,36","69,87,49","92,110,72","86,104,66","59,77,39","61,79,41","41,59,21","50,68,30","53,71,33","45,63,25","42,60,22","45,63,25","36,54,17","23,41,8","31,48,10","28,46,8","27,44,7","29,45,9","31,47,11","30,46,11","27,43,7","27,43,9","31,47,14","28,44,11","27,43,10","26,43,11","25,41,10","24,40,8","25,41,9","26,43,11","28,44,12","27,43,14","26,41,14","26,42,16","24,41,15","22,38,12","23,39,13","28,44,18","24,40,14","22,37,13","29,43,20","25,38,17","24,37,17","25,38,18","25,37,17","22,33,14","19,30,13","18,28,11","17,27,10","17,27,10","21,28,11","23,28,13","24,27,13","24,26,13","22,24,11","22,22,12","22,22,12","25,23,15","29,26,20","26,22,18","21,16,15","23,16,17","25,16,21","26,17,22","27,16,24","27,16,24","26,15,24","26,14,24","25,14,23","21,13,21","19,12,19","17,10,18","18,11,19","20,13,21","20,13,21","19,12,20","19,12,20","19,12,20","22,15,23","21,14,22","21,14,22","21,14,21","21,14,22","22,15,22","22,15,23","23,16,24","22,15,22","20,13,20","19,59,9","21,61,11","22,62,12","23,63,13","22,63,13","20,62,11","19,62,9","21,64,11","21,65,12","18,62,9","19,63,9","20,65,10","20,66,11","21,68,12","22,70,12","22,70,12","21,69,11","21,66,9","29,73,15","31,73,14","27,70,10","24,68,8","25,69,9","30,74,13","37,81,20","35,81,19","30,76,13","35,81,17","40,86,22","41,88,23","39,88,23","39,88,23","39,88,22","41,90,24","40,91,24","39,90,21","37,90,19","37,91,18","39,93,18","42,94,20","44,96,22","46,94,22","45,92,20","46,92,20","46,91,19","49,92,21","48,91,20","42,85,14","44,87,16","52,95,24","47,92,20","36,82,10","33,80,8","41,89,17","47,93,23","44,88,21","44,86,20","47,89,23","50,92,26","47,89,23","46,88,22","47,89,23","45,87,21","42,84,18","42,84,18","42,84,18","42,84,18","44,86,20","47,89,23","49,91,25","49,91,25","47,89,22","47,87,19","50,87,20","46,81,13","44,80,11","49,84,16","53,88,20","53,89,21","52,87,19","51,86,18","52,87,19","51,86,18","52,87,19","54,89,21","54,89,21","53,88,20","53,88,20","53,88,20","55,89,21","59,90,22","65,87,18","66,84,14","65,83,13","66,86,14","68,91,19","71,94,25","69,94,26","63,90,24","57,84,19","78,106,44","51,78,20","90,115,62","121,144,96","80,102,62","40,61,30","119,139,102","58,78,43","27,47,17","20,41,11","99,121,83","178,200,159","189,211,167","141,162,116","95,114,67","72,92,43","96,113,63","86,103,51","87,101,52","121,133,86","128,139,95","107,115,75","115,122,85","75,78,47","224,227,197","161,164,138","192,194,171","136,136,116","111,108,90","182,179,159","208,207,180","107,107,72","147,148,108","68,69,27","83,84,41","71,72,29","51,51,13","61,61,27","123,123,93","231,230,205","43,41,16","45,43,18","169,168,140","111,110,82","70,69,39","123,121,89","175,174,140","166,168,131","151,159,120","54,65,25","61,78,36","78,98,55","59,80,37","69,89,46","118,135,94","124,138,98","76,87,48","49,60,20","73,84,44","60,71,31","48,61,20","56,71,30","65,82,40","55,73,32","50,68,30","51,69,34","61,79,41","73,91,53","91,109,71","71,89,51","40,58,20","50,68,30","65,83,45","55,73,35","53,71,33","70,88,50","78,96,58","49,67,30","29,47,11","41,59,21","31,49,11","32,51,14","28,48,8","28,49,8","30,51,11","32,53,14","31,52,13","28,49,10","25,46,7","25,45,8","29,49,12","23,43,6","21,41,5","21,41,6","21,41,7","23,43,8","24,44,9","25,45,10","28,47,15","30,49,18","25,44,15","24,43,15","23,42,14","21,40,12","22,41,14","26,44,18","22,40,14","19,37,12","26,41,18","24,39,16","22,37,14","23,37,15","24,37,17","24,37,17","22,35,15","20,33,13","20,33,13","21,34,14","22,31,12","22,29,11","24,30,13","26,30,15","24,28,14","24,26,15","25,27,16","27,28,19","30,29,22","27,24,19","22,17,15","23,16,17","25,16,21","26,17,22","27,16,24","26,15,23","27,14,24","26,14,24","25,13,23","23,14,21","21,15,19","20,13,20","20,14,18","22,15,21","22,16,21","21,15,21","21,14,20","21,15,20","24,17,24","23,17,21","22,15,22","22,16,20","21,15,21","22,15,20","22,16,21","22,15,22","22,15,22","19,12,19","22,61,12","23,62,13","23,63,12","22,62,11","21,62,11","20,62,10","21,64,11","23,66,13","26,69,15","20,65,10","21,65,10","23,68,12","23,68,12","21,67,10","18,65,7","16,64,6","17,65,6","21,66,7","26,71,10","28,70,10","24,67,6","20,64,3","21,65,3","26,70,8","34,78,16","35,81,17","32,78,14","32,78,14","33,79,15","36,83,19","38,87,22","41,90,25","43,92,26","43,92,26","42,93,26","40,92,23","44,97,26","46,100,27","44,99,24","44,97,23","43,95,21","42,92,19","45,93,21","50,97,25","55,101,29","56,100,29","50,93,22","42,86,15","43,87,16","51,97,25","49,96,24","40,87,15","37,86,13","44,93,20","47,93,23","42,87,20","46,88,22","47,89,23","48,90,24","49,91,25","48,90,24","45,87,21","43,85,19","46,88,22","51,93,27","49,91,25","47,89,23","47,89,23","49,91,25","51,93,27","50,92,26","47,89,22","47,87,19","55,92,23","47,83,14","43,78,10","45,80,12","46,82,13","47,82,13","47,83,14","52,88,19","58,93,25","52,87,19","53,88,20","54,89,21","54,89,20","52,87,19","51,86,18","51,86,17","53,87,18","57,86,18","66,87,18","68,84,15","68,84,14","67,86,16","70,91,20","71,94,24","70,94,25","64,90,24","59,85,20","74,100,38","39,65,12","62,88,37","80,103,55","50,72,32","37,58,27","105,126,87","45,65,30","70,90,54","52,73,36","115,138,97","158,181,138","117,139,95","51,72,25","62,81,33","114,134,83","116,134,82","85,102,49","83,97,47","121,133,86","118,129,84","61,70,30","61,68,36","183,186,155","239,242,215","150,152,127","163,165,143","131,130,111","149,146,129","221,218,198","196,195,168","109,109,75","213,213,175","73,74,34","87,88,46","114,115,72","88,89,51","92,92,60","186,185,155","227,225,198","51,49,24","64,62,37","162,161,134","119,118,90","120,119,90","180,179,147","189,187,153","154,156,119","148,154,116","88,99,59","46,63,24","41,61,23","44,65,25","45,65,22","59,77,35","83,97,58","25,36,6","68,76,38","104,112,73","100,110,70","76,89,48","69,85,44","75,92,52","68,86,45","75,93,57","18,35,13","41,59,24","51,69,31","81,99,61","91,109,71","82,100,62","79,97,59","54,72,34","49,67,30","52,70,33","101,119,81","105,123,85","60,78,41","36,54,17","51,69,31","38,56,18","43,64,25","28,51,10","29,53,12","32,56,15","32,56,16","28,52,12","23,47,8","19,44,5","21,44,6","22,48,8","22,45,6","19,43,4","19,43,5","21,45,8","23,48,11","25,48,12","23,47,11","26,48,14","29,51,18","23,44,13","22,43,13","21,41,13","19,39,11","21,41,13","25,43,17","21,39,13","17,35,10","22,40,15","23,39,16","21,37,14","22,37,14","24,37,17","25,38,17","22,36,16","19,33,13","20,34,14","24,37,17","23,34,14","22,30,12","25,31,13","26,30,15","25,29,14","25,27,14","25,27,16","27,28,19","29,29,22","27,24,20","23,18,16","24,18,18","26,17,20","26,17,22","27,16,24","26,15,23","26,14,23","25,13,22","25,15,22","27,19,23","24,18,21","23,17,20","24,18,21","25,19,22","26,20,23","25,19,22","24,18,21","23,17,20","23,17,20","23,17,20","23,17,21","22,16,20","22,16,20","22,16,20","22,16,19","21,15,18","21,15,20","22,15,22","26,64,15","27,65,16","27,66,15","26,66,14","25,65,13","24,64,12","23,64,11","23,66,12","24,67,13","16,59,5","18,61,7","22,66,11","23,67,11","20,65,8","17,62,6","18,63,5","24,68,10","30,74,15","25,69,9","25,68,7","24,67,5","23,67,5","23,67,5","28,72,10","34,78,15","35,81,18","33,79,15","29,75,11","30,76,12","32,79,15","36,85,20","41,90,25","42,91,26","41,90,25","39,89,23","38,89,21","39,92,21","41,95,22","40,95,21","41,94,21","40,92,18","38,89,16","39,88,16","43,90,18","47,93,21","48,93,23","49,93,22","49,93,22","47,93,22","46,93,21","47,95,23","49,97,25","48,98,25","46,95,23","46,93,23","49,93,26","52,94,28","49,91,25","46,88,22","49,91,25","48,90,24","44,86,20","44,86,20","48,90,24","51,93,27","48,90,24","44,86,20","44,86,20","47,88,22","49,91,25","49,91,25","46,88,21","45,85,17","47,84,15","43,79,9","44,79,10","50,86,16","50,86,16","47,83,13","45,81,11","49,85,15","56,92,22","46,82,12","48,84,14","50,86,16","52,86,17","52,87,17","53,87,18","54,89,19","57,91,21","61,91,21","67,88,18","73,89,19","76,92,22","75,93,23","73,93,22","70,91,22","68,91,22","68,92,25","68,94,29","90,116,55","40,64,18","85,109,61","92,115,68","58,80,38","89,110,70","111,132,94","32,48,23","103,123,87","57,78,41","152,173,134","212,234,191","167,187,144","98,119,72","70,89,40","102,121,70","112,129,77","136,153,99","103,116,65","83,95,46","102,112,67","114,123,81","106,113,75","209,212,182","174,177,150","211,213,189","139,140,118","140,139,120","164,161,143","146,144,123","133,131,105","150,150,116","185,185,147","73,74,35","83,84,42","118,120,77","82,83,50","85,85,59","208,207,177","222,220,194","82,80,56","47,45,21","156,154,128","185,184,158","111,110,83","82,81,51","146,144,110","146,149,112","154,161,123","106,117,77","42,57,22","80,99,60","79,99,56","62,81,38","93,110,68","118,133,92","49,60,20","101,110,71","71,80,40","64,74,35","59,72,32","52,68,28","43,60,22","43,60,20","87,104,66","45,62,27","93,111,73","59,76,38","58,75,37","77,94,57","73,91,55","51,69,36","63,81,43","150,167,130","52,70,33","67,85,47","56,74,36","34,52,16","30,48,12","36,54,16","28,46,8","47,68,29","15,40,3","17,44,2","22,49,6","22,48,6","18,44,3","14,39,2","12,39,2","15,41,3","19,46,5","23,49,9","21,46,7","21,46,7","23,49,10","26,52,14","25,51,14","22,48,11","21,46,10","24,49,15","22,45,13","23,44,14","22,42,14","20,40,12","22,42,14","25,45,18","20,40,13","17,35,9","22,40,14","25,43,18","23,41,17","21,38,14","23,38,15","24,39,16","21,36,15","16,31,10","19,33,12","25,37,17","24,34,14","22,30,10","24,30,11","26,30,12","25,29,13","24,26,13","24,26,13","25,26,16","27,27,18","27,24,18","25,20,17","25,20,19","27,18,21","27,16,22","27,14,21","26,13,21","25,12,20","23,11,19","23,13,19","25,17,20","24,16,18","23,15,18","23,15,17","25,17,19","25,18,20","24,17,19","24,16,18","22,15,17","21,14,17","22,15,17","24,17,19","24,17,19","24,17,19","23,16,18","21,14,16","20,13,15","20,13,16","23,16,21","25,64,13","27,66,15","29,69,17","29,69,17","26,66,14","23,63,11","21,61,9","23,64,11","26,68,15","22,63,11","25,67,14","27,69,16","25,68,14","23,66,11","22,64,11","20,63,8","22,64,9","28,71,15","25,69,11","29,72,13","32,76,16","31,75,15","30,74,14","31,75,15","37,81,19","37,82,21","33,78,16","33,79,16","34,80,17","35,81,18","36,84,20","38,86,22","40,87,23","38,85,21","37,85,20","37,86,19","38,89,21","41,94,22","45,98,26","48,101,29","46,99,26","40,93,22","35,87,14","34,84,13","35,84,12","36,85,15","42,90,20","47,96,24","47,96,27","42,92,20","41,91,21","46,97,25","47,97,26","42,92,22","41,90,21","46,92,24","48,92,25","45,89,22","43,87,21","46,88,22","47,89,23","45,87,21","46,88,22","47,89,23","47,88,22","44,85,19","42,83,17","43,85,19","47,87,22","48,90,24","48,89,23","45,85,19","43,82,15","44,81,13","43,78,9","48,83,16","56,91,22","57,91,23","50,84,16","45,79,10","46,80,11","53,87,17","52,87,17","52,87,17","53,86,16","53,85,16","53,85,15","53,85,16","53,85,15","54,85,16","56,84,16","71,92,25","77,93,27","74,92,23","74,93,23","73,93,22","71,92,21","74,95,25","72,94,27","74,97,34","88,111,53","44,65,17","108,128,83","94,114,76","45,65,30","108,127,88","98,117,80","38,53,27","83,101,63","38,54,18","120,134,97","152,166,126","119,134,92","101,117,71","60,75,28","86,102,53","102,117,66","76,90,38","88,100,50","92,104,56","102,112,67","105,114,74","80,87,55","202,205,175","171,174,147","227,228,204","129,128,107","112,111,92","144,142,124","131,129,108","112,111,84","198,200,167","166,169,130","56,60,21","94,98,57","100,105,64","60,64,28","58,61,31","145,146,118","223,222,199","83,80,59","48,45,25","192,189,168","236,233,212","148,145,123","130,127,101","210,208,175","124,126,89","55,61,23","127,137,97","55,67,31","55,71,31","54,71,29","44,60,24","71,85,54","116,132,90","56,70,28","114,128,86","73,86,43","66,80,38","73,87,44","78,94,50","68,85,41","51,67,25","74,90,50","10,25,2","70,86,48","56,72,33","56,72,35","80,96,59","76,93,58","47,64,33","81,98,61","94,110,75","52,69,32","110,128,91","79,96,59","42,60,23","37,55,17","38,56,18","40,58,19","34,55,15","20,43,5","20,46,5","22,48,6","22,48,6","20,46,5","20,46,5","20,46,6","22,48,9","26,52,12","24,50,11","20,46,7","20,47,8","23,50,12","23,50,12","20,47,9","17,44,7","20,46,10","22,49,14","16,41,8","19,42,12","21,42,14","18,40,11","18,39,11","23,43,16","20,40,13","16,35,9","17,36,10","25,43,18","26,44,20","25,42,19","26,43,20","28,44,22","23,38,17","14,29,8","14,29,8","19,33,11","22,32,10","23,30,8","24,30,8","25,30,9","26,30,10","26,29,12","26,28,12","26,27,13","25,26,14","26,25,14","27,22,14","26,21,15","27,19,16","27,18,18","28,17,18","27,16,18","25,14,16","22,11,14","21,11,14","25,15,16","25,15,15","25,15,17","25,15,15","25,15,16","24,14,15","24,15,16","25,15,16","24,15,15","23,13,15","24,14,14","25,15,17","25,16,16","25,15,17","24,14,15","23,13,13","21,12,13","21,12,12","25,16,16","22,62,10","26,66,14","30,70,18","30,70,18","27,67,15","22,62,10","20,60,8","23,63,11","28,68,16","24,64,12","26,66,14","24,64,12","21,61,9","23,64,11","28,68,16","27,67,15","23,63,10","26,66,13","25,68,12","30,73,16","33,76,19","30,74,16","26,69,11","26,70,11","33,77,17","36,80,21","32,76,17","34,79,18","34,80,18","34,80,18","36,82,20","37,83,21","39,85,21","40,86,22","41,87,23","42,90,24","39,90,22","38,90,21","40,93,23","41,94,24","41,94,24","39,92,22","37,89,18","35,87,17","34,86,15","33,86,16","36,88,18","41,93,23","43,95,25","39,92,21","38,90,20","39,92,21","39,92,22","38,90,20","39,88,20","42,89,21","43,88,21","42,87,20","42,87,20","44,87,21","45,87,21","45,87,21","45,87,21","46,87,21","46,87,21","45,86,20","46,86,21","46,86,21","47,86,21","46,86,20","45,84,19","43,82,17","45,83,18","53,88,22","47,82,16","47,82,16","53,88,21","54,87,20","51,83,16","48,80,12","50,83,14","56,89,20","58,90,21","58,90,21","58,89,19","57,88,18","56,87,17","55,86,16","55,86,16","57,86,16","59,86,18","73,94,30","73,91,28","68,87,22","67,87,18","71,91,20","76,96,25","80,101,30","80,101,34","79,100,38","63,82,28","49,68,21","79,97,55","64,82,44","51,69,34","98,116,77","48,66,27","113,131,90","53,69,27","53,64,25","90,98,60","102,110,71","101,111,69","95,106,62","58,68,23","117,130,80","134,146,96","92,106,55","119,131,82","118,130,83","95,105,62","70,78,40","51,58,29","205,208,178","241,244,215","174,175,150","104,103,82","108,106,88","156,155,136","183,183,162","170,171,145","170,174,141","147,153,114","68,74,33","79,86,45","94,101,61","61,68,34","29,34,7","90,93,67","230,230,210","82,81,62","54,51,35","191,186,170","209,203,185","149,144,123","104,101,76","101,101,71","107,109,72","68,72,35","111,118,80","63,71,35","65,76,38","76,89,48","63,77,39","55,70,35","85,101,58","71,87,43","70,87,42","47,63,19","93,109,64","100,116,71","79,94,48","81,95,49","106,120,76","90,104,62","34,48,15","74,89,49","65,80,39","56,70,32","79,93,57","87,103,67","67,83,47","99,114,80","38,53,20","54,69,35","107,124,89","59,76,40","28,46,9","34,52,13","32,50,11","36,54,14","19,40,0","22,44,5","19,43,3","17,42,2","16,41,2","16,41,2","16,41,2","16,41,3","16,42,3","17,43,4","24,50,11","20,46,7","19,46,7","21,49,11","21,49,11","16,44,6","16,44,7","20,49,13","20,48,12","13,39,6","18,41,11","20,43,14","16,39,10","15,37,8","20,40,13","21,41,14","16,36,9","15,35,8","23,42,17","28,46,22","29,47,24","31,49,27","30,48,26","25,40,19","15,30,9","12,27,6","15,29,7","21,32,9","25,32,9","25,30,8","25,30,8","25,30,8","27,30,11","27,30,12","26,27,12","24,25,11","25,24,11","27,24,13","27,22,14","27,20,14","27,20,15","28,18,16","27,17,16","25,15,14","23,13,12","23,12,12","26,15,15","28,17,16","29,18,18","28,17,17","26,15,15","26,15,15","27,16,16","27,16,16","27,16,16","24,12,13","25,13,13","26,15,15","28,16,16","28,16,16","27,16,16","27,16,15","26,15,15","26,15,14","27,17,14","21,64,10","25,68,14","29,72,18","30,72,19","27,69,16","23,65,12","21,63,10","23,65,12","26,69,15","25,67,13","26,68,14","22,64,11","19,62,8","25,67,14","33,75,21","34,76,22","27,70,16","29,71,17","27,69,14","29,72,16","30,73,17","27,70,14","22,65,8","22,66,7","30,74,15","35,80,21","35,79,20","33,79,18","33,79,17","33,79,17","34,80,18","35,81,19","35,83,19","37,85,20","39,87,22","40,88,23","41,91,24","38,90,22","33,86,16","29,82,12","32,85,15","37,90,20","39,92,22","38,91,21","35,88,18","33,86,16","34,87,17","36,89,19","36,89,19","34,87,17","35,88,18","38,91,21","39,92,22","37,89,20","37,86,18","39,86,18","40,85,18","39,84,17","39,84,17","40,82,16","39,81,15","39,81,15","39,81,15","40,81,15","43,84,18","44,85,19","46,86,20","44,84,19","41,80,15","39,78,13","40,79,14","44,83,18","49,87,22","60,95,29","50,85,18","48,83,15","52,87,19","57,90,23","58,90,23","57,89,22","58,91,22","59,92,23","51,82,14","55,86,18","58,88,19","58,88,18","56,86,16","55,85,15","58,88,17","64,93,22","71,98,29","71,92,28","66,86,22","68,87,22","65,85,16","69,89,18","77,97,26","79,99,29","88,109,43","87,107,47","55,73,21","103,121,74","97,113,73","71,88,51","92,108,71","112,128,92","26,42,11","123,140,98","34,50,14","93,102,64","130,138,97","147,154,113","144,151,109","96,105,64","32,42,8","77,89,39","95,107,57","79,92,40","99,112,61","104,116,67","103,113,68","103,111,70","99,106,70","193,197,164","238,241,212","183,184,159","93,92,71","48,46,28","119,118,99","226,226,205","222,224,198","135,139,105","95,101,63","70,77,36","93,101,59","86,94,54","62,69,34","47,52,23","88,91,66","234,235,215","106,106,88","39,36,19","162,157,141","224,218,200","168,162,142","77,73,49","67,67,35","145,148,111","87,91,54","86,92,54","90,97,59","71,81,42","69,81,40","64,78,35","53,69,26","75,92,48","87,104,60","59,75,30","73,89,44","86,100,56","64,78,34","60,73,29","74,87,41","67,80,35","74,87,44","78,91,48","82,95,55","50,63,23","46,59,22","74,88,52","82,96,60","70,84,49","111,125,90","32,47,14","79,94,61","92,109,73","45,62,29","31,49,14","43,61,22","38,56,16","40,59,18","44,65,23","35,57,15","30,54,13","27,52,11","25,50,9","24,49,8","23,48,8","22,47,8","21,48,8","21,48,8","29,55,15","21,47,8","17,44,6","18,46,8","20,48,10","17,45,7","18,46,8","18,48,11","16,43,8","18,43,10","24,48,17","25,48,19","21,44,15","19,42,13","24,46,17","24,46,18","21,42,14","23,43,16","20,39,14","22,40,16","26,44,20","27,45,22","26,43,20","24,39,18","22,37,16","21,36,15","21,35,15","25,36,15","28,35,15","27,32,14","26,30,13","24,28,12","25,28,13","25,27,14","24,25,14","23,23,13","25,23,14","28,25,18","28,25,19","28,23,19","26,21,17","26,17,17","25,15,16","24,13,15","24,14,16","25,15,15","26,16,15","27,17,15","28,18,16","28,18,16","26,16,14","26,16,14","27,17,15","28,18,16","28,18,16","24,14,12","25,15,13","28,17,16","30,19,18","31,20,19","32,22,20","32,22,20","33,22,21","32,22,20","29,19,14","23,66,12","27,72,17","31,75,21","31,75,20","28,72,17","25,69,14","24,69,14","25,68,14","24,69,14","21,65,10","22,68,12","20,64,10","18,62,7","21,65,10","26,70,16","23,68,13","20,63,9","23,66,12","24,67,12","28,71,15","32,75,19","30,73,17","28,72,15","30,74,15","34,78,19","37,82,23","36,81,22","33,78,17","32,79,17","33,80,18","32,78,16","30,78,15","30,79,14","33,82,17","34,84,18","33,83,17","39,91,23","40,93,24","33,86,16","28,82,11","28,82,11","33,86,16","35,89,18","33,86,16","28,81,11","29,82,12","31,84,14","30,83,13","28,81,11","29,82,12","33,86,16","37,90,20","37,90,20","36,88,18","36,85,17","38,84,16","39,84,17","39,84,17","40,85,18","41,84,18","41,83,17","41,83,17","41,83,17","40,82,16","40,81,15","40,81,15","39,80,14","37,78,12","37,77,11","39,78,13","42,81,16","48,86,20","52,89,23","52,87,21","49,84,16","51,86,18","56,91,23","61,94,27","61,93,25","57,89,21","55,88,19","56,88,19","60,91,22","61,92,24","62,92,22","59,89,19","56,86,16","54,84,14","55,85,15","60,90,18","67,93,25","66,87,22","68,88,24","70,89,23","69,89,21","67,87,17","68,88,17","74,94,24","82,103,38","90,110,51","46,63,14","73,89,44","42,58,28","53,68,41","93,109,72","67,82,45","45,61,23","114,131,89","38,51,15","50,59,19","113,119,78","126,132,90","95,101,58","77,84,39","84,94,46","138,149,97","103,115,63","57,70,18","64,77,25","90,102,52","104,115,69","104,113,71","112,120,81","165,169,136","163,166,135","196,196,169","147,146,124","116,115,96","152,152,133","180,182,160","142,145,119","171,178,143","124,131,90","46,54,21","65,73,33","80,88,47","85,92,54","65,71,40","72,75,52","229,230,210","144,145,126","53,51,34","182,179,161","242,237,218","164,159,138","70,67,41","59,60,27","73,77,40","59,65,27","96,103,65","78,86,47","45,55,17","73,86,45","92,106,63","57,72,29","38,55,11","64,81,37","91,107,62","114,130,85","65,79,37","39,52,10","70,83,39","92,105,59","55,68,23","55,68,25","61,74,31","64,76,36","52,64,24","65,78,39","71,85,47","56,70,35","59,73,38","104,118,83","48,63,31","98,114,79","73,90,54","41,58,21","40,58,19","45,63,24","36,54,12","32,50,8","24,45,4","31,54,12","29,53,10","27,52,9","25,50,8","24,49,7","23,48,8","23,48,8","23,50,9","24,51,10","30,57,17","24,50,11","20,48,8","22,50,11","22,50,11","18,46,8","18,46,8","19,50,11","18,47,9","18,44,11","22,47,16","23,46,16","19,42,12","17,40,11","22,45,16","21,44,15","19,40,12","23,43,15","17,36,11","19,37,13","25,43,19","26,44,19","21,39,15","22,37,16","26,41,20","27,42,21","24,38,17","25,35,18","27,34,20","26,31,18","25,28,17","23,26,15","24,25,17","25,26,18","25,25,19","24,23,18","26,23,19","28,24,22","29,25,24","30,24,26","26,20,22","23,15,19","22,13,18","24,14,20","26,15,22","27,16,18","25,15,14","26,17,14","28,19,16","27,18,15","26,17,14","26,17,14","27,18,15","27,18,15","27,18,15","26,16,14","27,17,15","29,19,17","31,21,19","32,22,20","34,24,21","34,25,22","35,26,22","33,24,19","23,14,9","27,73,16","31,79,21","34,81,23","30,77,20","26,73,15","25,71,13","25,73,15","26,72,14","21,69,11","13,59,2","17,64,7","20,67,9","20,67,9","21,68,10","24,71,14","22,70,12","24,70,13","33,79,21","23,67,11","24,67,11","31,74,18","35,78,22","36,80,23","37,81,22","36,80,21","33,78,19","31,76,17","32,79,18","35,83,21","36,84,22","34,82,20","30,79,16","29,79,14","33,84,18","34,85,19","31,82,15","34,87,19","35,90,21","32,88,17","31,87,16","29,85,14","28,84,13","27,83,12","25,81,10","24,80,9","25,81,10","27,83,12","24,80,9","23,79,8","27,83,12","30,86,15","32,88,17","32,88,17","33,87,16","34,86,16","37,86,17","39,86,18","42,87,20","43,88,21","44,89,22","45,90,23","46,89,23","47,89,23","46,88,22","46,88,22","43,85,19","40,81,15","39,80,14","42,83,17","45,86,20","48,88,23","50,88,23","50,86,20","46,81,15","51,83,16","54,86,19","56,88,21","55,87,19","52,85,16","51,83,14","52,83,15","55,86,18","68,99,29","64,95,25","62,93,23","60,90,20","60,90,19","61,91,19","63,92,20","65,92,21","67,92,24","60,81,16","75,94,30","70,89,24","77,96,29","71,91,21","61,80,11","77,95,29","75,93,31","95,112,57","38,54,12","124,139,98","83,98,61","106,120,86","170,184,148","112,127,90","85,100,61","63,78,37","53,66,24","54,62,20","127,133,91","139,144,101","122,127,82","141,149,101","123,132,83","127,137,84","100,112,57","74,86,32","113,126,72","133,145,94","113,124,75","76,85,41","61,69,30","180,184,149","230,233,200","159,160,131","124,124,98","110,111,89","79,81,61","76,78,56","143,146,119","160,166,131","122,130,89","64,73,34","73,82,39","93,102,59","120,128,90","98,105,74","41,47,22","116,119,95","94,96,75","39,37,20","160,157,139","231,229,208","171,169,146","72,72,43","62,63,30","138,142,105","145,151,113","100,107,68","110,118,79","57,67,35","38,50,14","62,75,32","67,83,39","38,55,11","71,88,44","69,85,40","49,65,21","84,98,53","101,114,70","74,87,42","48,60,14","67,79,34","99,111,69","55,68,25","51,63,25","51,63,24","84,96,57","100,112,74","92,104,68","89,103,68","79,93,59","26,41,13","67,83,48","47,63,26","46,63,23","49,67,27","45,63,22","45,64,21","54,72,30","33,55,9","28,51,6","25,50,5","23,49,4","23,49,4","23,49,5","25,50,8","26,51,9","26,53,10","28,55,12","31,58,17","27,54,13","26,54,13","28,56,16","26,54,14","20,48,8","18,47,7","22,53,12","24,53,14","19,45,10","18,44,11","18,42,10","15,39,7","15,39,8","20,43,14","16,39,10","14,35,7","20,40,12","23,43,16","28,48,21","30,49,23","28,46,20","22,40,14","19,37,13","20,38,14","18,36,12","15,31,9","20,31,15","24,31,21","23,28,21","21,26,19","21,26,20","24,26,21","25,27,23","26,26,24","26,26,25","26,25,24","26,24,26","27,25,28","29,24,30","26,21,27","24,18,25","23,16,23","25,16,24","28,18,26","29,20,22","27,19,17","28,21,15","30,23,16","30,23,17","29,22,16","29,22,16","30,23,17","31,24,18","31,24,17","28,21,15","28,22,15","28,21,14","28,22,15","29,22,16","30,23,17","30,24,17","31,24,18","32,26,19","32,26,19","32,81,22","37,85,26","36,85,26","30,79,20","24,73,14","23,72,13","26,74,15","25,73,14","20,69,10","12,61,2","19,67,8","21,70,11","21,69,10","20,69,10","21,70,11","19,68,9","20,69,9","29,77,18","22,67,10","24,66,10","29,71,15","32,75,19","34,77,20","33,77,18","32,76,17","28,73,14","28,73,14","31,78,17","37,85,23","39,87,25","36,85,22","31,81,17","30,81,15","36,88,22","37,88,22","32,85,17","30,84,16","30,85,16","30,86,15","31,87,16","29,85,14","28,84,13","26,82,11","25,81,10","26,82,11","25,81,10","25,81,10","23,79,8","25,81,10","29,85,14","30,86,15","29,85,14","28,84,13","31,86,15","32,83,15","31,80,12","34,80,13","37,82,16","39,84,18","41,86,20","42,87,20","42,86,19","42,85,19","44,87,21","51,93,28","48,90,25","45,87,21","45,87,21","46,87,22","48,89,24","48,88,24","47,86,22","49,85,20","54,89,21","57,90,22","58,90,22","56,89,21","54,86,18","54,86,17","56,87,18","60,91,22","62,93,24","61,91,21","59,89,19","58,88,18","59,88,18","61,90,19","63,92,20","66,94,22","68,95,23","69,94,25","61,82,17","75,95,30","68,88,22","78,98,30","75,95,26","64,84,15","81,99,34","71,89,27","87,104,49","44,60,13","97,111,69","69,82,49","92,104,74","133,145,110","88,102,65","106,120,81","40,54,13","77,88,45","48,54,16","136,138,99","175,178,134","141,145,99","105,110,62","63,71,21","99,109,54","88,99,55","80,92,39","106,118,63","109,121,67","121,132,81","127,136,89","79,87,44","189,193,155","232,234,201","179,180,149","190,190,163","127,128,105","94,96,75","146,148,126","183,188,159","155,161,127","114,122,81","41,50,19","59,69,28","82,92,48","80,89,55","57,65,39","46,53,25","86,90,64","63,66,42","15,14,6","74,73,55","171,167,144","183,180,154","113,113,83","49,52,17","43,49,11","64,70,32","68,76,37","91,101,62","66,78,38","62,75,34","79,94,51","70,86,43","35,51,10","80,97,53","118,132,88","56,71,27","76,89,45","86,98,56","69,81,38","60,71,25","70,82,38","65,76,37","63,75,36","101,113,72","96,108,68","74,86,47","61,73,35","71,83,46","91,105,70","91,105,73","74,88,53","101,116,79","76,92,54","74,91,50","67,84,42","49,68,23","44,63,17","55,74,28","36,57,11","35,58,12","32,57,12","30,56,11","30,56,10","29,55,10","30,55,12","31,56,13","30,57,13","32,59,15","29,56,14","24,51,9","23,51,10","25,53,13","24,52,11","17,45,5","16,45,4","21,52,11","22,53,12","22,49,12","23,49,14","23,47,14","21,46,13","22,47,14","26,51,18","21,44,14","18,40,10","23,45,15","25,45,17","24,44,17","24,43,17","24,43,16","23,41,15","22,40,15","21,39,14","20,38,13","20,36,13","21,33,17","22,31,21","22,28,21","21,27,20","22,28,21","25,28,22","25,28,24","26,27,24","24,25,24","24,24,23","24,23,23","24,23,25","26,22,26","26,22,27","27,21,26","27,20,26","28,20,27","29,20,27","29,21,22","28,22,17","28,25,15","31,25,16","30,27,17","31,25,16","30,26,16","32,27,17","33,28,18","32,27,17","28,22,13","26,23,13","27,21,12","25,22,12","26,21,12","27,22,13","28,23,13","29,24,14","28,25,14","27,24,14","37,87,26","41,91,30","39,89,28","30,80,19","22,72,11","22,72,11","25,75,14","25,75,14","19,69,8","20,70,9","26,76,15","26,76,15","23,73,12","24,74,13","26,76,15","24,74,13","21,71,10","27,76,15","27,71,14","28,70,14","28,70,14","27,70,14","27,70,13","26,70,11","26,70,11","28,73,14","31,77,18","29,76,15","32,80,18","34,84,21","32,82,19","27,78,15","28,80,14","35,88,22","37,89,23","32,85,18","31,86,18","31,87,17","30,86,15","28,84,13","27,83,12","26,82,11","27,83,12","26,82,11","26,82,11","25,81,10","23,79,8","24,80,9","27,83,12","32,88,17","31,87,16","26,82,11","26,82,11","29,84,13","32,83,15","31,79,14","34,80,15","36,82,17","38,84,19","40,85,20","39,84,19","38,83,18","37,82,17","38,82,17","43,85,21","44,86,22","46,88,24","46,88,24","46,86,23","44,84,21","43,83,20","44,83,20","46,84,18","52,87,19","55,88,19","56,89,20","57,90,21","60,91,23","62,93,25","63,94,25","61,92,22","60,91,21","59,89,19","61,91,21","65,93,21","65,92,21","64,91,20","61,88,17","62,89,17","64,92,19","68,94,23","66,88,23","72,93,28","65,86,20","72,93,25","73,94,25","70,89,22","76,95,31","63,81,22","65,83,29","53,67,23","57,70,30","69,81,50","92,103,74","81,92,61","41,53,24","98,110,72","60,72,30","112,122,79","57,61,23","136,136,96","186,186,142","137,137,92","81,85,35","107,113,61","151,159,105","60,70,27","90,101,48","178,189,132","153,163,109","101,111,60","90,99,53","63,71,32","187,193,153","228,231,198","120,122,90","110,111,83","115,116,93","117,119,98","115,117,94","96,100,72","94,101,66","105,114,72","62,73,27","76,88,40","68,80,34","44,54,19","55,62,35","112,119,86","130,134,106","33,37,10","23,23,7","66,65,44","156,154,129","164,162,134","102,103,71","63,68,32","72,79,41","52,59,21","96,106,66","75,85,45","65,77,37","57,70,29","69,84,41","80,95,53","51,66,27","84,99,56","126,139,95","69,82,38","85,96,53","66,77,35","59,69,27","82,91,46","76,87,43","55,66,28","47,58,20","62,73,34","75,86,46","68,80,41","82,94,56","96,108,71","67,79,44","40,53,20","94,108,70","104,119,79","63,78,38","49,66,24","51,68,25","46,64,18","39,56,9","43,61,12","31,51,2","40,64,16","38,63,16","35,61,14","33,59,12","30,56,9","28,54,9","28,54,9","26,53,8","26,53,8","32,59,15","25,52,9","22,50,7","25,53,11","26,54,13","22,50,9","22,51,10","25,56,14","23,54,12","17,44,6","16,42,6","16,42,7","15,41,6","18,44,9","21,47,12","14,40,6","10,34,2","15,39,7","22,44,13","22,42,13","19,39,11","20,40,12","23,43,15","25,44,17","21,39,13","20,38,12","23,40,16","23,38,18","22,33,19","23,32,20","23,31,20","23,31,20","24,31,21","23,30,21","22,26,19","20,23,17","21,22,17","22,23,19","21,22,19","22,21,19","25,24,23","29,25,25","31,26,26","30,25,26","27,23,23","25,21,17","24,22,11","24,24,10","28,25,13","26,26,12","28,25,13","27,26,12","28,27,13","30,28,15","29,27,14","26,23,11","23,23,9","24,22,9","23,23,8","24,22,9","25,24,10","26,25,11","28,26,14","26,26,13","18,17,4","26,76,13","30,80,18","30,80,18","25,75,12","21,71,8","24,74,12","30,80,18","31,81,19","26,76,13","31,81,19","36,86,23","34,84,22","31,81,19","32,82,20","36,86,23","33,83,21","28,78,15","32,80,19","30,74,17","29,71,15","30,71,15","30,72,16","30,73,16","30,74,15","32,76,17","34,79,20","35,83,23","27,75,13","25,74,11","28,79,15","27,79,15","24,78,13","26,80,13","31,87,19","33,87,20","28,84,16","29,85,16","30,87,17","28,85,14","26,83,12","25,82,11","25,82,11","26,82,11","25,82,11","25,82,11","23,79,8","20,77,6","23,80,9","27,83,12","32,88,17","30,86,15","29,86,15","27,84,13","28,83,12","32,85,15","35,84,19","35,83,18","36,84,19","37,85,20","38,84,19","35,81,17","36,81,17","38,83,19","39,83,20","38,81,18","40,83,20","43,85,21","42,84,21","41,82,19","39,81,18","40,81,18","42,82,19","45,83,18","49,84,16","53,84,16","55,86,18","57,89,21","61,92,24","64,95,25","62,93,23","58,89,19","56,86,16","65,93,22","70,98,27","75,103,31","74,101,29","68,95,23","63,89,17","62,89,16","65,92,18","70,96,25","69,92,25","68,89,24","69,90,23","69,90,21","69,89,21","70,89,24","73,92,29","76,92,36","53,68,18","85,98,56","103,115,78","152,163,129","160,170,138","98,108,78","37,48,18","69,80,43","99,108,66","129,137,95","54,57,26","133,133,96","216,215,171","186,186,140","106,109,59","104,108,57","148,155,101","109,117,61","77,87,30","98,108,52","91,101,47","83,93,41","90,100,52","81,90,48","155,162,122","247,247,217","130,133,100","114,117,88","146,148,125","119,122,101","63,66,43","84,89,60","139,147,110","85,94,51","49,61,14","55,67,19","50,63,15","51,62,18","73,82,44","108,115,80","130,135,103","67,71,42","66,66,40","42,42,17","107,107,79","164,164,133","118,121,91","40,45,16","76,84,48","22,30,11","107,118,80","93,105,65","109,121,81","95,108,67","61,76,33","42,57,16","36,51,15","45,60,21","83,96,53","43,56,16","102,113,72","90,100,57","75,84,40","80,87,48","53,62,31","108,119,77","118,129,86","65,76,35","45,56,15","40,51,11","69,80,41","83,94,59","61,73,43","104,116,78","81,94,55","84,99,58","39,54,18","40,56,15","48,65,19","46,62,16","43,60,11","41,59,8","39,59,7","34,58,9","32,57,10","31,57,9","31,57,9","31,57,9","31,57,10","31,57,11","29,57,10","29,56,9","30,58,13","25,52,7","23,51,7","27,56,12","29,57,14","26,55,12","26,55,12","28,59,16","25,56,13","19,48,7","18,45,7","18,45,8","18,45,8","19,46,9","20,46,10","17,43,6","14,40,6","16,41,7","21,45,12","22,45,13","21,43,13","21,42,12","21,42,12","21,41,11","18,37,10","19,38,11","21,40,14","21,37,15","21,34,15","24,36,18","25,36,18","25,36,18","24,34,19","23,32,17","21,29,15","21,26,14","23,27,16","27,30,19","29,32,21","29,30,20","25,26,16","25,24,16","27,26,18","29,27,20","28,27,19","25,25,13","23,23,8","22,24,6","24,24,9","23,26,8","25,25,10","24,25,8","23,25,8","23,24,8","24,26,9","28,28,13","25,27,9","23,23,8","21,22,5","21,22,6","23,24,7","26,27,10","29,30,15","30,32,17","28,30,16","26,76,13","33,83,20","36,86,23","31,81,18","23,73,10","22,72,9","25,75,12","25,75,12","21,71,7","22,72,9","26,76,13","26,76,13","24,74,11","28,78,14","31,81,18","28,78,15","21,71,8","24,72,11","25,70,11","29,71,14","34,75,19","38,79,23","41,83,26","40,85,26","38,83,24","35,80,21","32,79,20","23,72,10","22,73,9","24,77,13","23,78,13","21,77,12","23,79,12","27,84,16","28,84,16","24,81,12","25,82,13","28,85,15","29,86,15","28,85,14","27,84,13","24,81,10","23,80,9","24,81,10","25,82,11","23,80,9","21,78,7","23,80,9","26,83,12","29,86,15","29,86,15","29,86,15","28,85,14","28,84,13","32,86,17","38,88,22","33,82,17","31,80,15","33,82,17","34,81,17","34,80,16","34,78,15","36,80,17","38,83,19","40,84,21","40,84,21","42,85,22","42,84,21","41,83,20","40,82,19","41,83,20","41,82,19","44,83,19","52,85,18","54,85,17","56,87,19","59,90,22","62,93,24","64,95,25","63,93,23","61,91,20","58,88,17","63,90,19","68,95,24","73,101,27","73,101,28","71,98,24","67,93,20","67,93,20","69,95,22","73,99,27","68,91,22","68,90,23","72,93,26","65,86,17","64,84,16","72,91,26","82,100,38","99,114,59","43,57,8","86,98,57","82,93,58","102,112,81","101,110,80","88,97,65","89,97,63","55,64,27","136,144,103","146,152,110","93,93,55","164,163,123","235,232,190","183,181,137","81,81,33","106,110,59","117,122,68","77,84,30","91,100,45","112,122,68","121,132,78","112,122,71","95,105,57","84,93,48","75,82,41","192,197,162","147,150,118","116,119,90","125,128,104","153,156,135","154,158,135","131,137,108","164,173,135","57,67,25","59,71,24","60,73,23","66,79,30","68,80,35","75,85,45","94,103,67","99,106,74","105,110,78","52,55,26","42,44,14","131,131,99","179,180,145","117,120,86","45,52,19","91,101,62","43,54,20","47,59,20","78,90,50","88,102,61","76,90,48","73,88,45","78,93,50","57,72,31","85,100,58","106,119,75","62,74,32","57,67,24","54,63,20","79,87,44","98,105,63","64,72,32","97,106,63","106,117,74","80,91,49","122,133,91","111,122,82","78,89,49","51,62,24","43,55,18","85,97,58","62,74,34","73,87,44","39,54,12","52,67,23","61,77,29","57,74,24","57,74,22","51,70,15","45,65,12","39,63,13","36,61,13","34,60,12","32,58,10","31,57,9","29,55,7","27,54,6","25,53,5","22,50,2","22,49,4","21,48,3","24,52,7","27,56,10","25,54,9","20,49,5","21,51,7","26,57,13","23,54,10","19,48,7","19,47,7","19,47,8","20,48,10","21,49,11","22,48,11","22,48,11","22,48,13","22,48,13","22,47,12","23,47,14","23,47,14","23,45,13","22,43,12","20,41,10","19,40,10","21,42,12","23,43,14","20,38,12","18,33,9","21,35,11","22,36,12","22,34,11","20,32,10","19,30,8","19,29,8","21,29,9","23,30,11","28,34,14","32,37,18","32,35,17","27,30,12","24,26,9","26,27,10","29,30,14","29,31,15","29,32,14","31,33,15","30,34,13","29,32,13","27,32,10","27,30,11","27,30,10","28,32,12","30,34,14","30,34,13","27,30,11","26,31,9","26,29,10","26,30,9","26,29,10","26,30,9","26,30,10","27,31,12","26,30,11","20,24,7","24,72,8","34,83,18","40,89,24","37,86,21","30,79,14","26,75,10","26,75,11","29,77,13","27,76,12","27,76,11","30,79,14","28,77,12","26,75,10","29,78,13","35,83,19","35,84,19","31,80,15","37,84,22","33,75,16","34,74,18","38,78,22","41,82,26","42,84,27","41,85,26","38,83,24","34,79,20","30,78,18","31,81,19","33,85,21","32,86,22","30,86,21","27,83,17","25,82,14","23,83,14","22,81,13","19,79,9","23,82,13","28,85,15","30,87,16","30,87,16","29,86,15","25,82,11","23,80,9","22,79,8","23,80,9","23,80,9","22,79,8","23,80,9","26,83,12","25,82,11","29,86,15","27,84,13","28,85,14","29,85,14","33,86,18","36,86,21","31,80,15","29,78,13","32,81,16","34,83,18","33,82,17","31,79,14","31,77,13","33,79,15","37,81,18","37,81,18","38,82,19","40,83,20","43,85,22","43,85,22","42,84,21","41,82,19","43,82,18","55,87,20","55,86,17","56,86,17","57,87,17","59,89,19","60,90,20","61,90,20","61,88,17","60,87,16","59,87,15","62,90,16","66,92,19","68,94,21","68,94,21","68,94,20","66,92,19","67,93,19","67,93,20","73,96,27","66,89,21","67,89,20","68,89,20","75,95,28","82,100,36","81,99,38","105,119,68","31,44,4","139,150,115","103,113,83","106,113,85","102,108,80","91,97,68","102,107,75","44,50,20","192,199,157","110,113,74","91,89,50","189,185,146","251,247,206","197,194,151","98,97,51","86,88,39","161,165,114","140,146,93","61,70,28","93,102,54","136,146,94","114,123,73","80,89,43","119,128,85","110,116,78","204,210,175","163,166,134","81,83,56","84,87,63","101,104,83","110,114,91","171,178,147","206,215,178","33,44,11","43,57,10","65,79,28","69,83,32","62,75,28","55,67,25","47,57,21","26,33,12","89,95,61","56,60,29","71,73,41","85,86,51","125,126,89","124,128,91","63,72,33","59,70,32","61,72,33","25,37,7","88,100,62","111,126,85","115,130,88","98,114,71","83,100,56","94,109,66","41,55,12","70,82,39","47,59,15","99,108,65","108,116,74","69,76,38","47,54,16","77,85,41","100,109,66","100,109,66","56,64,23","69,77,36","55,65,32","63,74,40","101,112,72","108,119,79","60,71,31","101,114,71","97,110,65","58,71,25","59,73,25","60,75,25","54,71,18","56,73,19","53,70,15","46,65,10","47,70,18","44,70,19","41,68,17","37,64,13","33,60,10","30,57,6","26,53,3","24,52,3","23,51,2","19,47,0","22,50,3","29,58,10","31,60,12","24,53,6","17,46,1","23,52,6","29,61,14","26,58,12","19,48,5","17,45,4","17,45,5","18,46,6","18,46,7","19,47,7","19,47,7","20,46,9","20,46,9","19,45,8","19,45,8","20,45,9","20,44,10","19,43,9","18,41,8","18,41,8","20,42,9","23,43,12","25,43,13","26,43,13","28,43,14","27,43,14","27,42,13","25,40,11","26,39,11","27,40,12","29,41,14","27,37,10","24,33,6","29,37,10","32,38,12","29,35,9","27,32,6","27,31,6","28,32,8","29,33,10","28,33,9","27,33,9","28,35,11","30,35,13","26,34,10","24,30,8","21,28,5","21,28,5","23,29,6","24,31,7","28,33,11","26,34,10","28,34,11","27,35,11","28,34,12","27,34,11","27,34,11","28,34,12","24,32,10","15,24,3","24,70,6","30,77,12","35,81,17","35,82,17","33,80,15","34,81,16","36,85,20","41,87,22","40,88,23","35,81,17","34,81,17","30,76,12","25,72,7","26,73,8","32,79,14","34,82,17","36,82,17","43,88,26","43,85,26","42,82,26","39,79,24","36,77,21","34,76,19","33,77,18","33,78,19","36,81,22","34,83,23","34,86,23","33,87,22","31,87,22","30,86,21","28,85,19","26,85,17","24,85,16","23,84,15","23,84,14","26,87,17","29,88,18","28,86,14","26,84,13","27,84,13","27,85,13","25,83,12","23,81,9","19,77,6","21,79,8","24,82,10","22,80,9","27,85,13","20,77,6","29,87,15","24,82,11","27,85,14","30,86,16","30,83,16","30,82,16","31,80,16","34,83,19","38,87,23","38,87,23","34,83,19","33,80,16","33,79,16","33,79,16","31,76,13","32,77,14","34,78,15","36,80,18","40,83,21","42,84,22","41,83,21","39,81,18","42,80,17","57,89,22","58,89,19","58,88,18","57,87,17","57,87,16","57,87,16","57,86,15","59,86,15","59,86,15","61,88,14","61,89,15","62,88,15","63,89,16","65,91,17","65,91,17","63,89,15","60,85,12","58,82,10","69,92,22","70,93,25","75,97,29","73,94,26","75,96,30","81,99,37","80,98,39","102,116,67","18,31,4","107,117,84","51,60,38","81,88,66","97,102,76","80,86,57","96,101,69","71,77,41","178,182,142","61,63,34","78,74,39","192,186,149","243,237,199","203,199,158","130,128,85","59,58,12","93,95,46","121,124,74","73,80,31","132,140,89","162,171,126","135,144,102","101,110,66","79,86,46","49,55,21","131,136,103","203,207,178","151,153,128","129,131,109","154,158,136","171,176,151","151,159,127","125,136,98","36,49,10","66,80,31","58,72,20","57,72,20","67,81,33","79,92,47","71,83,43","26,33,7","87,95,60","79,84,51","94,98,62","71,74,36","137,141,101","173,179,140","79,88,50","36,47,13","93,105,65","48,60,20","51,65,28","112,127,88","119,135,93","68,85,43","43,60,18","76,91,48","45,60,17","90,101,58","75,86,43","68,77,34","89,96,54","85,92,51","61,67,29","67,73,37","71,78,36","92,101,58","69,77,36","110,118,77","129,138,97","107,118,77","82,92,52","73,84,43","66,77,35","134,147,103","99,112,66","56,69,21","55,69,19","57,73,20","51,68,13","49,67,10","49,67,9","48,68,11","45,70,14","43,70,17","42,69,17","40,67,16","38,65,14","35,62,11","34,61,10","34,62,12","35,63,13","23,51,3","25,53,4","30,59,10","29,59,10","23,52,4","19,48,2","26,55,8","31,63,16","25,57,9","21,52,7","20,49,6","20,49,7","20,49,9","20,49,8","20,48,8","19,47,6","18,45,7","17,44,6","18,45,7","20,46,8","22,47,10","23,47,12","22,46,11","21,45,10","21,45,10","22,45,11","25,46,13","24,44,11","23,41,10","23,41,10","23,39,8","21,37,6","20,35,5","21,36,5","24,37,7","27,40,10","24,36,7","21,32,3","26,36,7","31,38,10","32,39,11","31,36,8","29,34,6","30,34,7","30,35,7","30,37,9","30,39,11","34,43,15","37,46,21","35,45,17","31,40,14","26,36,9","23,32,6","21,30,4","24,33,6","29,37,12","27,36,9","24,33,8","23,32,5","23,32,6","25,34,8","28,37,11","31,40,15","29,40,15","18,30,6","33,78,13","34,79,14","34,79,14","34,79,14","34,79,14","37,82,17","41,86,21","43,88,23","43,89,24","38,83,18","40,86,21","39,84,19","37,82,17","39,85,20","44,89,24","43,89,24","39,84,19","44,87,24","47,89,30","47,87,31","45,85,29","41,82,26","39,81,24","36,80,21","36,81,22","37,84,24","37,86,25","33,84,21","29,83,18","27,82,17","26,83,18","27,85,18","26,86,17","24,85,16","25,87,17","26,88,18","30,91,21","30,90,19","25,85,13","22,82,10","22,82,10","26,86,14","26,86,14","22,82,10","18,78,6","20,80,8","23,83,11","21,81,9","27,87,15","15,75,3","29,89,17","22,82,10","26,86,14","29,87,17","26,81,13","26,78,13","31,81,18","39,89,26","42,92,29","39,88,26","34,82,20","33,80,18","37,83,21","38,84,22","33,79,17","35,81,19","37,81,20","38,82,21","38,82,21","38,82,21","37,81,20","36,79,17","40,79,15","51,83,16","54,84,14","54,84,14","53,83,13","53,83,12","53,83,11","55,84,13","59,86,15","60,87,16","61,87,14","61,87,14","61,87,13","62,88,14","65,90,16","66,90,16","66,90,16","64,87,14","62,85,13","71,94,24","74,97,29","77,99,31","71,92,26","70,89,24","74,93,30","78,95,38","91,105,56","31,44,9","104,113,80","87,94,65","134,139,113","138,142,118","72,76,50","43,46,15","99,103,68","123,125,85","101,101,59","68,63,25","180,174,138","233,227,191","180,175,137","117,114,73","83,82,37","106,108,60","106,109,61","67,73,27","147,154,106","104,112,73","66,75,39","115,124,82","88,96,57","116,122,88","102,107,76","183,186,159","126,128,104","82,86,63","127,130,110","169,173,149","115,122,90","82,93,54","38,51,15","67,81,33","60,76,23","54,71,19","80,95,46","116,129,83","104,116,76","40,48,17","113,121,84","73,78,43","50,55,17","88,91,52","169,173,133","172,179,138","79,89,49","62,74,34","85,97,57","58,71,30","19,34,6","90,105,70","96,112,69","54,71,31","59,76,38","100,115,72","69,84,41","90,101,58","91,102,59","76,84,42","65,71,30","89,95,53","114,119,80","77,83,54","33,41,9","138,147,104","82,90,49","69,77,36","92,100,59","100,108,67","95,104,63","91,102,60","75,86,44","130,141,98","78,90,44","45,58,10","55,69,18","65,79,26","61,76,19","55,71,12","53,72,12","55,75,15","47,71,15","46,73,19","46,73,20","45,72,19","43,70,17","39,66,13","38,65,12","37,65,14","39,67,16","29,57,8","25,53,4","26,55,5","25,55,5","23,52,4","20,49,2","25,55,7","29,61,12","22,54,5","22,53,7","23,54,9","23,54,11","24,55,13","24,54,12","26,54,13","25,53,12","24,52,12","24,52,12","23,50,11","24,50,11","26,51,14","28,52,16","28,52,16","26,50,14","25,49,13","26,50,15","28,51,17","27,47,16","26,45,15","25,43,14","25,41,12","23,39,10","21,37,8","22,37,9","24,38,11","27,41,13","25,37,10","22,32,5","25,35,8","30,39,11","32,41,13","32,38,11","29,35,7","29,35,7","30,36,9","31,39,11","31,41,12","31,42,12","30,41,12","28,39,9","27,37,9","26,37,8","27,38,9","28,39,10","28,39,9","23,33,5","23,34,4","23,34,5","24,35,5","26,36,7","27,38,8","29,39,10","29,40,12","27,39,12","19,32,7","33,77,11","34,77,12","35,78,12","36,80,14","38,81,16","39,82,17","42,85,20","45,88,23","48,91,26","38,81,16","41,85,19","43,86,21","43,86,21","47,90,25","51,95,29","47,91,25","40,83,18","43,85,21","47,87,28","50,89,33","50,90,34","49,90,34","48,90,33","45,89,30","42,87,28","39,87,27","37,86,25","40,91,28","38,91,27","33,89,24","31,88,23","30,89,22","27,88,19","21,83,14","20,83,13","22,85,14","28,89,18","29,89,18","26,86,14","23,83,11","22,82,10","22,82,10","23,83,11","22,82,10","22,82,10","23,83,11","22,82,10","21,81,9","30,90,18","13,73,1","32,92,20","20,80,8","25,85,13","27,86,15","26,81,13","29,80,15","32,82,19","37,87,24","38,88,25","34,83,20","29,77,15","29,77,15","34,81,19","37,84,22","34,80,18","37,83,21","40,85,24","39,84,22","36,81,19","34,78,17","34,78,17","37,79,18","41,80,16","42,74,7","46,76,6","48,78,7","49,79,8","49,78,7","49,77,6","51,79,7","54,81,9","55,83,10","57,83,10","57,83,10","58,84,10","59,85,11","63,88,14","66,90,16","68,92,18","70,94,20","71,94,22","80,103,33","70,93,25","68,90,23","73,94,28","77,97,33","80,98,37","75,92,36","64,78,29","52,64,22","164,172,138","89,96,69","94,99,75","122,125,102","99,102,75","85,87,56","154,157,122","123,125,85","111,110,69","71,65,27","171,163,129","222,214,179","209,202,165","182,177,137","70,68,25","80,82,35","112,114,67","93,99,50","137,144,96","112,120,73","94,103,58","119,128,87","90,97,60","139,145,112","52,57,26","160,163,137","141,145,121","150,155,133","129,134,112","82,88,63","99,108,75","76,88,47","60,73,27","58,72,22","61,78,25","70,87,34","71,86,38","74,87,44","79,91,48","54,62,23","108,116,77","88,92,55","73,78,38","112,115,75","174,178,137","149,157,115","55,67,25","64,77,37","49,63,23","103,117,76","53,68,33","73,89,51","116,133,90","111,128,84","78,95,51","91,106,63","100,115,72","67,78,35","79,89,46","121,129,87","96,102,61","67,71,33","109,113,76","167,173,133","84,92,61","87,95,58","71,79,38","106,113,72","109,117,76","92,100,59","85,95,53","90,101,58","83,94,51","119,130,87","71,82,35","52,65,15","60,74,21","63,78,23","58,73,15","55,71,11","57,74,13","54,74,13","46,70,13","46,73,18","48,75,22","48,75,22","45,72,19","41,68,15","36,64,11","34,62,11","36,64,13","37,65,14","30,58,8","28,57,7","30,60,10","29,59,10","25,54,5","23,54,4","27,59,9","26,58,9","22,54,7","21,52,7","21,52,8","22,53,10","24,54,11","26,54,13","26,54,13","26,54,13","26,54,13","24,51,11","24,50,11","26,52,14","28,53,15","27,52,15","26,50,14","24,48,12","24,48,13","25,49,14","25,46,15","25,44,16","25,43,16","24,41,14","22,39,12","20,36,10","20,36,9","21,36,10","23,37,12","24,36,10","24,34,9","26,36,10","30,38,13","34,42,17","32,39,14","28,35,9","28,34,9","30,37,11","34,43,15","36,48,17","31,43,12","27,39,8","25,38,6","28,40,9","31,43,12","33,46,14","35,47,16","31,44,12","19,32,1","22,34,3","25,38,6","27,40,8","28,41,9","28,41,9","26,39,7","24,37,6","22,36,7","23,37,12","33,77,10","36,80,13","40,84,17","43,86,20","42,84,18","38,80,14","37,79,13","41,83,17","46,87,21","46,87,21","49,90,24","47,88,22","44,86,20","46,88,22","51,93,27","51,93,27","49,91,25","53,95,31","51,91,31","50,90,32","50,90,33","49,91,33","47,91,32","46,90,31","43,89,28","40,88,28","38,88,26","38,89,26","34,88,23","29,85,20","28,85,20","28,87,21","26,87,18","21,83,14","22,83,14","25,87,17","26,87,17","26,87,16","27,88,15","26,87,15","21,83,10","17,77,5","18,78,6","21,81,9","27,87,15","27,87,15","22,82,10","20,80,8","31,91,19","13,73,1","33,93,21","20,80,8","25,85,13","27,85,15","28,83,15","34,86,20","31,82,18","29,79,16","28,79,14","26,74,12","24,72,9","25,74,10","30,78,15","31,79,16","26,72,10","31,77,15","37,83,21","36,81,19","32,77,15","31,75,13","34,77,16","41,83,22","47,86,22","48,80,13","52,82,14","54,84,13","53,83,13","51,81,10","50,78,8","50,77,6","50,78,6","51,79,7","52,78,6","53,79,7","55,81,8","56,82,9","59,83,10","62,85,12","65,88,15","69,92,20","72,95,23","62,85,15","80,103,35","88,110,43","80,100,34","73,91,29","87,103,45","102,116,63","54,67,21","32,44,9","55,65,44","33,40,16","25,31,11","68,73,52","91,95,68","88,90,60","222,224,188","127,129,89","112,111,70","73,68,32","141,133,100","168,159,126","151,145,109","143,139,101","94,92,52","122,123,80","92,95,49","101,105,59","112,117,71","90,97,52","96,104,61","133,140,101","113,119,83","83,88,55","41,46,16","98,102,76","178,182,157","144,148,125","81,85,62","91,98,70","129,139,104","44,56,13","47,62,14","65,81,30","58,74,23","56,72,22","50,65,19","36,48,9","29,40,4","52,60,20","115,122,82","87,92,52","46,51,23","68,72,39","156,160,121","182,189,150","100,110,70","52,64,24","54,67,27","93,108,67","52,68,26","44,61,20","93,110,68","104,121,77","51,68,28","40,55,24","99,113,70","56,67,25","71,81,38","107,114,73","88,94,52","58,62,24","67,72,33","102,109,66","116,123,80","44,51,10","82,89,47","96,104,61","77,86,44","84,92,50","85,95,56","62,73,37","101,112,68","72,84,39","47,59,12","57,70,20","70,84,31","70,85,29","66,81,23","68,83,23","67,83,23","52,72,11","37,61,4","39,65,10","44,71,16","46,73,19","44,71,17","41,68,14","38,65,12","37,66,13","39,67,16","38,66,15","31,59,8","29,58,8","34,64,14","34,63,13","23,53,4","16,46,1","23,54,4","32,62,13","28,58,11","25,56,10","25,56,10","27,56,11","27,57,11","27,56,13","27,55,12","26,54,11","26,53,11","25,52,10","27,53,11","29,54,14","30,55,15","29,54,14","27,52,13","24,49,10","25,47,9","25,48,11","26,47,14","27,46,18","27,45,19","25,43,17","23,41,15","22,38,12","20,36,10","21,35,10","22,36,11","23,37,11","25,37,12","25,37,12","29,39,14","34,42,18","31,39,14","26,35,8","26,34,8","29,38,11","34,43,14","34,46,14","29,43,9","27,41,7","29,43,9","33,47,12","33,47,13","30,44,9","24,38,6","22,36,6","27,41,8","26,40,7","25,39,6","24,38,5","24,38,5","24,38,6","24,37,6","23,37,6","23,37,7","20,34,8","24,70,3","26,73,5","33,79,12","39,84,17","44,87,21","45,87,21","46,87,21","48,90,24","52,91,26","54,93,28","61,100,35","60,99,34","53,93,27","48,89,23","52,93,27","55,96,30","52,94,28","55,97,33","47,89,26","48,89,28","49,90,30","49,91,31","46,90,29","44,88,27","41,87,24","37,85,23","34,84,19","39,90,25","40,92,26","37,90,24","35,88,22","32,88,21","31,89,21","32,90,22","32,92,24","34,94,25","27,88,18","23,85,13","26,89,15","28,90,17","25,88,15","21,83,10","19,81,8","21,83,10","25,87,14","26,87,15","22,82,10","20,80,8","30,90,18","12,72,0","34,92,20","20,78,6","26,83,12","27,84,13","28,83,13","36,89,21","36,89,21","23,75,9","22,75,7","34,85,19","31,82,15","26,75,10","33,82,17","44,92,27","38,84,20","37,82,17","34,78,15","36,78,14","36,78,16","37,79,15","36,77,15","35,75,13","37,75,12","46,81,16","54,86,21","51,81,16","47,77,12","49,80,14","52,82,16","52,80,14","49,75,9","49,75,9","50,75,8","56,81,14","58,82,13","59,83,14","65,87,19","68,90,22","67,89,21","66,87,20","68,91,23","56,81,10","77,103,32","82,104,36","84,102,38","79,94,35","90,100,47","116,126,77","63,72,29","41,51,12","74,86,53","69,79,47","41,51,22","24,33,11","31,39,17","86,91,55","194,199,159","96,97,57","103,102,63","66,62,28","158,152,121","218,213,181","183,180,145","132,129,93","132,132,94","144,144,106","94,96,56","144,147,104","153,156,112","115,120,77","123,128,87","167,173,133","136,140,104","101,106,71","141,145,112","116,121,90","182,187,158","158,162,135","111,114,88","113,120,87","109,120,78","45,61,10","64,83,29","71,91,39","43,61,15","47,62,22","82,95,60","96,104,71","67,73,38","72,76,35","107,111,66","83,88,44","71,77,39","73,79,46","160,165,136","224,229,198","152,159,123","52,61,23","102,115,77","47,62,23","68,85,45","40,60,19","43,64,22","84,103,62","100,116,75","62,75,39","76,87,48","73,80,42","80,86,48","89,95,57","97,103,65","102,108,69","90,99,58","72,81,39","91,99,55","74,82,36","146,154,109","94,103,58","52,61,19","85,95,51","100,112,67","61,73,30","117,129,81","48,62,13","52,65,15","59,73,21","62,77,23","61,78,21","60,78,20","60,77,17","54,71,12","42,62,2","39,63,5","40,68,10","43,71,14","44,72,14","41,69,12","38,66,9","36,63,8","37,65,10","41,68,16","36,63,11","33,60,9","32,59,10","31,59,10","29,56,8","23,50,3","20,48,1","21,50,1","25,53,5","27,55,7","27,57,7","27,57,7","27,55,7","26,54,6","24,53,4","25,53,5","27,54,7","30,56,8","29,55,8","29,54,7","29,53,7","30,54,9","31,54,9","29,52,7","26,49,4","28,50,6","33,54,11","31,52,14","31,49,16","32,49,18","32,49,18","30,47,16","27,42,12","25,40,10","24,39,9","26,40,10","27,41,12","28,41,12","25,38,9","27,39,10","33,44,15","33,43,14","28,39,9","26,37,7","29,40,9","27,38,8","21,32,3","29,41,5","33,46,10","36,48,12","40,52,16","38,51,15","34,46,10","34,46,11","37,49,16","39,53,18","34,48,14","32,46,13","27,40,9","18,31,4","17,30,2","23,37,9","32,47,18","34,49,20","28,42,14","30,79,10","34,84,15","41,88,20","43,90,22","43,88,21","43,85,19","43,84,19","48,87,22","53,92,27","56,92,28","61,97,33","60,98,33","58,97,32","58,98,33","61,102,36","60,101,35","54,96,30","55,97,31","50,92,28","48,92,29","49,93,30","48,93,29","45,91,27","43,89,26","39,88,23","36,85,20","34,84,19","40,91,25","41,93,27","37,89,23","32,85,19","28,83,16","26,81,14","26,83,15","28,85,17","29,88,19","24,85,15","23,85,13","25,89,15","27,91,17","26,90,16","23,87,13","23,87,13","26,88,15","29,91,18","30,91,18","25,85,13","23,83,11","32,92,20","14,74,2","35,92,21","22,79,8","27,84,13","28,85,14","24,79,9","25,78,9","28,81,13","27,80,12","26,79,10","39,91,24","37,88,21","24,74,8","26,75,10","38,86,20","34,79,14","32,77,12","32,74,10","34,76,12","39,79,16","41,81,18","41,81,18","38,78,15","39,77,13","45,80,16","54,86,23","51,83,20","48,80,16","54,84,21","60,90,26","60,89,25","59,85,22","59,85,21","59,84,19","65,90,25","65,87,22","64,86,21","69,90,25","73,94,29","73,94,29","73,95,29","78,101,33","88,114,43","76,102,31","77,98,32","81,98,35","91,102,47","98,106,56","85,91,47","54,61,23","138,146,107","154,166,129","65,78,42","105,119,82","94,108,73","80,91,56","182,189,150","133,137,96","63,65,24","132,131,92","57,54,31","161,159,133","246,244,212","187,187,153","90,89,55","97,97,61","125,125,87","70,71,32","102,104,64","128,131,90","93,95,55","65,69,29","94,98,59","124,128,92","113,117,82","76,80,45","90,95,61","137,143,110","148,152,123","116,120,91","84,91,55","75,88,41","44,62,8","55,76,19","50,72,20","53,71,30","65,79,47","65,75,48","49,53,26","42,45,12","79,81,40","97,100,53","109,112,66","120,126,84","62,69,39","121,127,104","223,228,202","183,188,155","41,48,11","67,79,41","60,75,37","91,111,70","56,78,37","49,71,30","97,118,77","125,141,102","66,77,41","31,39,14","120,124,89","81,85,50","80,85,50","138,144,108","121,130,93","51,61,23","60,72,31","78,90,44","81,91,42","75,85,38","69,80,33","102,114,66","111,123,76","78,90,43","60,74,27","112,126,76","44,58,7","53,67,15","61,75,22","59,75,21","54,73,16","53,72,13","53,72,13","51,69,9","45,65,4","49,73,15","45,72,14","40,68,10","38,66,7","38,66,7","37,65,7","37,65,7","36,63,8","35,62,7","35,62,9","38,65,13","40,67,17","39,65,17","34,60,11","27,53,5","22,48,1","24,50,3","27,53,6","29,57,8","30,58,8","31,59,8","32,60,9","31,59,8","30,57,6","30,57,6","32,58,7","33,59,8","32,57,6","31,55,5","32,55,5","33,55,6","34,56,7","31,53,4","27,49,0","29,51,2","35,57,10","33,53,12","31,48,12","30,47,13","29,46,12","25,42,8","22,37,5","21,36,3","23,38,5","25,40,7","28,43,10","30,44,11","29,43,10","28,42,10","31,45,12","33,44,12","32,43,11","32,43,11","32,43,10","34,44,10","36,47,11","44,54,17","45,56,18","44,56,16","49,60,20","47,59,19","44,56,16","45,57,19","46,58,20","35,48,12","34,47,11","40,54,20","40,54,20","32,45,13","28,41,10","30,44,14","34,48,19","33,48,18","32,45,16","34,84,15","40,90,21","46,94,25","46,93,25","43,88,21","43,85,19","44,86,20","51,90,25","56,95,30","66,103,38","63,99,35","58,96,31","59,98,33","63,103,38","65,106,40","64,105,39","62,104,38","63,105,39","55,99,35","51,96,32","50,94,31","49,94,31","47,94,30","45,93,29","41,91,26","39,89,23","37,89,23","38,90,24","37,90,23","36,89,23","34,87,21","31,86,19","28,84,17","24,82,14","22,79,11","19,79,9","20,81,11","21,84,12","23,87,13","24,88,14","23,87,13","21,85,11","22,86,12","26,88,15","29,91,18","30,91,18","25,85,13","23,83,11","30,90,18","16,76,4","32,89,18","22,79,8","25,82,11","25,82,11","24,79,9","24,77,7","24,77,7","33,86,16","25,78,8","36,87,18","38,89,20","25,75,9","25,75,9","36,85,16","31,76,9","30,75,8","32,74,8","35,77,11","39,81,15","42,83,17","41,82,16","39,80,14","39,77,13","45,80,16","54,86,23","51,83,18","48,80,15","53,83,19","56,86,22","56,84,20","55,81,16","58,84,19","62,87,22","66,91,26","65,87,22","63,85,20","67,88,23","72,93,28","73,94,29","73,95,29","79,102,34","69,94,24","57,82,13","71,92,26","75,92,30","88,99,44","88,95,46","40,47,7","38,45,15","128,136,98","112,123,87","68,82,45","79,94,58","62,78,47","65,78,49","164,174,133","205,211,169","81,82,42","105,105,66","71,71,36","155,155,122","227,226,194","183,183,149","101,101,65","130,132,95","149,151,112","85,87,47","91,94,54","120,124,83","132,137,96","103,108,68","90,96,56","146,151,113","88,94,58","112,118,82","134,140,105","103,108,80","129,133,107","134,139,109","84,92,55","53,67,19","41,60,9","73,94,38","42,64,18","60,79,40","87,102,71","79,88,63","49,54,29","47,50,18","87,89,48","68,71,24","66,70,24","58,64,22","40,48,23","125,133,113","230,237,210","196,202,170","52,60,25","82,94,56","51,68,30","46,67,27","52,76,34","51,75,33","57,78,37","74,91,52","83,95,57","70,78,42","60,66,31","66,71,35","78,83,48","93,100,64","83,92,55","72,83,45","92,104,63","75,87,42","82,95,47","77,89,41","67,80,32","78,91,42","79,92,44","85,99,49","105,119,68","73,88,36","49,64,12","58,75,21","63,81,26","60,79,23","55,74,17","53,73,14","54,74,15","54,75,14","50,73,11","52,77,18","44,72,13","36,65,5","33,62,2","36,64,5","40,68,10","41,69,12","38,65,10","33,61,5","35,62,9","39,66,13","42,70,18","42,70,19","38,64,14","31,57,9","25,52,4","26,52,5","29,55,7","26,54,5","26,54,3","27,55,4","29,56,5","29,56,5","27,54,3","26,53,2","29,53,3","30,54,4","31,55,5","31,55,5","32,55,6","34,56,7","34,56,7","29,51,2","24,46,0","26,48,1","32,54,7","33,53,12","33,50,14","34,51,17","35,52,18","34,51,17","33,48,15","31,46,13","29,44,11","28,43,10","28,43,10","30,44,11","32,46,13","31,45,12","28,42,9","31,42,10","35,46,14","37,48,16","36,47,14","38,48,13","44,55,16","49,60,19","45,56,15","43,54,12","48,59,16","48,60,16","44,57,13","44,57,13","45,58,15","39,51,10","38,50,9","46,59,20","48,60,23","41,52,16","35,48,12","36,50,15","38,52,18","38,50,16","41,52,19","30,80,11","36,86,17","41,89,21","43,90,22","45,90,23","49,91,25","53,95,29","56,95,30","55,94,29","73,110,45","63,99,35","54,92,28","56,95,30","59,99,33","57,98,32","58,99,33","61,103,37","61,104,37","54,98,35","48,95,31","45,93,28","45,93,28","46,96,30","45,95,30","42,93,27","40,91,25","39,92,26","37,90,23","35,90,23","36,91,24","36,92,25","35,93,25","33,91,23","27,87,18","23,83,14","19,80,10","23,85,15","26,90,18","26,90,16","26,90,16","24,88,14","23,87,13","24,88,14","28,90,17","30,92,19","29,90,17","24,84,12","22,82,10","27,87,15","17,77,5","29,86,15","22,79,8","24,81,10","24,81,10","30,85,15","38,91,21","33,86,16","41,94,24","30,83,13","35,86,17","40,91,22","33,84,15","35,85,16","43,92,23","35,80,13","35,80,13","37,79,13","38,80,14","40,81,15","41,82,16","40,81,15","37,78,12","37,75,11","41,76,11","49,81,17","47,79,15","47,79,14","53,84,19","57,87,23","57,85,21","58,84,19","62,88,23","62,87,21","66,91,26","66,89,23","65,87,22","70,91,25","74,95,29","74,95,29","73,94,28","78,101,33","72,97,29","71,96,29","81,101,38","86,102,43","84,96,41","67,75,29","52,58,19","122,129,88","120,128,89","62,74,45","81,96,61","63,79,43","73,88,52","93,107,66","85,96,55","147,153,112","69,70,30","102,102,63","69,69,34","161,161,129","238,238,207","208,208,175","125,127,90","98,100,63","123,125,86","62,65,25","148,153,112","159,164,123","152,157,116","110,116,75","55,61,20","85,92,52","129,135,99","164,171,134","115,122,87","74,80,54","109,115,90","140,147,116","110,120,82","62,78,30","46,66,13","79,100,44","29,51,8","60,79,42","113,128,99","117,126,102","73,77,52","53,55,25","104,107,67","48,51,6","59,66,19","87,96,53","74,82,50","107,116,91","170,178,150","156,163,130","46,55,20","67,79,41","42,59,23","59,81,40","73,97,55","63,87,45","63,85,43","98,117,77","135,149,111","82,91,55","37,44,9","88,94,58","99,105,69","81,89,52","74,84,47","86,98,60","91,104,63","66,80,36","57,72,25","79,92,45","70,84,36","69,84,35","74,89,40","96,111,62","116,131,80","62,80,30","57,75,20","61,80,24","60,80,23","55,75,18","51,71,13","51,72,13","52,74,14","51,72,11","43,68,6","45,72,11","41,70,9","37,67,6","37,67,7","39,69,10","43,72,13","43,72,15","41,69,13","36,66,9","40,68,14","40,69,15","41,69,17","40,68,17","37,65,15","34,61,13","29,58,9","26,53,5","23,51,3","29,57,8","32,59,9","32,59,9","32,59,9","31,58,8","29,56,6","30,56,6","33,57,8","36,60,11","33,57,8","31,54,5","31,54,5","33,55,7","33,55,7","30,51,3","25,46,0","26,47,0","30,51,5","33,53,11","33,51,14","30,47,13","27,44,9","25,42,7","25,40,6","26,41,7","29,44,10","31,46,12","30,45,11","30,44,10","34,48,14","32,46,13","26,40,7","29,40,8","36,47,15","39,50,18","38,49,15","37,48,12","43,54,12","46,58,14","44,55,11","44,56,10","50,62,15","51,63,15","46,59,10","44,57,8","47,60,11","49,62,14","46,59,12","50,62,16","48,60,17","41,53,10","38,50,9","42,53,14","45,57,18","43,55,16","39,50,12","29,79,10","34,84,15","39,87,18","41,88,20","47,91,24","54,96,30","58,100,34","57,96,31","50,89,24","70,106,42","60,96,32","56,93,29","61,100,35","62,102,36","55,96,30","56,97,31","58,100,34","48,93,26","48,93,29","42,90,25","37,87,22","38,89,23","42,93,27","43,94,28","38,90,24","34,88,21","35,90,23","37,93,25","36,93,25","33,91,23","30,90,22","28,88,20","27,87,18","26,87,18","26,87,18","26,87,18","29,91,21","30,93,21","29,93,19","28,92,18","26,90,16","26,90,16","26,90,16","28,91,18","30,92,19","28,89,17","26,86,14","25,85,13","27,87,15","22,82,10","29,86,15","26,83,12","27,84,13","27,84,13","32,87,17","39,92,22","37,90,20","40,93,23","37,90,20","38,90,20","39,90,21","37,87,18","37,87,18","40,88,20","39,84,17","39,84,17","41,83,17","41,83,17","42,83,17","42,83,17","41,82,16","41,81,15","41,79,14","41,75,10","48,80,15","48,80,15","50,82,17","57,88,23","59,89,24","58,87,22","62,88,23","67,93,28","62,87,21","68,93,27","70,93,27","71,93,28","76,97,31","79,100,33","76,97,30","73,95,28","76,99,32","77,102,35","68,93,27","68,88,26","91,106,49","78,89,42","38,45,7","63,69,31","176,184,143","112,120,81","38,51,21","77,92,56","102,119,80","124,141,100","124,140,98","89,100,59","111,119,78","99,102,62","91,92,54","70,70,35","149,150,117","215,216,182","191,193,157","117,119,82","82,84,46","127,131,91","66,70,29","181,188,146","125,131,90","114,120,79","137,144,102","102,109,68","66,74,33","131,138,100","153,161,124","89,96,61","96,103,69","136,142,112","144,152,122","100,112,74","46,63,14","43,64,10","66,88,32","40,62,12","74,92,55","97,111,84","75,84,61","36,41,17","42,45,16","100,102,63","43,48,3","40,48,2","75,86,42","47,59,25","85,97,70","159,170,140","147,156,122","52,63,26","53,67,28","54,73,33","60,84,42","49,74,32","40,66,23","42,65,23","58,78,40","88,103,72","100,111,73","65,72,35","85,92,56","88,95,58","65,74,37","59,69,33","67,80,41","59,74,33","70,86,41","83,99,53","64,79,34","72,88,41","97,113,64","94,111,61","79,97,46","79,96,45","57,77,24","63,84,27","62,83,26","57,78,20","49,72,12","46,69,10","49,72,12","50,74,13","45,68,7","34,60,0","40,70,8","42,73,10","43,73,12","44,74,14","44,75,15","43,74,14","41,71,13","39,69,11","36,67,10","47,77,22","45,75,21","40,70,17","37,67,15","37,67,15","37,66,17","33,63,13","26,55,5","19,48,1","27,54,6","30,57,8","30,56,8","28,54,6","27,53,5","25,51,3","26,52,4","31,55,7","34,58,10","34,57,9","33,55,8","31,53,6","32,54,7","34,55,8","35,54,8","31,50,4","30,49,3","31,50,5","34,53,12","35,53,16","32,49,13","30,47,11","29,46,10","30,46,10","31,47,11","33,49,13","34,50,14","33,48,12","33,47,12","36,50,15","34,48,13","29,43,8","32,43,9","37,48,14","40,51,17","40,51,16","38,50,10","40,51,7","46,58,11","48,60,13","51,63,14","58,70,19","57,70,18","53,65,12","50,63,8","53,66,10","58,70,14","54,66,11","58,70,16","59,70,18","53,63,13","49,60,11","51,61,14","53,62,16","48,58,13","42,51,6","34,84,15","39,89,20","43,91,22","43,90,22","46,90,23","52,94,28","57,98,33","55,94,29","47,86,21","66,102,38","60,96,32","63,101,36","69,108,43","66,106,41","56,97,31","58,100,34","62,104,38","43,88,21","46,93,27","41,91,25","36,87,21","38,89,23","43,95,29","43,95,29","35,89,22","30,85,18","30,87,19","35,92,24","35,93,25","30,89,21","27,86,18","24,85,16","23,84,15","24,86,16","26,88,18","27,89,20","26,89,18","26,89,17","25,89,15","24,88,14","24,88,14","25,89,15","25,89,15","26,89,15","26,88,15","26,88,15","26,86,14","27,87,15","27,87,15","27,87,15","30,87,16","31,88,17","31,88,17","31,88,17","29,85,13","29,82,10","34,87,15","29,82,11","40,93,21","39,91,20","32,84,13","36,87,16","35,85,15","31,80,10","43,88,19","43,88,19","44,87,19","43,86,18","44,85,17","44,85,18","45,86,19","48,88,21","49,87,21","48,83,17","54,86,21","51,83,17","51,83,17","54,85,19","52,83,17","48,77,11","50,76,10","58,84,18","59,84,18","66,91,25","68,91,24","69,92,25","74,96,28","77,98,31","73,94,27","69,91,24","71,94,28","63,88,23","57,81,17","68,87,28","99,115,59","79,90,45","47,54,18","100,107,66","134,141,99","49,59,19","85,100,60","103,119,80","113,130,91","105,123,82","82,98,56","76,90,49","114,124,82","108,114,73","102,106,66","71,74,38","159,162,128","231,233,200","221,222,189","153,157,119","76,80,41","156,163,121","66,72,31","193,200,157","167,174,131","118,127,82","123,131,87","118,126,84","57,65,24","85,94,54","82,92,53","122,131,94","86,95,60","75,83,52","78,88,56","59,73,35","36,55,6","55,77,21","50,74,19","41,63,14","74,92,56","92,106,79","99,108,86","84,88,66","44,47,21","43,45,14","34,40,1","67,76,30","70,81,38","52,66,31","106,120,91","191,205,174","177,187,152","29,39,5","16,27,9","58,78,40","55,79,37","60,86,43","54,80,37","38,63,21","51,72,33","118,134,98","163,174,136","129,137,100","51,59,30","62,70,36","85,94,57","87,99,62","89,103,64","96,112,71","67,83,41","119,136,92","72,88,43","72,89,42","72,90,41","63,82,31","57,77,26","58,78,25","47,68,15","67,88,31","66,89,30","61,84,24","53,76,15","48,72,11","50,74,13","51,77,15","46,72,11","36,63,3","41,71,9","43,75,12","44,76,14","45,76,14","44,75,14","42,73,13","40,71,11","38,69,10","37,68,9","44,75,18","42,73,17","36,67,12","34,64,11","35,65,12","37,67,16","36,66,15","30,60,10","24,54,5","29,56,8","32,58,11","34,59,12","35,59,12","35,59,12","34,57,11","32,56,10","34,57,11","36,59,12","35,57,10","31,53,7","27,48,2","28,48,2","33,52,7","37,56,11","34,53,8","31,50,5","28,47,4","24,42,4","22,40,4","25,42,6","30,47,11","36,53,17","39,55,19","35,51,15","28,44,8","22,38,5","26,41,8","35,49,14","33,47,12","31,45,10","31,45,10","33,44,10","33,44,10","36,47,13","38,49,13","37,49,9","36,46,3","47,57,9","51,61,10","55,65,13","60,71,17","58,70,13","55,66,7","54,65,4","57,70,6","61,72,8","58,69,5","64,74,13","68,78,17","63,73,15","60,70,12","61,70,14","61,69,15","58,66,14","67,75,24","36,86,17","43,93,24","48,96,27","45,92,24","43,88,21","48,90,24","54,95,30","57,96,31","52,91,26","62,98,34","57,93,29","61,99,34","64,103,38","57,97,31","47,88,22","54,96,30","62,104,38","41,86,19","50,98,32","47,97,32","41,92,26","43,94,28","47,100,33","45,100,33","37,92,25","29,86,18","29,86,18","29,88,20","30,89,21","30,90,22","31,91,22","31,92,23","29,92,22","25,88,18","23,86,16","19,82,12","21,84,13","23,86,14","23,87,13","24,88,14","24,88,14","26,90,16","27,91,17","28,91,17","26,88,15","26,87,14","25,85,13","25,85,13","25,85,13","27,87,15","28,85,14","31,88,17","31,88,17","32,89,18","30,85,14","32,85,13","41,94,22","24,77,5","42,95,23","42,94,22","30,82,10","43,94,22","45,95,24","36,85,14","49,94,25","47,92,23","47,90,21","46,89,20","45,87,18","46,87,19","46,87,19","49,90,22","51,89,22","50,85,19","55,87,22","52,84,18","52,84,17","54,85,18","50,81,14","45,74,7","47,74,7","56,83,16","59,84,18","66,91,25","67,90,23","67,90,22","72,94,26","75,96,29","71,92,25","70,91,24","72,94,29","57,80,17","67,88,29","84,102,46","85,100,47","62,72,25","93,100,59","199,206,163","123,130,88","40,51,9","115,129,88","90,107,67","97,115,75","84,103,61","65,82,40","84,99,57","53,66,23","65,72,31","97,103,63","59,63,27","133,137,102","208,212,176","198,202,165","127,134,93","75,82,40","149,156,114","59,67,23","174,182,138","128,137,93","85,94,49","106,116,71","139,149,106","131,141,100","59,69,28","66,77,36","166,177,139","92,103,67","61,73,39","77,90,56","66,82,42","33,53,4","52,77,20","57,82,27","40,63,15","34,52,18","47,61,37","81,89,70","75,79,62","33,37,18","87,91,56","49,55,12","86,95,50","59,73,29","29,45,11","47,63,34","98,112,81","132,143,108","116,128,91","50,65,31","62,83,42","45,71,28","56,84,40","59,87,44","59,85,42","64,87,45","61,79,40","56,71,32","110,120,83","49,59,24","46,56,20","77,88,51","86,100,61","71,86,47","60,76,36","53,69,29","97,114,72","63,80,36","93,110,66","95,113,66","77,97,46","55,75,24","41,62,12","75,97,40","61,84,25","63,87,26","62,86,24","55,79,17","48,73,10","48,74,11","50,76,13","47,73,12","39,67,6","42,72,10","40,71,8","39,71,8","39,71,8","39,71,9","41,72,12","41,73,12","41,72,13","40,71,12","32,63,6","30,61,4","29,59,4","29,59,5","31,61,7","34,64,12","36,66,14","37,67,16","37,65,16","27,54,7","26,52,5","32,56,11","36,59,14","38,61,15","36,59,14","33,55,10","31,53,9","30,52,7","31,52,8","27,48,5","21,42,1","22,40,1","28,47,3","35,53,11","34,53,8","29,47,4","24,42,2","28,46,7","31,49,12","29,46,10","27,44,8","28,45,9","31,47,11","32,48,12","32,48,12","31,47,12","32,48,13","33,47,12","27,41,6","25,39,4","29,43,8","31,42,8","28,39,5","28,39,5","33,44,8","36,46,7","35,45,1","47,57,6","52,62,9","54,65,9","59,69,10","58,68,7","55,66,3","58,68,3","63,74,4","64,74,4","60,70,1","64,74,4","68,76,7","65,72,6","65,72,6","68,74,12","70,76,14","66,72,13","67,70,14","33,83,14","40,90,21","45,93,25","44,91,23","44,89,22","49,91,25","55,96,31","59,98,33","55,94,29","60,97,32","60,96,32","57,95,31","55,94,29","56,96,31","59,100,34","61,102,36","55,97,31","44,89,22","48,96,31","44,94,29","37,88,22","37,89,23","39,92,25","41,95,29","39,94,27","34,91,23","33,90,22","30,87,19","29,88,20","31,90,22","33,93,24","33,94,25","31,94,24","28,91,21","24,87,17","21,84,13","25,88,17","29,93,20","31,95,21","29,93,19","24,88,14","22,86,12","26,90,16","28,90,17","25,87,14","27,88,16","31,91,19","28,88,16","25,85,13","22,82,10","23,80,9","25,82,11","29,86,15","33,90,19","35,91,19","44,97,25","54,107,35","30,83,11","40,93,21","40,92,20","27,79,8","36,87,16","37,87,17","30,79,10","45,90,21","45,90,21","47,90,21","49,92,23","52,93,25","52,93,25","50,91,23","47,87,20","48,86,18","56,91,23","61,93,26","59,91,24","58,90,23","59,90,22","54,85,17","50,79,12","54,81,14","64,91,24","58,83,15","73,98,30","62,86,18","65,88,20","75,97,29","75,96,27","65,86,17","68,90,22","73,95,30","79,100,40","71,92,37","87,103,49","65,77,28","65,74,28","133,141,95","184,191,147","60,67,25","48,59,17","107,123,81","68,86,44","90,110,68","79,100,57","85,105,62","154,170,129","49,63,22","100,108,67","74,81,41","69,75,38","112,118,82","144,151,113","135,141,102","102,109,68","84,92,50","127,136,93","69,78,34","170,179,134","95,104,69","63,74,35","97,108,64","124,136,92","135,147,104","49,61,24","73,85,46","71,83,47","103,115,81","109,122,88","69,86,51","32,51,10","37,60,10","51,76,20","52,78,23","52,75,28","31,49,18","24,37,16","24,32,16","22,25,10","32,35,12","78,82,47","38,45,8","67,79,34","76,93,50","37,56,20","60,80,48","104,121,89","106,120,84","116,129,91","31,50,9","42,66,25","31,59,16","54,84,40","49,79,35","46,74,31","56,80,40","30,50,17","46,62,23","76,88,50","108,120,82","72,82,45","58,71,32","73,89,50","76,93,53","54,72,32","68,84,45","99,115,76","36,53,15","73,90,48","80,99,52","74,94,43","64,84,30","52,73,17","81,102,45","53,76,16","56,81,19","56,80,18","52,77,13","51,77,13","55,80,17","56,82,20","51,77,16","38,65,4","40,70,6","39,71,6","39,70,6","38,70,5","38,70,6","39,71,8","40,72,10","42,72,12","41,72,13","42,73,15","42,73,16","41,72,17","40,70,16","37,67,14","34,63,11","31,61,9","33,62,11","36,64,15","28,55,9","27,51,7","29,52,10","32,55,12","32,55,12","33,54,13","32,54,11","33,54,13","33,54,12","39,58,17","36,54,13","30,48,7","31,49,9","38,55,14","42,58,19","36,52,11","31,47,8","31,47,8","33,50,12","33,51,13","32,49,12","33,51,13","33,50,13","27,44,7","28,44,7","32,48,11","32,48,11","34,49,12","35,49,13","33,47,11","31,45,9","31,45,9","34,47,11","38,49,14","40,52,16","42,54,16","42,52,11","42,51,4","51,60,8","54,63,8","58,67,8","67,76,14","74,83,17","79,89,19","87,96,23","91,101,24","84,93,15","81,89,10","76,84,6","74,82,4","76,81,6","78,84,10","81,86,14","82,87,17","81,85,17","77,78,12","32,82,13","40,90,21","46,94,26","45,92,24","43,88,21","45,87,21","50,92,26","55,94,29","53,92,27","56,93,29","58,94,30","57,95,31","58,97,32","61,101,35","64,105,39","65,106,40","57,99,33","46,90,23","48,95,29","45,95,30","43,94,28","44,96,30","45,96,30","43,96,30","39,93,26","37,92,25","38,95,27","36,93,25","34,92,24","33,92,24","31,91,22","29,90,21","28,89,20","27,89,20","27,90,20","28,90,19","31,94,23","29,92,20","24,88,14","25,89,15","31,95,21","30,94,20","22,86,12","22,85,12","29,91,18","31,92,20","31,91,19","30,90,18","29,89,17","27,87,15","29,86,15","29,86,15","29,86,15","29,86,15","28,84,12","28,81,9","30,83,10","22,76,3","36,90,17","41,93,20","34,86,14","39,90,18","44,94,22","43,91,20","43,89,19","43,88,18","45,88,18","47,90,20","51,92,23","52,93,24","52,93,24","51,92,22","50,89,20","51,86,18","62,94,27","63,95,27","61,94,26","62,94,26","59,90,22","54,83,16","54,81,13","60,87,19","64,89,21","69,94,26","65,89,20","65,88,19","71,93,24","74,95,26","69,90,21","69,90,21","78,99,35","62,83,26","73,93,41","78,94,43","63,74,26","85,93,48","121,128,85","94,101,59","59,68,26","124,137,94","84,101,65","67,87,46","75,98,54","89,112,68","130,151,108","163,180,139","55,71,32","104,115,74","95,104,64","50,58,19","89,96,58","166,174,134","184,193,152","124,133,91","72,82,38","71,81,37","72,82,41","144,156,111","111,124,77","95,108,61","103,116,70","99,113,68","109,123,79","130,144,101","65,78,35","37,50,21","96,110,76","104,121,85","62,82,45","38,60,18","51,76,25","40,68,13","42,69,16","21,45,3","48,66,37","50,63,43","53,61,46","55,59,44","49,52,30","87,92,61","7,16,1","75,88,46","71,89,45","40,63,26","55,78,46","75,94,61","63,78,41","68,84,45","31,52,15","60,85,43","42,70,27","50,81,37","51,82,37","52,81,37","62,88,47","63,84,46","69,86,47","31,44,7","51,63,25","81,93,55","99,113,74","85,101,62","54,71,33","56,74,39","109,125,88","116,131,95","52,68,29","71,87,45","60,77,31","59,77,28","63,83,29","44,64,7","56,77,18","46,68,6","49,73,8","50,74,10","49,73,8","50,74,11","54,79,16","56,81,20","51,77,16","41,67,6","45,75,11","44,76,10","44,75,10","43,73,9","42,73,10","43,72,11","42,73,11","43,73,13","42,73,13","41,70,12","38,68,10","36,65,10","36,64,10","35,65,11","37,65,13","36,65,13","34,62,11","33,61,12","31,55,10","31,53,11","32,54,13","32,54,13","33,55,14","34,55,15","36,57,17","38,58,18","38,58,18","37,56,16","32,50,11","28,46,7","29,47,8","35,52,13","37,53,14","31,47,9","29,44,6","31,46,8","30,47,9","28,46,8","30,48,9","34,52,13","35,53,14","30,46,8","28,44,7","31,47,9","31,47,10","30,45,7","28,42,5","28,42,5","29,43,6","30,44,7","34,46,9","38,50,13","43,55,18","47,59,20","49,59,17","50,58,12","58,66,15","59,67,13","61,70,10","69,78,13","75,83,13","79,88,12","87,95,16","94,102,19","92,101,16","90,97,10","85,92,8","85,90,6","86,91,9","89,93,13","92,93,16","93,94,19","93,94,20","91,90,18","33,83,14","41,91,22","46,94,25","44,91,23","42,87,20","45,87,21","50,91,25","53,92,27","51,90,25","55,91,27","56,92,28","54,92,27","52,91,26","54,94,28","58,99,33","62,103,37","58,100,34","51,96,29","47,93,28","44,93,28","45,95,30","47,98,32","47,98,32","44,95,29","39,91,25","37,90,24","38,94,26","34,90,23","31,88,20","31,89,21","31,90,21","30,90,21","29,89,20","27,88,19","26,87,18","25,86,16","26,88,17","27,90,18","26,90,16","25,89,15","25,89,15","26,90,16","26,90,16","27,90,17","29,91,18","26,87,15","23,83,11","25,85,13","26,86,14","28,88,16","30,87,16","29,86,15","28,85,14","27,85,13","30,86,13","32,85,12","27,81,6","33,87,12","37,91,16","39,92,17","38,90,16","34,85,11","35,85,12","41,90,17","44,90,18","43,89,17","43,86,15","45,88,17","48,89,19","50,91,21","52,93,23","54,95,25","54,93,23","52,87,18","65,98,29","64,97,28","57,90,21","57,89,20","58,89,21","57,87,19","58,85,16","61,87,18","71,96,28","66,91,23","71,94,25","67,90,20","68,90,20","73,94,25","71,93,23","65,87,16","78,99,34","67,88,32","82,101,50","68,82,35","50,61,16","82,90,47","105,112,70","56,63,22","94,103,62","138,151,108","42,59,26","68,89,47","58,81,36","99,123,79","180,203,159","165,183,142","37,54,16","94,106,66","91,102,62","52,61,22","85,93,54","174,183,143","177,187,145","85,96,52","94,106,62","53,65,24","111,124,77","131,145,96","85,99,50","74,88,39","76,91,43","61,76,29","72,87,42","108,123,79","113,128,85","80,95,54","56,72,33","69,87,49","62,83,45","37,61,18","42,69,18","29,58,3","47,76,21","21,46,7","89,107,79","76,89,71","43,50,39","39,42,32","60,63,42","105,111,78","23,33,2","67,82,38","57,78,33","38,59,27","52,75,46","73,95,60","72,88,51","67,83,44","32,54,19","40,67,25","44,74,30","57,90,45","64,96,51","61,91,47","47,74,33","31,53,18","73,91,51","31,46,9","27,40,8","72,85,49","87,102,63","96,113,74","94,112,75","51,69,36","57,72,37","64,78,44","57,71,34","85,99,60","71,87,42","69,85,36","75,92,39","54,73,16","50,71,12","51,72,9","51,73,9","49,71,7","46,69,4","46,69,5","51,74,11","56,79,18","56,79,19","50,75,14","46,73,10","44,74,8","45,73,9","44,73,9","44,73,10","45,73,12","45,74,13","48,74,16","46,75,16","44,71,13","42,70,12","40,67,11","39,66,10","38,66,11","40,66,13","39,67,14","36,62,11","32,57,9","30,52,9","30,51,12","31,52,13","32,53,14","33,54,15","33,54,15","32,53,14","31,50,11","29,47,9","28,46,8","24,42,4","23,40,2","25,41,4","28,44,7","27,43,6","23,39,2","24,38,2","27,42,5","25,42,4","25,42,3","30,48,8","34,52,12","33,51,11","31,47,8","29,45,6","30,46,7","33,49,10","34,49,10","33,48,9","35,50,11","37,52,13","36,51,12","36,48,10","37,49,11","41,53,15","46,58,19","49,58,17","49,56,11","57,63,15","58,65,11","60,68,8","68,76,10","74,82,10","79,87,9","87,94,11","94,101,14","92,100,9","92,97,5","90,94,3","89,93,4","90,94,6","93,95,10","96,96,13","97,97,16","97,96,16","90,88,10","37,87,18","41,91,22","44,92,23","42,89,21","43,88,21","50,92,26","56,97,31","56,95,30","50,89,24","58,95,31","59,95,31","54,92,28","51,90,25","51,91,25","55,96,30","61,102,36","62,104,38","60,102,36","49,94,30","44,91,27","44,91,27","45,94,29","46,96,30","45,96,30","41,92,26","37,89,23","36,89,23","33,86,20","31,86,19","32,88,20","33,90,22","33,91,23","32,90,22","28,87,19","25,84,16","21,82,12","20,82,11","24,87,15","28,92,18","26,90,16","19,83,9","20,84,10","28,92,18","30,93,20","27,89,16","23,85,12","23,83,11","24,84,12","26,86,14","28,88,16","31,88,17","32,89,18","32,89,18","32,90,17","33,89,16","33,87,14","32,86,11","47,101,26","34,88,13","33,85,11","41,93,19","36,87,14","31,81,8","39,88,15","52,98,26","50,96,24","50,93,22","49,92,21","50,92,21","53,94,24","55,96,26","58,99,29","59,98,28","54,90,20","66,99,30","62,95,26","52,85,16","52,84,15","56,87,18","59,89,19","60,87,18","62,89,20","70,96,26","61,87,17","73,97,27","71,94,24","68,90,20","73,94,23","74,96,25","65,87,16","74,95,30","56,77,23","89,107,59","51,66,29","78,89,51","108,116,74","78,85,44","59,66,28","130,139,96","92,105,61","68,85,41","121,143,97","84,109,62","82,108,62","130,154,110","113,133,90","39,56,15","91,105,64","64,76,36","54,64,25","98,108,69","163,173,132","166,177,134","103,114,71","84,97,51","85,97,55","91,105,57","91,105,56","77,92,43","84,99,50","90,106,58","81,97,50","73,91,43","67,84,39","121,137,94","90,106,64","62,78,39","53,74,35","42,66,26","26,53,8","30,58,6","38,68,12","56,85,32","32,57,14","108,126,99","71,83,67","46,53,43","54,57,47","28,30,11","44,50,17","46,56,17","77,93,49","65,87,41","27,51,17","36,61,30","62,85,49","59,76,39","58,75,35","51,74,32","48,76,33","42,74,30","40,75,30","51,84,39","52,84,39","42,71,27","54,77,35","97,117,76","47,63,24","62,77,43","44,59,26","31,47,11","72,90,52","112,131,91","81,99,62","94,108,75","70,82,51","72,83,49","75,88,49","61,75,31","56,71,23","62,77,24","58,75,18","52,71,11","59,78,16","57,78,14","53,74,10","49,70,5","47,68,4","50,71,8","54,76,15","56,77,18","54,77,15","47,72,10","45,72,7","46,71,7","46,72,8","46,72,9","47,73,11","48,74,13","50,75,16","49,75,17","46,70,14","47,73,16","49,73,18","47,71,16","43,68,14","41,65,13","40,65,13","38,62,10","34,58,10","40,62,19","40,61,22","34,55,17","28,49,11","26,46,8","27,46,8","29,48,10","32,49,13","33,50,14","28,46,9","24,41,4","25,41,4","27,43,6","28,44,8","27,42,6","24,39,4","26,40,5","28,43,6","25,41,4","26,42,4","31,49,9","31,49,9","28,46,6","33,49,10","31,47,8","30,46,7","36,52,13","36,51,12","32,47,8","35,50,11","38,53,14","36,51,12","35,48,10","36,48,10","41,53,15","46,58,19","48,58,17","49,55,11","58,63,15","61,67,13","64,71,11","74,80,15","80,87,14","86,93,12","94,100,14","102,108,17","101,107,13","102,107,12","102,106,11","103,106,13","105,107,14","107,108,18","110,108,22","112,109,25","111,107,24","98,94,11","40,90,21","42,92,23","44,92,23","42,89,21","45,90,23","53,95,29","59,101,35","59,98,33","52,91,26","55,92,28","58,94,30","57,95,31","56,95,30","56,96,30","59,100,34","62,103,37","60,102,36","56,98,32","52,96,32","49,93,30","46,91,27","47,93,29","50,96,32","50,97,32","45,94,29","42,91,26","40,91,25","41,93,27","41,93,27","38,91,25","35,89,23","33,88,21","31,86,19","29,86,18","29,86,18","27,86,17","26,88,18","24,87,15","21,85,11","22,86,12","25,89,15","26,90,16","24,88,14","24,87,14","28,90,17","29,90,18","29,89,17","28,88,16","27,87,15","27,87,15","28,85,14","29,86,15","30,87,16","31,88,15","29,86,12","29,83,8","34,88,13","47,101,26","27,81,6","27,79,5","42,94,20","42,93,19","33,83,10","39,88,15","55,101,29","53,99,27","53,96,25","50,93,22","49,91,21","50,91,21","53,94,24","56,97,27","57,96,26","51,87,17","63,96,27","61,94,25","56,89,20","59,91,21","61,92,22","60,89,19","58,85,16","59,86,16","64,90,19","58,84,13","71,95,25","73,96,26","70,93,22","74,96,24","78,100,28","74,96,25","74,95,31","89,109,57","97,114,69","53,67,27","125,136,96","163,171,129","87,94,56","49,56,24","148,157,115","41,54,18","53,71,27","82,104,58","59,83,37","40,67,19","54,80,33","72,92,50","76,94,53","110,125,84","97,109,69","76,88,48","65,76,36","96,107,65","134,145,102","128,139,95","88,101,55","108,121,74","79,93,44","65,80,31","70,86,37","99,115,66","110,127,78","87,105,57","65,83,35","52,69,24","68,85,41","151,168,124","107,126,85","58,81,41","45,71,30","42,71,25","37,67,14","45,75,19","37,66,14","17,42,5","109,127,103","83,95,80","43,50,41","54,57,47","64,66,48","66,72,40","51,61,20","82,98,53","90,113,67","49,78,37","28,57,22","78,104,67","131,150,112","66,85,45","44,69,27","43,72,28","25,57,12","24,59,13","49,83,37","46,78,35","18,47,7","32,57,15","63,84,43","47,63,24","62,78,39","52,68,30","50,67,28","56,76,36","58,79,39","59,78,41","99,111,80","91,100,71","101,111,77","87,98,61","67,79,37","43,56,13","32,46,2","43,59,4","48,65,5","58,75,12","58,77,13","57,77,12","57,77,13","56,76,12","54,75,12","53,73,12","51,71,11","48,68,7","47,69,7","45,69,5","45,68,3","43,67,3","42,66,2","41,65,3","40,64,2","42,64,5","40,65,5","41,62,5","45,68,12","50,71,17","48,69,15","41,64,10","39,60,9","39,63,11","42,63,11","38,60,12","33,55,12","29,50,11","25,45,8","23,43,6","23,42,5","26,43,7","27,44,8","26,43,7","25,42,6","26,43,7","27,43,7","28,44,8","30,46,10","31,47,11","31,45,10","30,44,9","29,43,8","28,44,7","26,42,5","29,45,7","33,51,11","27,45,5","24,42,2","34,50,11","33,49,10","31,47,8","38,54,15","38,54,15","33,48,9","36,51,12","38,53,14","37,52,13","37,49,11","37,49,11","40,52,14","44,56,17","48,57,17","51,58,15","62,67,21","67,71,19","71,76,17","79,85,19","84,90,17","88,94,13","95,100,13","102,106,15","101,105,11","103,107,11","107,109,13","108,110,14","109,110,16","111,111,19","114,111,22","117,113,25","115,111,23","101,95,10","39,89,20","46,96,27","50,98,29","48,95,27","47,92,25","50,92,26","56,97,31","59,98,33","55,94,29","54,91,27","57,93,29","58,95,31","57,96,31","56,96,30","56,97,31","58,99,33","54,96,30","49,91,26","54,96,32","53,97,34","53,97,34","53,98,35","53,99,35","50,97,32","45,94,29","45,94,29","47,98,32","48,99,33","46,97,31","43,95,29","38,91,24","32,87,20","30,85,18","29,86,18","30,87,19","28,87,18","30,90,20","27,90,18","23,87,13","23,87,13","29,93,19","29,93,19","24,88,14","24,87,14","30,92,19","31,92,19","28,88,16","27,87,15","27,86,14","26,85,14","27,84,13","26,83,12","26,83,12","26,84,11","28,85,10","33,87,12","37,91,15","42,96,20","30,84,8","30,82,7","39,91,16","40,91,17","36,86,12","38,88,13","50,96,23","50,96,23","50,94,22","48,91,19","46,88,16","46,88,16","48,90,18","52,93,21","55,94,24","56,91,21","61,95,25","59,92,23","60,93,24","65,97,27","65,97,26","60,90,19","58,85,15","63,90,19","67,94,22","67,93,22","71,95,23","76,99,27","74,97,25","73,95,23","79,101,29","85,107,37","73,94,29","90,110,58","64,81,38","58,72,29","123,134,92","130,138,97","59,66,30","38,46,19","73,83,41","24,37,7","79,97,54","88,111,64","70,97,50","71,98,52","86,112,66","77,99,55","52,72,30","95,111,71","99,114,73","84,97,56","57,70,28","90,103,59","159,172,128","153,165,125","31,44,11","73,86,39","60,75,26","97,114,62","84,101,50","81,99,49","104,122,73","115,133,85","94,112,64","97,116,70","85,103,57","88,107,62","77,97,54","46,69,28","33,59,18","42,71,24","40,71,18","44,76,20","41,71,21","11,37,4","95,113,90","64,76,62","26,33,24","43,46,37","62,66,48","72,79,49","61,74,31","47,65,20","49,73,26","31,59,19","27,57,21","58,84,47","80,100,63","35,54,14","25,50,8","58,86,42","57,91,45","33,69,23","31,65,20","38,70,26","45,75,32","64,89,47","41,62,22","68,86,47","42,58,19","56,72,33","73,92,51","75,97,55","66,88,47","46,65,28","30,41,15","64,72,45","58,66,35","66,75,40","79,89,49","78,89,44","67,80,29","63,76,20","59,74,12","58,74,11","59,76,10","61,77,12","61,79,15","60,78,15","59,77,15","56,74,14","56,74,15","55,74,14","60,80,18","58,80,17","57,78,15","55,76,13","54,75,12","52,73,11","50,72,10","50,70,11","48,69,10","43,62,6","45,66,10","47,67,13","43,62,9","38,57,4","38,56,5","42,62,10","43,61,11","37,56,9","29,50,7","27,47,9","28,48,11","32,52,15","37,56,20","40,57,21","37,54,18","30,46,10","22,38,2","26,42,6","29,45,9","30,45,9","31,46,10","32,47,12","35,49,14","34,48,13","30,43,9","24,40,3","24,40,3","31,48,10","34,52,12","25,43,3","23,41,1","42,58,19","40,56,17","31,47,8","35,51,12","41,56,17","41,56,17","41,56,17","41,56,17","40,55,16","41,53,15","41,53,15","41,53,15","43,54,15","47,55,14","54,58,17","66,69,23","70,74,23","74,79,22","83,88,23","86,92,18","87,93,12","92,97,9","100,104,12","106,110,14","111,113,14","116,116,18","118,118,20","120,118,22","122,118,25","124,119,28","127,121,31","125,119,29","108,102,14","42,88,21","54,100,33","61,105,39","57,101,35","52,94,28","51,91,26","55,94,29","62,96,33","66,101,38","64,98,35","67,101,38","66,101,38","63,98,35","59,95,31","57,95,31","60,98,34","60,100,35","57,96,33","55,98,34","54,98,35","55,100,36","55,100,37","51,98,34","47,93,29","42,91,26","45,95,29","50,101,35","44,96,29","40,93,27","41,94,27","40,94,26","36,93,25","35,91,23","29,87,18","26,84,16","22,82,12","24,86,14","28,93,19","31,95,21","28,93,19","23,87,13","23,87,13","29,93,19","32,94,21","29,91,18","27,88,15","27,86,14","28,87,15","32,89,18","32,89,18","33,88,17","33,88,17","33,88,17","33,88,16","34,89,15","35,89,14","37,90,15","37,90,15","38,92,16","39,91,16","39,91,16","40,92,17","41,92,17","44,95,19","50,98,24","51,98,24","50,96,23","50,95,20","50,94,20","50,94,20","52,96,21","55,98,25","58,100,26","63,102,27","62,98,26","57,93,23","60,93,24","63,97,27","64,96,25","60,91,20","62,92,20","70,99,25","71,100,25","78,104,30","72,99,24","75,100,26","72,96,24","68,92,21","75,98,30","88,109,45","71,92,33","83,102,56","59,76,37","112,126,86","153,165,127","121,132,97","95,104,68","132,141,103","43,54,14","84,98,57","112,131,87","101,121,77","55,76,41","70,91,57","113,134,92","87,107,65","44,61,22","108,123,84","99,113,75","95,108,66","58,71,28","51,65,21","82,96,51","94,108,67","59,73,44","102,118,69","64,81,29","92,109,57","93,111,59","61,80,31","50,68,22","75,95,44","83,103,55","38,58,15","109,129,82","102,122,75","93,114,67","62,89,42","43,73,25","41,72,22","32,61,8","29,58,6","55,82,34","28,50,11","103,119,93","69,79,62","24,30,17","30,33,19","33,38,19","29,36,15","92,103,67","110,127,85","107,128,84","51,75,34","16,43,4","49,74,34","100,121,80","83,105,61","42,67,25","35,64,18","54,86,40","32,67,19","21,55,9","41,73,28","60,90,44","46,73,30","31,55,15","48,71,29","51,71,28","58,77,36","57,77,35","60,81,38","64,85,44","56,75,37","48,60,28","102,112,81","68,79,45","63,73,36","58,70,26","57,70,20","59,72,17","55,69,10","56,70,9","62,78,13","60,77,9","59,75,9","57,73,8","56,72,9","57,73,11","61,76,14","67,81,21","72,86,27","59,75,14","55,72,10","55,73,10","53,71,9","52,69,7","50,69,9","50,70,9","48,67,9","48,67,9","48,66,10","49,68,13","48,66,13","42,60,8","38,56,5","41,59,8","46,64,15","43,61,11","34,51,5","36,54,13","35,53,15","30,49,11","26,43,7","24,42,5","25,43,6","26,44,7","25,42,6","25,43,7","31,47,11","33,50,14","33,49,14","34,49,14","37,51,16","40,54,21","40,53,21","36,47,16","30,42,9","29,42,8","33,46,12","34,49,13","30,44,9","30,46,10","44,59,23","43,59,22","35,50,13","34,50,11","34,50,11","33,48,9","33,49,9","35,50,11","39,54,12","41,54,13","42,54,13","43,55,14","46,57,15","52,58,16","59,62,19","69,71,23","75,77,23","80,83,25","90,93,26","96,98,24","98,98,18","100,100,14","105,104,13","109,107,13","114,109,14","118,112,17","121,114,21","123,117,25","127,118,30","129,120,33","129,120,35","126,117,31","112,105,17","46,87,24","62,103,40","69,109,46","66,106,43","65,103,41","66,102,40","64,98,37","65,96,36","76,107,47","67,97,37","74,104,44","79,109,49","76,107,47","69,101,41","66,99,39","69,103,42","70,105,44","64,102,40","59,103,39","55,102,37","53,100,34","51,98,33","47,96,30","46,95,29","45,96,29","45,96,29","44,97,29","40,94,26","38,94,25","36,93,24","35,93,24","32,92,22","32,92,22","30,90,20","29,89,19","27,89,18","25,90,16","24,90,16","23,89,15","22,88,14","21,87,13","23,87,13","24,88,14","26,87,14","27,88,16","27,85,14","27,83,12","31,87,16","36,91,20","35,90,20","35,87,17","34,87,17","37,88,19","41,92,22","40,91,18","34,86,12","38,90,16","41,93,18","44,96,21","44,96,21","44,95,20","42,93,17","41,92,15","44,94,18","53,101,25","52,100,24","51,99,22","53,101,23","57,103,26","58,105,28","58,105,27","57,102,26","57,100,22","59,101,22","60,99,23","61,99,25","62,98,26","61,98,27","62,97,26","62,96,24","62,96,21","61,94,18","54,85,6","72,102,21","72,100,21","71,98,22","68,94,21","67,92,25","73,97,35","77,98,42","80,100,50","90,107,65","44,60,27","105,120,85","66,82,52","29,43,20","66,79,51","74,87,51","34,48,14","142,157,119","90,106,68","56,71,33","77,92,54","163,177,140","194,208,171","98,112,74","37,50,14","60,72,36","161,173,136","117,131,90","61,76,32","63,79,34","87,103,57","115,132,85","179,196,148","82,100,50","86,104,53","70,88,36","94,112,60","88,107,54","78,98,45","90,110,59","89,110,59","76,97,46","79,101,52","81,103,54","62,86,36","39,68,14","37,69,12","49,81,25","49,78,25","35,61,12","51,74,30","22,40,5","92,106,78","73,82,61","30,36,20","48,53,37","85,92,69","45,52,27","90,100,69","79,94,59","60,76,42","44,62,24","36,57,14","92,115,70","154,178,132","61,87,40","36,63,19","45,74,26","49,79,32","30,63,15","46,79,31","56,87,42","40,71,28","53,83,36","54,83,38","59,85,39","58,82,36","53,76,31","53,75,30","66,87,43","84,103,61","81,99,59","49,63,28","76,88,53","63,75,39","52,65,24","43,57,10","53,68,15","66,80,24","60,74,16","52,67,4","53,68,1","55,70,1","56,70,3","55,69,3","52,66,2","51,65,1","54,67,2","60,71,9","64,76,14","65,78,15","59,74,10","62,77,14","61,76,13","56,72,10","57,74,12","58,75,15","48,66,7","51,69,11","47,64,9","48,65,11","48,66,14","47,65,14","46,64,15","48,66,16","49,67,19","44,62,15","37,54,10","33,50,9","36,53,15","37,53,16","32,49,11","28,46,8","28,46,8","23,44,5","21,41,4","27,47,10","28,48,12","28,46,11","28,44,10","28,43,11","31,44,13","35,47,17","37,48,18","38,46,18","37,45,17","40,48,20","35,44,16","28,38,9","38,49,18","44,57,25","33,47,13","39,53,19","45,61,25","36,52,15","31,47,8","35,51,11","34,51,9","39,54,13","46,61,18","44,57,13","38,51,6","39,51,6","48,57,13","58,64,18","64,68,19","70,72,19","76,77,19","81,81,19","90,89,21","101,98,24","109,103,23","111,104,20","111,103,14","114,104,13","116,106,15","117,104,15","118,105,18","125,111,28","135,120,39","139,123,45","134,118,42","125,112,32","119,108,24","44,85,20","53,94,29","63,103,39","66,105,41","66,103,40","66,100,38","66,100,38","68,99,38","68,99,37","69,98,37","77,106,46","81,110,50","79,109,48","74,105,44","71,104,42","73,108,45","75,109,47","69,107,43","60,104,38","56,103,36","54,102,35","52,101,34","50,99,32","49,98,31","46,97,29","44,95,28","42,95,26","46,100,31","44,100,31","38,95,25","32,90,20","28,88,17","28,88,18","31,92,21","33,94,23","35,97,24","28,92,19","24,90,15","24,91,15","26,91,16","27,92,17","28,91,16","27,89,15","26,86,13","24,84,11","27,85,13","31,88,15","35,90,19","39,92,21","38,91,20","36,88,17","35,86,16","37,87,17","39,89,19","40,91,19","39,91,17","39,91,16","39,91,16","42,94,19","45,97,22","47,98,23","46,96,20","44,93,17","45,94,18","51,99,23","51,99,23","54,102,24","57,105,26","60,107,28","59,106,27","57,104,25","54,100,21","52,96,17","52,95,15","55,97,19","59,99,23","61,100,26","60,98,27","59,96,25","58,95,22","60,94,19","59,93,16","60,93,12","68,101,18","73,104,23","75,103,27","73,99,28","70,95,29","65,89,29","55,77,24","75,94,48","72,89,46","101,117,78","138,153,115","78,93,61","70,85,53","103,118,80","46,61,23","117,132,94","181,195,158","67,80,43","41,54,17","83,95,58","171,183,146","199,211,174","106,118,81","43,55,18","65,77,40","136,148,110","112,126,85","63,79,35","53,69,24","64,82,35","85,104,56","141,160,111","49,68,19","80,99,49","83,103,52","86,107,55","74,95,43","76,98,45","92,114,62","79,102,50","78,102,51","58,82,32","76,99,49","65,90,39","50,81,24","38,72,12","36,69,11","43,72,19","40,67,18","57,79,37","29,45,10","92,105,75","65,75,52","17,24,8","29,36,20","60,68,45","25,34,9","94,105,75","65,79,44","61,77,44","44,61,25","40,60,17","71,93,47","97,121,76","52,79,35","53,81,33","51,79,31","42,71,23","22,52,7","34,65,19","41,73,28","38,68,26","61,91,43","18,47,3","62,90,42","55,82,34","47,71,24","43,65,19","52,72,27","76,94,50","93,110,69","57,71,34","74,87,50","78,90,52","62,75,32","60,73,25","60,74,20","52,66,10","47,61,3","63,77,12","51,65,0","55,69,1","60,73,4","63,76,7","62,74,6","60,72,5","60,71,5","61,71,7","61,73,8","69,81,16","62,76,11","65,80,15","63,77,14","57,72,9","56,72,9","56,72,10","45,61,4","49,66,8","49,65,10","49,66,12","49,66,15","47,64,15","45,63,14","45,63,15","46,63,16","41,58,13","35,52,8","33,49,9","32,47,10","29,45,8","26,42,6","27,44,7","31,48,11","30,49,12","25,45,9","23,43,8","26,45,11","28,45,12","28,45,12","30,45,14","32,46,15","36,47,18","36,47,18","38,44,19","37,42,18","39,44,20","36,43,17","30,39,12","39,49,21","44,55,25","31,45,12","35,49,16","43,58,23","37,53,17","34,50,12","35,52,12","32,48,6","35,50,7","41,56,13","45,58,14","44,57,11","48,59,14","56,64,18","59,67,18","60,65,13","74,76,21","86,87,29","87,87,23","87,85,15","93,88,12","103,97,16","114,106,20","118,108,20","115,103,13","118,105,14","122,107,19","126,110,24","129,112,30","132,115,36","135,118,41","138,120,44","133,118,40","109,97,14","56,98,32","52,94,28","54,95,30","55,95,30","52,90,25","53,89,25","65,99,36","77,109,46","72,104,41","71,102,39","76,106,44","79,109,47","77,108,46","73,105,42","71,105,42","73,108,44","74,109,45","69,107,42","66,108,42","62,107,40","57,104,36","52,100,32","48,97,28","47,95,27","46,96,27","47,98,29","48,99,30","48,102,32","45,100,30","39,95,24","35,92,21","33,91,20","35,93,21","35,95,23","35,94,22","33,93,21","31,93,19","29,93,18","28,92,16","27,91,15","26,90,14","27,89,14","27,89,14","29,90,16","31,90,16","33,91,17","35,92,19","39,94,22","43,96,24","43,96,24","43,95,23","41,93,21","43,94,22","45,95,23","44,95,23","43,95,21","42,94,19","40,92,17","42,94,19","45,97,22","47,98,23","49,98,23","48,96,20","46,94,18","45,93,17","47,95,17","52,99,21","55,102,24","57,104,25","56,103,23","54,101,21","51,97,17","50,94,14","48,93,12","53,96,17","57,99,22","58,99,25","56,96,24","55,93,21","54,92,18","56,91,16","58,94,16","68,102,21","55,89,9","66,98,18","60,91,14","65,93,21","72,97,32","67,91,32","64,87,35","102,121,75","69,86,44","165,180,140","97,112,73","45,60,21","45,60,25","50,65,32","65,80,41","163,178,139","148,163,124","66,79,41","57,69,31","138,150,112","197,209,171","154,166,128","65,77,39","71,83,45","74,86,48","133,147,108","107,123,82","75,93,49","66,84,39","64,84,38","80,100,53","138,158,111","78,99,50","86,107,59","104,128,78","83,106,56","96,119,67","102,125,74","80,104,53","86,112,61","81,105,55","68,94,44","81,106,55","53,80,28","41,72,15","43,78,18","43,77,18","35,66,12","33,60,12","60,82,41","22,39,10","83,98,70","63,74,48","21,30,8","33,41,21","58,68,45","20,29,9","96,109,79","62,78,42","60,76,38","49,68,28","39,61,17","40,62,16","44,68,23","42,68,24","33,59,12","24,51,11","56,84,38","55,84,38","52,82,35","57,87,39","53,84,35","36,65,17","29,57,9","64,92,44","32,57,13","64,87,42","61,83,37","50,70,25","59,77,33","69,85,44","87,99,61","48,60,22","72,85,43","60,73,29","57,70,21","59,73,18","58,72,13","55,69,9","52,67,5","55,68,0","58,71,1","61,74,4","64,77,7","64,76,7","65,76,8","66,77,9","68,79,12","70,81,14","69,81,15","61,76,9","64,79,12","63,78,12","58,73,8","55,71,7","54,70,8","45,60,2","51,66,8","45,61,6","44,61,6","44,61,8","43,59,9","42,59,10","41,59,11","42,60,12","40,57,12","36,53,9","35,51,11","32,46,9","28,43,7","29,45,8","32,49,12","35,52,16","35,52,16","25,45,10","16,36,2","25,43,10","31,48,16","31,48,16","33,47,17","34,48,19","37,47,20","37,45,20","36,42,19","35,40,17","36,41,18","34,41,16","32,41,15","39,48,21","40,51,22","29,42,11","31,45,12","39,54,20","38,54,19","39,55,17","40,56,17","36,52,11","35,50,8","39,54,11","41,55,11","40,53,9","43,54,10","49,58,12","55,63,14","62,68,16","73,77,19","81,84,24","86,87,22","91,90,18","98,95,17","106,100,18","111,104,18","115,106,16","120,109,18","121,108,16","126,110,21","131,115,28","132,115,32","130,113,32","132,115,36","138,122,44","141,125,46","123,110,26","60,102,36","54,96,30","59,101,35","64,104,38","60,98,34","57,93,29","64,98,35","69,101,38","56,88,25","71,101,39","76,106,44","76,108,45","74,106,43","71,104,40","69,104,40","70,105,41","69,105,41","66,105,40","67,109,43","65,109,42","60,106,38","56,102,34","52,99,31","51,98,30","49,99,30","51,101,32","51,102,33","45,96,27","40,93,23","38,92,22","39,93,23","38,94,23","40,96,25","38,96,25","37,93,22","32,89,18","30,90,16","28,91,15","26,89,13","25,87,12","23,85,10","25,86,12","28,89,14","32,91,17","36,94,20","33,90,17","32,87,14","36,90,17","41,93,21","44,96,24","47,97,26","47,98,26","48,98,27","50,100,27","48,98,25","44,94,21","45,97,22","47,99,24","46,97,22","45,96,20","45,96,19","47,97,21","52,100,24","51,99,22","45,92,15","47,94,16","51,98,20","54,101,21","56,102,22","57,102,22","56,101,22","57,101,22","57,101,21","58,103,22","60,104,25","59,103,26","57,100,25","54,94,22","51,91,19","51,89,15","53,91,14","57,93,14","62,97,15","45,79,2","77,109,30","62,93,15","63,92,21","70,97,33","63,87,31","83,105,56","124,142,98","43,59,19","145,158,119","88,101,63","74,87,49","70,83,46","70,83,47","158,170,132","212,220,187","67,80,41","87,99,61","41,53,27","79,91,60","133,145,107","110,122,84","60,72,34","130,142,104","56,68,30","113,128,89","65,82,41","70,90,47","65,85,42","44,65,21","63,85,39","110,131,85","128,152,104","36,59,25","66,91,47","84,107,59","63,88,45","61,88,45","79,105,56","60,87,36","77,104,53","64,91,40","46,73,20","43,72,17","40,72,14","47,83,22","55,90,31","43,75,21","51,78,30","68,91,51","22,40,9","96,110,83","57,70,48","36,46,28","78,88,66","81,91,67","31,41,18","64,77,49","48,64,30","46,63,26","45,65,25","35,57,14","47,70,25","78,101,55","64,90,43","40,66,20","13,41,2","34,62,16","46,74,26","50,79,31","52,81,33","41,71,25","22,50,8","45,72,24","56,82,35","38,62,16","81,104,58","81,101,56","60,78,34","53,71,27","55,71,30","80,92,54","48,59,19","102,113,71","84,96,49","60,72,22","51,65,9","59,72,12","73,86,23","68,82,14","63,75,4","65,77,3","66,78,6","67,79,8","68,78,8","68,79,9","70,81,12","72,82,13","72,83,15","72,84,16","64,79,10","68,83,15","69,84,16","66,81,15","64,79,15","62,77,15","55,71,9","63,78,19","50,65,10","47,62,8","46,62,9","45,62,11","45,61,13","45,61,14","44,60,13","44,61,16","45,62,18","37,53,12","28,42,5","25,40,3","27,43,6","28,44,8","23,40,5","25,42,6","22,42,6","13,33,2","16,35,3","21,38,7","22,38,9","25,39,11","26,39,13","28,38,13","29,37,14","29,35,12","29,34,12","31,36,13","31,38,14","32,40,16","37,46,21","36,47,19","27,40,10","27,41,9","33,48,15","36,52,17","33,49,13","29,45,7","32,48,9","37,52,11","40,55,12","40,53,10","39,52,9","43,53,10","51,59,14","56,64,14","60,66,12","66,72,12","74,79,16","87,88,21","101,101,28","114,112,33","120,115,33","119,113,27","118,110,20","124,113,22","119,107,15","122,108,17","127,113,23","129,115,28","128,112,29","127,112,30","131,116,35","133,118,38","116,101,18","46,88,22","50,92,25","60,100,34","66,105,40","67,105,40","67,103,39","68,102,38","67,99,36","58,90,27","74,104,42","77,107,44","75,106,43","74,106,42","73,105,41","72,104,41","70,105,41","70,105,41","69,105,41","65,105,40","64,106,39","65,107,41","65,108,41","63,108,41","62,107,39","58,105,36","55,101,33","51,100,32","47,97,28","44,94,25","42,93,24","40,92,23","39,92,22","38,92,21","38,94,22","40,94,24","40,95,23","34,93,19","30,91,16","32,93,17","34,94,19","36,97,20","37,97,22","38,96,20","37,95,21","38,95,20","35,90,16","33,87,13","37,90,16","41,93,21","46,98,24","50,100,28","52,102,30","53,103,31","53,103,30","48,99,25","43,94,19","48,99,23","51,102,27","50,101,25","44,95,19","43,93,16","46,96,19","53,101,25","54,101,25","45,92,14","47,94,16","49,96,16","50,97,17","51,96,17","52,97,17","54,98,19","57,101,22","57,101,22","50,96,15","49,94,15","48,92,15","47,91,16","49,91,17","51,92,20","56,95,20","60,98,20","64,101,20","77,112,30","51,86,4","80,112,32","65,95,19","70,98,29","76,101,39","61,84,30","63,85,39","56,73,32","46,61,20","144,157,118","82,94,55","74,86,47","68,80,45","51,62,31","114,125,88","139,150,113","66,78,40","44,56,17","98,110,73","171,183,146","186,198,159","126,138,100","60,72,34","67,79,40","39,51,13","93,108,69","65,83,41","106,128,85","109,132,88","62,85,42","59,82,38","129,151,109","159,185,138","48,73,30","65,91,46","79,105,58","86,113,66","104,132,84","105,133,84","64,93,43","94,123,71","51,82,28","52,81,27","49,80,24","51,85,26","48,84,23","34,69,10","29,61,8","44,72,24","52,75,33","37,55,20","141,156,127","93,106,81","27,37,17","41,51,30","70,81,57","62,75,49","87,101,72","95,110,77","59,78,41","47,67,27","35,57,14","23,46,5","28,51,13","53,77,31","65,88,42","54,80,34","61,87,40","44,72,24","30,58,10","51,79,31","74,103,55","43,70,23","40,66,19","43,66,20","65,88,42","47,67,22","60,79,34","70,88,44","68,84,40","81,96,53","75,86,46","71,81,40","87,99,53","56,67,20","58,70,19","68,80,22","66,77,15","65,77,11","67,80,9","71,83,9","74,86,10","76,88,14","78,90,15","78,89,15","76,86,14","73,82,11","68,79,7","65,76,5","67,80,10","59,75,4","64,80,9","66,81,11","64,79,11","60,75,9","57,73,8","51,67,4","63,79,17","55,70,12","51,66,10","49,64,10","47,63,11","46,63,12","43,59,12","41,57,10","42,59,14","45,62,18","49,64,24","40,55,18","35,49,13","36,51,15","32,48,12","22,38,2","27,44,8","39,57,23","35,53,21","24,41,11","21,36,7","22,37,10","24,37,12","25,37,13","27,35,12","28,36,13","31,37,16","33,38,17","30,35,13","27,34,11","30,38,14","33,41,17","31,41,16","27,40,12","26,39,10","27,42,11","31,46,14","28,43,8","23,39,3","30,46,9","38,53,14","40,55,14","40,53,11","40,53,10","45,55,13","52,61,17","54,63,14","54,63,7","66,74,13","80,85,21","89,92,24","95,97,24","104,103,25","110,107,25","113,108,21","116,110,20","127,118,27","123,113,21","123,110,18","127,114,22","131,118,28","133,119,33","133,118,34","132,117,34","130,115,32","122,107,22","44,85,17","56,96,28","60,99,32","60,98,31","64,102,35","70,106,40","73,106,40","73,104,40","79,109,45","75,105,41","73,103,39","71,101,37","71,102,37","72,103,38","73,105,40","73,107,41","74,108,42","74,110,44","71,109,42","69,108,41","69,109,41","67,107,40","66,107,39","65,106,38","64,106,38","64,106,38","62,106,37","61,107,38","60,109,38","59,108,37","55,104,33","47,98,26","39,91,19","35,87,15","37,89,17","40,93,20","36,92,17","32,91,14","32,91,14","33,91,15","34,91,14","33,91,14","33,89,13","33,88,12","33,87,12","37,90,14","41,93,18","43,95,20","46,98,23","49,101,26","52,102,29","52,103,28","51,102,28","50,100,26","46,97,22","43,94,18","46,97,20","49,100,23","49,100,23","48,97,21","47,95,19","50,97,19","52,99,21","55,102,24","54,101,22","56,103,24","59,103,24","58,102,23","57,101,21","56,101,20","56,101,20","59,104,23","58,104,23","48,95,16","45,92,12","44,88,12","45,89,14","50,93,18","55,96,21","57,97,21","57,95,17","57,94,13","65,100,18","49,82,5","61,92,15","63,91,16","69,95,27","79,103,43","85,106,54","80,98,54","40,56,15","110,122,82","100,111,71","78,88,49","73,84,44","82,93,53","127,136,98","200,206,171","153,164,124","64,75,35","49,61,21","141,153,113","144,156,116","102,114,74","90,102,62","100,112,72","73,85,45","57,72,31","136,153,111","88,108,66","55,79,35","50,76,32","50,75,33","34,58,20","20,40,14","90,117,72","134,161,118","57,84,43","38,66,22","47,75,28","58,88,39","73,104,54","82,113,62","53,84,31","30,63,7","38,69,14","43,76,19","43,79,19","40,76,15","36,70,11","37,68,14","34,61,13","61,85,42","35,53,16","87,103,72","50,63,39","12,21,5","29,38,22","49,60,35","31,44,17","68,83,51","93,109,74","40,60,20","36,56,14","47,69,24","35,58,18","28,50,15","72,95,48","65,88,41","29,55,9","54,79,32","64,91,43","42,69,22","35,62,15","51,79,30","46,72,24","58,84,36","37,62,15","87,108,62","60,79,33","61,78,33","70,86,41","64,79,34","60,75,30","54,65,22","72,81,37","78,87,39","60,69,19","68,78,22","72,83,21","68,79,14","77,88,19","84,96,23","81,92,15","82,93,15","82,93,16","83,94,17","84,93,17","83,91,16","81,89,15","77,85,12","73,83,9","80,92,19","73,86,13","76,90,17","78,91,19","72,87,17","65,80,11","59,73,7","53,67,5","66,80,19","54,68,10","49,64,7","47,61,7","46,60,8","46,60,10","41,57,10","38,54,7","42,58,13","48,63,20","46,58,19","34,47,10","30,44,9","36,51,16","34,49,14","20,35,4","24,40,7","33,50,18","22,39,9","23,38,9","24,38,12","24,37,12","22,34,10","19,30,7","17,24,4","15,22,3","19,23,6","22,25,7","22,26,7","24,30,10","28,36,13","28,36,14","26,36,12","28,41,16","26,39,13","23,37,8","25,40,9","27,42,9","27,43,7","30,46,9","33,48,10","34,49,8","36,48,8","38,50,9","44,53,12","48,56,14","51,60,11","57,66,9","68,75,15","77,84,20","81,87,18","86,89,15","92,93,14","100,97,15","105,100,15","111,104,16","120,112,21","123,114,21","124,114,20","124,114,21","128,117,26","133,122,32","136,125,36","134,122,34","127,113,27","112,97,12","49,89,21","58,98,30","63,102,35","64,101,34","66,101,35","69,102,36","69,100,35","69,99,35","73,103,39","70,97,34","71,100,36","72,100,37","72,101,37","74,104,40","78,109,44","76,108,43","73,104,40","76,109,44","78,112,46","75,110,44","70,106,40","65,102,35","62,100,33","61,100,33","63,103,36","68,108,41","70,112,44","68,111,42","65,109,41","64,109,39","61,108,37","56,104,33","50,98,28","45,94,23","41,90,19","39,90,17","40,94,18","40,97,20","40,97,19","40,96,18","39,94,17","36,92,15","38,91,14","39,93,16","42,95,18","42,94,18","41,93,17","42,93,18","43,95,19","44,96,20","47,98,22","47,98,22","46,97,21","43,94,18","43,93,18","45,95,18","46,96,19","47,97,21","48,98,21","49,97,20","49,97,19","50,97,19","51,98,20","50,97,18","47,93,14","52,98,18","56,100,21","52,96,17","50,94,14","50,94,13","51,95,14","52,96,16","53,98,17","55,102,22","56,103,25","54,98,23","56,100,25","58,101,26","58,99,24","57,97,20","56,95,16","54,91,10","60,94,11","65,97,14","73,102,23","75,101,28","65,89,24","72,93,37","92,110,63","83,100,60","75,90,52","183,193,154","67,77,37","51,59,21","71,80,40","118,128,88","157,167,127","123,133,94","81,92,52","59,70,30","90,101,61","164,176,136","131,143,103","79,91,51","82,95,54","100,113,72","69,82,42","42,57,16","186,203,161","124,145,101","77,102,57","81,107,62","70,95,52","35,61,18","57,84,41","51,78,40","112,139,103","98,126,83","77,106,61","73,102,55","61,92,44","51,84,35","74,107,54","46,80,24","40,74,16","37,71,13","44,79,18","45,81,19","46,82,19","53,87,27","56,86,32","39,66,17","77,100,56","41,59,21","60,74,42","40,51,23","28,38,14","55,64,41","74,84,58","41,51,22","54,67,33","75,91,55","57,75,36","45,65,22","49,71,24","46,69,21","36,58,12","54,76,28","70,92,44","46,70,21","44,68,21","60,85,37","49,74,25","35,61,12","47,73,24","63,88,39","72,96,48","47,69,23","68,88,41","62,81,34","56,73,27","65,81,35","78,93,47","73,86,41","57,66,23","68,77,31","59,68,21","62,72,19","67,77,19","69,79,16","70,80,13","71,81,12","70,81,8","84,94,16","82,92,13","81,91,11","81,90,11","83,91,12","84,92,15","86,94,17","87,95,19","86,96,20","81,93,16","75,88,12","77,91,15","78,92,17","74,88,16","69,83,13","64,78,10","59,74,9","66,80,18","62,76,17","54,68,10","48,62,7","47,61,9","48,62,12","44,59,11","37,52,7","38,53,10","45,60,16","48,61,22","40,52,15","35,48,13","40,54,19","41,56,21","31,46,13","27,42,9","28,45,12","21,37,11","25,39,14","29,43,17","26,39,15","22,34,11","22,31,11","20,27,9","17,22,6","22,24,10","23,25,10","23,26,10","24,30,11","25,33,12","24,32,11","23,33,9","26,38,14","25,37,12","21,35,7","21,36,6","23,38,6","25,40,6","25,41,5","26,40,4","27,42,3","31,44,6","37,49,9","43,53,14","47,56,14","52,61,12","58,67,10","64,74,12","69,78,14","75,81,14","85,89,16","98,100,22","107,107,26","110,107,23","110,105,17","114,107,17","121,113,20","124,115,22","122,113,20","125,115,22","131,121,29","135,125,34","133,123,32","128,116,28","126,111,25","60,98,31","58,96,29","63,99,33","67,102,36","66,98,34","65,95,31","71,99,35","79,106,43","78,105,42","70,95,32","77,104,41","80,105,43","78,104,42","81,109,46","86,115,51","80,109,45","70,99,35","75,106,41","76,107,42","74,106,42","72,106,40","69,104,38","67,103,37","67,103,36","66,104,37","66,104,37","66,105,38","65,105,38","63,104,36","61,103,34","60,103,34","62,106,37","64,108,39","61,107,38","55,101,32","48,96,24","40,91,17","37,91,14","40,94,16","43,97,19","43,97,19","42,95,17","41,94,16","42,95,17","45,96,19","45,97,20","44,95,18","42,93,16","39,90,13","38,89,12","40,91,14","43,94,17","44,95,18","44,95,18","46,96,19","49,97,21","50,98,22","50,98,22","49,97,21","47,95,17","47,94,16","48,95,16","49,96,16","48,94,14","45,89,10","48,92,13","51,96,16","51,96,16","51,94,14","51,94,14","52,95,15","56,99,19","55,99,19","47,92,13","55,102,24","54,98,23","61,104,29","63,105,31","61,101,27","63,102,25","69,106,27","67,102,20","65,98,15","63,94,11","76,105,26","81,107,34","76,98,35","88,106,53","89,105,64","42,56,26","87,99,64","120,127,91","61,68,30","62,68,30","105,112,73","148,155,116","162,169,130","134,142,103","69,79,39","49,60,20","176,187,147","153,164,124","126,138,98","83,94,62","61,73,43","98,113,72","82,97,56","63,78,37","147,164,121","108,129,84","66,92,45","88,116,69","87,114,70","45,72,29","93,120,78","42,69,32","38,65,31","52,80,38","85,114,69","93,124,76","58,90,41","31,64,13","59,93,38","41,77,17","56,91,30","46,82,20","44,81,15","46,82,16","42,78,13","42,76,13","52,81,24","46,72,21","58,78,34","46,64,24","77,90,55","44,55,30","11,19,1","41,49,28","91,99,71","59,67,36","70,81,46","68,83,45","69,86,44","57,77,31","52,73,24","56,76,28","50,70,26","32,53,13","66,87,38","58,80,31","32,55,8","63,87,39","60,84,34","38,62,12","43,67,17","57,81,31","58,81,32","62,83,34","45,64,17","55,73,26","52,68,21","57,71,24","76,89,43","81,92,46","70,78,32","90,98,49","50,59,10","55,64,8","63,72,12","75,84,20","78,88,19","66,76,5","75,84,10","82,91,10","82,91,8","82,91,9","83,91,9","84,92,10","86,93,13","87,94,15","88,95,17","89,97,19","75,86,8","73,86,8","73,87,8","73,87,10","73,87,13","72,85,15","71,84,16","69,83,17","68,82,19","68,82,21","59,73,14","51,65,9","49,63,9","49,63,12","47,61,11","38,52,5","33,46,4","35,48,5","47,60,20","44,56,19","35,47,12","32,45,11","33,48,13","30,45,12","22,37,5","24,39,8","31,45,17","26,40,14","24,37,13","21,33,11","17,27,7","23,30,13","25,30,15","21,25,12","29,32,19","28,30,18","27,30,16","25,31,14","23,30,11","22,30,10","22,32,9","22,34,11","21,33,9","18,31,5","14,29,1","18,33,4","25,40,7","24,40,6","26,40,4","27,42,4","31,44,7","36,48,9","42,51,13","46,54,14","51,60,12","58,69,12","63,74,13","66,76,13","69,76,9","78,83,12","91,94,18","100,100,21","101,99,16","103,99,14","118,114,25","120,114,23","122,114,22","123,114,21","125,116,23","129,120,27","132,123,30","133,124,31","132,122,32","129,116,28","62,97,30","60,94,27","64,96,29","68,99,32","67,96,30","66,93,29","73,99,34","82,107,43","84,106,43","78,100,37","83,106,42","83,106,43","81,104,41","82,106,43","84,110,46","78,105,40","70,97,32","73,102,37","73,102,37","73,104,38","76,107,41","77,109,43","77,110,43","77,110,44","74,108,41","70,105,37","66,103,35","66,104,36","65,105,35","64,104,35","62,103,33","61,103,33","60,102,32","56,100,30","53,96,26","49,94,22","44,93,19","41,94,16","41,93,15","42,93,15","42,93,15","43,94,16","44,96,17","46,96,18","47,97,18","51,101,22","53,103,24","48,97,19","42,92,14","39,89,11","41,91,13","45,95,16","49,99,21","52,102,24","53,102,24","51,100,22","52,101,23","52,100,22","50,98,20","48,96,18","46,93,15","46,92,13","47,92,13","51,95,15","53,98,18","43,87,7","44,87,7","56,99,19","60,103,22","54,97,16","51,94,12","58,100,19","64,107,27","54,98,19","60,105,27","55,98,24","61,103,29","64,105,30","64,101,26","64,101,23","68,104,24","63,97,15","58,88,7","58,85,3","76,101,25","76,98,29","75,93,32","97,112,63","98,110,72","37,45,17","122,128,96","143,148,113","81,86,48","95,100,61","93,100,60","132,138,98","161,168,128","82,90,49","79,87,47","36,45,7","126,137,96","95,106,65","118,130,89","104,116,80","65,77,43","87,102,60","72,87,44","54,69,27","78,94,51","88,109,64","65,91,43","57,83,36","56,82,37","56,83,39","89,116,73","65,92,49","51,78,36","52,81,37","57,86,41","70,99,51","80,112,60","77,110,55","55,88,33","24,59,6","54,90,26","47,83,17","60,96,29","59,95,26","52,86,18","52,84,20","59,87,27","60,85,30","55,73,26","61,77,35","80,92,56","39,47,26","5,10,0","32,38,21","80,85,55","70,76,43","108,116,80","75,88,47","45,60,15","48,65,17","50,68,18","50,69,18","55,74,26","45,64,21","41,60,12","82,103,54","47,69,20","55,78,29","51,73,24","29,52,10","36,58,22","74,96,50","31,53,18","75,95,48","45,63,16","68,85,37","79,93,47","63,75,29","49,60,14","55,65,18","60,68,20","86,93,41","58,66,12","65,72,14","68,74,13","74,82,15","81,89,17","81,89,13","94,102,23","83,92,9","84,92,8","86,93,9","88,94,10","88,94,11","89,95,12","89,95,13","89,94,13","87,94,15","77,88,8","75,88,8","74,87,7","72,85,6","71,84,7","69,82,9","68,80,9","66,79,11","66,79,13","55,69,6","54,68,8","54,68,12","52,65,12","49,63,10","49,63,12","49,63,14","46,59,13","40,53,9","41,53,13","39,51,14","36,48,13","34,46,11","32,46,11","29,43,10","26,39,9","24,39,10","26,40,13","21,35,11","22,34,12","20,31,11","17,25,9","22,28,13","24,28,16","21,22,13","27,27,18","23,24,15","24,27,15","26,31,15","22,29,11","22,29,10","20,29,8","19,31,9","19,31,7","17,30,5","14,29,2","18,33,4","23,38,7","24,39,6","26,40,6","28,42,7","33,45,10","36,48,11","41,50,15","45,53,15","48,58,12","53,66,11","61,71,13","65,75,13","64,73,8","72,77,9","82,86,14","92,94,18","96,96,16","101,98,15","114,109,24","111,106,17","113,107,16","119,112,20","121,114,21","119,112,18","119,112,18","124,116,23","128,120,30","118,108,19","61,93,26","59,91,24","65,95,29","71,98,33","70,96,31","70,94,30","76,99,35","85,106,43","85,105,42","84,103,40","86,105,43","86,105,43","85,104,41","83,104,40","82,106,41","78,103,38","74,99,34","75,101,36","82,108,43","82,110,45","80,109,43","79,109,42","77,108,41","76,107,40","75,107,40","74,106,39","72,107,39","71,106,38","70,107,38","70,108,38","69,107,38","65,105,35","62,103,33","60,101,31","60,102,32","61,103,32","54,101,27","48,97,20","43,94,15","42,91,12","42,91,12","45,95,16","48,98,19","49,98,19","48,97,18","51,100,21","54,103,24","49,98,19","45,94,15","45,94,15","48,97,18","50,99,20","54,103,24","58,107,28","56,105,26","50,99,20","51,100,21","52,99,21","51,98,20","49,96,18","48,95,16","48,93,15","49,93,14","56,100,20","63,108,27","47,92,11","45,88,7","58,101,21","63,106,25","57,100,18","52,94,12","56,98,17","63,104,25","54,98,19","59,101,25","52,94,20","58,99,26","65,103,29","66,102,27","67,102,24","71,103,24","67,96,14","67,93,12","85,109,29","85,107,32","76,94,27","76,90,32","103,113,67","111,117,82","63,66,39","151,154,126","118,119,85","68,70,32","101,104,65","107,112,72","96,102,62","96,102,62","90,97,56","85,93,52","76,84,44","134,144,103","163,174,132","156,168,125","105,118,75","76,90,47","101,116,73","68,83,40","61,77,33","97,114,70","87,109,62","83,108,60","65,91,43","58,84,37","72,98,52","58,84,40","70,97,54","33,60,17","78,105,61","71,99,53","45,74,27","41,71,21","55,86,30","53,87,27","52,87,25","57,93,25","34,69,8","48,83,14","53,87,14","46,79,8","46,76,9","59,84,22","69,91,34","59,76,27","67,79,36","83,91,52","50,55,23","23,27,1","47,50,22","86,90,57","71,76,40","61,68,28","55,67,22","57,71,22","80,94,43","64,79,28","28,45,1","35,52,17","79,97,50","31,49,3","75,94,45","38,57,14","33,54,8","43,65,16","37,59,13","43,65,21","88,110,62","31,52,7","65,83,36","43,60,12","51,66,18","60,72,26","62,72,27","66,75,29","69,78,30","60,68,17","78,85,31","59,65,9","70,76,16","78,85,20","84,91,22","87,94,20","83,90,11","85,93,11","86,94,9","87,95,10","90,96,11","92,98,13","92,98,13","92,97,13","90,95,11","87,93,10","84,92,10","79,90,6","76,89,7","74,87,5","72,85,5","72,84,6","70,83,8","70,82,10","69,82,12","70,82,16","56,70,7","56,70,11","58,71,15","55,68,15","51,64,12","47,61,10","48,62,13","46,59,13","41,54,9","37,48,9","39,49,13","41,51,17","39,50,17","34,46,14","31,44,13","32,45,16","29,43,16","25,39,13","15,27,5","14,26,6","15,25,9","15,21,7","20,26,14","25,26,18","23,24,16","29,29,22","24,24,17","25,27,16","27,31,17","21,28,12","17,25,8","14,23,4","14,26,6","17,29,7","20,34,10","23,37,11","24,39,11","24,39,9","23,38,7","24,38,7","26,40,6","30,42,8","34,46,10","40,49,14","45,52,16","46,55,12","47,59,8","55,67,10","61,72,11","62,72,9","68,75,9","79,83,13","91,93,20","100,99,23","104,102,21","105,102,18","109,105,18","117,111,22","122,116,26","122,115,24","118,112,19","116,110,16","119,113,20","120,114,22","107,100,10","60,88,22","61,88,23","70,95,30","78,101,36","79,100,36","77,97,34","80,99,36","86,104,42","83,101,39","90,106,44","90,106,44","90,106,44","91,107,45","89,107,45","87,105,42","85,105,42","86,107,43","82,104,41","91,115,50","91,116,51","87,113,48","82,109,44","77,106,40","75,104,38","73,103,37","73,104,37","73,105,38","73,105,38","72,106,38","72,107,39","72,107,39","68,105,36","64,101,32","61,101,31","63,103,33","64,106,34","62,106,31","55,103,24","49,97,18","45,93,13","44,92,12","49,96,16","52,99,19","51,98,18","49,96,16","48,96,16","47,96,15","44,93,12","44,93,13","49,98,17","50,99,19","48,97,16","46,95,15","47,96,16","47,95,16","46,93,15","47,94,16","50,97,19","52,99,21","53,97,19","53,97,18","54,98,19","54,99,19","58,102,22","63,106,26","56,100,19","52,95,13","55,98,16","60,102,20","60,102,20","59,101,19","57,99,18","58,99,20","60,101,25","64,104,31","55,95,22","62,101,28","68,104,30","70,103,28","72,102,26","76,104,26","72,98,18","78,101,20","79,100,21","70,87,15","81,94,29","116,125,70","115,120,78","67,69,40","47,47,29","57,57,35","56,56,23","78,79,41","87,89,50","157,161,121","148,152,113","63,69,28","64,71,30","74,81,40","68,76,35","97,106,65","126,136,94","104,116,73","69,82,39","57,71,28","68,83,40","89,104,61","70,87,43","71,90,44","69,90,42","70,93,43","71,95,45","67,92,43","51,77,31","30,56,16","90,116,71","80,106,61","109,136,91","71,98,51","48,76,26","53,82,29","53,83,25","42,73,10","42,75,7","47,80,9","47,81,8","44,78,4","54,86,12","58,88,15","57,83,14","65,87,23","58,78,17","72,87,33","77,87,41","85,90,49","50,52,21","24,24,0","50,49,23","108,108,73","129,131,94","76,81,40","75,82,36","61,71,20","63,75,21","55,69,15","48,64,13","56,71,22","50,67,18","52,70,21","100,118,68","70,89,39","67,87,36","60,80,29","45,66,15","47,67,17","61,81,30","35,54,4","52,70,20","84,100,51","61,76,27","43,56,12","61,71,29","79,88,41","62,70,21","68,75,22","76,82,26","64,69,11","76,82,19","84,90,24","87,94,23","88,94,19","84,92,12","82,90,5","90,96,10","92,98,10","95,99,12","97,101,14","96,100,13","95,99,13","92,96,11","89,93,8","86,92,7","81,91,5","79,90,6","75,88,5","73,86,5","72,84,6","71,83,8","71,83,9","69,82,12","70,83,14","67,79,15","63,74,14","59,71,13","56,69,14","53,65,13","46,59,9","41,53,5","40,52,6","43,54,11","33,44,5","35,45,10","39,50,15","37,48,15","31,42,11","26,39,10","29,42,14","27,40,14","21,34,10","16,28,7","20,31,13","22,31,15","20,26,12","23,28,17","27,28,21","24,25,19","29,29,24","22,22,17","23,24,15","26,30,17","23,30,14","21,29,12","19,28,9","18,30,10","19,31,10","22,35,12","24,38,13","25,40,12","24,39,10","23,37,6","21,34,4","20,34,2","24,36,3","30,41,7","39,47,13","45,53,16","46,56,14","46,58,9","52,66,11","59,70,12","60,70,9","64,71,8","70,75,10","80,83,15","91,91,19","97,95,19","100,96,17","114,110,27","121,115,30","116,110,22","113,108,17","116,111,19","121,115,23","121,116,24","114,109,18","103,98,7","64,88,23","65,90,25","75,98,33","84,104,40","85,103,40","83,99,37","85,100,38","88,103,41","85,98,37","92,106,44","89,102,41","90,104,42","93,108,46","92,108,46","87,103,41","87,105,43","91,109,47","84,104,40","80,102,37","80,104,38","81,106,41","82,107,42","83,109,43","84,110,44","81,110,43","79,108,42","78,109,41","74,105,37","71,104,36","71,104,36","70,103,35","66,101,33","62,98,29","60,97,27","60,97,28","59,100,28","64,106,31","63,108,30","57,103,23","52,98,18","50,96,16","51,98,18","52,99,19","51,98,18","49,96,16","49,97,17","48,97,16","45,93,13","46,95,14","53,102,21","54,103,22","49,98,17","45,94,13","45,94,13","46,94,14","46,93,15","48,95,17","51,98,20","53,100,21","54,98,19","54,98,19","54,98,18","54,99,18","55,99,19","55,98,18","58,101,21","57,99,17","54,97,15","56,99,17","62,104,22","64,106,24","59,100,19","54,95,16","60,100,25","66,104,31","59,96,24","63,99,26","66,100,27","66,97,23","68,97,21","73,99,21","71,95,14","76,98,16","90,109,30","86,99,28","87,97,34","116,121,69","101,102,63","88,86,59","194,192,171","157,154,133","104,103,70","93,93,55","106,107,68","124,125,87","101,103,65","83,86,48","119,124,84","58,65,24","60,68,27","101,109,67","128,138,96","155,168,125","109,122,80","64,78,36","94,109,66","49,64,20","37,54,9","108,127,81","89,110,59","46,70,23","47,72,24","96,120,69","121,145,95","61,85,37","71,96,49","51,76,31","84,110,63","95,121,73","91,119,68","75,103,48","56,86,26","53,83,18","49,80,13","41,74,2","51,85,8","51,84,7","48,78,4","50,77,3","59,83,11","66,87,20","60,77,16","93,106,51","99,107,57","87,90,48","53,53,18","66,64,30","92,89,54","90,88,51","152,152,111","170,173,127","100,105,57","65,72,20","74,84,28","78,89,32","75,88,34","77,92,43","67,83,35","35,51,4","56,74,25","79,97,47","59,79,28","48,68,17","57,77,26","68,88,37","67,86,36","50,67,18","57,73,24","55,69,20","72,84,36","95,106,58","78,87,41","54,63,16","78,85,35","72,76,24","79,84,27","76,81,21","83,89,24","83,89,20","79,85,12","82,89,11","95,101,20","97,104,19","93,98,12","95,100,10","96,101,11","98,103,12","97,102,13","96,100,12","94,97,11","92,96,10","89,94,8","83,92,5","80,91,5","77,90,5","75,88,5","73,86,5","70,83,6","69,81,6","67,79,7","66,78,9","68,80,15","63,74,13","57,69,11","53,66,12","53,65,13","49,61,12","45,57,9","43,55,9","45,56,13","37,46,7","37,46,11","40,49,17","38,47,16","30,42,10","25,38,8","25,38,10","25,38,12","23,35,12","18,29,9","23,32,15","26,34,20","22,28,17","25,30,21","29,30,24","29,30,25","35,35,31","28,27,23","24,25,17","25,29,16","26,32,18","29,36,21","29,38,21","24,36,16","21,33,13","17,31,9","16,30,6","20,34,8","24,38,11","22,37,7","21,34,4","21,34,4","25,37,5","31,42,9","39,47,14","43,52,16","44,55,13","44,56,7","48,62,8","56,67,12","61,71,12","65,74,14","72,78,14","82,85,18","91,92,22","96,95,21","98,95,18","110,107,26","112,107,24","103,97,11","100,96,6","110,105,13","120,115,23","121,117,24","113,109,17","105,99,11","70,91,27","71,92,27","79,99,35","86,104,40","87,102,40","84,98,36","86,100,38","91,103,41","88,99,38","100,110,48","95,106,43","98,109,46","102,114,52","100,113,50","93,107,43","95,110,46","99,114,50","88,105,41","84,104,40","83,106,41","83,107,41","84,108,42","84,109,43","82,108,41","78,106,39","75,103,36","73,102,34","74,105,37","75,107,38","75,107,38","75,108,38","73,107,37","72,107,37","71,106,36","70,106,35","69,106,34","70,110,35","69,111,33","64,107,28","59,103,23","57,100,21","54,100,19","52,99,18","51,98,17","49,96,16","50,97,17","50,97,17","44,92,12","43,92,11","50,99,18","53,102,21","51,100,19","51,100,19","56,105,24","56,104,24","51,98,18","53,100,20","55,102,22","54,101,21","54,99,19","52,96,17","49,94,14","49,94,13","51,95,14","55,98,18","57,100,20","58,100,18","57,99,17","58,100,18","59,101,19","59,101,18","55,97,14","51,92,12","56,95,20","64,102,29","58,94,24","63,97,27","65,97,25","64,94,20","67,95,18","75,100,19","75,98,17","79,97,16","96,112,36","72,84,16","101,109,50","108,111,63","66,64,33","72,67,49","185,179,158","102,96,74","86,82,50","91,90,51","173,173,133","158,160,119","95,98,59","80,85,46","97,103,61","56,63,21","103,112,69","55,64,21","140,149,107","147,158,116","87,99,59","73,87,47","119,134,90","76,92,48","78,95,50","92,112,63","76,98,46","71,94,40","68,91,38","74,98,46","88,112,62","73,97,49","73,97,49","60,83,37","81,105,58","86,112,64","80,106,55","61,88,35","43,71,14","43,73,8","40,71,4","49,81,6","53,86,8","55,86,10","59,87,10","65,91,13","69,91,17","67,87,18","80,96,31","95,106,48","92,99,47","84,87,42","104,103,65","184,183,147","216,215,180","132,130,92","96,94,53","152,153,105","88,91,40","84,89,34","88,97,38","78,88,29","62,73,19","61,74,25","77,92,42","43,58,12","48,64,14","106,122,72","67,84,34","51,70,19","65,84,32","64,82,31","54,72,21","58,74,24","51,66,16","67,80,31","79,91,43","78,88,40","76,84,38","73,81,34","64,71,20","72,78,23","78,82,24","80,85,23","87,92,27","85,91,21","76,83,9","79,85,6","93,99,16","94,100,14","95,99,12","96,101,11","97,102,12","98,103,11","98,102,12","97,101,11","95,99,10","94,98,10","91,96,9","81,91,4","79,91,5","78,90,6","78,90,6","77,89,7","74,87,9","72,85,8","71,83,10","70,81,12","64,76,10","65,76,13","62,73,14","56,68,12","52,64,11","54,65,14","56,68,19","52,63,16","43,53,9","41,50,10","41,50,15","41,51,17","38,49,16","33,44,12","25,39,8","22,35,7","24,37,10","27,39,16","21,32,11","24,33,16","26,35,20","21,27,15","21,27,17","24,26,19","26,27,21","31,31,28","23,22,18","23,24,16","27,30,18","27,32,18","27,34,19","24,33,16","19,31,11","17,29,9","17,30,8","18,32,8","21,35,9","23,37,10","23,38,9","24,38,8","27,40,10","30,43,12","35,46,13","40,49,16","42,52,17","43,54,14","45,57,10","48,60,9","55,65,12","60,70,14","65,74,15","71,77,16","78,82,17","85,87,19","89,89,17","91,89,14","97,94,16","103,99,17","103,99,14","106,102,14","111,107,16","114,110,19","113,109,17","109,105,14","107,103,15","76,90,31","77,92,30","82,96,35","86,99,39","88,99,38","88,98,37","91,100,39","96,102,41","96,103,42","108,115,52","107,114,50","108,117,52","112,121,55","110,120,54","104,115,48","104,117,50","105,117,50","92,106,39","90,107,41","89,106,42","87,106,41","85,104,39","82,104,38","80,103,36","78,103,35","76,101,34","74,102,32","75,104,35","76,105,35","75,106,35","75,106,35","75,106,34","76,105,34","77,106,35","78,108,37","78,111,37","75,109,34","72,109,31","71,110,30","68,108,28","65,106,25","60,103,22","54,98,16","49,95,14","45,92,12","51,98,18","56,103,22","47,96,15","45,94,13","48,97,16","46,95,14","47,96,15","51,100,19","55,102,22","57,104,23","58,104,23","56,102,21","54,100,20","52,98,18","52,97,17","52,96,16","50,95,14","49,93,13","51,94,14","55,98,18","56,99,19","56,97,17","55,97,16","54,96,15","53,95,14","52,94,13","53,94,14","52,94,14","51,93,16","54,94,19","59,96,26","63,97,28","67,98,27","70,99,25","75,101,20","78,101,16","82,103,17","90,106,25","89,100,30","87,95,38","128,131,85","103,102,66","52,48,23","85,80,62","189,183,154","139,134,102","62,58,21","159,157,115","203,204,159","140,144,97","90,97,49","99,108,60","91,101,54","68,78,35","81,90,48","57,65,26","102,109,73","166,172,137","138,145,111","85,94,57","98,110,70","59,74,32","76,94,48","94,115,66","72,94,44","78,103,50","77,102,50","62,86,35","68,92,43","104,128,80","94,117,71","48,71,31","88,111,66","85,111,61","62,89,37","42,70,15","36,66,8","48,78,13","53,84,15","53,86,11","51,84,7","60,92,14","70,97,22","71,94,20","69,89,15","74,92,18","86,102,32","111,122,60","88,96,43","131,134,94","206,205,175","248,246,220","237,234,208","175,171,139","67,65,24","138,137,88","115,117,63","109,113,55","91,97,39","80,86,30","89,97,42","96,105,51","69,79,26","78,89,36","53,64,13","89,100,47","68,80,27","60,73,20","75,89,36","80,93,41","69,82,30","85,96,45","77,88,37","60,70,21","64,73,25","65,72,25","66,73,26","77,84,35","82,91,39","55,64,11","78,87,24","77,86,20","76,85,16","78,86,14","80,88,12","86,93,13","95,102,19","93,100,14","100,105,17","93,98,8","94,100,8","97,104,11","96,103,11","95,103,11","97,104,12","95,103,12","86,95,5","85,95,8","83,94,8","82,93,7","81,91,7","80,90,7","77,88,7","74,87,7","74,85,9","75,86,11","68,79,8","65,77,9","63,74,10","60,72,10","58,69,12","59,69,15","58,69,16","55,64,13","49,58,10","47,56,13","43,53,12","38,49,11","36,48,11","36,48,12","31,45,11","25,40,7","23,37,6","24,38,10","22,36,11","25,37,15","26,36,17","19,29,12","16,23,9","17,22,12","24,26,17","26,26,19","16,16,10","21,22,12","28,30,17","26,30,14","24,29,14","21,29,12","19,29,10","19,31,9","20,34,11","22,36,12","21,36,11","22,37,11","25,40,12","27,42,13","28,45,13","31,45,15","34,47,16","37,49,18","40,52,19","44,55,16","47,58,13","51,61,11","55,64,12","57,66,12","59,67,10","62,68,9","68,72,9","74,77,10","78,80,9","82,82,8","91,90,14","102,101,21","110,106,24","110,107,20","108,105,16","107,104,13","108,104,14","108,104,15","98,95,10","75,84,27","79,90,30","85,95,37","90,99,41","94,101,42","97,102,43","100,103,43","103,105,45","106,109,47","111,114,51","112,115,50","113,118,51","113,120,51","109,116,47","103,112,42","104,114,43","104,115,43","95,107,36","91,104,36","89,103,38","88,103,38","87,103,38","85,103,38","85,104,38","84,107,37","83,106,37","81,108,37","82,109,38","81,109,37","79,108,35","78,106,33","77,105,32","78,105,32","81,107,34","84,110,38","86,114,40","80,109,33","75,106,28","74,108,27","72,108,27","69,107,25","64,102,22","56,98,16","49,92,11","43,89,7","44,91,9","46,93,12","44,93,12","51,100,19","57,106,25","53,102,21","53,102,21","53,101,20","48,95,15","50,96,16","59,104,23","55,100,19","51,96,15","49,94,13","50,95,14","50,95,14","50,94,13","49,92,12","49,92,12","52,95,15","53,96,16","53,94,15","53,94,15","51,92,13","52,93,14","54,95,16","57,98,19","57,100,20","51,94,15","47,89,13","57,97,26","59,96,26","64,96,24","71,100,24","75,101,16","73,96,6","80,99,9","86,100,20","120,129,62","118,121,73","106,106,71","128,125,99","169,164,140","203,198,171","223,221,187","154,151,110","52,48,13","172,170,127","217,219,171","150,157,106","99,109,56","100,113,60","83,96,45","80,91,45","96,104,63","48,54,18","109,113,81","146,148,121","103,106,78","61,67,36","82,94,58","67,82,42","64,83,37","88,112,62","60,84,36","78,103,54","100,126,77","85,111,62","59,83,36","86,109,62","115,138,92","87,110,68","87,111,65","76,102,52","61,88,35","49,76,20","44,73,12","49,79,14","54,85,17","51,85,12","50,84,8","54,85,10","57,83,11","61,83,11","69,88,14","81,97,20","91,105,31","121,132,65","78,86,32","145,147,111","217,216,193","250,247,229","251,247,230","203,200,174","67,65,25","136,136,85","120,123,65","103,107,47","86,90,33","79,83,29","91,97,42","92,100,47","46,55,8","84,92,36","55,64,8","89,98,41","81,90,34","74,83,28","83,91,37","82,90,37","62,70,18","67,74,22","67,75,24","71,78,28","77,84,35","80,86,38","82,88,40","85,92,42","80,90,36","55,67,7","88,100,32","84,95,26","76,86,15","78,87,11","80,88,10","83,91,10","90,98,14","92,100,14","102,108,22","90,96,7","92,98,7","97,103,12","95,103,10","93,103,10","96,106,13","95,106,12","81,92,0","93,101,14","91,100,14","87,97,11","84,94,8","81,90,7","78,87,5","76,86,4","74,86,5","76,87,7","74,85,8","69,79,6","65,75,6","64,75,8","63,74,11","60,70,10","56,66,7","55,64,8","57,67,14","53,63,15","45,56,12","38,50,8","35,49,7","36,50,10","36,50,12","30,46,9","24,41,6","22,39,7","22,37,8","23,37,11","22,35,12","17,29,8","12,22,4","16,22,9","25,30,17","25,28,17","17,19,9","20,22,11","26,28,13","23,26,9","21,25,9","20,27,9","22,31,10","21,33,12","20,34,10","19,34,8","16,33,7","17,35,7","23,41,13","29,47,17","31,49,18","29,46,14","26,43,11","28,43,12","31,45,13","36,47,10","41,50,6","47,56,8","52,60,11","55,63,12","56,64,9","59,65,8","64,69,9","69,73,9","75,78,10","82,84,14","92,93,19","101,101,23","102,102,20","98,96,13","95,93,7","98,95,8","105,101,13","106,103,18","84,82,3","73,82,23","79,89,28","87,96,36","92,100,40","94,100,41","97,101,41","99,102,41","106,108,45","112,114,49","111,113,48","112,115,48","116,120,52","117,123,52","111,118,46","103,111,38","102,112,37","103,115,40","97,109,36","95,108,39","95,107,41","94,108,41","93,108,41","91,109,41","88,108,39","85,108,36","82,105,34","80,105,33","81,108,35","79,107,33","76,104,29","74,102,27","74,102,27","77,103,29","81,108,31","82,108,33","82,110,34","83,111,33","81,112,31","76,109,28","73,107,26","69,107,24","66,103,23","60,101,20","54,97,15","47,93,10","46,93,11","45,93,12","43,92,10","48,97,16","52,101,20","49,97,17","51,98,18","53,100,20","50,97,17","49,95,15","52,97,16","51,96,13","48,93,11","47,92,10","49,94,11","50,95,12","51,96,13","51,95,13","50,94,11","48,91,9","49,92,10","51,93,12","51,94,13","50,93,12","51,94,13","52,95,14","55,97,16","55,98,18","55,98,19","50,92,16","59,100,29","60,97,27","63,95,24","70,99,23","75,100,16","75,97,7","82,100,11","76,89,9","103,113,47","90,93,47","107,106,74","185,184,162","249,246,226","251,247,221","228,225,189","141,138,97","70,65,25","190,187,143","144,145,98","78,85,36","75,85,35","90,103,50","75,89,37","90,102,56","89,100,59","47,54,19","121,125,94","190,192,165","126,128,105","45,51,24","74,85,50","46,62,22","119,140,93","92,116,66","57,81,32","57,81,33","76,100,53","83,106,60","72,95,49","66,89,43","60,83,37","100,123,76","103,127,79","77,101,51","57,82,30","50,77,21","48,76,16","51,81,16","52,82,14","48,81,8","50,82,7","55,86,12","59,85,14","68,90,19","74,93,18","71,88,8","93,107,29","105,116,46","81,89,33","153,156,118","223,222,198","250,245,229","251,247,231","219,217,194","105,103,64","162,162,110","154,158,98","127,131,70","105,109,51","92,97,42","98,104,49","100,108,52","67,76,22","101,110,53","80,89,32","95,104,48","81,90,35","71,80,26","66,74,21","67,76,23","87,95,44","90,97,46","71,78,27","106,113,62","89,96,46","54,62,21","58,65,24","71,80,31","49,59,7","60,72,8","83,96,26","83,94,25","86,95,23","86,95,20","80,88,10","77,84,4","85,91,9","91,97,13","102,106,21","93,97,10","93,98,9","96,102,12","94,102,11","93,103,11","94,105,13","92,102,11","81,91,2","93,101,15","93,101,16","90,100,14","87,97,11","84,93,8","82,92,7","81,91,6","79,91,8","79,91,9","76,87,8","75,86,9","73,84,11","68,79,9","61,71,6","57,67,4","56,66,5","58,67,10","58,68,14","56,65,16","48,59,13","41,54,9","36,50,6","35,50,7","34,49,8","30,46,9","27,44,8","27,42,10","25,40,10","25,39,12","24,37,13","20,32,11","16,27,8","20,26,12","26,32,18","26,30,18","20,23,11","23,26,13","27,29,14","23,26,9","19,23,6","18,25,7","21,30,9","20,33,11","18,32,8","16,31,5","13,30,3","14,33,5","23,42,14","31,50,21","32,51,21","26,43,13","21,37,7","21,36,6","25,39,6","29,42,5","32,43,1","41,50,4","51,59,12","56,64,15","58,65,13","60,65,11","61,65,7","62,67,6","68,72,7","81,82,15","85,86,16","89,89,15","90,88,11","88,86,7","89,86,5","93,90,8","99,97,13","102,99,18","92,89,12","80,90,27","86,96,33","92,101,38","94,102,39","94,99,36","93,97,34","97,101,36","107,109,44","117,119,52","115,118,50","115,118,49","120,125,53","122,128,55","118,126,51","112,121,45","109,120,42","107,118,42","95,107,32","95,108,37","97,110,40","96,111,41","96,111,41","94,112,41","90,111,39","86,110,36","82,106,32","79,105,30","84,112,37","85,113,37","83,111,33","82,110,33","84,112,35","89,116,39","91,118,39","89,115,36","84,113,33","87,116,36","85,116,35","77,110,29","71,105,24","67,105,22","67,104,24","63,104,22","58,100,18","52,97,14","56,102,19","56,104,22","47,96,14","44,93,11","42,91,9","39,86,6","43,90,10","50,97,17","54,99,19","50,95,14","45,90,8","45,90,7","46,91,8","48,93,10","51,96,13","53,98,15","56,101,18","58,103,20","56,100,17","49,93,10","51,94,12","53,96,14","53,97,14","52,96,13","50,94,12","50,93,11","50,93,11","51,95,13","55,97,17","50,92,14","60,99,28","60,95,26","62,94,22","70,99,21","77,103,18","80,102,12","91,109,20","101,114,34","110,119,54","100,103,60","173,172,144","234,231,211","253,250,231","253,252,227","232,228,192","133,130,90","84,80,40","203,201,158","143,145,100","105,111,63","95,106,54","78,91,39","83,97,46","101,113,69","33,44,17","36,42,10","97,101,71","189,191,165","158,161,136","69,75,46","63,74,39","46,61,22","113,135,88","109,133,84","68,92,44","58,82,34","63,86,39","82,104,58","103,126,80","89,112,66","51,74,28","46,70,22","50,74,24","58,82,31","58,83,29","53,79,22","51,77,17","52,80,16","54,81,14","53,82,10","55,84,12","60,89,16","62,87,15","66,86,16","68,87,12","71,90,8","104,121,40","101,114,41","95,103,44","141,144,102","214,213,188","253,250,234","250,248,231","219,216,191","133,131,92","107,107,55","130,133,74","113,118,55","90,95,35","81,88,30","79,87,30","72,81,24","60,69,12","68,77,20","62,71,14","67,76,21","83,92,38","96,105,51","91,100,47","78,87,35","77,85,35","64,72,21","51,59,10","75,83,33","86,94,45","89,97,49","79,87,38","58,66,19","44,53,7","50,62,2","72,83,15","76,86,18","82,90,18","82,89,15","79,84,8","82,86,8","92,96,16","94,98,14","99,103,18","95,99,12","94,98,11","95,100,11","95,101,12","95,102,12","93,102,11","90,99,8","84,93,4","89,97,10","90,98,13","89,98,12","86,96,10","84,94,8","85,95,9","86,96,10","84,96,11","82,94,10","75,86,5","79,90,11","79,91,16","73,85,13","63,74,6","57,68,2","57,67,4","59,69,8","56,65,9","53,63,11","49,60,12","43,56,11","39,53,8","37,51,8","35,50,9","32,48,9","29,45,9","27,43,9","30,45,14","30,45,18","29,42,17","27,39,17","24,36,16","26,35,18","28,34,19","27,32,18","24,28,14","27,31,16","28,31,16","23,28,11","19,26,7","19,28,9","23,32,11","22,35,13","20,34,10","17,32,6","16,34,7","20,39,11","25,44,16","28,46,18","26,45,15","24,40,12","23,38,10","25,41,12","30,45,14","32,44,10","31,41,3","39,47,6","47,54,13","51,59,14","54,60,13","52,59,9","52,58,4","52,56,1","55,57,2","65,66,5","70,69,6","76,75,9","81,81,11","85,84,12","89,87,12","93,90,14","96,93,18","95,91,17","78,76,3","82,91,25","89,99,33","99,106,41","104,111,44","104,110,42","103,109,41","105,110,43","114,117,49","120,123,54","126,129,58","121,125,52","118,123,48","117,124,48","115,123,46","113,122,44","115,125,46","112,123,44","97,110,33","94,107,33","95,108,36","94,109,38","94,110,38","92,111,38","90,111,37","86,110,33","84,108,32","82,108,30","79,107,29","79,107,28","78,107,27","79,108,28","83,112,31","88,115,35","88,115,33","82,110,28","77,105,23","81,111,29","82,114,31","75,109,26","69,103,21","64,102,19","63,101,18","60,102,18","57,99,17","52,96,14","48,94,11","43,91,7","41,89,5","46,93,12","50,97,16","50,95,14","53,98,17","56,100,20","54,97,18","50,94,13","49,93,12","49,94,11","50,95,12","50,95,12","51,96,13","51,96,13","52,97,14","53,98,15","52,97,14","49,94,11","51,96,13","54,99,16","54,99,16","53,98,15","52,97,14","51,96,13","51,96,13","52,97,13","54,96,14","50,91,11","60,98,26","60,93,24","59,90,18","65,94,17","72,98,14","76,98,9","88,106,19","95,109,31","114,122,60","95,98,56","178,178,151","237,234,217","250,247,230","250,249,226","219,216,182","115,113,74","162,159,120","222,220,179","116,118,77","88,95,48","83,95,44","79,94,43","135,151,100","79,92,46","84,95,53","47,55,20","142,148,117","186,189,163","116,119,94","37,43,15","54,65,30","95,111,71","93,115,68","48,72,22","71,94,47","66,88,42","56,78,32","62,84,38","78,100,54","95,117,71","96,118,71","101,125,77","78,102,53","64,88,36","56,81,26","51,76,18","48,73,13","50,75,11","53,78,12","57,83,13","60,85,15","63,89,17","65,88,17","60,81,10","58,79,2","74,94,8","103,121,36","98,112,34","99,108,45","109,113,69","197,198,170","252,250,232","246,243,226","235,234,209","202,202,163","74,76,31","133,137,78","152,157,94","122,128,67","95,102,43","99,107,50","108,117,61","83,93,38","73,82,28","62,71,17","91,100,47","93,102,49","98,107,54","91,100,47","63,72,21","60,68,22","88,97,46","50,58,15","74,82,32","74,82,32","77,85,36","96,104,55","105,113,63","78,87,33","58,68,6","77,87,20","80,89,21","78,85,16","73,78,7","73,78,4","84,87,10","94,96,17","85,87,4","97,99,15","99,101,15","96,99,13","95,99,12","98,102,14","98,104,16","95,101,13","90,96,8","89,97,9","89,97,11","92,100,14","92,101,14","87,97,10","84,94,7","84,94,7","85,96,9","83,95,9","78,90,5","74,86,3","78,90,9","82,93,16","77,89,16","69,80,9","62,73,5","60,71,4","58,68,4","54,63,4","50,60,6","49,59,10","48,59,12","44,57,11","41,55,10","38,53,9","35,50,8","31,47,8","26,42,6","30,46,13","31,46,16","28,43,15","28,41,17","29,41,19","30,39,19","25,33,16","24,30,15","25,29,15","25,29,13","22,26,10","19,25,7","17,26,5","19,28,7","23,33,11","23,37,14","23,38,13","22,38,12","22,39,13","23,41,15","24,42,15","26,42,15","27,43,16","28,42,16","28,42,16","27,40,14","26,39,12","28,40,8","33,43,8","36,46,10","42,49,12","44,52,13","47,54,13","48,54,11","49,55,8","51,55,6","54,56,6","63,64,10","66,66,10","70,69,10","73,72,10","77,75,10","80,77,12","84,80,14","89,84,17","88,84,18","80,77,12","79,89,19","87,97,27","98,107,37","106,114,43","110,117,46","111,117,46","113,117,46","116,119,48","120,122,50","130,133,59","124,127,52","117,121,45","113,119,41","109,117,38","108,117,37","114,123,43","112,124,43","100,113,33","96,108,32","95,108,34","93,108,35","93,109,34","91,110,34","89,111,34","86,110,31","85,109,30","83,110,28","79,107,25","78,107,24","79,108,25","81,110,26","83,113,28","86,114,29","85,113,28","80,108,24","77,105,20","81,112,28","83,116,33","78,113,29","73,108,25","68,106,22","66,104,21","62,103,19","60,103,19","57,101,17","53,98,14","47,93,10","44,91,7","48,94,12","52,98,16","50,95,14","53,97,16","56,99,19","53,96,17","52,95,14","56,99,17","56,101,17","58,101,18","56,100,16","53,98,14","51,96,12","50,95,11","50,95,11","49,94,10","46,91,7","48,93,9","51,96,12","52,97,13","52,97,13","51,96,13","51,96,13","53,98,14","55,100,15","59,103,17","56,98,15","68,105,30","66,99,28","64,94,22","69,96,20","74,98,16","77,98,11","89,106,21","102,116,40","98,106,46","102,105,66","191,190,165","246,245,228","253,251,235","251,248,226","221,218,188","88,86,48","134,131,93","187,184,145","127,130,86","90,98,51","89,101,51","89,104,55","86,102,52","75,89,44","75,87,46","40,48,14","135,141,110","140,143,117","73,77,53","44,51,24","76,88,52","79,97,54","77,99,52","70,93,44","100,123,76","80,101,56","63,84,39","66,88,42","70,93,46","79,102,55","45,68,20","100,124,74","92,116,65","64,89,35","51,76,19","50,74,17","50,74,14","51,75,12","53,77,11","58,81,14","61,83,15","63,85,16","67,88,19","68,89,17","70,91,12","82,101,14","99,117,28","101,116,34","91,102,34","78,85,36","175,177,146","247,246,225","250,247,230","249,247,225","226,226,193","45,47,9","104,108,52","141,147,84","113,119,57","85,92,33","85,93,35","87,98,42","81,93,38","75,85,32","57,68,15","95,105,52","73,83,30","72,82,30","75,85,33","59,71,20","66,74,30","76,88,35","84,93,41","77,88,35","63,72,21","83,93,43","88,98,48","65,74,23","59,68,14","67,77,17","77,86,21","79,86,19","78,85,17","75,80,10","76,80,7","88,91,15","98,99,21","85,86,6","95,96,13","102,102,19","98,99,16","95,98,12","99,102,16","101,106,20","97,102,15","91,97,10","96,102,15","92,100,14","96,104,18","96,105,18","91,101,13","87,97,9","86,96,8","88,99,11","85,97,11","79,91,4","79,91,7","81,93,11","81,93,14","78,90,14","74,86,13","68,80,10","63,74,6","59,70,3","57,67,4","53,62,7","53,62,12","53,63,15","48,61,12","43,57,11","39,55,10","38,53,10","34,50,10","29,45,8","28,44,9","25,41,8","22,38,8","25,39,12","30,42,18","30,39,18","23,32,13","22,29,12","26,32,16","23,29,12","18,24,6","18,26,6","19,28,7","20,29,8","20,32,10","21,35,12","22,37,13","24,40,15","22,39,14","20,38,12","22,40,14","26,42,16","29,45,18","30,44,18","28,41,16","24,36,11","19,31,5","24,34,6","34,45,15","35,46,13","38,46,13","40,48,13","43,50,14","47,54,16","50,56,16","53,57,16","56,59,16","61,62,15","63,62,13","64,63,11","64,62,9","64,61,7","66,63,7","71,68,9","77,74,14","80,77,17","75,73,14","92,102,28","95,105,32","100,109,35","104,112,37","108,114,40","112,116,43","117,120,45","122,124,49","126,129,53","125,128,51","121,124,47","120,124,46","120,125,46","116,123,43","112,119,39","113,122,41","110,120,39","97,109,28","98,111,32","98,112,35","96,111,35","94,111,33","91,110,31","88,109,31","85,110,28","85,110,28","83,111,26","81,110,25","81,111,26","82,111,26","82,112,26","82,112,25","83,111,25","82,110,24","82,110,24","82,111,24","83,114,29","83,116,32","80,115,31","76,112,28","71,109,24","67,105,22","62,103,19","61,103,19","60,103,19","57,101,17","51,96,13","47,92,9","50,95,12","53,97,15","50,93,13","53,95,15","56,98,18","54,94,15","52,93,12","55,96,13","59,100,16","62,102,19","62,105,20","62,104,20","61,104,20","62,105,21","65,108,24","63,107,22","55,99,14","57,101,16","58,102,17","57,102,17","57,102,17","55,100,15","55,100,15","57,102,17","58,103,16","59,102,14","58,99,14","71,107,30","69,102,29","69,98,25","73,99,23","78,101,20","80,102,15","92,110,26","105,118,45","98,107,50","118,120,83","204,204,181","251,248,233","250,246,233","248,245,224","222,221,191","62,61,24","169,166,130","210,209,171","118,121,79","63,70,24","97,109,59","144,158,108","116,132,84","57,72,28","75,87,47","56,64,30","106,111,82","100,104,77","72,77,51","67,75,44","74,88,50","83,100,57","50,73,24","52,76,26","44,67,22","63,84,41","63,83,40","56,78,33","77,100,53","98,122,74","44,69,20","77,102,51","59,84,30","46,71,15","46,71,14","53,77,18","58,82,21","58,82,18","58,79,15","59,80,14","62,82,16","65,85,18","65,85,17","75,96,26","86,108,29","81,101,13","90,109,18","103,120,34","86,99,25","77,85,33","176,178,145","247,246,225","250,247,232","249,247,227","227,227,196","73,75,31","109,114,59","123,129,67","80,88,27","66,74,14","67,77,21","62,73,24","95,108,54","61,72,20","51,64,11","72,84,31","80,92,39","91,103,50","91,103,51","68,81,30","51,63,18","102,115,62","65,77,24","63,75,22","77,89,38","94,106,56","79,91,41","51,63,11","58,69,14","73,83,23","68,77,14","70,76,11","80,87,20","82,86,18","80,84,12","88,91,16","98,98,23","88,89,10","94,93,13","104,103,21","99,101,18","95,97,13","100,103,19","104,108,23","99,103,18","92,98,12","100,106,20","91,99,13","97,105,19","98,107,20","94,104,16","91,101,12","92,102,13","97,108,19","95,108,20","88,100,13","89,101,17","85,97,14","80,92,12","78,91,12","78,90,14","73,85,13","66,78,7","62,73,4","63,73,9","59,68,11","59,67,16","58,68,17","52,64,12","45,57,9","40,54,9","40,56,12","38,55,14","35,51,13","27,44,7","19,36,3","18,34,3","22,37,8","31,45,17","32,42,20","26,35,15","26,33,14","32,40,20","30,38,18","26,34,14","28,36,15","28,36,15","24,35,13","19,32,9","17,31,8","17,32,9","20,35,12","19,35,12","18,36,12","22,39,14","25,41,17","26,41,16","25,39,15","24,36,12","25,35,12","26,35,12","26,36,12","28,38,12","27,37,10","27,36,7","28,38,8","32,39,8","35,42,9","38,43,9","40,44,9","41,43,8","40,40,5","46,45,4","53,53,8","57,56,10","59,57,9","62,59,11","67,63,14","72,68,18","76,73,22","75,72,21","103,112,35","103,112,35","104,112,36","106,113,36","108,114,37","112,116,40","115,118,42","118,121,44","121,123,46","115,117,40","120,123,45","121,125,46","118,123,43","117,123,43","118,125,45","114,123,42","106,115,33","105,116,34","102,115,35","100,113,35","96,111,33","93,111,32","91,111,30","87,110,29","84,109,26","85,110,26","84,112,27","83,112,27","80,110,24","76,106,19","73,103,16","75,105,17","79,107,20","83,111,22","83,112,23","81,111,22","79,110,24","77,110,24","77,112,26","75,112,26","71,109,23","66,104,20","60,101,16","58,100,15","57,100,16","53,97,13","48,92,8","45,90,6","50,94,12","55,98,16","54,96,15","59,100,19","63,103,22","62,101,20","59,97,15","59,97,14","63,101,18","66,105,22","63,103,20","61,101,17","59,99,16","59,99,15","57,98,14","56,99,14","59,102,17","62,106,21","60,104,19","57,101,16","58,102,17","57,101,16","55,99,14","55,99,14","59,103,15","60,103,13","60,100,12","64,99,20","64,96,21","66,95,21","71,97,21","78,102,21","84,105,20","94,112,29","110,123,52","88,98,43","120,123,88","211,211,191","249,247,235","244,241,230","247,245,226","222,222,194","65,65,30","226,223,189","223,223,186","151,155,115","94,102,58","86,98,51","97,113,64","83,100,53","71,86,43","33,45,17","96,105,74","99,106,77","74,78,52","61,66,40","66,74,43","77,90,53","100,117,74","66,89,40","49,73,23","50,73,28","79,100,58","89,110,67","70,92,48","58,82,36","84,110,62","87,115,64","39,65,18","43,70,17","44,71,14","46,73,15","52,77,18","57,81,20","60,84,19","62,82,19","62,83,18","65,85,20","67,86,22","71,91,26","84,105,36","89,111,33","75,98,9","89,110,17","103,122,32","100,113,37","93,100,46","180,185,149","248,249,228","253,252,239","252,251,234","230,230,201","64,66,26","97,102,50","138,144,83","97,105,42","80,90,27","92,103,45","92,104,54","100,113,62","69,82,31","59,73,21","72,86,34","64,78,26","75,89,37","87,101,50","82,96,44","80,93,42","86,100,49","58,72,19","38,52,5","74,87,37","81,94,42","65,78,26","53,66,14","49,61,9","71,80,22","68,77,16","70,76,13","74,80,16","79,83,17","84,87,17","89,91,19","93,93,19","89,90,12","93,94,15","100,101,19","98,100,17","95,97,14","97,100,17","98,103,19","95,100,15","91,96,11","95,101,16","96,103,18","101,109,24","102,111,24","97,107,20","91,101,14","92,102,14","95,105,17","90,103,15","82,95,7","92,105,20","87,99,16","79,92,11","78,91,12","80,93,15","78,90,16","69,81,10","64,75,6","66,77,11","65,74,16","63,72,18","60,69,17","54,65,13","47,60,10","42,55,8","38,54,7","39,56,12","41,58,17","30,47,8","21,38,2","21,37,4","25,40,10","30,45,16","30,43,17","24,35,12","25,34,11","28,37,15","22,30,11","16,25,6","20,29,8","23,33,12","23,35,13","19,33,10","17,32,9","18,33,10","19,35,11","17,34,10","15,31,8","16,31,8","19,33,10","22,36,13","22,34,13","19,30,8","20,28,8","22,31,11","25,34,12","26,36,14","26,38,15","29,39,14","29,38,13","28,36,11","29,36,8","31,36,8","33,37,8","36,39,8","39,41,10","46,47,13","54,54,18","58,56,19","58,56,17","57,54,14","58,54,14","61,57,16","63,60,18","63,61,17","104,113,34","105,114,35","107,115,37","110,117,39","112,118,40","115,119,41","116,119,42","117,118,42","117,118,42","117,118,40","125,126,48","122,125,46","113,118,38","112,117,37","116,123,43","115,123,42","109,118,35","114,126,44","105,118,38","100,114,34","97,112,33","94,112,31","91,111,29","88,111,28","84,109,25","84,109,25","82,110,25","81,110,24","79,109,21","78,108,20","80,110,22","85,115,27","92,121,31","94,123,33","88,117,27","82,112,23","78,110,23","77,112,25","79,115,28","79,115,28","74,112,25","67,107,21","59,100,14","53,95,10","50,93,8","52,96,11","54,98,13","51,95,11","56,99,17","61,103,21","61,101,19","66,105,24","70,108,28","70,106,26","66,100,20","65,98,17","69,103,21","71,106,24","68,103,21","64,99,17","61,98,15","59,97,14","56,95,11","55,94,11","58,98,15","60,102,18","57,99,15","55,97,13","57,99,15","57,100,15","55,99,14","56,100,13","60,103,13","57,99,7","57,96,5","55,91,9","55,86,11","57,86,12","63,89,13","72,95,14","80,101,17","89,106,26","104,117,48","67,76,23","127,131,98","210,210,192","249,247,236","252,251,241","241,241,224","183,184,156","59,60,26","160,159,125","149,149,113","87,92,52","59,68,26","95,108,63","133,150,103","99,117,70","46,61,18","66,78,42","118,128,96","112,119,90","72,77,50","67,72,45","78,86,55","57,71,33","55,73,30","82,106,56","54,81,30","29,52,13","51,73,33","79,101,58","67,92,46","35,62,14","44,72,23","69,99,47","67,97,45","42,73,16","44,74,15","49,78,17","51,78,17","54,80,17","59,83,19","64,85,22","67,87,22","67,84,21","64,81,18","64,83,20","77,97,32","88,110,35","88,110,22","102,123,28","97,117,24","88,103,23","66,76,19","132,137,101","213,214,194","249,247,236","250,248,235","221,220,197","69,70,36","110,114,65","131,137,79","113,121,58","99,108,45","85,96,37","64,77,24","68,82,32","63,77,27","80,94,43","50,64,18","51,65,16","82,96,45","95,109,59","81,95,45","79,93,42","79,93,42","54,68,15","42,56,6","83,97,46","58,73,30","35,49,7","56,70,17","70,84,30","64,74,16","67,77,17","69,77,17","70,76,13","73,78,13","80,84,15","86,88,17","89,91,17","88,90,13","86,87,9","91,94,13","91,93,13","90,93,11","93,98,14","95,100,16","91,96,12","87,93,9","90,98,13","87,95,10","92,100,15","94,103,17","89,99,13","86,96,9","86,96,9","89,100,13","87,100,12","80,92,5","90,102,17","86,98,15","81,93,12","81,94,15","83,96,19","80,92,18","69,81,10","63,74,5","65,76,9","63,72,11","61,69,13","60,67,15","57,68,15","54,65,14","47,60,10","40,54,5","37,53,8","38,55,11","34,51,10","28,46,7","26,43,7","25,40,7","24,39,9","22,35,7","15,28,2","15,25,2","17,27,4","21,31,8","23,34,11","22,33,11","26,38,16","26,41,18","20,34,11","18,33,10","18,35,11","16,33,10","17,33,10","20,35,12","18,33,11","20,33,13","24,37,16","24,34,15","21,30,11","20,28,9","21,28,10","22,31,12","21,33,13","23,35,15","24,36,15","26,36,14","25,35,13","26,35,12","29,36,12","32,36,12","34,38,12","37,41,14","41,43,16","44,44,15","45,44,13","46,44,12","48,45,13","54,50,18","61,57,25","62,59,25","43,40,6","102,111,30","104,113,32","108,116,35","112,118,38","115,120,40","117,120,41","117,120,41","117,118,40","115,116,38","117,118,40","123,124,46","120,123,44","114,118,38","111,117,37","114,120,41","115,122,42","111,119,39","112,123,42","102,115,36","99,113,34","97,113,33","95,113,32","92,112,30","88,111,28","85,110,26","82,107,23","80,107,22","76,106,19","74,104,16","74,104,16","77,107,19","82,112,24","88,117,27","87,116,26","81,110,20","75,105,16","75,107,20","76,111,24","77,113,26","75,112,25","72,110,23","68,108,20","64,106,18","62,104,18","61,104,17","60,104,18","59,103,18","56,100,15","62,104,20","68,107,24","66,105,24","71,108,28","76,112,32","75,109,30","72,104,24","72,102,21","77,106,24","77,108,26","74,105,23","71,103,20","70,103,20","69,102,19","65,99,16","66,101,17","73,109,25","70,108,23","68,105,20","65,104,18","64,103,18","63,104,18","63,105,19","65,106,19","64,107,16","62,103,7","62,101,8","63,98,14","62,94,17","64,92,17","69,94,18","77,100,20","85,106,24","91,107,29","86,98,32","75,83,32","134,138,108","208,209,193","241,241,231","247,246,238","220,221,206","128,130,104","75,77,45","164,163,132","185,185,151","127,131,94","67,76,35","95,108,65","164,181,136","140,158,114","42,58,21","117,132,93","132,142,109","76,83,54","54,60,33","67,74,47","70,80,49","49,64,26","47,66,23","79,104,53","85,113,62","43,69,24","52,77,35","63,88,45","71,98,52","81,110,61","57,88,37","50,84,29","57,91,37","30,65,13","37,71,12","45,77,13","45,76,11","49,77,12","55,81,16","63,85,21","66,84,22","64,80,18","59,75,13","65,83,23","73,93,31","71,92,20","68,90,3","77,99,4","81,101,6","95,111,29","94,104,45","151,156,119","189,190,171","208,206,199","244,243,236","216,215,196","62,63,33","90,95,50","101,108,53","88,97,35","83,93,31","83,95,37","90,104,52","117,133,84","67,83,36","71,87,38","67,83,34","71,87,38","64,80,30","61,77,28","63,79,29","53,70,18","78,95,43","82,98,44","35,51,13","52,69,21","62,79,25","64,80,27","63,80,25","51,66,11","55,66,10","63,73,14","67,77,17","67,77,14","67,75,10","71,78,9","78,83,13","85,89,16","87,91,15","85,88,11","90,95,14","91,95,14","91,95,14","94,100,18","96,104,21","94,102,19","91,99,16","95,103,21","83,91,8","86,94,12","86,95,12","83,93,8","81,91,5","83,92,7","87,97,11","86,98,12","81,93,8","86,98,14","85,97,15","84,97,17","85,98,19","85,97,20","78,90,17","68,80,9","63,74,5","67,78,11","65,74,13","63,69,13","61,68,13","59,68,13","56,66,13","49,61,9","42,56,5","39,54,7","39,57,10","40,57,13","36,54,13","33,51,13","31,48,12","29,45,11","25,40,9","18,33,4","15,28,1","13,26,0","24,36,11","27,40,15","21,33,9","25,38,16","26,41,18","15,30,7","17,32,9","19,36,14","13,31,9","15,31,9","21,36,15","20,35,14","20,33,15","23,34,17","26,34,17","25,32,16","25,30,14","25,31,15","24,32,16","21,32,15","19,32,14","17,30,12","19,30,13","22,32,15","24,32,14","24,32,12","23,30,10","27,31,9","34,38,15","35,37,15","36,36,12","35,34,9","34,33,8","36,35,9","43,41,15","51,47,22","54,50,24","44,40,14","104,112,31","105,113,32","106,113,33","110,115,36","112,116,37","114,117,39","115,118,39","116,117,40","118,118,41","115,115,38","117,118,41","118,121,43","118,121,43","116,120,42","115,119,43","113,120,41","110,117,39","104,113,35","98,111,32","98,112,33","98,114,34","95,112,32","90,110,28","87,109,27","85,110,26","82,107,23","77,104,19","85,115,29","88,118,30","83,113,26","80,110,22","80,110,21","82,111,22","85,113,24","84,113,24","82,112,23","80,113,25","78,113,26","74,111,24","71,109,21","69,107,19","68,108,20","70,110,22","70,112,25","71,114,28","67,110,24","61,103,18","59,100,16","65,104,21","69,108,25","67,105,24","72,109,28","77,113,32","77,110,30","77,107,27","82,108,27","86,110,29","85,111,30","81,107,26","79,106,24","78,106,24","76,104,23","71,102,20","70,103,19","74,107,24","66,100,17","65,99,15","62,98,14","57,94,9","56,94,8","57,96,11","57,96,10","54,93,3","58,97,1","61,98,3","64,98,13","65,96,18","66,94,18","69,94,17","75,97,18","80,101,20","85,101,26","77,89,26","98,107,59","133,136,110","166,166,153","206,206,199","236,236,229","202,202,188","97,99,75","110,113,82","143,143,114","111,112,80","91,96,60","66,75,35","89,103,59","117,135,90","56,74,33","20,33,10","121,136,98","160,170,137","84,91,62","69,75,48","65,72,45","52,63,32","62,77,39","54,74,29","59,86,35","75,103,52","57,83,38","68,94,53","68,95,53","69,97,52","73,104,56","27,61,10","41,77,21","13,50,3","42,81,22","41,79,15","38,74,8","41,75,8","47,77,10","52,79,13","57,80,15","58,78,15","58,74,13","56,72,13","62,80,22","63,83,23","58,80,10","62,86,1","73,97,5","81,102,7","89,106,23","70,81,21","90,96,59","66,68,52","68,67,64","180,177,175","217,217,206","36,37,12","95,101,60","123,130,78","106,116,56","92,102,42","80,92,35","68,84,34","85,101,55","62,78,32","58,75,28","69,85,38","63,80,32","57,74,25","65,82,32","75,92,42","64,81,30","40,57,14","113,131,77","75,93,39","51,69,15","48,66,12","49,67,12","48,66,11","51,67,12","48,62,6","58,70,12","63,75,15","63,74,12","62,72,7","64,73,5","72,79,8","79,86,13","84,91,15","87,92,15","90,97,17","88,95,15","86,94,12","89,97,15","91,100,18","89,99,16","88,98,16","94,104,23","91,99,19","92,99,20","91,99,19","87,96,15","84,93,11","85,94,12","87,96,14","86,98,15","84,96,12","85,97,15","86,97,17","87,99,20","86,99,21","82,94,20","75,87,15","67,79,8","66,77,9","71,82,16","70,77,15","65,70,12","58,64,7","52,60,4","49,58,4","44,55,2","38,52,0","38,54,4","41,59,10","38,56,10","34,53,10","33,51,11","34,51,14","33,50,14","32,48,14","28,43,11","23,36,7","18,32,3","23,37,10","22,36,10","14,28,3","18,32,8","20,35,11","12,27,4","16,32,8","20,38,16","15,33,11","12,29,8","16,31,10","15,30,9","17,28,11","18,29,13","24,31,16","26,33,17","27,32,17","27,32,18","26,34,19","24,36,20","21,34,18","18,30,14","18,31,14","20,31,15","21,31,14","21,29,12","19,26,8","19,25,5","24,29,10","27,30,11","31,33,13","33,33,14","35,33,14","34,33,13","36,33,13","37,34,14","37,35,15","34,31,10","108,115,35","106,113,33","107,112,34","108,112,35","109,113,36","112,115,38","115,117,40","118,118,42","122,120,45","123,121,46","121,120,45","120,121,46","120,122,46","115,118,42","111,115,39","112,118,41","113,120,43","104,112,35","97,108,30","97,110,33","97,113,34","93,111,31","88,108,26","85,108,26","85,110,27","83,108,24","76,103,19","81,110,25","82,112,26","79,109,23","76,106,19","76,106,18","78,106,19","80,108,21","81,109,22","80,110,22","76,109,21","73,108,20","72,109,21","72,111,22","72,111,22","72,112,24","71,111,23","68,110,23","65,107,21","67,109,23","67,109,23","64,106,20","70,108,25","73,111,28","70,107,25","74,109,27","78,112,31","77,109,29","80,108,28","88,111,31","90,112,32","90,112,32","86,108,28","84,107,27","84,107,27","81,106,25","76,103,22","75,103,22","79,107,26","67,97,15","68,101,17","69,104,20","63,97,13","61,97,13","64,101,16","63,100,15","56,93,3","58,95,0","63,100,4","68,102,16","72,101,22","72,99,22","72,98,20","76,98,19","81,100,20","84,99,26","76,88,26","106,114,69","59,61,37","26,26,15","100,99,95","207,206,201","194,195,182","68,72,48","170,173,144","160,160,132","108,109,79","95,101,66","66,76,37","95,109,66","137,154,110","75,94,49","50,67,25","69,83,47","131,142,110","93,103,73","103,110,83","84,91,64","47,57,26","59,74,36","44,64,18","51,77,26","74,101,50","55,82,37","46,73,32","83,112,70","93,126,81","43,78,29","26,65,12","34,74,17","34,75,13","44,84,21","39,80,14","39,78,11","45,81,14","50,83,15","52,81,15","52,77,12","52,72,9","54,71,12","56,73,15","65,84,28","66,86,28","59,82,13","63,86,4","64,88,0","73,94,1","83,101,17","77,88,28","104,110,74","69,71,58","16,15,15","52,51,51","111,110,103","49,51,31","99,104,67","104,111,62","94,103,45","85,95,35","70,82,26","58,75,26","88,105,60","86,103,58","65,82,36","65,82,35","59,77,29","57,75,26","62,80,30","67,85,35","59,77,27","25,43,5","62,81,28","50,69,19","59,78,25","66,85,30","59,78,23","50,69,14","51,68,13","48,64,6","56,70,11","58,73,13","58,72,10","59,71,7","63,74,7","70,79,10","75,84,12","79,87,11","83,91,14","86,94,15","81,89,10","76,85,4","76,87,6","78,90,8","77,90,8","77,90,8","84,97,16","91,101,22","93,100,23","92,99,22","89,98,19","87,96,16","87,96,16","88,97,17","87,98,17","85,97,15","86,98,17","87,98,18","87,98,20","84,97,20","79,91,17","73,84,13","68,79,10","71,82,14","76,86,20","69,76,14","63,68,8","57,64,6","53,62,4","52,61,6","48,59,6","42,57,4","39,56,4","39,57,9","38,57,10","35,54,10","32,50,9","28,45,7","25,42,5","25,42,7","27,44,10","26,41,10","23,38,9","27,41,14","28,42,16","23,38,12","21,37,11","20,36,10","16,33,9","16,34,10","17,35,13","15,33,11","15,31,11","17,32,13","17,32,13","19,30,14","20,29,14","24,31,16","28,33,19","28,32,18","25,29,17","22,30,17","23,35,20","20,34,19","19,31,17","19,32,16","21,32,16","22,33,16","23,31,15","22,29,13","21,27,10","21,25,9","23,27,11","26,27,12","28,29,12","30,29,13","32,30,14","33,31,14","35,32,15","34,31,14","28,26,9","105,112,34","105,112,33","106,111,33","106,110,33","107,111,34","110,112,36","113,114,38","118,116,41","120,118,44","128,126,52","124,122,47","121,120,46","118,119,44","111,114,39","104,108,33","109,113,38","113,120,44","103,110,35","95,106,30","95,108,32","95,111,33","91,109,30","85,105,25","83,105,25","86,111,28","85,110,27","78,105,21","77,106,21","77,107,21","77,107,21","78,108,22","80,109,22","82,110,24","82,110,24","82,110,23","81,110,22","72,104,17","66,101,14","68,105,16","70,109,20","74,113,24","77,117,29","74,114,26","68,110,23","63,106,18","67,110,22","71,113,27","68,110,24","74,112,27","77,115,30","75,110,28","78,112,30","82,114,33","81,111,31","82,109,29","89,110,30","90,110,31","91,109,30","87,106,27","88,108,29","88,110,31","87,110,30","83,107,26","79,106,25","78,105,24","65,94,12","71,101,19","74,107,24","67,100,17","67,101,17","72,106,22","69,104,19","57,92,4","57,93,0","62,98,2","67,100,13","70,99,19","69,96,19","69,94,17","73,94,15","79,97,18","81,96,24","60,71,18","141,149,106","81,84,61","30,31,21","45,45,42","115,115,111","134,136,124","58,61,37","191,194,165","169,169,141","78,78,48","67,72,38","61,71,33","79,93,51","103,120,76","79,97,53","82,99,58","62,77,40","121,133,101","84,94,65","99,107,80","86,93,66","48,59,28","68,85,46","88,109,64","50,77,26","53,81,30","79,106,62","59,87,46","64,95,53","68,102,57","32,69,19","22,62,8","34,77,18","42,85,22","31,75,9","33,77,9","39,81,13","45,84,15","50,84,16","51,82,15","52,77,12","53,75,11","57,76,15","61,78,21","59,77,24","56,76,21","60,82,15","70,93,10","65,89,0","73,94,1","70,89,5","64,77,18","100,106,71","81,82,70","24,22,24","10,8,12","15,14,9","52,53,39","80,85,51","125,132,84","98,107,50","80,90,31","69,82,27","52,69,21","85,102,57","80,97,52","33,50,20","64,81,38","70,88,40","61,79,30","53,71,21","56,74,24","67,85,33","65,83,31","59,78,23","49,68,18","71,90,37","75,94,39","64,83,28","58,77,21","57,76,20","52,71,12","54,71,11","54,69,10","54,69,8","59,72,8","66,77,11","71,82,13","72,83,10","71,81,5","78,88,10","82,91,13","77,88,9","72,84,4","73,86,5","75,88,7","72,87,5","72,86,5","78,91,11","86,95,18","87,94,19","87,94,19","87,95,18","87,95,17","86,95,16","86,95,16","84,95,16","84,96,15","84,95,17","85,96,18","85,96,20","82,94,19","78,90,17","74,86,14","72,83,14","75,86,18","78,87,22","74,81,18","68,74,14","64,71,12","62,71,12","63,72,15","61,72,17","53,68,13","47,64,11","44,62,12","46,65,17","45,64,18","39,58,15","30,50,10","24,44,5","26,43,7","31,48,13","31,48,14","28,44,13","28,43,15","32,46,21","33,48,22","25,41,15","20,36,10","24,42,18","19,37,13","13,31,9","16,34,12","20,37,16","21,36,17","22,36,18","23,34,18","24,32,17","27,34,20","31,35,22","30,32,20","22,26,14","17,25,12","17,30,15","15,31,15","17,31,16","18,31,16","19,31,16","21,32,16","23,32,16","24,31,17","26,32,17","28,32,18","26,30,16","25,26,13","24,24,10","24,23,9","26,24,10","29,26,12","32,28,15","31,28,15","26,24,11","99,104,29","100,105,30","101,105,31","103,106,31","105,107,32","107,108,33","108,108,34","110,110,36","111,110,36","120,120,46","116,115,41","116,117,43","118,120,45","111,114,39","101,105,31","103,108,34","106,112,38","92,99,24","90,103,26","94,108,31","94,111,32","89,107,29","81,103,24","81,103,24","85,111,29","85,112,29","78,108,23","77,108,24","76,108,23","75,107,22","74,106,20","74,106,19","75,106,21","76,107,21","77,108,22","77,109,22","79,113,26","78,115,26","75,114,24","72,111,22","72,111,22","72,112,23","71,111,23","68,109,20","65,106,17","66,107,19","67,108,21","66,106,19","73,109,24","77,113,29","77,112,28","82,115,33","87,119,37","87,117,36","85,110,31","86,106,27","88,107,26","87,106,27","86,105,25","89,108,29","91,112,32","91,113,33","88,110,30","86,110,28","84,109,28","70,96,13","77,104,23","83,112,29","73,103,21","72,103,20","76,109,25","72,104,20","58,92,3","64,98,4","67,102,7","70,103,15","70,100,17","69,95,16","69,93,15","74,96,17","83,102,24","82,98,29","37,48,2","188,196,154","122,127,101","39,42,31","41,43,37","68,70,61","63,66,51","87,90,66","185,188,159","139,140,110","90,92,60","78,84,49","69,80,41","79,95,53","102,120,77","95,113,70","50,67,27","50,66,29","84,96,63","86,96,67","111,118,90","118,126,97","88,99,68","61,79,41","87,109,66","87,113,65","68,95,47","79,107,64","72,100,60","45,74,33","18,51,9","13,50,5","28,68,14","17,59,2","34,78,17","31,75,11","30,75,9","33,77,8","36,77,8","40,77,10","45,78,13","51,79,15","56,82,19","63,84,22","65,86,28","63,84,29","59,82,25","60,83,17","64,88,9","58,83,1","74,98,7","68,89,8","61,76,17","100,108,73","128,131,117","85,85,85","14,13,16","44,44,41","53,54,41","47,52,22","106,113,71","84,92,40","60,70,14","65,78,24","67,83,36","65,84,39","96,114,69","26,45,7","80,99,53","74,94,43","82,102,51","93,112,61","76,95,44","60,79,28","51,70,19","79,98,45","67,86,33","63,82,28","61,79,24","55,73,17","52,70,13","58,76,19","58,77,18","54,72,12","50,67,6","51,67,5","58,73,9","68,82,15","72,86,16","70,82,11","64,77,3","70,82,7","76,87,11","74,87,10","71,85,6","73,88,8","74,90,9","70,86,6","67,83,4","72,86,8","82,92,18","84,91,18","83,92,19","84,93,19","85,94,19","83,93,17","81,92,14","79,90,12","79,90,12","80,91,14","82,93,16","83,94,19","82,94,20","79,91,20","78,89,19","77,88,19","77,87,20","77,86,21","77,85,21","72,79,18","65,73,14","60,70,11","60,70,11","58,71,13","53,68,12","50,67,13","51,68,16","48,66,16","46,64,17","43,62,18","39,58,16","35,53,14","36,54,16","38,55,19","34,51,15","25,42,9","16,33,5","20,36,12","29,45,19","19,35,9","11,29,3","27,45,21","21,39,15","11,29,6","20,38,16","23,40,19","18,33,14","20,35,16","22,34,17","23,33,17","28,36,21","32,37,24","30,33,22","22,26,14","15,23,9","14,28,12","15,30,13","18,32,15","18,31,15","17,28,12","17,27,11","19,27,12","21,27,13","23,28,14","21,25,11","21,23,10","21,22,9","23,22,10","26,24,12","29,27,14","31,28,16","33,29,18","32,28,17","23,20,11","100,101,35","101,102,35","101,103,36","102,104,35","103,104,36","104,106,35","106,107,36","107,109,36","107,109,36","109,112,38","108,112,38","110,115,41","112,118,43","108,114,39","101,108,35","102,110,37","106,114,41","96,106,32","88,104,27","88,106,28","87,109,30","85,109,28","80,106,25","79,106,25","79,110,27","79,112,28","76,111,26","73,110,24","71,109,24","70,110,24","70,108,23","69,106,20","68,105,20","67,105,18","69,107,20","70,107,20","77,116,26","80,120,27","75,115,23","71,112,20","70,111,19","73,112,21","74,114,23","73,112,21","70,109,19","71,109,21","75,111,23","74,110,23","76,109,24","79,111,26","81,110,26","80,109,25","78,107,24","75,104,21","77,104,20","82,106,24","83,106,23","84,105,24","83,104,22","84,105,24","86,108,25","89,111,29","93,115,32","93,115,32","88,110,28","84,106,24","82,105,23","81,106,23","79,106,22","78,107,22","77,107,22","73,104,19","72,105,17","83,114,25","78,109,20","72,103,16","69,99,13","70,97,14","74,98,17","78,101,23","81,102,31","79,97,35","55,69,18","171,182,140","113,122,93","40,46,27","91,95,79","117,120,101","73,77,54","144,148,121","204,209,178","78,82,49","77,84,48","59,70,31","58,72,31","87,106,63","107,128,85","86,107,65","67,88,47","57,76,37","54,68,33","93,105,72","82,92,61","94,103,73","107,119,86","55,70,39","28,47,21","98,123,83","45,72,31","64,89,49","56,81,40","33,59,18","30,59,16","42,75,28","30,65,13","29,66,12","39,79,22","35,76,16","32,75,14","32,76,13","33,76,10","34,74,8","33,72,7","35,71,7","38,72,9","43,74,12","47,77,15","58,87,26","60,89,26","53,82,13","54,81,7","57,85,9","59,86,10","52,75,7","51,70,16","64,79,40","119,130,106","112,118,108","10,13,10","40,44,38","20,23,12","66,71,48","117,124,92","102,109,68","70,79,32","57,71,22","58,76,31","68,90,42","81,103,54","47,70,17","64,88,32","49,74,19","56,81,26","69,93,40","61,85,34","51,73,23","39,61,14","38,58,11","52,70,23","57,75,24","70,86,30","69,85,26","57,73,12","56,73,11","54,72,11","54,72,10","54,72,10","55,73,10","58,75,10","60,77,11","61,78,9","61,78,7","61,77,7","69,85,14","67,83,10","67,85,11","70,88,14","69,87,13","64,82,8","60,78,3","63,81,5","72,90,14","73,87,14","75,87,15","76,88,16","78,90,18","80,91,19","80,92,20","78,90,18","76,88,15","73,85,13","80,91,19","81,91,19","78,89,17","77,87,17","77,87,18","79,89,20","79,89,20","80,87,20","77,85,19","71,82,17","62,75,11","58,71,8","56,69,8","52,66,6","47,62,4","47,65,7","52,69,15","51,68,15","49,67,16","48,66,18","46,64,18","44,62,18","43,61,19","43,61,21","42,60,22","35,53,15","27,45,10","27,45,14","31,49,21","32,51,23","29,48,20","24,44,16","21,41,14","18,37,11","16,34,10","19,37,13","23,39,17","23,38,17","17,32,11","13,28,8","17,30,12","21,33,15","23,34,17","24,34,18","23,33,17","23,33,16","23,32,13","21,31,12","21,28,12","21,29,13","23,28,13","23,27,12","22,25,11","20,22,8","20,21,8","24,24,12","28,26,14","31,28,18","32,28,19","30,26,17","28,23,14","26,19,11","23,16,8","23,16,8","27,21,13","101,101,40","99,99,37","96,97,34","93,96,30","92,96,29","94,98,30","98,102,31","103,106,35","104,110,36","107,113,39","106,113,38","108,116,41","110,118,43","106,114,40","103,111,38","105,114,42","108,116,45","97,108,34","86,104,28","84,106,27","83,110,29","81,109,27","77,107,24","74,106,23","74,108,24","74,110,25","70,109,23","66,107,21","63,104,19","60,102,16","60,102,16","63,106,19","68,110,24","71,113,27","70,110,24","67,108,20","67,108,17","67,108,15","66,107,14","68,109,15","71,112,19","76,115,23","76,115,23","74,111,20","69,105,15","66,102,13","68,102,15","73,106,19","79,109,23","81,111,25","81,109,25","79,107,23","78,106,22","77,105,21","80,107,23","83,108,24","84,109,25","85,109,25","83,107,24","83,105,23","84,106,23","87,108,25","91,110,28","92,111,29","90,109,27","88,107,25","83,105,22","82,106,22","81,106,22","80,107,22","78,106,21","75,103,18","72,102,17","71,101,16","72,102,16","72,102,14","72,102,14","74,101,15","74,99,17","72,96,18","71,92,23","68,88,29","63,79,30","112,124,83","115,125,92","60,68,43","64,71,47","72,77,51","67,71,43","140,145,114","147,153,119","99,106,70","93,102,63","79,92,52","62,79,37","89,108,66","110,132,90","66,89,47","88,109,70","50,69,31","57,72,36","95,108,74","59,70,44","44,54,28","87,100,68","115,130,97","83,103,68","81,105,71","29,55,18","161,182,146","175,197,158","79,102,68","13,38,3","29,59,11","31,65,14","33,70,16","35,72,18","27,65,9","17,57,2","16,59,1","24,66,4","32,74,11","36,78,14","39,78,15","35,74,11","33,70,7","31,66,4","37,71,7","43,75,9","46,77,10","53,84,14","62,92,22","62,91,21","55,81,16","48,72,16","47,67,23","87,103,71","97,109,90","26,35,24","6,11,4","18,25,12","37,45,25","46,54,27","85,93,59","79,89,49","57,71,28","55,73,30","33,55,9","86,110,58","79,104,50","92,119,62","43,71,23","32,59,10","48,75,21","49,75,24","52,76,28","80,103,57","48,68,22","55,73,26","38,55,9","49,65,13","66,81,21","64,78,15","55,71,7","58,74,11","57,75,12","57,76,12","57,76,12","57,76,11","57,76,10","56,75,8","54,74,5","54,74,5","66,86,15","61,80,9","59,79,7","63,83,11","65,85,13","63,83,10","59,80,7","61,82,7","69,87,13","72,88,17","73,86,16","73,86,16","74,87,17","77,89,20","79,90,21","77,88,19","74,85,16","69,80,11","78,88,19","78,88,19","75,85,16","73,83,14","73,82,14","76,83,15","77,84,16","77,84,16","74,82,15","60,73,6","52,68,2","54,70,4","59,75,10","59,75,12","52,70,8","52,70,9","52,69,13","46,63,8","51,68,15","51,69,18","46,63,14","42,59,13","42,59,15","42,60,18","41,59,19","39,57,17","36,56,18","29,49,14","25,44,13","25,45,16","24,45,16","22,43,14","18,38,11","17,37,10","18,37,12","21,39,15","27,44,21","29,44,23","21,36,14","15,30,9","15,30,9","18,32,13","20,33,15","21,34,16","23,35,18","26,36,18","26,34,15","24,31,11","23,27,10","21,25,8","22,25,9","23,26,10","26,27,12","26,27,14","25,25,13","22,20,9","24,22,10","26,21,13","25,21,13","25,19,12","25,18,11","25,17,12","26,17,13","28,19,14","32,22,18","88,90,30","88,90,29","87,90,26","86,90,24","85,90,23","86,92,23","89,95,23","91,97,25","91,100,25","97,105,30","96,105,30","97,106,31","98,108,33","96,106,33","94,104,31","97,107,36","98,109,38","87,100,27","83,103,26","83,107,27","83,110,29","80,108,27","75,105,23","72,104,21","71,106,22","69,108,22","67,106,20","65,107,21","61,103,17","55,99,12","55,99,12","59,103,16","69,111,25","73,115,29","69,111,25","63,105,17","66,108,17","69,110,17","68,109,15","69,110,16","71,112,19","76,115,24","77,116,25","76,113,22","73,109,19","68,103,15","66,100,13","72,105,18","79,109,23","80,110,24","81,109,25","80,108,24","81,109,25","83,111,27","82,109,25","81,106,23","82,107,24","85,108,26","86,109,27","86,108,26","87,107,26","89,108,27","90,109,28","90,109,28","91,110,29","89,108,27","85,106,25","83,105,23","82,106,23","80,106,22","78,105,21","76,103,19","74,102,18","74,103,19","77,106,21","78,108,21","78,107,20","77,103,18","75,100,18","74,98,20","74,96,26","73,93,32","60,76,26","108,121,79","153,163,129","59,67,50","19,25,6","44,50,22","100,106,76","191,197,166","107,114,80","103,111,74","68,79,40","51,65,26","73,91,50","93,114,72","76,100,58","55,80,38","93,115,76","107,129,90","45,62,26","74,89,54","86,99,65","66,80,47","63,77,44","88,105,72","89,110,75","80,104,70","27,53,19","121,141,112","144,168,131","74,100,60","16,44,2","26,56,9","33,66,16","37,74,21","19,56,5","37,75,20","31,71,13","25,67,6","26,68,6","27,69,6","27,68,6","29,67,6","30,69,6","34,71,8","37,73,11","38,71,10","39,72,8","43,76,10","46,80,10","48,79,9","50,80,10","52,80,14","50,77,18","49,72,23","64,84,45","97,113,84","98,112,91","12,23,9","32,39,28","83,92,73","53,63,37","83,93,62","83,95,59","96,112,71","122,141,99","27,49,8","76,100,50","56,81,27","63,90,33","50,78,22","39,67,12","60,87,33","83,109,58","58,82,34","52,75,29","34,54,9","81,100,53","51,69,21","39,55,2","58,74,14","69,84,20","56,73,7","59,76,12","59,78,14","59,78,14","58,77,13","57,76,11","56,75,9","54,73,6","52,72,3","51,71,2","60,80,9","55,75,4","53,73,1","56,76,4","60,80,8","60,80,8","59,79,6","59,80,5","65,83,9","71,87,16","71,85,15","70,83,13","71,84,14","74,87,17","76,89,19","75,88,18","72,83,14","66,77,8","76,87,18","76,87,18","74,84,15","73,83,14","73,82,13","74,81,13","75,82,14","74,81,13","72,82,13","62,76,7","56,72,3","57,74,5","61,77,11","61,78,13","55,74,9","55,73,11","56,74,15","50,68,11","52,71,16","50,68,16","44,62,11","42,60,12","45,63,17","44,63,18","38,56,13","35,53,9","34,54,13","31,51,16","29,49,16","28,49,17","27,48,17","25,46,15","21,42,13","20,40,12","21,40,12","22,40,14","28,45,20","31,46,23","23,38,16","17,32,11","17,32,11","19,32,14","19,32,14","21,34,16","24,36,18","28,38,20","31,40,21","31,37,20","29,33,18","25,29,14","23,26,11","24,26,12","27,28,15","31,31,20","31,30,19","23,20,11","23,20,12","23,18,12","21,16,10","21,15,10","23,16,11","26,18,15","29,21,18","30,22,19","25,15,13","77,82,20","79,84,22","80,85,22","81,88,22","82,89,22","83,90,21","82,90,19","81,90,17","78,89,14","92,101,26","91,102,26","92,103,28","94,106,31","92,104,31","90,101,30","93,106,34","95,107,36","83,98,25","82,104,27","83,109,29","82,112,29","79,110,27","74,107,23","71,105,21","70,106,21","67,107,21","64,105,19","65,108,21","63,106,19","57,102,14","55,100,12","57,101,15","63,106,20","67,110,24","67,109,23","65,107,19","70,112,21","73,114,21","70,111,17","68,109,16","68,109,15","71,110,19","73,112,21","75,112,23","76,112,22","74,109,22","73,107,20","71,104,18","73,103,18","73,103,18","76,104,20","78,106,22","79,106,23","79,107,24","79,105,23","79,104,21","82,106,24","86,109,27","88,111,29","90,109,28","90,109,28","91,110,29","91,110,29","91,110,29","90,109,28","89,108,27","88,107,26","85,106,24","83,105,23","81,105,22","79,104,21","77,103,20","75,103,19","75,104,20","75,104,20","74,103,17","71,99,13","69,95,10","68,93,10","71,95,17","76,98,27","79,99,37","74,91,39","84,99,55","115,127,91","105,115,89","63,71,46","40,48,19","92,100,69","180,188,156","63,71,37","115,124,87","64,76,37","48,63,26","110,129,90","110,133,91","58,82,40","82,108,66","73,98,58","93,117,77","58,75,39","48,64,28","93,107,72","101,115,81","64,80,46","52,71,37","79,102,66","104,131,95","37,65,32","16,44,9","22,50,9","24,52,11","19,48,7","20,52,5","28,62,12","38,75,24","15,54,5","34,73,19","34,75,18","30,71,13","29,70,11","27,68,7","26,65,4","24,62,2","25,64,1","29,66,4","32,69,8","34,70,9","37,73,11","42,78,13","43,79,10","40,75,4","42,75,4","49,80,11","50,80,16","47,74,18","45,69,23","67,88,50","86,103,75","15,30,11","2,12,0","45,57,37","46,58,34","97,109,82","88,101,70","70,85,49","91,110,68","46,68,21","46,69,21","53,77,24","61,88,32","56,83,26","56,84,27","69,96,42","81,108,57","69,94,46","38,61,15","41,63,17","73,93,45","48,67,17","44,62,7","67,85,23","74,92,26","53,72,4","58,77,11","58,77,12","58,77,12","58,77,11","57,76,10","56,75,9","54,74,6","53,73,4","53,73,3","57,77,6","56,76,5","56,76,4","59,79,7","59,79,7","59,79,7","58,79,6","61,81,8","67,85,12","68,84,12","65,80,10","64,78,8","65,80,9","70,84,13","74,87,17","74,87,17","72,83,14","66,78,9","69,80,11","69,80,11","69,80,11","69,79,10","68,78,9","68,77,8","67,76,7","66,75,6","65,75,6","69,83,13","65,81,11","62,79,9","61,78,10","59,76,9","52,71,4","54,73,8","59,77,16","56,74,15","53,72,15","47,66,11","44,62,9","45,64,12","50,68,18","47,66,18","36,56,9","30,49,3","27,48,4","32,52,14","35,56,20","33,54,21","30,51,19","28,49,17","25,46,14","23,44,14","23,42,14","22,41,13","25,42,16","26,42,17","22,37,13","18,33,12","19,34,12","21,34,15","20,33,14","20,33,14","22,34,15","25,36,17","27,35,17","28,35,18","28,33,19","25,30,15","22,25,11","21,23,11","23,24,12","26,27,16","26,26,18","22,20,12","23,20,14","22,17,12","20,15,11","20,13,9","19,11,9","21,13,11","23,15,14","24,16,14","25,15,15","79,86,24","78,86,23","77,86,22","77,86,20","77,87,19","78,88,19","78,90,18","79,90,18","79,92,17","92,105,28","94,107,31","97,110,35","98,113,38","95,110,36","92,106,34","95,110,38","98,113,42","87,107,33","82,107,29","82,111,29","81,114,30","78,112,28","73,107,23","69,106,21","68,108,22","66,107,21","63,106,19","61,106,18","60,106,18","59,105,17","58,104,16","58,104,16","60,104,17","63,107,20","68,111,25","72,115,27","70,112,21","68,109,16","69,110,17","71,112,20","72,113,21","75,114,23","76,115,24","77,114,25","77,113,25","81,116,29","84,118,31","77,110,24","73,102,18","71,100,16","76,104,20","80,108,24","80,107,25","78,105,24","79,105,23","84,109,26","86,110,27","89,112,30","90,113,31","92,111,30","91,110,29","91,108,28","91,108,28","91,108,28","91,108,28","91,108,28","90,109,28","87,107,26","84,106,24","81,104,22","80,103,21","79,104,21","78,104,21","74,102,20","75,104,20","76,105,20","76,104,17","76,102,17","77,102,18","79,103,24","83,105,32","83,103,39","68,85,32","87,103,58","74,87,49","133,144,112","101,112,81","57,66,35","108,117,86","157,167,134","50,61,26","140,151,115","70,84,46","70,88,48","126,148,107","118,144,102","73,101,57","94,123,80","63,91,50","43,69,28","77,97,60","41,58,22","72,89,53","101,117,81","80,98,62","49,72,36","41,68,31","75,105,67","64,95,55","37,67,24","33,64,18","37,68,21","31,62,16","22,55,8","22,58,7","19,56,5","29,68,16","17,55,9","19,59,8","24,65,9","27,68,11","31,70,11","31,71,10","30,68,9","28,66,5","26,64,3","26,64,4","32,69,9","37,75,14","41,79,16","40,79,12","37,74,5","38,75,2","45,80,8","48,80,12","46,76,13","45,73,18","60,84,38","87,109,70","92,112,80","15,32,8","17,28,13","89,101,81","73,87,63","58,71,45","60,75,44","60,79,39","77,99,54","52,74,26","45,69,18","66,92,38","49,76,20","59,86,31","66,93,40","50,77,27","54,79,32","60,85,38","66,89,43","40,61,16","39,59,10","54,73,17","65,85,23","63,82,17","54,74,5","57,77,9","56,76,8","56,75,9","55,75,8","55,74,7","55,74,6","56,76,7","56,76,7","56,76,7","54,74,3","57,77,6","60,80,8","61,81,9","58,78,6","55,75,3","55,75,3","60,80,8","66,85,13","61,77,6","60,76,5","59,75,4","61,77,6","65,80,10","71,84,14","71,84,14","70,83,13","69,82,12","64,75,6","63,74,5","66,77,8","68,78,9","67,77,8","66,76,7","64,74,5","62,72,3","61,72,3","68,83,12","65,82,11","62,79,8","63,80,9","59,77,8","51,71,1","52,72,4","55,74,10","52,70,7","52,71,11","50,70,11","48,67,10","47,66,10","47,66,12","44,64,12","39,59,8","37,57,7","35,57,9","33,54,12","29,50,13","27,49,12","25,47,11","25,46,11","25,46,12","25,46,13","25,45,15","24,43,15","23,41,13","21,37,11","19,35,9","20,35,11","23,38,15","24,37,17","21,34,14","19,32,12","20,32,12","20,31,12","17,25,9","20,27,11","22,28,14","21,27,13","21,25,12","20,23,11","21,22,12","22,23,14","23,23,16","23,23,17","25,23,19","25,21,18","23,18,16","22,14,13","19,11,11","19,10,12","19,11,12","19,10,12","19,8,11","80,90,28","78,89,26","77,88,23","75,87,20","75,87,19","75,88,19","76,91,18","78,93,20","80,95,20","87,102,27","89,106,30","95,112,36","98,115,39","93,111,36","87,104,31","90,107,35","95,112,41","88,109,34","78,106,28","77,110,27","77,112,28","74,110,26","69,106,22","66,105,20","65,107,21","64,108,21","62,106,19","59,105,17","59,106,18","60,108,19","61,110,21","62,110,21","63,108,21","64,110,22","69,113,26","74,117,29","72,113,24","70,111,20","74,115,23","78,119,27","80,121,29","83,122,32","82,121,31","82,119,31","81,117,29","86,121,34","89,123,36","83,116,31","80,109,25","80,109,25","84,111,29","86,114,32","86,113,31","83,110,29","83,110,29","87,113,32","89,114,33","92,115,34","92,115,34","93,113,32","92,111,31","92,109,31","92,109,31","92,109,31","90,107,29","92,109,30","91,109,30","89,108,28","85,105,25","81,103,23","79,102,22","80,104,22","78,103,23","72,99,19","72,100,18","74,102,18","75,103,17","76,103,17","76,102,16","75,99,19","72,96,22","71,93,27","76,95,39","88,106,58","55,71,30","65,79,43","58,71,38","52,64,31","79,89,57","106,117,82","71,83,47","108,121,85","47,63,26","44,64,25","79,103,63","88,117,74","69,99,57","62,93,51","58,87,46","44,72,31","99,122,83","67,88,50","51,70,33","53,72,35","63,84,46","73,98,59","44,72,32","38,69,29","49,84,41","38,71,26","37,71,23","35,68,19","26,60,11","20,57,7","16,52,4","7,43,0","32,70,21","25,63,15","25,63,13","27,67,13","28,67,13","27,66,12","27,66,10","28,66,9","29,69,8","33,71,12","36,74,15","38,77,19","39,78,19","37,77,15","33,73,8","31,70,1","31,71,0","38,76,2","45,80,8","48,82,14","46,77,15","41,69,14","54,80,33","102,126,87","34,55,21","12,29,5","30,45,27","61,75,56","68,83,60","58,74,45","49,67,30","48,68,26","70,92,45","31,55,7","50,75,23","57,83,29","63,90,36","62,91,38","49,76,26","32,58,11","51,77,32","53,76,30","43,65,19","54,75,24","56,76,19","50,72,8","51,71,6","56,77,8","59,79,10","57,77,7","55,75,6","53,73,3","53,73,2","53,73,3","55,75,5","58,78,7","59,79,9","56,76,5","58,78,7","60,80,8","58,78,6","55,75,3","53,73,1","53,73,1","55,75,3","58,78,6","56,72,1","57,73,2","60,76,5","62,78,7","63,78,8","64,79,8","66,80,9","68,81,11","70,83,13","64,76,6","65,78,8","71,82,13","75,86,17","76,86,17","74,84,15","72,82,13","68,78,9","66,77,8","65,80,8","60,78,5","60,77,4","62,80,8","61,78,7","53,73,2","52,72,3","52,72,4","47,65,2","49,69,6","53,73,12","54,73,13","49,69,10","43,63,5","40,61,5","43,64,9","45,65,11","41,63,12","36,58,12","32,53,13","28,50,12","27,49,10","25,47,10","26,48,11","27,48,13","26,46,13","24,43,13","24,42,12","23,39,11","21,37,10","22,38,12","25,40,15","24,38,16","20,34,12","18,32,11","20,32,12","21,32,13","21,30,13","22,30,13","22,28,14","23,29,15","25,28,17","24,27,16","23,25,15","22,23,16","22,22,16","25,24,20","25,24,20","27,23,21","25,21,21","24,17,19","22,15,18","21,15,18","23,15,19","24,15,20","23,12,18","69,84,21","71,85,23","72,88,23","74,90,24","75,92,23","74,91,21","73,91,19","71,90,16","69,89,13","77,98,21","82,103,26","90,111,34","92,113,37","86,107,33","79,101,27","81,103,30","87,109,36","83,108,32","74,105,25","72,108,24","72,110,25","70,109,23","66,106,20","62,105,18","62,106,19","62,108,20","59,107,18","59,107,18","60,109,20","63,112,23","66,115,26","67,116,27","68,114,26","66,113,25","67,111,24","67,111,23","73,116,27","77,120,29","78,119,28","78,119,27","76,117,26","76,115,26","77,116,27","79,116,27","81,117,29","81,116,29","80,114,28","80,113,27","82,111,27","83,112,29","85,112,32","85,112,31","84,111,31","83,110,30","83,110,30","86,113,32","87,113,32","90,115,34","91,114,34","92,113,34","93,113,34","96,114,35","98,115,37","96,113,35","90,107,29","93,109,32","93,110,32","90,107,29","86,105,26","83,103,24","80,101,22","81,103,24","83,106,27","88,113,35","82,109,30","78,106,22","76,104,19","75,102,16","75,101,15","72,96,15","67,91,15","66,89,21","87,107,48","63,81,30","89,105,62","47,62,28","47,61,29","77,91,56","92,106,71","110,124,88","95,109,73","62,78,41","79,99,60","54,78,39","65,92,51","78,108,66","70,103,60","68,102,58","60,93,50","50,81,39","77,104,63","96,119,79","75,97,59","40,62,25","38,61,23","70,97,58","72,105,62","56,91,49","41,78,34","23,59,13","15,52,5","20,57,7","28,64,14","28,65,14","25,61,14","26,62,15","8,38,4","22,58,13","24,62,13","23,61,11","24,62,11","25,63,12","24,63,10","24,63,8","26,66,8","30,68,11","32,71,14","29,69,12","26,67,10","30,71,11","35,77,13","40,81,15","43,84,13","41,81,8","39,78,3","38,75,2","41,77,8","50,83,20","58,89,32","62,89,40","99,124,82","27,49,16","5,22,2","46,62,44","69,86,66","69,86,60","68,85,51","53,72,32","78,99,56","69,93,45","42,66,15","47,73,21","59,87,35","75,103,53","79,107,58","51,77,30","44,69,24","33,56,10","62,86,37","53,76,24","44,67,8","57,79,15","65,88,21","50,72,5","62,82,12","59,79,8","55,75,4","53,73,2","51,71,1","52,72,2","54,74,3","58,78,7","61,81,10","67,87,16","66,86,15","64,84,12","62,82,10","61,81,9","60,80,9","61,81,9","60,80,8","58,78,6","53,71,0","58,74,3","62,78,7","62,78,7","62,78,7","60,76,5","61,77,6","65,78,8","68,82,12","63,76,6","67,80,10","74,86,16","79,90,21","81,91,22","80,90,21","76,86,17","72,82,13","69,81,10","67,82,9","62,79,5","60,78,3","61,79,5","60,78,5","52,72,1","53,73,2","56,76,6","52,72,3","47,68,2","52,72,8","57,77,14","55,75,12","46,66,6","42,63,4","46,67,9","43,64,7","33,56,4","41,64,16","49,71,26","43,66,23","38,61,19","35,57,18","32,54,15","29,51,13","26,46,10","22,41,8","24,43,11","28,45,14","26,42,14","25,41,14","25,41,15","23,38,14","19,33,10","18,31,10","20,33,13","25,36,17","28,37,20","25,34,17","24,30,16","22,28,14","23,27,16","22,25,14","19,21,11","16,17,10","14,15,9","17,16,12","17,16,14","18,14,15","16,12,13","16,11,14","17,11,15","19,13,19","22,15,22","24,16,23","23,12,20","60,79,15","62,81,17","66,86,20","68,88,20","69,90,20","69,90,19","69,91,18","70,92,17","70,94,18","76,100,22","81,106,28","84,109,31","81,106,30","77,102,27","78,102,28","81,106,32","82,108,35","76,107,31","71,107,26","66,108,23","64,107,21","64,107,20","64,108,21","63,109,21","61,110,21","59,108,19","56,106,17","55,106,16","57,108,19","61,111,22","64,114,25","65,115,26","65,114,25","64,113,24","66,112,24","67,112,23","73,116,27","77,119,29","77,117,28","76,116,27","75,115,25","75,114,25","74,113,24","76,112,25","76,112,25","80,115,28","83,117,31","82,115,30","86,115,33","91,120,38","91,118,39","86,113,34","84,111,31","84,111,32","85,112,32","86,113,32","86,113,32","88,113,32","90,113,33","92,113,34","94,114,35","97,115,36","98,115,37","97,113,35","94,108,31","99,113,36","93,108,31","87,103,25","89,106,28","90,108,29","86,105,26","82,102,24","81,103,26","82,107,31","77,104,27","74,101,20","75,103,20","79,107,21","82,110,24","84,111,27","81,106,27","75,98,27","61,83,20","58,78,24","109,127,81","62,78,40","59,75,40","81,97,61","76,92,56","96,112,75","113,129,92","42,59,23","75,96,59","44,69,31","37,66,26","56,89,48","65,101,59","55,93,49","43,80,36","28,62,19","44,74,33","75,101,60","63,89,48","54,79,39","52,79,38","38,69,27","47,83,39","36,75,30","24,65,18","17,58,7","17,57,5","20,59,7","22,60,9","20,59,9","18,56,8","15,53,7","15,51,5","15,51,5","17,52,7","20,56,10","22,58,11","20,57,9","17,54,4","17,56,4","26,65,11","31,70,13","31,70,13","29,69,13","28,71,13","29,72,13","30,74,13","33,75,12","37,77,11","38,78,8","38,78,7","40,78,5","46,84,11","50,86,16","42,75,10","41,70,11","73,101,50","73,98,57","31,56,22","14,33,9","25,42,22","48,65,40","70,86,55","79,97,59","27,48,8","49,72,27","42,66,17","47,73,23","54,82,31","55,83,33","53,80,33","54,81,34","64,91,46","36,62,15","50,75,25","65,90,37","57,81,22","49,74,9","57,82,13","64,87,14","58,80,8","58,79,6","58,78,6","57,77,5","57,77,5","57,77,5","57,77,5","58,78,6","59,79,7","61,81,9","63,83,11","64,84,12","65,85,13","65,85,14","65,85,14","65,85,14","66,86,15","68,88,17","56,74,3","58,74,3","61,78,7","63,80,9","66,83,12","68,84,13","66,82,11","64,80,9","63,79,8","67,81,10","72,85,15","72,85,15","72,85,15","76,89,19","82,93,24","79,90,21","72,83,14","73,86,14","71,86,13","69,86,11","67,85,10","65,83,9","63,82,8","60,80,8","58,78,6","57,77,6","57,77,8","52,73,5","50,71,5","50,71,7","52,72,8","51,71,10","51,73,11","51,72,12","50,72,12","48,71,13","44,67,14","40,63,15","37,60,15","36,59,14","36,59,15","38,61,19","37,60,20","36,57,19","33,53,17","30,48,14","27,44,12","26,42,14","27,43,16","29,45,18","26,40,15","20,34,9","18,32,8","20,34,11","19,32,10","15,25,5","19,28,9","22,31,14","22,31,15","21,28,15","20,26,14","21,25,15","23,26,17","22,25,18","17,18,13","17,17,15","18,16,17","17,15,16","17,13,17","18,13,19","20,14,21","22,15,23","23,15,24","24,13,23","55,76,12","57,80,15","62,86,19","66,90,21","69,94,23","71,95,25","71,96,24","72,98,24","73,100,23","76,103,26","79,108,30","84,112,35","83,112,36","79,109,33","76,104,30","75,104,30","79,108,35","81,114,38","68,107,25","62,105,19","60,106,18","60,107,18","60,109,20","61,111,22","61,112,23","60,111,22","58,111,21","54,108,17","55,108,18","59,111,22","62,113,24","61,112,23","61,111,22","62,111,22","66,113,25","71,116,27","70,114,25","71,113,24","75,115,26","77,117,28","79,119,30","80,118,30","78,116,28","76,113,26","74,110,23","82,117,31","89,123,37","84,117,32","82,111,30","81,110,29","80,107,28","79,106,27","81,108,29","85,112,33","84,112,32","81,109,29","84,111,31","89,114,34","94,117,38","96,118,39","97,116,38","96,114,37","96,112,35","95,110,34","95,109,33","101,115,39","96,109,33","91,105,29","94,108,32","94,110,33","90,106,29","85,102,25","83,104,28","86,110,36","83,110,34","83,110,30","81,109,26","80,108,22","78,106,19","75,103,18","74,100,20","75,99,26","82,104,40","73,94,38","76,94,47","75,92,50","47,64,27","25,41,6","37,54,16","73,90,53","146,165,127","52,72,35","68,93,55","73,100,62","42,75,34","42,78,36","66,104,60","55,94,50","68,108,64","86,123,79","35,67,24","58,88,46","71,99,58","82,110,68","75,106,63","37,72,28","39,78,32","49,92,45","22,67,17","23,68,16","25,69,14","23,65,12","18,60,8","13,54,4","12,50,3","13,50,6","17,53,9","20,55,12","18,53,12","17,52,10","17,53,9","17,53,7","17,53,6","18,56,5","22,61,8","26,65,10","27,68,11","32,74,17","33,77,19","31,75,16","28,72,13","26,70,10","29,69,8","31,72,6","34,73,5","36,76,4","37,75,4","43,79,7","51,86,15","50,80,16","37,67,9","80,107,58","65,90,50","24,42,16","13,29,8","26,44,20","44,60,33","69,86,51","52,73,33","46,69,24","45,68,22","61,86,38","49,76,27","43,71,22","57,85,37","50,78,33","37,65,20","46,73,25","56,83,32","54,81,26","54,81,20","56,83,17","55,80,11","51,74,1","54,76,3","56,77,2","57,77,4","57,78,5","58,78,5","58,78,5","58,78,5","58,78,5","57,78,4","59,79,7","61,81,9","63,83,11","64,84,12","63,83,12","63,83,12","62,82,11","63,83,12","64,84,13","61,79,7","62,80,8","63,80,9","65,82,11","65,82,11","66,82,11","65,81,10","63,79,8","63,79,8","65,80,9","70,84,14","70,84,14","70,83,13","74,87,17","79,91,22","77,88,19","71,82,13","72,85,15","71,86,14","69,87,12","68,86,12","67,84,11","65,84,11","62,82,10","61,81,9","60,80,9","59,79,10","62,83,15","62,83,16","58,79,13","54,75,10","50,71,7","48,70,7","50,72,9","52,74,11","53,76,16","47,71,15","40,64,13","37,61,12","35,59,10","34,58,11","35,59,13","34,57,14","32,53,12","28,49,10","30,48,12","33,50,15","30,46,14","28,44,14","29,45,17","27,42,16","23,37,11","21,35,10","21,35,12","23,36,13","24,36,13","24,35,14","22,32,12","18,28,9","15,23,7","14,21,8","17,21,10","20,23,13","23,25,18","24,25,20","24,24,22","24,22,23","22,20,21","22,18,22","20,15,21","19,14,20","19,13,20","19,12,20","22,12,21","56,80,16","59,85,19","64,90,23","68,95,26","71,98,28","72,100,28","71,101,27","72,102,26","72,102,26","75,104,27","74,106,27","77,108,31","79,111,35","78,110,35","73,104,30","68,100,25","72,104,31","78,114,37","63,104,22","56,102,15","54,103,14","53,104,15","55,106,17","57,109,19","58,112,21","58,112,22","56,112,21","53,108,17","54,109,18","57,112,21","59,112,22","58,110,20","57,107,18","59,109,20","66,114,26","74,120,31","72,116,27","70,112,23","73,113,24","74,114,25","76,116,27","79,117,30","80,118,31","82,119,32","83,119,32","86,121,36","88,122,38","86,119,36","87,116,36","86,115,35","86,113,34","85,112,33","87,114,35","89,116,37","88,116,37","86,115,35","87,114,36","89,113,35","90,113,35","91,112,35","91,110,34","92,109,33","93,107,32","93,107,32","96,108,34","102,114,40","97,109,35","93,105,31","95,108,33","94,108,33","88,102,27","82,97,22","80,98,24","81,104,31","81,107,33","81,108,30","80,108,25","77,105,19","73,101,14","70,98,12","69,96,15","72,98,24","94,116,51","73,94,37","76,96,46","108,127,82","64,82,47","11,29,1","26,44,13","64,83,45","85,106,72","57,79,41","55,81,44","71,101,62","48,82,42","25,63,21","43,84,39","73,115,71","52,94,50","103,141,97","40,75,31","28,60,17","47,78,34","74,105,61","71,105,60","34,72,25","29,70,22","21,66,17","22,69,17","18,66,12","17,65,8","17,63,7","15,59,6","13,55,5","12,51,4","12,50,6","15,50,9","17,52,11","18,53,14","15,49,10","12,47,6","13,49,5","18,55,9","20,58,8","19,57,5","20,60,6","24,65,10","27,70,12","28,72,13","28,72,14","29,72,15","30,73,15","33,73,16","33,73,14","34,73,10","34,73,6","34,71,2","40,76,4","52,86,13","55,86,17","48,79,15","41,69,14","69,95,48","71,94,55","34,54,26","4,21,0","9,26,3","28,44,15","62,81,43","59,81,38","42,64,19","62,86,39","59,86,37","52,81,32","52,81,36","25,54,14","19,48,4","51,78,32","60,88,38","48,76,20","49,78,16","60,88,21","62,89,18","53,78,4","58,80,5","59,80,3","59,80,4","59,80,3","57,78,3","57,78,3","57,78,3","57,78,3","57,78,3","57,77,5","59,79,7","61,81,9","62,82,10","61,81,10","60,80,9","58,78,7","58,78,7","58,78,7","58,78,6","59,79,7","61,79,8","62,79,8","63,80,9","63,80,9","65,81,10","66,82,11","66,82,11","65,81,10","68,84,13","69,84,13","69,82,12","72,85,15","76,89,19","74,86,16","69,80,11","71,83,13","67,82,11","64,81,9","64,81,9","63,80,9","62,80,9","61,81,9","62,82,11","63,83,13","64,84,15","61,81,14","59,80,13","57,78,12","56,77,12","54,75,10","51,73,9","51,73,9","50,72,8","49,73,11","49,73,15","48,71,18","44,68,17","39,63,13","37,61,12","35,59,9","32,55,7","27,49,5","22,43,2","23,43,4","27,44,8","25,42,7","27,44,11","33,49,19","34,49,21","31,45,18","26,40,14","22,36,11","22,35,10","24,36,12","24,36,13","24,36,13","22,34,13","21,31,12","20,28,11","20,25,12","20,24,13","21,24,15","23,24,18","22,22,19","21,20,19","20,18,19","21,17,20","20,15,21","20,15,21","19,13,21","19,12,20","21,11,20","54,82,17","58,86,20","63,91,24","66,96,27","68,98,28","69,99,26","68,100,25","69,101,25","68,101,25","77,109,31","73,107,28","71,105,26","72,106,29","73,108,31","70,104,28","61,97,21","60,95,21","63,102,25","58,102,19","54,102,14","52,102,13","51,102,12","51,104,14","53,107,17","54,110,19","55,111,20","53,110,19","52,109,18","54,110,19","56,111,20","57,111,20","56,108,18","55,105,16","58,108,19","66,115,26","74,121,33","78,122,34","79,121,32","78,118,30","77,117,28","76,116,28","77,115,28","79,117,30","81,117,32","83,119,34","82,117,32","81,115,31","83,116,33","88,117,37","89,118,38","91,118,40","89,116,39","88,115,37","86,113,35","87,115,36","89,118,38","88,116,37","88,112,34","86,109,31","85,107,29","86,105,29","89,105,30","91,105,30","92,106,31","97,108,35","103,114,41","100,110,37","96,108,34","98,110,36","98,111,36","93,105,31","87,100,26","84,101,28","82,104,31","80,104,31","80,105,27","80,106,24","79,106,21","78,106,19","76,104,18","74,102,19","73,99,23","73,97,30","69,92,32","71,94,41","100,121,74","94,114,73","45,66,34","16,36,8","54,74,34","80,101,66","137,161,124","63,92,55","66,99,60","58,94,54","27,67,25","28,72,28","76,120,76","75,119,74","42,80,41","76,112,69","73,109,65","41,74,31","44,78,34","66,102,55","47,87,38","17,60,11","30,77,26","26,75,21","12,62,6","8,59,1","12,59,2","14,60,6","14,57,8","13,54,8","11,50,6","11,46,7","11,45,7","17,51,14","17,49,13","12,46,7","13,48,7","19,55,11","22,60,12","19,57,6","19,59,6","23,64,9","21,63,6","18,62,3","22,65,7","27,68,14","31,71,18","35,73,23","34,73,20","33,72,15","33,70,9","37,73,6","41,76,7","43,76,7","53,85,12","52,82,13","47,74,11","53,78,23","76,99,52","65,85,48","30,49,18","8,24,0","5,17,2","26,43,16","45,65,25","30,52,8","41,66,19","45,72,24","36,65,17","27,56,10","24,53,12","46,77,31","51,80,34","57,86,36","53,82,26","46,76,14","49,78,11","52,80,11","47,73,4","63,86,9","62,83,4","59,80,2","58,79,1","58,79,2","58,79,3","60,81,5","61,82,7","62,83,9","59,79,7","61,81,9","62,82,10","63,83,11","62,82,10","60,80,9","58,78,7","57,77,6","58,78,7","58,78,6","58,78,6","59,78,7","60,79,8","61,80,8","64,81,10","66,82,11","68,84,13","69,85,14","64,80,9","68,84,13","69,85,14","68,83,12","70,84,13","74,87,17","72,84,14","67,79,9","71,84,14","66,81,11","63,79,9","62,79,8","60,77,7","59,77,6","59,79,8","61,81,12","64,84,15","66,85,18","57,77,11","52,73,7","54,75,10","56,77,12","57,78,13","54,76,12","50,72,8","46,68,4","42,65,3","42,66,7","43,67,11","39,64,10","37,61,9","37,61,9","37,61,11","36,60,11","33,55,10","30,51,7","25,45,5","23,41,3","21,38,3","24,41,7","31,48,16","34,50,20","31,46,18","26,40,14","23,37,11","21,35,9","21,34,8","22,35,10","24,37,12","26,38,15","27,37,16","26,35,16","24,32,15","22,29,14","21,25,14","19,21,14","16,19,12","15,14,12","14,13,14","16,14,16","18,15,19","20,16,21","21,15,23","21,14,21","22,12,20","47,77,11","50,80,14","54,85,18","58,89,20","61,92,22","62,93,21","63,97,21","65,98,22","66,100,23","69,103,23","64,100,20","61,98,19","64,100,22","68,105,28","70,107,30","67,104,28","63,100,26","60,102,24","58,104,19","54,104,16","51,103,14","50,103,13","49,105,14","50,106,15","51,109,17","52,110,18","51,110,18","53,111,20","53,112,20","53,111,19","54,108,17","53,107,16","54,107,17","60,110,21","66,115,26","72,119,31","75,119,31","76,117,29","78,118,30","80,120,32","82,122,34","83,121,34","83,121,34","82,118,33","82,117,33","82,116,32","82,116,32","84,116,33","85,114,34","83,112,32","83,110,33","84,111,34","85,112,35","83,110,33","81,109,31","81,110,30","83,111,32","88,112,34","90,113,35","91,112,35","91,110,34","93,108,33","93,107,32","94,106,32","99,109,36","106,116,43","103,113,40","101,111,38","106,117,43","109,121,47","105,117,43","101,114,41","98,115,42","93,114,43","89,112,40","86,110,33","87,111,30","86,113,28","86,114,27","85,113,27","83,111,28","82,109,31","84,109,41","67,91,30","64,87,33","91,114,66","102,124,80","59,81,46","10,32,4","28,49,11","29,45,25","58,83,48","55,85,48","61,96,57","53,92,51","50,93,50","48,93,50","36,83,38","77,123,77","48,89,46","31,68,30","64,101,59","69,104,59","74,108,63","79,116,69","48,89,40","4,51,3","26,75,23","32,84,28","18,70,12","13,64,5","14,64,6","14,61,7","12,56,6","10,51,6","9,47,5","10,44,7","11,45,9","19,51,16","19,50,16","15,47,11","14,49,10","19,54,11","22,60,13","21,59,10","21,61,8","22,62,8","23,65,7","23,67,6","25,67,9","27,67,15","29,68,18","32,69,24","34,70,23","36,71,21","38,72,17","38,71,9","39,72,5","46,78,8","44,75,5","61,91,18","51,79,10","56,81,18","54,78,23","64,86,37","68,88,48","56,71,41","48,62,36","15,32,1","15,35,3","12,35,1","10,29,3","12,34,4","25,53,12","54,83,37","90,120,75","107,139,92","53,82,36","38,68,17","50,79,23","48,78,15","48,79,10","58,87,15","60,87,13","61,84,6","60,81,2","58,79,0","58,79,0","59,80,2","61,82,5","66,87,10","69,90,15","70,91,16","64,84,12","65,85,13","66,86,14","65,85,13","63,83,11","62,82,11","61,81,10","62,82,11","63,83,12","63,83,11","63,83,11","62,82,10","62,82,10","63,82,10","65,82,11","66,83,12","66,83,12","67,84,13","63,79,8","67,83,12","68,84,13","66,82,11","67,82,11","71,84,14","69,82,12","64,77,7","68,83,12","68,84,14","68,84,14","66,83,13","64,81,11","62,80,10","60,80,11","61,81,12","62,81,14","63,82,16","61,81,16","60,81,16","59,80,15","57,78,13","54,76,11","51,73,9","48,70,6","46,68,4","43,66,4","41,65,5","38,62,5","35,60,4","34,59,4","35,60,6","37,61,10","37,61,12","36,58,11","33,55,9","33,53,10","31,49,11","26,44,7","23,40,5","24,41,7","25,40,10","24,39,10","24,39,12","26,40,14","27,40,14","25,38,10","23,36,8","20,33,6","19,32,6","21,32,8","22,31,10","23,31,12","23,30,13","23,28,14","21,24,15","18,21,13","15,16,11","14,14,12","17,15,15","19,17,19","20,17,21","21,15,21","22,14,21","28,18,26","45,77,10","47,79,12","49,83,14","51,85,15","53,87,16","55,89,16","58,92,16","61,95,19","62,99,21","57,94,16","58,97,18","60,99,20","61,100,21","62,101,23","64,103,26","65,106,29","64,105,29","59,102,23","54,102,17","48,102,13","46,101,10","45,100,9","44,101,10","46,103,12","47,106,14","49,108,16","48,109,16","54,114,21","55,114,22","52,110,18","51,107,16","52,106,16","55,108,18","62,112,23","65,114,25","69,116,27","70,115,27","72,114,26","75,115,28","78,118,31","81,121,33","83,121,36","83,121,35","83,119,35","82,117,33","83,117,34","84,117,36","85,117,36","85,114,34","80,109,29","80,107,30","84,111,34","86,113,36","86,113,36","83,110,33","81,109,32","83,111,34","89,113,37","93,115,40","95,116,41","97,115,41","99,114,40","98,111,39","97,109,37","99,109,38","106,116,45","102,112,40","100,110,38","105,115,44","110,120,49","108,119,47","104,117,45","100,116,45","87,107,38","85,108,36","85,109,32","83,108,26","80,107,22","79,107,20","80,108,21","82,110,26","82,109,30","67,93,22","91,116,53","93,118,60","79,103,52","79,103,56","96,119,76","118,141,100","115,138,97","14,38,3","24,51,15","51,82,45","45,80,40","25,65,23","40,83,40","60,107,63","30,78,33","21,68,22","52,98,52","62,101,57","42,79,35","41,77,32","34,71,25","18,57,10","18,61,11","28,75,24","6,56,4","12,65,10","16,69,11","17,69,10","16,66,9","13,61,7","11,55,6","10,50,5","9,47,6","13,47,11","15,49,14","18,50,16","18,49,16","17,49,13","16,49,11","16,51,10","19,56,12","25,62,14","23,62,11","19,59,5","23,64,5","27,69,7","27,68,10","29,68,16","30,68,20","32,67,25","33,69,26","36,69,24","38,71,19","41,74,14","37,70,8","34,66,7","61,92,20","40,71,3","51,80,7","64,90,22","63,88,27","57,80,25","58,78,34","72,89,55","81,98,66","52,70,34","39,61,22","45,68,25","34,61,15","38,66,19","67,95,47","77,108,60","41,72,27","58,90,42","29,61,13","26,58,7","48,80,22","53,84,21","48,79,11","50,81,7","59,86,8","58,81,2","59,81,1","60,81,2","61,82,3","62,83,4","64,85,6","66,87,8","66,87,11","67,88,12","64,85,11","64,85,11","64,85,12","63,83,11","61,81,9","60,80,9","61,81,10","63,83,12","66,86,15","61,81,9","61,81,9","61,81,9","62,81,9","62,81,10","62,81,10","62,82,10","64,81,10","64,81,10","60,76,5","64,80,9","65,81,10","63,79,8","63,78,7","65,78,8","63,76,6","60,73,3","65,81,10","63,78,10","63,79,11","65,82,14","68,85,17","69,87,19","67,86,20","64,83,17","61,80,14","58,77,11","64,84,18","66,87,22","63,83,19","58,78,15","54,74,11","51,73,9","50,72,8","51,73,10","50,74,12","48,72,11","45,69,10","41,66,8","39,64,7","37,62,7","38,62,9","36,60,9","32,55,7","29,50,4","31,52,8","36,54,15","33,51,12","30,47,11","29,46,12","27,43,13","25,40,11","26,40,13","30,44,17","31,45,15","25,40,9","22,36,5","19,31,2","17,30,2","20,31,5","22,32,7","23,31,9","22,29,12","22,28,13","22,25,14","19,22,13","18,19,13","19,19,16","22,20,20","22,20,21","21,17,20","18,12,16","16,9,14","22,13,18","46,83,17","47,85,17","48,85,18","49,87,18","49,87,17","49,89,16","51,91,16","52,92,16","53,96,18","56,99,21","61,105,26","63,108,29","58,103,24","52,97,19","49,96,19","52,98,21","49,96,21","43,92,12","40,93,10","38,94,6","37,93,5","37,94,5","38,97,8","41,100,10","43,103,11","43,103,13","43,104,11","52,111,20","54,113,21","50,108,16","49,105,14","51,107,16","57,112,21","62,116,26","63,115,26","63,114,25","73,119,31","79,122,36","79,119,34","76,117,31","75,115,30","75,113,28","75,113,28","76,112,30","78,113,31","77,111,30","78,110,30","82,113,33","84,112,33","81,108,29","83,109,32","87,113,36","90,114,38","87,111,35","87,112,35","91,114,39","91,113,38","91,112,37","92,112,37","94,111,38","97,113,40","100,114,42","102,115,43","102,114,42","100,111,39","103,114,42","98,109,37","98,109,37","103,113,42","103,114,42","98,109,38","96,108,37","97,111,41","90,110,40","92,115,43","95,118,43","94,118,39","90,115,33","87,113,29","89,116,31","94,122,38","97,124,43","83,109,35","79,104,35","84,110,45","76,101,41","77,102,46","75,99,46","69,94,42","76,100,52","23,47,15","5,30,1","12,40,7","74,105,67","76,110,71","65,101,60","72,111,69","54,94,51","18,58,14","85,125,81","63,101,57","31,68,24","31,68,24","38,76,30","32,72,25","24,67,19","27,74,23","17,65,15","12,60,8","14,63,9","16,64,10","16,63,9","15,60,9","15,56,9","14,52,8","13,49,8","13,48,10","14,47,12","17,49,14","19,50,15","17,49,12","14,47,9","12,47,6","17,54,10","24,63,16","23,63,13","17,58,5","16,57,3","18,59,4","20,61,5","23,62,10","25,64,14","27,65,18","28,64,18","29,64,15","30,64,11","35,69,9","41,76,10","39,74,6","29,62,5","53,88,11","54,86,11","54,85,12","60,91,21","55,85,20","46,74,16","44,71,19","48,74,23","56,82,30","60,89,35","64,95,37","59,90,32","50,82,24","43,76,17","37,71,13","35,69,12","44,77,21","54,87,30","48,81,22","52,83,22","53,85,20","46,78,11","46,76,8","61,88,13","60,84,7","62,83,5","63,84,7","64,85,8","65,86,10","65,86,10","64,84,8","61,81,5","58,78,4","61,81,7","60,80,6","60,79,7","58,78,6","57,77,5","57,77,6","58,78,7","60,81,9","62,82,11","56,76,4","57,75,4","59,75,4","60,77,6","61,78,7","63,79,8","64,80,9","66,81,8","67,81,8","61,74,2","66,78,6","66,79,7","62,75,5","61,74,3","62,75,5","60,73,3","58,71,1","64,79,10","55,70,4","56,70,4","63,77,11","68,83,17","71,87,21","72,87,22","67,83,18","62,78,13","59,76,11","62,79,15","63,81,17","62,80,17","61,78,16","58,77,14","57,76,13","56,75,13","55,75,14","54,75,13","49,71,10","44,68,7","43,68,7","43,67,8","42,67,9","43,66,11","41,63,10","38,61,9","36,57,8","34,53,7","33,51,9","35,52,11","39,56,17","43,58,22","38,54,20","33,48,16","32,47,16","33,46,16","30,42,11","23,36,3","23,36,3","25,35,5","27,37,8","28,38,10","29,37,12","27,34,12","24,31,11","22,26,9","19,22,9","17,20,9","18,18,12","21,21,16","24,23,20","24,23,22","21,18,19","16,11,14","14,8,12","29,20,24","37,80,14","38,82,16","41,83,17","42,85,17","42,86,16","41,87,15","40,88,14","41,89,14","42,93,14","43,93,14","45,97,17","46,97,18","43,95,17","40,94,15","42,97,19","47,102,25","49,105,29","48,103,26","36,93,11","32,91,5","33,92,6","36,95,8","39,99,11","42,102,14","44,104,14","42,101,13","40,99,10","48,107,17","51,110,20","49,107,17","50,107,16","54,110,19","58,114,23","62,118,27","61,116,25","61,113,24","64,113,26","68,112,28","70,112,29","70,112,29","71,113,30","74,114,32","77,116,33","79,116,35","81,116,36","79,114,34","78,111,32","82,113,35","83,111,34","81,108,31","85,109,33","89,113,37","91,114,38","88,110,35","85,106,31","85,104,30","86,103,30","87,104,31","90,107,34","94,110,37","96,112,39","98,113,40","98,111,39","98,111,39","99,112,40","98,110,38","96,108,36","103,115,43","110,122,50","106,118,46","99,110,38","99,110,39","101,116,44","82,103,31","86,108,36","90,112,37","90,113,36","89,112,33","87,111,30","88,112,30","91,116,33","93,118,35","84,111,31","85,112,35","99,125,50","80,106,34","77,103,34","79,105,38","76,102,36","89,116,53","79,105,48","49,72,32","22,45,12","42,67,35","62,88,53","58,85,45","49,79,37","59,91,49","56,90,48","36,64,32","31,67,24","32,70,25","34,72,27","34,73,28","31,72,26","27,69,22","24,67,18","23,66,19","24,68,19","24,68,18","22,65,15","20,61,13","17,57,11","16,53,9","15,51,8","15,48,8","13,47,7","13,45,7","20,51,14","20,52,14","14,46,7","9,43,3","10,45,3","16,53,9","22,61,15","22,62,13","19,60,9","21,62,10","23,63,11","22,62,9","20,60,7","19,59,6","20,61,7","23,63,8","28,67,10","31,70,10","31,70,7","31,70,3","35,75,5","46,84,13","48,87,13","41,79,5","41,79,5","47,85,11","50,88,14","50,88,13","47,87,12","47,87,12","48,88,13","48,88,13","45,84,10","41,80,7","42,80,8","47,84,13","50,87,16","44,79,11","43,78,10","57,90,23","49,81,15","47,78,11","54,85,17","55,85,17","55,83,13","61,88,16","62,87,13","60,83,8","58,80,6","59,81,7","64,85,11","68,88,14","68,88,14","64,81,9","59,76,5","63,80,9","62,79,8","62,79,8","63,80,9","63,82,10","63,83,11","62,83,10","60,82,9","59,79,7","60,78,8","61,77,8","62,77,7","64,79,8","66,79,8","68,81,9","71,82,9","72,83,8","73,82,8","66,75,3","69,78,5","68,79,5","63,75,3","60,73,1","61,74,4","60,73,3","60,75,6","69,84,15","64,77,10","66,78,12","68,80,15","67,79,15","68,80,16","72,84,20","67,81,16","62,76,13","64,77,15","63,77,15","62,76,14","62,77,14","62,77,15","61,76,14","59,75,13","56,73,11","54,71,9","51,69,7","45,65,4","41,63,2","46,68,5","50,72,10","49,72,11","46,67,9","43,64,8","42,63,8","44,63,10","42,60,11","38,56,10","39,56,12","46,62,19","48,63,24","39,53,16","35,49,13","35,49,14","33,45,11","31,41,8","33,43,9","32,42,8","31,40,9","29,38,8","28,36,9","28,34,10","29,33,12","29,33,14","29,32,16","27,29,16","23,25,14","20,19,13","19,18,13","21,20,17","21,20,18","20,18,17","18,14,15","17,11,13","26,17,19","33,79,14","35,80,15","35,81,14","34,82,12","34,82,12","32,82,10","32,84,9","34,86,11","35,89,11","39,93,14","42,98,17","43,99,19","41,98,18","37,95,16","36,94,17","38,97,20","41,101,24","41,101,23","40,100,17","38,101,14","38,100,14","38,99,13","38,99,13","38,99,12","40,101,14","42,104,15","44,104,16","47,107,19","50,110,20","51,111,21","51,109,19","50,108,17","53,111,20","59,117,27","60,118,26","59,115,24","65,116,29","70,117,34","72,116,34","71,115,33","70,114,31","69,112,30","70,110,29","69,108,27","70,107,26","73,108,28","77,111,31","78,110,31","80,109,32","83,110,33","85,111,35","87,111,35","88,111,36","88,111,36","87,107,33","84,101,27","86,103,29","89,106,33","95,112,39","102,119,45","104,121,47","104,120,47","102,116,44","98,112,40","94,107,35","97,110,38","94,107,35","96,109,37","103,115,43","103,115,43","99,111,39","100,111,40","100,114,42","85,105,33","87,109,36","89,111,36","88,111,34","87,110,32","86,110,31","90,114,32","94,119,36","96,121,39","83,110,29","81,108,27","94,121,43","82,108,33","80,107,33","78,105,33","69,96,26","77,104,36","72,98,35","92,116,65","70,94,48","41,66,27","42,69,26","34,62,20","13,43,5","32,66,22","91,126,79","39,68,32","44,82,34","41,82,31","35,76,25","28,70,19","22,65,13","18,62,10","17,61,9","18,61,10","19,62,11","19,60,12","19,58,12","19,57,12","19,56,12","19,54,12","19,52,12","18,48,11","13,44,7","10,41,3","15,44,9","16,46,9","13,44,7","12,44,6","13,47,6","16,52,9","18,56,11","18,56,10","16,56,8","15,55,6","16,56,5","20,59,7","25,63,12","28,67,14","29,69,14","28,68,11","26,66,7","24,64,3","30,70,7","35,75,9","29,69,1","33,73,3","40,80,9","43,83,11","48,88,13","48,89,13","41,82,7","38,79,2","41,84,3","42,84,3","45,87,6","48,90,10","49,89,11","46,85,8","44,82,8","45,82,9","46,82,10","43,77,7","43,78,7","44,76,7","45,77,8","49,80,12","53,83,16","53,83,16","49,78,10","48,75,5","60,86,13","59,83,9","58,80,7","60,82,9","64,86,13","68,89,16","68,88,17","65,84,12","62,80,9","65,84,12","64,83,11","63,82,11","64,83,12","65,85,13","65,85,13","63,83,11","62,82,10","59,79,7","56,74,4","58,74,5","62,76,6","66,79,9","68,80,10","70,81,9","71,81,7","72,80,5","71,79,4","67,75,2","71,79,5","72,81,7","69,80,8","68,80,9","68,81,11","67,80,10","64,79,10","71,86,17","74,87,20","73,84,18","68,79,14","65,76,11","66,77,12","72,83,18","72,84,19","68,79,16","64,76,13","60,74,12","59,73,11","59,73,11","60,74,12","59,73,12","57,73,11","56,72,10","54,70,8","52,70,8","51,70,7","50,71,6","49,71,7","48,70,7","46,68,6","44,65,6","44,65,8","45,65,9","47,66,12","47,65,14","45,62,14","44,60,14","48,63,20","49,64,23","40,54,14","37,50,12","37,49,12","34,46,10","35,45,11","41,51,17","39,48,15","35,42,11","29,36,5","25,31,4","24,29,5","26,30,8","30,33,14","34,36,20","33,35,22","29,31,20","24,24,15","19,18,13","18,17,14","18,17,15","20,17,17","22,18,19","23,18,19","27,18,19","33,81,15","34,82,16","34,83,15","32,82,12","31,82,11","31,83,10","32,86,10","35,88,13","36,92,13","35,91,10","36,94,13","39,97,16","37,97,17","34,94,15","33,94,15","34,96,18","38,99,22","41,102,24","38,102,18","37,102,16","37,102,15","36,100,13","34,98,11","33,96,9","34,98,11","39,103,15","43,105,17","45,107,18","49,111,22","52,114,25","51,112,22","47,107,17","49,109,19","56,116,26","59,120,28","59,116,25","61,114,27","64,114,29","66,114,30","66,115,30","66,114,30","67,112,29","66,110,28","67,109,26","67,107,25","72,109,28","76,111,31","74,108,29","77,109,30","83,113,35","84,112,35","81,108,31","81,108,31","86,110,35","91,113,38","94,113,39","95,113,39","96,114,40","98,116,42","99,117,43","101,119,45","104,121,47","106,122,49","103,119,46","97,112,39","106,119,47","101,114,42","95,108,36","97,110,38","100,112,40","99,111,39","97,109,37","96,110,38","87,107,35","86,108,35","86,108,33","85,107,31","82,105,28","81,106,26","83,108,27","87,112,30","89,115,32","90,117,36","75,102,23","83,110,33","84,110,35","87,114,40","79,107,34","61,88,18","67,94,25","69,97,31","62,90,29","71,100,42","71,101,44","53,85,27","43,78,22","51,87,35","56,95,40","46,86,27","52,95,36","45,89,30","39,84,26","32,79,21","28,75,17","26,73,14","24,70,12","22,67,10","18,63,6","15,58,4","17,57,8","19,55,11","20,55,13","20,54,13","21,53,14","20,50,14","17,45,11","13,40,7","8,35,3","12,38,7","14,41,8","14,42,8","14,43,8","15,46,9","15,48,8","15,49,7","15,50,8","17,53,9","16,54,7","15,54,6","18,57,7","21,59,9","24,62,10","26,65,11","26,65,9","25,65,7","25,64,5","29,69,8","33,74,10","31,72,5","36,76,8","40,80,10","37,77,6","39,80,7","43,83,9","40,81,7","41,83,6","45,88,9","44,87,8","47,88,9","51,92,15","53,91,16","49,87,13","45,82,9","44,80,8","45,80,9","52,85,16","57,90,21","45,76,8","52,83,15","59,88,22","59,88,22","60,89,23","57,85,19","49,76,8","65,91,18","61,85,11","60,82,9","62,84,11","64,86,13","65,87,14","64,86,13","62,82,10","61,81,9","65,85,13","63,83,11","62,82,10","62,82,10","63,83,11","63,83,11","61,81,9","60,80,8","59,77,6","65,81,11","66,81,11","66,80,10","67,80,9","67,79,8","70,81,8","74,84,9","80,88,13","83,91,15","75,83,8","79,87,12","80,90,14","77,88,14","75,87,14","74,86,16","68,81,11","60,76,6","66,80,10","68,79,12","68,79,12","69,80,14","70,81,15","69,80,14","65,76,10","65,76,10","68,80,16","70,82,18","62,76,12","58,72,9","58,72,10","59,73,11","60,74,12","59,75,12","59,75,13","59,75,13","58,76,13","57,77,13","55,76,11","51,73,8","47,69,5","45,67,4","44,66,5","45,66,7","46,66,9","47,66,12","47,65,13","45,62,12","43,59,11","46,61,17","46,61,18","40,53,11","38,50,10","40,52,14","38,50,12","35,47,10","36,46,12","36,46,12","37,44,13","32,39,8","28,34,6","25,31,5","27,31,8","30,33,13","31,33,16","28,30,17","29,31,19","30,30,21","28,27,22","26,25,21","23,22,19","22,19,19","22,18,19","22,17,18","25,18,18","30,81,15","31,82,15","32,83,14","31,84,13","31,84,12","32,86,13","34,90,13","37,93,16","39,98,18","33,92,11","32,92,12","34,95,14","33,96,15","33,96,15","32,95,16","30,94,17","33,97,21","36,101,22","29,96,12","29,96,10","31,99,12","33,99,12","33,99,12","32,98,11","33,99,11","36,102,14","40,104,17","43,108,19","47,112,22","50,115,25","49,114,24","46,109,19","46,109,18","53,116,25","56,118,27","56,116,26","55,112,24","55,110,24","56,110,26","57,111,27","59,112,28","64,112,30","64,112,30","67,112,31","68,111,31","68,110,30","67,107,27","67,105,26","71,107,29","79,112,35","80,111,35","77,107,31","78,107,32","85,112,37","90,114,40","92,113,38","95,116,41","97,118,43","93,114,39","88,109,34","86,107,32","91,109,35","98,116,42","98,116,42","93,111,37","106,121,48","102,117,44","94,109,36","94,110,37","99,113,41","100,113,41","98,112,40","96,113,39","91,112,37","90,112,38","90,114,38","89,113,37","88,111,34","86,111,31","84,110,29","84,110,29","84,111,29","80,107,28","88,115,36","92,120,43","78,106,31","74,102,28","77,105,32","78,107,34","76,106,34","59,90,18","58,91,19","63,99,28","66,103,32","50,89,17","36,78,8","40,83,14","47,93,23","38,85,14","38,87,19","42,92,25","37,87,20","28,78,12","22,72,7","20,70,5","22,71,8","24,72,8","23,70,9","23,66,10","18,57,9","18,52,10","19,49,11","19,47,12","19,46,13","19,45,14","17,42,12","14,38,9","11,35,6","15,39,10","16,39,10","15,38,10","16,40,11","17,43,12","16,44,10","14,42,6","16,46,10","21,53,14","20,55,13","18,55,9","19,55,9","19,56,9","20,56,8","22,59,8","24,61,9","25,62,9","27,65,8","28,66,7","28,67,5","30,70,6","38,77,11","38,77,9","28,68,1","30,70,1","39,79,8","46,86,13","46,87,13","42,83,9","40,82,5","41,82,6","47,87,14","51,89,16","51,88,17","51,87,16","50,86,16","51,86,16","52,85,17","61,92,25","47,76,10","52,82,15","58,85,21","55,82,18","58,84,21","60,86,22","52,79,11","64,90,18","60,83,10","57,80,7","59,82,10","61,84,12","60,83,11","57,80,8","56,78,6","58,80,8","64,86,14","62,84,12","61,82,11","60,80,9","62,80,10","63,80,10","62,79,9","61,78,8","59,76,5","69,85,14","70,86,14","70,84,12","70,83,10","70,82,8","72,82,9","77,87,11","84,92,16","90,99,20","81,89,12","85,93,16","85,94,18","82,93,18","81,93,19","80,92,19","72,85,13","62,78,6","66,80,10","67,78,9","67,76,9","71,82,15","77,88,20","74,85,17","63,74,6","62,73,6","70,82,15","70,82,16","65,78,12","63,75,11","62,75,12","61,75,11","61,76,11","61,76,11","62,77,12","62,76,14","61,77,13","58,77,11","54,76,10","51,74,7","49,71,4","47,69,4","46,67,4","47,67,6","46,66,7","45,64,8","46,64,10","46,63,12","43,58,10","46,59,13","46,60,16","40,53,10","40,53,10","42,54,14","40,52,13","37,49,12","38,48,13","40,50,15","42,49,16","39,46,15","35,41,13","32,38,11","33,37,14","34,37,17","31,34,16","20,22,9","25,27,14","31,31,23","33,33,27","33,32,27","29,28,25","25,23,22","23,19,20","21,16,17","21,15,15","23,76,10","23,78,11","26,79,12","26,81,11","27,83,11","28,85,11","29,88,11","33,91,14","34,95,15","33,95,15","30,94,12","28,93,11","28,93,13","28,95,15","27,94,15","24,91,12","23,90,13","23,93,13","22,92,8","24,94,7","27,97,9","30,100,12","32,102,14","33,103,15","35,103,16","36,104,17","37,106,17","40,109,20","42,110,20","43,109,19","43,110,20","46,111,21","48,113,23","48,113,22","48,113,22","49,112,22","51,112,25","51,111,25","51,110,25","50,109,24","50,109,24","54,108,24","56,108,25","58,109,26","60,109,27","58,103,23","55,98,18","59,100,21","65,105,25","70,108,30","74,109,31","75,108,32","79,112,36","86,116,41","88,114,39","86,110,34","94,117,41","100,122,47","98,121,45","93,114,39","89,110,35","90,111,36","95,116,41","96,115,41","90,108,34","101,119,45","98,117,43","92,108,35","91,107,34","92,108,35","91,107,34","89,106,33","90,108,34","86,107,32","85,108,32","85,109,33","86,110,34","85,109,32","85,109,31","83,108,29","81,108,27","80,107,27","83,110,32","89,116,38","88,115,38","77,105,30","74,102,28","78,106,32","82,111,37","77,107,34","62,95,19","67,106,27","56,98,17","56,99,19","56,101,21","47,95,15","40,90,10","45,98,18","43,96,19","12,66,4","26,82,9","26,82,9","22,78,6","20,75,6","21,74,7","22,73,6","19,70,4","14,63,1","11,55,1","15,49,5","17,44,8","17,41,10","17,39,10","17,38,11","19,39,12","20,39,15","19,37,15","18,36,14","20,37,15","18,35,13","15,33,10","15,35,10","19,39,12","18,40,12","14,38,7","17,42,10","22,49,15","21,51,13","18,52,10","20,55,12","23,58,13","25,60,14","26,61,13","25,61,11","23,60,9","23,60,7","24,61,5","25,63,4","24,62,2","28,67,4","32,71,6","28,67,1","32,72,4","41,81,11","46,87,16","44,84,14","40,80,10","38,78,8","39,79,8","42,82,11","44,82,12","44,81,11","46,82,12","48,84,14","50,84,15","48,79,11","53,84,17","48,78,12","48,77,11","49,76,12","49,75,12","52,78,15","53,79,16","53,79,14","65,90,20","59,83,10","57,81,8","61,84,12","64,87,15","62,85,13","60,83,11","61,84,12","65,87,15","64,87,15","62,84,12","61,82,11","61,81,10","63,81,11","64,81,11","64,81,11","63,80,10","63,79,8","61,76,4","64,80,6","70,84,9","74,87,11","75,87,11","75,86,9","77,87,8","81,89,11","83,92,13","80,88,9","84,92,13","84,93,15","82,92,15","82,93,17","84,97,21","80,93,19","73,88,13","76,90,17","83,94,24","77,88,19","75,85,16","80,91,21","79,90,21","68,79,11","70,81,13","74,85,17","64,76,8","66,78,11","69,81,15","66,80,13","63,78,12","61,76,11","59,74,9","59,74,8","58,73,8","57,74,7","55,74,6","53,75,6","52,75,5","51,74,6","50,73,5","49,70,5","47,68,4","46,66,5","46,66,7","50,68,12","51,68,15","46,63,11","48,62,13","49,62,16","43,55,12","41,54,11","42,54,12","38,50,10","39,50,11","46,56,20","43,52,17","39,46,13","36,43,10","33,39,10","32,38,11","33,38,14","34,37,16","31,34,16","23,26,10","24,26,13","26,26,16","28,28,19","28,27,22","28,27,23","28,26,23","27,23,23","26,21,21","25,19,19","17,72,5","19,75,7","21,77,9","22,79,9","22,81,9","23,82,8","23,84,7","25,86,8","26,89,10","29,95,13","23,91,8","19,87,5","19,88,7","23,92,11","23,93,13","20,89,10","16,85,8","14,86,6","20,93,9","22,95,9","22,95,8","25,97,11","28,100,14","32,103,17","35,105,18","35,105,18","34,104,16","38,108,20","36,105,17","32,101,12","35,105,16","44,113,24","48,115,26","42,108,19","39,106,16","40,107,17","46,112,23","48,113,26","46,111,23","44,107,20","42,104,18","43,102,17","46,102,18","49,103,19","51,104,21","49,99,17","50,97,16","59,103,22","63,107,27","62,104,24","64,104,25","70,107,29","76,111,34","81,113,37","82,112,35","83,110,33","86,111,35","88,112,36","87,111,35","86,109,34","86,108,33","86,109,34","88,110,35","87,108,33","85,106,31","92,114,39","92,113,38","90,109,35","90,109,35","87,106,32","84,102,28","84,102,28","90,110,35","92,116,38","90,114,36","87,111,33","86,110,32","85,111,32","84,111,32","84,111,32","83,110,31","83,110,32","89,117,40","81,109,32","75,103,28","78,107,31","81,110,36","78,108,34","72,102,28","66,97,22","64,98,21","57,98,16","47,92,8","45,93,8","39,90,7","32,85,3","30,86,4","32,91,8","30,88,9","28,87,10","21,80,4","20,78,5","20,78,7","21,77,9","22,76,10","20,71,7","15,64,3","6,54,0","4,44,0","15,45,8","20,44,13","20,41,14","19,38,13","20,36,14","20,34,15","19,33,14","18,30,13","15,27,10","19,31,14","17,29,12","13,26,8","15,29,11","22,37,16","23,40,17","17,36,11","16,36,10","19,42,12","19,46,12","18,49,10","19,51,11","21,53,12","22,55,13","23,56,12","22,55,9","19,54,5","17,54,3","21,58,5","27,64,7","28,66,7","34,72,12","36,74,12","27,68,3","27,68,2","32,73,7","35,76,9","37,77,9","39,78,11","39,78,11","42,81,13","44,83,14","43,81,12","40,77,8","41,77,8","45,81,11","49,84,14","49,80,12","47,78,10","56,87,20","51,80,14","50,78,13","56,83,21","56,82,21","52,78,16","56,82,18","67,92,24","59,85,12","57,83,10","61,87,14","63,89,16","60,86,13","56,83,9","58,84,11","64,88,16","60,84,12","59,81,9","58,79,8","58,78,7","60,78,8","61,78,8","63,79,9","64,78,9","65,78,8","64,77,5","68,81,7","73,87,10","78,90,12","78,90,11","79,88,10","81,89,10","84,91,12","87,95,14","85,92,12","87,95,16","84,93,13","79,89,10","78,89,10","79,91,13","73,87,10","67,81,6","70,84,9","86,97,24","82,93,20","80,90,19","85,95,24","81,91,20","64,74,6","67,78,8","77,88,18","68,79,10","68,81,12","70,83,13","69,82,13","67,80,11","65,78,11","62,77,10","62,77,9","61,76,9","61,77,9","57,76,7","56,77,6","56,78,7","56,77,8","53,74,6","48,69,4","46,67,3","49,68,7","52,70,11","52,68,13","48,62,9","43,57,6","44,58,9","46,59,12","41,52,9","40,51,8","40,51,9","35,46,6","34,45,7","41,51,14","37,46,11","34,41,8","33,40,7","35,41,11","36,42,14","34,39,14","31,34,13","27,30,12","27,29,13","24,26,12","22,22,12","23,23,14","25,24,18","26,25,21","27,24,22","26,22,21","24,20,18","22,17,16","16,73,6","17,75,7","18,77,7","19,79,8","19,80,8","20,81,8","19,82,7","20,83,6","20,86,6","22,88,8","18,86,4","15,84,3","15,85,5","19,90,10","22,93,13","20,92,13","18,89,12","17,90,10","21,94,11","21,95,9","20,94,8","21,95,9","25,98,12","29,102,16","32,104,18","31,104,18","29,103,15","34,106,18","33,105,17","31,102,14","33,104,16","39,109,20","44,113,25","44,113,24","38,108,19","33,102,13","36,106,17","40,111,22","38,108,19","35,103,15","35,101,14","40,103,17","41,103,17","42,100,15","43,100,16","45,98,15","50,99,17","57,105,24","61,107,27","60,103,23","59,100,22","65,104,26","70,108,30","73,108,31","79,110,34","88,116,39","89,116,39","82,107,31","77,102,26","84,109,33","85,111,34","84,109,32","86,111,34","89,112,36","83,106,31","86,109,34","88,109,34","89,110,35","89,111,36","85,107,32","83,103,28","84,104,30","87,109,33","83,107,29","82,107,28","80,106,27","79,105,26","79,105,27","80,107,29","81,108,30","82,109,32","82,110,34","82,110,34","80,108,32","77,106,31","76,106,30","74,104,29","74,105,30","75,106,31","69,100,25","57,93,15","50,91,11","45,92,9","39,89,5","39,92,8","39,93,10","31,88,6","25,83,3","28,89,10","19,80,5","24,84,12","22,82,13","19,77,11","17,72,9","16,68,7","15,63,6","14,59,5","13,55,3","13,49,3","18,45,11","22,42,16","23,40,17","23,37,17","23,36,17","23,34,18","22,32,17","20,30,15","18,27,13","21,29,16","19,27,14","15,25,10","19,29,14","24,37,19","26,39,20","20,35,14","18,35,12","19,39,12","18,42,12","16,44,9","15,45,8","16,45,8","16,48,8","17,49,8","17,49,6","17,50,4","16,51,3","18,54,4","22,59,6","27,64,9","37,74,17","38,76,17","27,66,6","25,65,4","30,71,8","35,76,11","37,77,12","38,78,13","37,77,12","39,79,13","43,83,16","46,84,15","45,83,14","47,84,14","50,86,16","51,87,16","47,81,11","46,78,9","55,86,19","51,81,15","51,80,15","56,84,21","55,81,21","50,76,16","56,82,18","67,92,24","55,81,10","54,80,8","56,82,10","57,83,11","55,82,10","50,79,6","50,77,5","56,82,10","56,82,10","55,79,7","58,80,9","56,77,7","57,75,5","60,76,8","64,78,11","64,77,9","67,79,10","70,84,10","73,87,10","76,89,10","77,89,10","77,87,8","78,87,6","81,90,8","88,95,14","94,102,18","93,101,18","93,100,19","90,98,16","85,94,13","83,93,13","82,94,15","79,92,13","74,88,10","77,89,14","84,94,20","80,90,16","79,88,15","81,90,17","78,87,14","68,78,8","72,82,11","80,90,18","73,85,14","73,85,14","73,85,14","71,84,13","69,82,12","69,82,13","68,82,12","67,81,12","69,83,14","69,85,16","64,82,11","58,79,7","57,79,8","56,76,7","54,75,6","53,73,8","52,72,7","53,70,9","52,69,11","56,72,16","57,72,18","49,63,11","49,62,13","51,64,15","50,61,17","52,63,20","53,64,22","48,59,18","39,50,11","34,44,7","32,42,6","33,40,7","37,44,11","41,48,17","41,47,18","38,43,18","33,37,15","31,34,14","32,35,19","31,33,19","25,25,15","27,27,18","29,28,22","29,28,24","30,28,25","30,26,24","26,22,19","25,20,17","15,74,8","15,74,8","15,75,7","16,77,6","16,78,6","17,80,6","17,81,5","17,83,4","17,84,5","17,86,5","17,86,5","16,87,6","17,88,8","18,90,10","20,92,13","21,94,15","22,94,18","22,95,16","19,93,12","18,92,9","18,93,9","19,94,10","23,97,12","27,101,16","29,103,17","28,102,16","26,100,14","29,101,15","33,106,19","36,108,21","34,106,18","32,104,15","38,108,20","47,117,29","41,111,23","26,97,9","26,99,10","31,104,15","30,103,14","26,97,9","29,98,10","40,107,20","42,107,21","39,100,15","39,98,14","40,96,13","42,95,13","48,99,17","54,101,21","56,100,21","57,99,21","61,101,23","66,105,27","72,108,31","74,109,32","79,110,33","85,115,37","77,104,27","72,100,23","82,110,33","83,111,34","78,105,28","81,108,31","88,114,37","85,110,33","83,107,31","83,107,31","85,108,33","85,108,32","81,105,29","79,102,27","80,102,26","79,102,25","72,97,18","73,100,19","75,102,22","77,104,25","80,107,29","81,108,31","83,110,34","84,112,36","84,112,37","80,108,33","75,105,29","76,107,31","74,105,29","71,102,26","71,102,26","74,106,30","71,104,28","57,94,16","54,97,19","45,93,13","38,89,9","35,88,9","33,89,10","30,87,10","24,83,8","20,80,7","17,79,8","21,82,14","20,79,15","17,73,13","16,68,11","17,65,12","20,64,13","20,61,14","18,57,10","18,50,11","19,43,12","22,39,16","24,38,18","24,36,18","24,34,19","24,34,19","25,32,20","25,32,20","24,31,20","25,30,20","23,28,18","20,27,16","22,30,17","26,35,21","28,37,21","23,35,17","22,36,17","22,39,16","17,38,11","12,37,6","13,40,6","15,42,8","17,45,9","18,47,10","17,48,9","17,49,7","16,49,5","16,50,3","15,51,2","18,55,3","27,64,11","32,69,14","26,65,7","28,68,8","35,75,14","37,77,16","39,80,18","42,83,20","37,78,14","34,76,11","38,80,12","43,84,14","45,85,15","46,85,13","47,85,13","49,86,12","47,84,12","48,83,11","48,81,11","47,79,10","45,77,10","46,76,12","48,77,16","51,80,18","57,85,20","69,95,26","53,80,9","55,82,11","54,82,10","55,84,12","56,86,14","52,82,11","47,76,5","53,82,11","54,83,11","53,80,8","61,84,15","58,79,10","56,74,6","61,77,10","68,81,15","67,78,11","72,83,14","70,83,8","74,87,8","78,91,11","81,93,13","83,94,12","84,93,10","85,95,10","89,97,13","92,100,14","91,99,14","90,98,14","89,98,13","89,97,14","87,97,15","86,98,17","86,98,19","85,98,19","86,98,20","84,95,18","83,92,15","81,89,14","80,88,13","79,88,13","79,90,15","82,93,18","81,92,17","79,90,17","81,93,20","80,92,19","77,89,17","75,87,16","75,88,17","73,86,15","69,82,11","69,82,12","70,85,15","65,83,12","59,80,9","56,78,7","55,75,6","55,75,8","58,77,12","56,75,12","54,70,10","50,65,7","52,67,11","53,68,14","43,56,6","40,52,4","42,54,7","42,53,10","47,58,15","49,60,17","44,55,14","38,49,10","37,47,9","34,44,7","35,42,8","38,45,11","39,46,15","37,43,14","34,39,14","34,38,15","35,38,18","37,40,22","39,41,27","29,29,18","32,32,23","34,33,27","31,30,25","34,32,28","39,35,32","32,28,25","23,19,15","14,73,7","14,73,7","13,74,6","14,75,5","14,77,5","15,79,5","16,80,4","15,82,3","16,83,4","17,86,6","17,86,6","16,87,7","17,88,8","18,90,10","18,91,12","20,93,14","21,93,17","22,95,16","16,91,9","14,89,7","15,90,8","16,91,8","19,94,10","22,96,13","25,98,15","24,98,15","23,97,12","26,99,14","29,101,15","30,102,16","31,103,17","32,104,17","36,106,19","36,106,19","31,101,14","24,96,9","25,99,10","28,103,14","26,101,11","22,95,6","24,96,7","36,106,18","39,107,20","38,102,16","40,101,16","39,96,12","37,91,8","41,92,11","47,94,14","50,94,15","53,96,17","57,98,20","65,104,26","72,110,32","73,108,31","71,103,26","71,103,24","72,102,24","72,102,24","73,103,26","74,104,27","76,105,27","78,106,29","77,105,28","75,102,25","74,100,23","75,101,24","79,105,28","81,107,30","80,106,30","81,106,29","83,107,31","82,108,29","74,101,20","76,103,20","78,105,23","79,106,27","79,107,29","79,107,30","78,106,30","76,104,30","76,104,30","78,107,33","75,105,30","76,106,32","73,104,29","68,100,24","69,101,25","73,105,28","70,103,25","54,91,14","51,93,19","43,89,15","37,85,12","35,86,13","33,87,14","30,87,15","25,85,14","23,82,15","21,81,17","18,77,16","16,72,15","15,68,14","15,65,13","18,63,15","22,62,16","24,59,17","22,54,15","22,50,16","25,44,18","28,41,21","28,39,21","26,36,20","25,33,19","24,31,18","22,28,16","21,25,16","20,24,14","23,25,17","22,25,17","21,25,15","21,28,16","24,32,19","25,33,18","22,33,16","22,34,16","23,37,17","18,38,13","14,38,10","14,39,9","15,41,10","15,42,10","16,43,9","15,45,8","16,46,7","15,47,6","16,49,5","18,51,4","18,53,4","24,61,10","28,65,12","21,60,4","21,60,3","26,66,8","28,68,9","30,71,11","34,77,15","32,75,12","31,75,10","35,78,10","37,79,9","37,79,7","38,80,5","42,82,7","46,86,10","50,89,15","49,87,13","47,83,9","44,80,8","43,77,9","44,77,11","49,80,17","54,85,22","59,89,24","68,95,25","52,79,8","54,81,10","53,82,10","53,84,12","54,86,13","50,82,10","45,76,4","50,82,9","53,83,11","52,80,8","61,85,15","59,80,11","58,75,7","64,78,11","71,83,17","71,80,14","76,86,17","71,83,6","76,89,9","85,97,16","91,103,21","95,106,21","96,105,19","95,104,18","97,104,18","98,105,17","101,108,21","100,107,22","98,106,21","96,105,19","93,103,19","90,102,19","88,100,19","85,98,17","85,98,18","82,93,14","86,95,16","92,100,22","93,101,24","86,95,18","78,87,10","75,84,7","79,90,12","86,97,22","88,99,24","85,97,22","82,94,20","81,93,19","80,92,19","77,89,16","72,84,11","68,81,9","67,82,10","64,81,10","60,79,10","58,79,10","56,76,9","55,74,8","53,70,7","51,68,6","50,66,6","50,65,7","52,66,11","52,65,13","46,58,9","47,59,11","49,61,15","46,56,13","47,57,15","49,58,17","46,55,16","42,52,13","42,52,13","40,50,13","41,48,14","40,47,13","37,44,13","33,40,10","32,37,10","34,38,14","34,37,17","29,32,13","36,38,24","31,31,19","36,36,25","35,34,28","30,29,24","30,28,24","34,30,27","28,25,21","17,16,11","13,72,6","13,72,6","12,73,5","12,73,3","12,74,3","13,77,3","14,79,2","14,81,4","15,82,3","16,85,5","17,86,6","17,87,7","17,88,8","18,89,10","17,90,11","18,91,12","20,92,16","21,94,15","13,87,7","11,86,4","12,87,5","14,89,7","16,91,9","19,92,10","21,94,12","21,94,12","21,94,12","25,97,14","25,97,12","25,97,12","29,101,15","35,106,20","34,104,18","26,96,10","23,93,7","24,95,9","30,104,16","32,110,19","28,105,14","22,96,7","20,94,5","32,102,14","33,101,14","32,97,10","35,96,11","40,97,13","42,96,14","44,96,14","47,95,14","51,95,16","52,95,16","54,96,18","62,101,24","70,108,30","71,106,29","62,96,18","58,91,12","68,101,22","74,106,27","66,97,19","67,98,20","75,106,28","75,105,27","72,101,24","79,107,30","77,105,28","78,105,28","80,107,30","82,109,32","81,108,31","80,107,30","82,109,31","81,108,28","69,96,15","72,100,16","76,103,21","79,106,25","80,108,29","80,108,31","78,106,30","75,103,29","74,103,29","77,107,33","76,106,32","76,108,33","71,103,28","66,98,22","66,98,22","71,103,26","67,101,22","50,88,11","57,97,25","48,92,22","40,87,18","37,86,16","33,86,17","28,85,17","22,81,15","19,78,14","17,77,17","21,78,19","19,73,18","17,68,17","17,64,16","19,60,16","21,58,16","22,53,15","20,47,12","17,43,10","22,38,15","25,36,18","25,35,19","25,34,18","24,31,17","23,29,17","22,28,16","23,25,17","23,24,16","23,24,16","21,24,15","21,24,15","22,26,14","21,28,16","22,30,15","21,30,14","21,31,15","21,35,15","20,37,16","17,38,14","15,39,12","14,39,10","13,39,8","13,40,8","14,42,6","14,43,7","15,45,6","14,47,4","13,46,3","13,47,2","19,55,6","23,60,8","17,56,3","19,58,3","24,65,8","25,67,9","25,69,9","28,72,10","28,72,9","30,75,10","32,76,7","31,75,4","30,73,2","32,75,1","38,80,3","41,84,5","39,80,3","42,82,5","46,85,9","48,86,12","48,84,14","46,81,13","46,79,13","46,77,14","49,79,14","61,91,20","48,75,4","49,78,6","48,79,7","50,81,9","51,83,10","46,80,7","40,74,1","46,79,6","53,83,11","53,80,9","62,86,16","61,82,12","60,77,9","67,80,14","74,86,20","74,83,17","79,89,20","77,88,11","79,92,11","84,97,13","87,99,15","91,101,15","93,101,16","98,105,19","105,111,23","110,116,28","104,110,23","102,109,21","100,108,22","98,107,21","97,106,21","94,105,22","92,104,21","90,103,21","89,102,21","89,99,19","89,98,19","88,97,18","88,97,18","86,94,17","82,90,13","78,86,9","76,87,9","79,90,12","83,94,17","83,94,18","81,93,17","82,94,18","83,95,19","80,92,18","75,87,13","71,84,10","69,85,11","65,82,10","61,79,10","61,81,13","59,78,12","54,72,7","49,66,3","46,62,1","47,62,3","50,65,9","50,64,10","47,60,8","45,57,8","49,61,15","51,63,17","46,55,13","44,53,11","46,54,14","45,53,14","41,50,11","40,51,11","39,50,12","42,49,15","41,48,14","36,43,12","33,39,10","35,40,13","41,45,21","40,43,22","22,25,7","34,36,22","34,34,22","40,40,30","37,37,30","29,28,23","28,26,21","31,27,24","28,24,21","24,23,18"
