label,pixel_0,pixel_1,pixel_2,pixel_3,pixel_4,pixel_5,pixel_6,pixel_7,pixel_8,pixel_9,pixel_10,pixel_11,pixel_12,pixel_13,pixel_14,pixel_15,pixel_16,pixel_17,pixel_18,pixel_19,pixel_20,pixel_21,pixel_22,pixel_23,pixel_24,pixel_25,pixel_26,pixel_27,pixel_28,pixel_29,pixel_30,pixel_31,pixel_32,pixel_33,pixel_34,pixel_35,pixel_36,pixel_37,pixel_38,pixel_39,pixel_40,pixel_41,pixel_42,pixel_43,pixel_44,pixel_45,pixel_46,pixel_47,pixel_48,pixel_49,pixel_50,pixel_51,pixel_52,pixel_53,pixel_54,pixel_55,pixel_56,pixel_57,pixel_58,pixel_59,pixel_60,pixel_61,pixel_62,pixel_63,pixel_64,pixel_65,pixel_66,pixel_67,pixel_68,pixel_69,pixel_70,pixel_71,pixel_72,pixel_73,pixel_74,pixel_75,pixel_76,pixel_77,pixel_78,pixel_79,pixel_80,pixel_81,pixel_82,pixel_83,pixel_84,pixel_85,pixel_86,pixel_87,pixel_88,pixel_89,pixel_90,pixel_91,pixel_92,pixel_93,pixel_94,pixel_95,pixel_96,pixel_97,pixel_98,pixel_99,pixel_100,pixel_101,pixel_102,pixel_103,pixel_104,pixel_105,pixel_106,pixel_107,pixel_108,pixel_109,pixel_110,pixel_111,pixel_112,pixel_113,pixel_114,pixel_115,pixel_116,pixel_117,pixel_118,pixel_119,pixel_120,pixel_121,pixel_122,pixel_123,pixel_124,pixel_125,pixel_126,pixel_127,pixel_128,pixel_129,pixel_130,pixel_131,pixel_132,pixel_133,pixel_134,pixel_135,pixel_136,pixel_137,pixel_138,pixel_139,pixel_140,pixel_141,pixel_142,pixel_143,pixel_144,pixel_145,pixel_146,pixel_147,pixel_148,pixel_149,pixel_150,pixel_151,pixel_152,pixel_153,pixel_154,pixel_155,pixel_156,pixel_157,pixel_158,pixel_159,pixel_160,pixel_161,pixel_162,pixel_163,pixel_164,pixel_165,pixel_166,pixel_167,pixel_168,pixel_169,pixel_170,pixel_171,pixel_172,pixel_173,pixel_174,pixel_175,pixel_176,pixel_177,pixel_178,pixel_179,pixel_180,pixel_181,pixel_182,pixel_183,pixel_184,pixel_185,pixel_186,pixel_187,pixel_188,pixel_189,pixel_190,pixel_191,pixel_192,pixel_193,pixel_194,pixel_195,pixel_196,pixel_197,pixel_198,pixel_199,pixel_200,pixel_201,pixel_202,pixel_203,pixel_204,pixel_205,pixel_206,pixel_207,pixel_208,pixel_209,pixel_210,pixel_211,pixel_212,pixel_213,pixel_214,pixel_215,pixel_216,pixel_217,pixel_218,pixel_219,pixel_220,pixel_221,pixel_222,pixel_223,pixel_224,pixel_225,pixel_226,pixel_227,pixel_228,pixel_229,pixel_230,pixel_231,pixel_232,pixel_233,pixel_234,pixel_235,pixel_236,pixel_237,pixel_238,pixel_239,pixel_240,pixel_241,pixel_242,pixel_243,pixel_244,pixel_245,pixel_246,pixel_247,pixel_248,pixel_249,pixel_250,pixel_251,pixel_252,pixel_253,pixel_254,pixel_255,pixel_256,pixel_257,pixel_258,pixel_259,pixel_260,pixel_261,pixel_262,pixel_263,pixel_264,pixel_265,pixel_266,pixel_267,pixel_268,pixel_269,pixel_270,pixel_271,pixel_272,pixel_273,pixel_274,pixel_275,pixel_276,pixel_277,pixel_278,pixel_279,pixel_280,pixel_281,pixel_282,pixel_283,pixel_284,pixel_285,pixel_286,pixel_287,pixel_288,pixel_289,pixel_290,pixel_291,pixel_292,pixel_293,pixel_294,pixel_295,pixel_296,pixel_297,pixel_298,pixel_299,pixel_300,pixel_301,pixel_302,pixel_303,pixel_304,pixel_305,pixel_306,pixel_307,pixel_308,pixel_309,pixel_310,pixel_311,pixel_312,pixel_313,pixel_314,pixel_315,pixel_316,pixel_317,pixel_318,pixel_319,pixel_320,pixel_321,pixel_322,pixel_323,pixel_324,pixel_325,pixel_326,pixel_327,pixel_328,pixel_329,pixel_330,pixel_331,pixel_332,pixel_333,pixel_334,pixel_335,pixel_336,pixel_337,pixel_338,pixel_339,pixel_340,pixel_341,pixel_342,pixel_343,pixel_344,pixel_345,pixel_346,pixel_347,pixel_348,pixel_349,pixel_350,pixel_351,pixel_352,pixel_353,pixel_354,pixel_355,pixel_356,pixel_357,pixel_358,pixel_359,pixel_360,pixel_361,pixel_362,pixel_363,pixel_364,pixel_365,pixel_366,pixel_367,pixel_368,pixel_369,pixel_370,pixel_371,pixel_372,pixel_373,pixel_374,pixel_375,pixel_376,pixel_377,pixel_378,pixel_379,pixel_380,pixel_381,pixel_382,pixel_383,pixel_384,pixel_385,pixel_386,pixel_387,pixel_388,pixel_389,pixel_390,pixel_391,pixel_392,pixel_393,pixel_394,pixel_395,pixel_396,pixel_397,pixel_398,pixel_399,pixel_400,pixel_401,pixel_402,pixel_403,pixel_404,pixel_405,pixel_406,pixel_407,pixel_408,pixel_409,pixel_410,pixel_411,pixel_412,pixel_413,pixel_414,pixel_415,pixel_416,pixel_417,pixel_418,pixel_419,pixel_420,pixel_421,pixel_422,pixel_423,pixel_424,pixel_425,pixel_426,pixel_427,pixel_428,pixel_429,pixel_430,pixel_431,pixel_432,pixel_433,pixel_434,pixel_435,pixel_436,pixel_437,pixel_438,pixel_439,pixel_440,pixel_441,pixel_442,pixel_443,pixel_444,pixel_445,pixel_446,pixel_447,pixel_448,pixel_449,pixel_450,pixel_451,pixel_452,pixel_453,pixel_454,pixel_455,pixel_456,pixel_457,pixel_458,pixel_459,pixel_460,pixel_461,pixel_462,pixel_463,pixel_464,pixel_465,pixel_466,pixel_467,pixel_468,pixel_469,pixel_470,pixel_471,pixel_472,pixel_473,pixel_474,pixel_475,pixel_476,pixel_477,pixel_478,pixel_479,pixel_480,pixel_481,pixel_482,pixel_483,pixel_484,pixel_485,pixel_486,pixel_487,pixel_488,pixel_489,pixel_490,pixel_491,pixel_492,pixel_493,pixel_494,pixel_495,pixel_496,pixel_497,pixel_498,pixel_499,pixel_500,pixel_501,pixel_502,pixel_503,pixel_504,pixel_505,pixel_506,pixel_507,pixel_508,pixel_509,pixel_510,pixel_511,pixel_512,pixel_513,pixel_514,pixel_515,pixel_516,pixel_517,pixel_518,pixel_519,pixel_520,pixel_521,pixel_522,pixel_523,pixel_524,pixel_525,pixel_526,pixel_527,pixel_528,pixel_529,pixel_530,pixel_531,pixel_532,pixel_533,pixel_534,pixel_535,pixel_536,pixel_537,pixel_538,pixel_539,pixel_540,pixel_541,pixel_542,pixel_543,pixel_544,pixel_545,pixel_546,pixel_547,pixel_548,pixel_549,pixel_550,pixel_551,pixel_552,pixel_553,pixel_554,pixel_555,pixel_556,pixel_557,pixel_558,pixel_559,pixel_560,pixel_561,pixel_562,pixel_563,pixel_564,pixel_565,pixel_566,pixel_567,pixel_568,pixel_569,pixel_570,pixel_571,pixel_572,pixel_573,pixel_574,pixel_575,pixel_576,pixel_577,pixel_578,pixel_579,pixel_580,pixel_581,pixel_582,pixel_583,pixel_584,pixel_585,pixel_586,pixel_587,pixel_588,pixel_589,pixel_590,pixel_591,pixel_592,pixel_593,pixel_594,pixel_595,pixel_596,pixel_597,pixel_598,pixel_599,pixel_600,pixel_601,pixel_602,pixel_603,pixel_604,pixel_605,pixel_606,pixel_607,pixel_608,pixel_609,pixel_610,pixel_611,pixel_612,pixel_613,pixel_614,pixel_615,pixel_616,pixel_617,pixel_618,pixel_619,pixel_620,pixel_621,pixel_622,pixel_623,pixel_624,pixel_625,pixel_626,pixel_627,pixel_628,pixel_629,pixel_630,pixel_631,pixel_632,pixel_633,pixel_634,pixel_635,pixel_636,pixel_637,pixel_638,pixel_639,pixel_640,pixel_641,pixel_642,pixel_643,pixel_644,pixel_645,pixel_646,pixel_647,pixel_648,pixel_649,pixel_650,pixel_651,pixel_652,pixel_653,pixel_654,pixel_655,pixel_656,pixel_657,pixel_658,pixel_659,pixel_660,pixel_661,pixel_662,pixel_663,pixel_664,pixel_665,pixel_666,pixel_667,pixel_668,pixel_669,pixel_670,pixel_671,pixel_672,pixel_673,pixel_674,pixel_675,pixel_676,pixel_677,pixel_678,pixel_679,pixel_680,pixel_681,pixel_682,pixel_683,pixel_684,pixel_685,pixel_686,pixel_687,pixel_688,pixel_689,pixel_690,pixel_691,pixel_692,pixel_693,pixel_694,pixel_695,pixel_696,pixel_697,pixel_698,pixel_699,pixel_700,pixel_701,pixel_702,pixel_703,pixel_704,pixel_705,pixel_706,pixel_707,pixel_708,pixel_709,pixel_710,pixel_711,pixel_712,pixel_713,pixel_714,pixel_715,pixel_716,pixel_717,pixel_718,pixel_719,pixel_720,pixel_721,pixel_722,pixel_723,pixel_724,pixel_725,pixel_726,pixel_727,pixel_728,pixel_729,pixel_730,pixel_731,pixel_732,pixel_733,pixel_734,pixel_735,pixel_736,pixel_737,pixel_738,pixel_739,pixel_740,pixel_741,pixel_742,pixel_743,pixel_744,pixel_745,pixel_746,pixel_747,pixel_748,pixel_749,pixel_750,pixel_751,pixel_752,pixel_753,pixel_754,pixel_755,pixel_756,pixel_757,pixel_758,pixel_759,pixel_760,pixel_761,pixel_762,pixel_763,pixel_764,pixel_765,pixel_766,pixel_767,pixel_768,pixel_769,pixel_770,pixel_771,pixel_772,pixel_773,pixel_774,pixel_775,pixel_776,pixel_777,pixel_778,pixel_779,pixel_780,pixel_781,pixel_782,pixel_783,pixel_784,pixel_785,pixel_786,pixel_787,pixel_788,pixel_789,pixel_790,pixel_791,pixel_792,pixel_793,pixel_794,pixel_795,pixel_796,pixel_797,pixel_798,pixel_799,pixel_800,pixel_801,pixel_802,pixel_803,pixel_804,pixel_805,pixel_806,pixel_807,pixel_808,pixel_809,pixel_810,pixel_811,pixel_812,pixel_813,pixel_814,pixel_815,pixel_816,pixel_817,pixel_818,pixel_819,pixel_820,pixel_821,pixel_822,pixel_823,pixel_824,pixel_825,pixel_826,pixel_827,pixel_828,pixel_829,pixel_830,pixel_831,pixel_832,pixel_833,pixel_834,pixel_835,pixel_836,pixel_837,pixel_838,pixel_839,pixel_840,pixel_841,pixel_842,pixel_843,pixel_844,pixel_845,pixel_846,pixel_847,pixel_848,pixel_849,pixel_850,pixel_851,pixel_852,pixel_853,pixel_854,pixel_855,pixel_856,pixel_857,pixel_858,pixel_859,pixel_860,pixel_861,pixel_862,pixel_863,pixel_864,pixel_865,pixel_866,pixel_867,pixel_868,pixel_869,pixel_870,pixel_871,pixel_872,pixel_873,pixel_874,pixel_875,pixel_876,pixel_877,pixel_878,pixel_879,pixel_880,pixel_881,pixel_882,pixel_883,pixel_884,pixel_885,pixel_886,pixel_887,pixel_888,pixel_889,pixel_890,pixel_891,pixel_892,pixel_893,pixel_894,pixel_895,pixel_896,pixel_897,pixel_898,pixel_899,pixel_900,pixel_901,pixel_902,pixel_903,pixel_904,pixel_905,pixel_906,pixel_907,pixel_908,pixel_909,pixel_910,pixel_911,pixel_912,pixel_913,pixel_914,pixel_915,pixel_916,pixel_917,pixel_918,pixel_919,pixel_920,pixel_921,pixel_922,pixel_923,pixel_924,pixel_925,pixel_926,pixel_927,pixel_928,pixel_929,pixel_930,pixel_931,pixel_932,pixel_933,pixel_934,pixel_935,pixel_936,pixel_937,pixel_938,pixel_939,pixel_940,pixel_941,pixel_942,pixel_943,pixel_944,pixel_945,pixel_946,pixel_947,pixel_948,pixel_949,pixel_950,pixel_951,pixel_952,pixel_953,pixel_954,pixel_955,pixel_956,pixel_957,pixel_958,pixel_959,pixel_960,pixel_961,pixel_962,pixel_963,pixel_964,pixel_965,pixel_966,pixel_967,pixel_968,pixel_969,pixel_970,pixel_971,pixel_972,pixel_973,pixel_974,pixel_975,pixel_976,pixel_977,pixel_978,pixel_979,pixel_980,pixel_981,pixel_982,pixel_983,pixel_984,pixel_985,pixel_986,pixel_987,pixel_988,pixel_989,pixel_990,pixel_991,pixel_992,pixel_993,pixel_994,pixel_995,pixel_996,pixel_997,pixel_998,pixel_999,pixel_1000,pixel_1001,pixel_1002,pixel_1003,pixel_1004,pixel_1005,pixel_1006,pixel_1007,pixel_1008,pixel_1009,pixel_1010,pixel_1011,pixel_1012,pixel_1013,pixel_1014,pixel_1015,pixel_1016,pixel_1017,pixel_1018,pixel_1019,pixel_1020,pixel_1021,pixel_1022,pixel_1023,pixel_1024,pixel_1025,pixel_1026,pixel_1027,pixel_1028,pixel_1029,pixel_1030,pixel_1031,pixel_1032,pixel_1033,pixel_1034,pixel_1035,pixel_1036,pixel_1037,pixel_1038,pixel_1039,pixel_1040,pixel_1041,pixel_1042,pixel_1043,pixel_1044,pixel_1045,pixel_1046,pixel_1047,pixel_1048,pixel_1049,pixel_1050,pixel_1051,pixel_1052,pixel_1053,pixel_1054,pixel_1055,pixel_1056,pixel_1057,pixel_1058,pixel_1059,pixel_1060,pixel_1061,pixel_1062,pixel_1063,pixel_1064,pixel_1065,pixel_1066,pixel_1067,pixel_1068,pixel_1069,pixel_1070,pixel_1071,pixel_1072,pixel_1073,pixel_1074,pixel_1075,pixel_1076,pixel_1077,pixel_1078,pixel_1079,pixel_1080,pixel_1081,pixel_1082,pixel_1083,pixel_1084,pixel_1085,pixel_1086,pixel_1087,pixel_1088,pixel_1089,pixel_1090,pixel_1091,pixel_1092,pixel_1093,pixel_1094,pixel_1095,pixel_1096,pixel_1097,pixel_1098,pixel_1099,pixel_1100,pixel_1101,pixel_1102,pixel_1103,pixel_1104,pixel_1105,pixel_1106,pixel_1107,pixel_1108,pixel_1109,pixel_1110,pixel_1111,pixel_1112,pixel_1113,pixel_1114,pixel_1115,pixel_1116,pixel_1117,pixel_1118,pixel_1119,pixel_1120,pixel_1121,pixel_1122,pixel_1123,pixel_1124,pixel_1125,pixel_1126,pixel_1127,pixel_1128,pixel_1129,pixel_1130,pixel_1131,pixel_1132,pixel_1133,pixel_1134,pixel_1135,pixel_1136,pixel_1137,pixel_1138,pixel_1139,pixel_1140,pixel_1141,pixel_1142,pixel_1143,pixel_1144,pixel_1145,pixel_1146,pixel_1147,pixel_1148,pixel_1149,pixel_1150,pixel_1151,pixel_1152,pixel_1153,pixel_1154,pixel_1155,pixel_1156,pixel_1157,pixel_1158,pixel_1159,pixel_1160,pixel_1161,pixel_1162,pixel_1163,pixel_1164,pixel_1165,pixel_1166,pixel_1167,pixel_1168,pixel_1169,pixel_1170,pixel_1171,pixel_1172,pixel_1173,pixel_1174,pixel_1175,pixel_1176,pixel_1177,pixel_1178,pixel_1179,pixel_1180,pixel_1181,pixel_1182,pixel_1183,pixel_1184,pixel_1185,pixel_1186,pixel_1187,pixel_1188,pixel_1189,pixel_1190,pixel_1191,pixel_1192,pixel_1193,pixel_1194,pixel_1195,pixel_1196,pixel_1197,pixel_1198,pixel_1199,pixel_1200,pixel_1201,pixel_1202,pixel_1203,pixel_1204,pixel_1205,pixel_1206,pixel_1207,pixel_1208,pixel_1209,pixel_1210,pixel_1211,pixel_1212,pixel_1213,pixel_1214,pixel_1215,pixel_1216,pixel_1217,pixel_1218,pixel_1219,pixel_1220,pixel_1221,pixel_1222,pixel_1223,pixel_1224,pixel_1225,pixel_1226,pixel_1227,pixel_1228,pixel_1229,pixel_1230,pixel_1231,pixel_1232,pixel_1233,pixel_1234,pixel_1235,pixel_1236,pixel_1237,pixel_1238,pixel_1239,pixel_1240,pixel_1241,pixel_1242,pixel_1243,pixel_1244,pixel_1245,pixel_1246,pixel_1247,pixel_1248,pixel_1249,pixel_1250,pixel_1251,pixel_1252,pixel_1253,pixel_1254,pixel_1255,pixel_1256,pixel_1257,pixel_1258,pixel_1259,pixel_1260,pixel_1261,pixel_1262,pixel_1263,pixel_1264,pixel_1265,pixel_1266,pixel_1267,pixel_1268,pixel_1269,pixel_1270,pixel_1271,pixel_1272,pixel_1273,pixel_1274,pixel_1275,pixel_1276,pixel_1277,pixel_1278,pixel_1279,pixel_1280,pixel_1281,pixel_1282,pixel_1283,pixel_1284,pixel_1285,pixel_1286,pixel_1287,pixel_1288,pixel_1289,pixel_1290,pixel_1291,pixel_1292,pixel_1293,pixel_1294,pixel_1295,pixel_1296,pixel_1297,pixel_1298,pixel_1299,pixel_1300,pixel_1301,pixel_1302,pixel_1303,pixel_1304,pixel_1305,pixel_1306,pixel_1307,pixel_1308,pixel_1309,pixel_1310,pixel_1311,pixel_1312,pixel_1313,pixel_1314,pixel_1315,pixel_1316,pixel_1317,pixel_1318,pixel_1319,pixel_1320,pixel_1321,pixel_1322,pixel_1323,pixel_1324,pixel_1325,pixel_1326,pixel_1327,pixel_1328,pixel_1329,pixel_1330,pixel_1331,pixel_1332,pixel_1333,pixel_1334,pixel_1335,pixel_1336,pixel_1337,pixel_1338,pixel_1339,pixel_1340,pixel_1341,pixel_1342,pixel_1343,pixel_1344,pixel_1345,pixel_1346,pixel_1347,pixel_1348,pixel_1349,pixel_1350,pixel_1351,pixel_1352,pixel_1353,pixel_1354,pixel_1355,pixel_1356,pixel_1357,pixel_1358,pixel_1359,pixel_1360,pixel_1361,pixel_1362,pixel_1363,pixel_1364,pixel_1365,pixel_1366,pixel_1367,pixel_1368,pixel_1369,pixel_1370,pixel_1371,pixel_1372,pixel_1373,pixel_1374,pixel_1375,pixel_1376,pixel_1377,pixel_1378,pixel_1379,pixel_1380,pixel_1381,pixel_1382,pixel_1383,pixel_1384,pixel_1385,pixel_1386,pixel_1387,pixel_1388,pixel_1389,pixel_1390,pixel_1391,pixel_1392,pixel_1393,pixel_1394,pixel_1395,pixel_1396,pixel_1397,pixel_1398,pixel_1399,pixel_1400,pixel_1401,pixel_1402,pixel_1403,pixel_1404,pixel_1405,pixel_1406,pixel_1407,pixel_1408,pixel_1409,pixel_1410,pixel_1411,pixel_1412,pixel_1413,pixel_1414,pixel_1415,pixel_1416,pixel_1417,pixel_1418,pixel_1419,pixel_1420,pixel_1421,pixel_1422,pixel_1423,pixel_1424,pixel_1425,pixel_1426,pixel_1427,pixel_1428,pixel_1429,pixel_1430,pixel_1431,pixel_1432,pixel_1433,pixel_1434,pixel_1435,pixel_1436,pixel_1437,pixel_1438,pixel_1439,pixel_1440,pixel_1441,pixel_1442,pixel_1443,pixel_1444,pixel_1445,pixel_1446,pixel_1447,pixel_1448,pixel_1449,pixel_1450,pixel_1451,pixel_1452,pixel_1453,pixel_1454,pixel_1455,pixel_1456,pixel_1457,pixel_1458,pixel_1459,pixel_1460,pixel_1461,pixel_1462,pixel_1463,pixel_1464,pixel_1465,pixel_1466,pixel_1467,pixel_1468,pixel_1469,pixel_1470,pixel_1471,pixel_1472,pixel_1473,pixel_1474,pixel_1475,pixel_1476,pixel_1477,pixel_1478,pixel_1479,pixel_1480,pixel_1481,pixel_1482,pixel_1483,pixel_1484,pixel_1485,pixel_1486,pixel_1487,pixel_1488,pixel_1489,pixel_1490,pixel_1491,pixel_1492,pixel_1493,pixel_1494,pixel_1495,pixel_1496,pixel_1497,pixel_1498,pixel_1499,pixel_1500,pixel_1501,pixel_1502,pixel_1503,pixel_1504,pixel_1505,pixel_1506,pixel_1507,pixel_1508,pixel_1509,pixel_1510,pixel_1511,pixel_1512,pixel_1513,pixel_1514,pixel_1515,pixel_1516,pixel_1517,pixel_1518,pixel_1519,pixel_1520,pixel_1521,pixel_1522,pixel_1523,pixel_1524,pixel_1525,pixel_1526,pixel_1527,pixel_1528,pixel_1529,pixel_1530,pixel_1531,pixel_1532,pixel_1533,pixel_1534,pixel_1535,pixel_1536,pixel_1537,pixel_1538,pixel_1539,pixel_1540,pixel_1541,pixel_1542,pixel_1543,pixel_1544,pixel_1545,pixel_1546,pixel_1547,pixel_1548,pixel_1549,pixel_1550,pixel_1551,pixel_1552,pixel_1553,pixel_1554,pixel_1555,pixel_1556,pixel_1557,pixel_1558,pixel_1559,pixel_1560,pixel_1561,pixel_1562,pixel_1563,pixel_1564,pixel_1565,pixel_1566,pixel_1567,pixel_1568,pixel_1569,pixel_1570,pixel_1571,pixel_1572,pixel_1573,pixel_1574,pixel_1575,pixel_1576,pixel_1577,pixel_1578,pixel_1579,pixel_1580,pixel_1581,pixel_1582,pixel_1583,pixel_1584,pixel_1585,pixel_1586,pixel_1587,pixel_1588,pixel_1589,pixel_1590,pixel_1591,pixel_1592,pixel_1593,pixel_1594,pixel_1595,pixel_1596,pixel_1597,pixel_1598,pixel_1599,pixel_1600,pixel_1601,pixel_1602,pixel_1603,pixel_1604,pixel_1605,pixel_1606,pixel_1607,pixel_1608,pixel_1609,pixel_1610,pixel_1611,pixel_1612,pixel_1613,pixel_1614,pixel_1615,pixel_1616,pixel_1617,pixel_1618,pixel_1619,pixel_1620,pixel_1621,pixel_1622,pixel_1623,pixel_1624,pixel_1625,pixel_1626,pixel_1627,pixel_1628,pixel_1629,pixel_1630,pixel_1631,pixel_1632,pixel_1633,pixel_1634,pixel_1635,pixel_1636,pixel_1637,pixel_1638,pixel_1639,pixel_1640,pixel_1641,pixel_1642,pixel_1643,pixel_1644,pixel_1645,pixel_1646,pixel_1647,pixel_1648,pixel_1649,pixel_1650,pixel_1651,pixel_1652,pixel_1653,pixel_1654,pixel_1655,pixel_1656,pixel_1657,pixel_1658,pixel_1659,pixel_1660,pixel_1661,pixel_1662,pixel_1663,pixel_1664,pixel_1665,pixel_1666,pixel_1667,pixel_1668,pixel_1669,pixel_1670,pixel_1671,pixel_1672,pixel_1673,pixel_1674,pixel_1675,pixel_1676,pixel_1677,pixel_1678,pixel_1679,pixel_1680,pixel_1681,pixel_1682,pixel_1683,pixel_1684,pixel_1685,pixel_1686,pixel_1687,pixel_1688,pixel_1689,pixel_1690,pixel_1691,pixel_1692,pixel_1693,pixel_1694,pixel_1695,pixel_1696,pixel_1697,pixel_1698,pixel_1699,pixel_1700,pixel_1701,pixel_1702,pixel_1703,pixel_1704,pixel_1705,pixel_1706,pixel_1707,pixel_1708,pixel_1709,pixel_1710,pixel_1711,pixel_1712,pixel_1713,pixel_1714,pixel_1715,pixel_1716,pixel_1717,pixel_1718,pixel_1719,pixel_1720,pixel_1721,pixel_1722,pixel_1723,pixel_1724,pixel_1725,pixel_1726,pixel_1727,pixel_1728,pixel_1729,pixel_1730,pixel_1731,pixel_1732,pixel_1733,pixel_1734,pixel_1735,pixel_1736,pixel_1737,pixel_1738,pixel_1739,pixel_1740,pixel_1741,pixel_1742,pixel_1743,pixel_1744,pixel_1745,pixel_1746,pixel_1747,pixel_1748,pixel_1749,pixel_1750,pixel_1751,pixel_1752,pixel_1753,pixel_1754,pixel_1755,pixel_1756,pixel_1757,pixel_1758,pixel_1759,pixel_1760,pixel_1761,pixel_1762,pixel_1763,pixel_1764,pixel_1765,pixel_1766,pixel_1767,pixel_1768,pixel_1769,pixel_1770,pixel_1771,pixel_1772,pixel_1773,pixel_1774,pixel_1775,pixel_1776,pixel_1777,pixel_1778,pixel_1779,pixel_1780,pixel_1781,pixel_1782,pixel_1783,pixel_1784,pixel_1785,pixel_1786,pixel_1787,pixel_1788,pixel_1789,pixel_1790,pixel_1791,pixel_1792,pixel_1793,pixel_1794,pixel_1795,pixel_1796,pixel_1797,pixel_1798,pixel_1799,pixel_1800,pixel_1801,pixel_1802,pixel_1803,pixel_1804,pixel_1805,pixel_1806,pixel_1807,pixel_1808,pixel_1809,pixel_1810,pixel_1811,pixel_1812,pixel_1813,pixel_1814,pixel_1815,pixel_1816,pixel_1817,pixel_1818,pixel_1819,pixel_1820,pixel_1821,pixel_1822,pixel_1823,pixel_1824,pixel_1825,pixel_1826,pixel_1827,pixel_1828,pixel_1829,pixel_1830,pixel_1831,pixel_1832,pixel_1833,pixel_1834,pixel_1835,pixel_1836,pixel_1837,pixel_1838,pixel_1839,pixel_1840,pixel_1841,pixel_1842,pixel_1843,pixel_1844,pixel_1845,pixel_1846,pixel_1847,pixel_1848,pixel_1849,pixel_1850,pixel_1851,pixel_1852,pixel_1853,pixel_1854,pixel_1855,pixel_1856,pixel_1857,pixel_1858,pixel_1859,pixel_1860,pixel_1861,pixel_1862,pixel_1863,pixel_1864,pixel_1865,pixel_1866,pixel_1867,pixel_1868,pixel_1869,pixel_1870,pixel_1871,pixel_1872,pixel_1873,pixel_1874,pixel_1875,pixel_1876,pixel_1877,pixel_1878,pixel_1879,pixel_1880,pixel_1881,pixel_1882,pixel_1883,pixel_1884,pixel_1885,pixel_1886,pixel_1887,pixel_1888,pixel_1889,pixel_1890,pixel_1891,pixel_1892,pixel_1893,pixel_1894,pixel_1895,pixel_1896,pixel_1897,pixel_1898,pixel_1899,pixel_1900,pixel_1901,pixel_1902,pixel_1903,pixel_1904,pixel_1905,pixel_1906,pixel_1907,pixel_1908,pixel_1909,pixel_1910,pixel_1911,pixel_1912,pixel_1913,pixel_1914,pixel_1915,pixel_1916,pixel_1917,pixel_1918,pixel_1919,pixel_1920,pixel_1921,pixel_1922,pixel_1923,pixel_1924,pixel_1925,pixel_1926,pixel_1927,pixel_1928,pixel_1929,pixel_1930,pixel_1931,pixel_1932,pixel_1933,pixel_1934,pixel_1935,pixel_1936,pixel_1937,pixel_1938,pixel_1939,pixel_1940,pixel_1941,pixel_1942,pixel_1943,pixel_1944,pixel_1945,pixel_1946,pixel_1947,pixel_1948,pixel_1949,pixel_1950,pixel_1951,pixel_1952,pixel_1953,pixel_1954,pixel_1955,pixel_1956,pixel_1957,pixel_1958,pixel_1959,pixel_1960,pixel_1961,pixel_1962,pixel_1963,pixel_1964,pixel_1965,pixel_1966,pixel_1967,pixel_1968,pixel_1969,pixel_1970,pixel_1971,pixel_1972,pixel_1973,pixel_1974,pixel_1975,pixel_1976,pixel_1977,pixel_1978,pixel_1979,pixel_1980,pixel_1981,pixel_1982,pixel_1983,pixel_1984,pixel_1985,pixel_1986,pixel_1987,pixel_1988,pixel_1989,pixel_1990,pixel_1991,pixel_1992,pixel_1993,pixel_1994,pixel_1995,pixel_1996,pixel_1997,pixel_1998,pixel_1999,pixel_2000,pixel_2001,pixel_2002,pixel_2003,pixel_2004,pixel_2005,pixel_2006,pixel_2007,pixel_2008,pixel_2009,pixel_2010,pixel_2011,pixel_2012,pixel_2013,pixel_2014,pixel_2015,pixel_2016,pixel_2017,pixel_2018,pixel_2019,pixel_2020,pixel_2021,pixel_2022,pixel_2023,pixel_2024,pixel_2025,pixel_2026,pixel_2027,pixel_2028,pixel_2029,pixel_2030,pixel_2031,pixel_2032,pixel_2033,pixel_2034,pixel_2035,pixel_2036,pixel_2037,pixel_2038,pixel_2039,pixel_2040,pixel_2041,pixel_2042,pixel_2043,pixel_2044,pixel_2045,pixel_2046,pixel_2047,pixel_2048,pixel_2049,pixel_2050,pixel_2051,pixel_2052,pixel_2053,pixel_2054,pixel_2055,pixel_2056,pixel_2057,pixel_2058,pixel_2059,pixel_2060,pixel_2061,pixel_2062,pixel_2063,pixel_2064,pixel_2065,pixel_2066,pixel_2067,pixel_2068,pixel_2069,pixel_2070,pixel_2071,pixel_2072,pixel_2073,pixel_2074,pixel_2075,pixel_2076,pixel_2077,pixel_2078,pixel_2079,pixel_2080,pixel_2081,pixel_2082,pixel_2083,pixel_2084,pixel_2085,pixel_2086,pixel_2087,pixel_2088,pixel_2089,pixel_2090,pixel_2091,pixel_2092,pixel_2093,pixel_2094,pixel_2095,pixel_2096,pixel_2097,pixel_2098,pixel_2099,pixel_2100,pixel_2101,pixel_2102,pixel_2103,pixel_2104,pixel_2105,pixel_2106,pixel_2107,pixel_2108,pixel_2109,pixel_2110,pixel_2111,pixel_2112,pixel_2113,pixel_2114,pixel_2115,pixel_2116,pixel_2117,pixel_2118,pixel_2119,pixel_2120,pixel_2121,pixel_2122,pixel_2123,pixel_2124,pixel_2125,pixel_2126,pixel_2127,pixel_2128,pixel_2129,pixel_2130,pixel_2131,pixel_2132,pixel_2133,pixel_2134,pixel_2135,pixel_2136,pixel_2137,pixel_2138,pixel_2139,pixel_2140,pixel_2141,pixel_2142,pixel_2143,pixel_2144,pixel_2145,pixel_2146,pixel_2147,pixel_2148,pixel_2149,pixel_2150,pixel_2151,pixel_2152,pixel_2153,pixel_2154,pixel_2155,pixel_2156,pixel_2157,pixel_2158,pixel_2159,pixel_2160,pixel_2161,pixel_2162,pixel_2163,pixel_2164,pixel_2165,pixel_2166,pixel_2167,pixel_2168,pixel_2169,pixel_2170,pixel_2171,pixel_2172,pixel_2173,pixel_2174,pixel_2175,pixel_2176,pixel_2177,pixel_2178,pixel_2179,pixel_2180,pixel_2181,pixel_2182,pixel_2183,pixel_2184,pixel_2185,pixel_2186,pixel_2187,pixel_2188,pixel_2189,pixel_2190,pixel_2191,pixel_2192,pixel_2193,pixel_2194,pixel_2195,pixel_2196,pixel_2197,pixel_2198,pixel_2199,pixel_2200,pixel_2201,pixel_2202,pixel_2203,pixel_2204,pixel_2205,pixel_2206,pixel_2207,pixel_2208,pixel_2209,pixel_2210,pixel_2211,pixel_2212,pixel_2213,pixel_2214,pixel_2215,pixel_2216,pixel_2217,pixel_2218,pixel_2219,pixel_2220,pixel_2221,pixel_2222,pixel_2223,pixel_2224,pixel_2225,pixel_2226,pixel_2227,pixel_2228,pixel_2229,pixel_2230,pixel_2231,pixel_2232,pixel_2233,pixel_2234,pixel_2235,pixel_2236,pixel_2237,pixel_2238,pixel_2239,pixel_2240,pixel_2241,pixel_2242,pixel_2243,pixel_2244,pixel_2245,pixel_2246,pixel_2247,pixel_2248,pixel_2249,pixel_2250,pixel_2251,pixel_2252,pixel_2253,pixel_2254,pixel_2255,pixel_2256,pixel_2257,pixel_2258,pixel_2259,pixel_2260,pixel_2261,pixel_2262,pixel_2263,pixel_2264,pixel_2265,pixel_2266,pixel_2267,pixel_2268,pixel_2269,pixel_2270,pixel_2271,pixel_2272,pixel_2273,pixel_2274,pixel_2275,pixel_2276,pixel_2277,pixel_2278,pixel_2279,pixel_2280,pixel_2281,pixel_2282,pixel_2283,pixel_2284,pixel_2285,pixel_2286,pixel_2287,pixel_2288,pixel_2289,pixel_2290,pixel_2291,pixel_2292,pixel_2293,pixel_2294,pixel_2295,pixel_2296,pixel_2297,pixel_2298,pixel_2299,pixel_2300,pixel_2301,pixel_2302,pixel_2303,pixel_2304,pixel_2305,pixel_2306,pixel_2307,pixel_2308,pixel_2309,pixel_2310,pixel_2311,pixel_2312,pixel_2313,pixel_2314,pixel_2315,pixel_2316,pixel_2317,pixel_2318,pixel_2319,pixel_2320,pixel_2321,pixel_2322,pixel_2323,pixel_2324,pixel_2325,pixel_2326,pixel_2327,pixel_2328,pixel_2329,pixel_2330,pixel_2331,pixel_2332,pixel_2333,pixel_2334,pixel_2335,pixel_2336,pixel_2337,pixel_2338,pixel_2339,pixel_2340,pixel_2341,pixel_2342,pixel_2343,pixel_2344,pixel_2345,pixel_2346,pixel_2347,pixel_2348,pixel_2349,pixel_2350,pixel_2351,pixel_2352,pixel_2353,pixel_2354,pixel_2355,pixel_2356,pixel_2357,pixel_2358,pixel_2359,pixel_2360,pixel_2361,pixel_2362,pixel_2363,pixel_2364,pixel_2365,pixel_2366,pixel_2367,pixel_2368,pixel_2369,pixel_2370,pixel_2371,pixel_2372,pixel_2373,pixel_2374,pixel_2375,pixel_2376,pixel_2377,pixel_2378,pixel_2379,pixel_2380,pixel_2381,pixel_2382,pixel_2383,pixel_2384,pixel_2385,pixel_2386,pixel_2387,pixel_2388,pixel_2389,pixel_2390,pixel_2391,pixel_2392,pixel_2393,pixel_2394,pixel_2395,pixel_2396,pixel_2397,pixel_2398,pixel_2399,pixel_2400,pixel_2401,pixel_2402,pixel_2403,pixel_2404,pixel_2405,pixel_2406,pixel_2407,pixel_2408,pixel_2409,pixel_2410,pixel_2411,pixel_2412,pixel_2413,pixel_2414,pixel_2415,pixel_2416,pixel_2417,pixel_2418,pixel_2419,pixel_2420,pixel_2421,pixel_2422,pixel_2423,pixel_2424,pixel_2425,pixel_2426,pixel_2427,pixel_2428,pixel_2429,pixel_2430,pixel_2431,pixel_2432,pixel_2433,pixel_2434,pixel_2435,pixel_2436,pixel_2437,pixel_2438,pixel_2439,pixel_2440,pixel_2441,pixel_2442,pixel_2443,pixel_2444,pixel_2445,pixel_2446,pixel_2447,pixel_2448,pixel_2449,pixel_2450,pixel_2451,pixel_2452,pixel_2453,pixel_2454,pixel_2455,pixel_2456,pixel_2457,pixel_2458,pixel_2459,pixel_2460,pixel_2461,pixel_2462,pixel_2463,pixel_2464,pixel_2465,pixel_2466,pixel_2467,pixel_2468,pixel_2469,pixel_2470,pixel_2471,pixel_2472,pixel_2473,pixel_2474,pixel_2475,pixel_2476,pixel_2477,pixel_2478,pixel_2479,pixel_2480,pixel_2481,pixel_2482,pixel_2483,pixel_2484,pixel_2485,pixel_2486,pixel_2487,pixel_2488,pixel_2489,pixel_2490,pixel_2491,pixel_2492,pixel_2493,pixel_2494,pixel_2495,pixel_2496,pixel_2497,pixel_2498,pixel_2499,pixel_2500,pixel_2501,pixel_2502,pixel_2503,pixel_2504,pixel_2505,pixel_2506,pixel_2507,pixel_2508,pixel_2509,pixel_2510,pixel_2511,pixel_2512,pixel_2513,pixel_2514,pixel_2515,pixel_2516,pixel_2517,pixel_2518,pixel_2519,pixel_2520,pixel_2521,pixel_2522,pixel_2523,pixel_2524,pixel_2525,pixel_2526,pixel_2527,pixel_2528,pixel_2529,pixel_2530,pixel_2531,pixel_2532,pixel_2533,pixel_2534,pixel_2535,pixel_2536,pixel_2537,pixel_2538,pixel_2539,pixel_2540,pixel_2541,pixel_2542,pixel_2543,pixel_2544,pixel_2545,pixel_2546,pixel_2547,pixel_2548,pixel_2549,pixel_2550,pixel_2551,pixel_2552,pixel_2553,pixel_2554,pixel_2555,pixel_2556,pixel_2557,pixel_2558,pixel_2559,pixel_2560,pixel_2561,pixel_2562,pixel_2563,pixel_2564,pixel_2565,pixel_2566,pixel_2567,pixel_2568,pixel_2569,pixel_2570,pixel_2571,pixel_2572,pixel_2573,pixel_2574,pixel_2575,pixel_2576,pixel_2577,pixel_2578,pixel_2579,pixel_2580,pixel_2581,pixel_2582,pixel_2583,pixel_2584,pixel_2585,pixel_2586,pixel_2587,pixel_2588,pixel_2589,pixel_2590,pixel_2591,pixel_2592,pixel_2593,pixel_2594,pixel_2595,pixel_2596,pixel_2597,pixel_2598,pixel_2599,pixel_2600,pixel_2601,pixel_2602,pixel_2603,pixel_2604,pixel_2605,pixel_2606,pixel_2607,pixel_2608,pixel_2609,pixel_2610,pixel_2611,pixel_2612,pixel_2613,pixel_2614,pixel_2615,pixel_2616,pixel_2617,pixel_2618,pixel_2619,pixel_2620,pixel_2621,pixel_2622,pixel_2623,pixel_2624,pixel_2625,pixel_2626,pixel_2627,pixel_2628,pixel_2629,pixel_2630,pixel_2631,pixel_2632,pixel_2633,pixel_2634,pixel_2635,pixel_2636,pixel_2637,pixel_2638,pixel_2639,pixel_2640,pixel_2641,pixel_2642,pixel_2643,pixel_2644,pixel_2645,pixel_2646,pixel_2647,pixel_2648,pixel_2649,pixel_2650,pixel_2651,pixel_2652,pixel_2653,pixel_2654,pixel_2655,pixel_2656,pixel_2657,pixel_2658,pixel_2659,pixel_2660,pixel_2661,pixel_2662,pixel_2663,pixel_2664,pixel_2665,pixel_2666,pixel_2667,pixel_2668,pixel_2669,pixel_2670,pixel_2671,pixel_2672,pixel_2673,pixel_2674,pixel_2675,pixel_2676,pixel_2677,pixel_2678,pixel_2679,pixel_2680,pixel_2681,pixel_2682,pixel_2683,pixel_2684,pixel_2685,pixel_2686,pixel_2687,pixel_2688,pixel_2689,pixel_2690,pixel_2691,pixel_2692,pixel_2693,pixel_2694,pixel_2695,pixel_2696,pixel_2697,pixel_2698,pixel_2699,pixel_2700,pixel_2701,pixel_2702,pixel_2703,pixel_2704,pixel_2705,pixel_2706,pixel_2707,pixel_2708,pixel_2709,pixel_2710,pixel_2711,pixel_2712,pixel_2713,pixel_2714,pixel_2715,pixel_2716,pixel_2717,pixel_2718,pixel_2719,pixel_2720,pixel_2721,pixel_2722,pixel_2723,pixel_2724,pixel_2725,pixel_2726,pixel_2727,pixel_2728,pixel_2729,pixel_2730,pixel_2731,pixel_2732,pixel_2733,pixel_2734,pixel_2735,pixel_2736,pixel_2737,pixel_2738,pixel_2739,pixel_2740,pixel_2741,pixel_2742,pixel_2743,pixel_2744,pixel_2745,pixel_2746,pixel_2747,pixel_2748,pixel_2749,pixel_2750,pixel_2751,pixel_2752,pixel_2753,pixel_2754,pixel_2755,pixel_2756,pixel_2757,pixel_2758,pixel_2759,pixel_2760,pixel_2761,pixel_2762,pixel_2763,pixel_2764,pixel_2765,pixel_2766,pixel_2767,pixel_2768,pixel_2769,pixel_2770,pixel_2771,pixel_2772,pixel_2773,pixel_2774,pixel_2775,pixel_2776,pixel_2777,pixel_2778,pixel_2779,pixel_2780,pixel_2781,pixel_2782,pixel_2783,pixel_2784,pixel_2785,pixel_2786,pixel_2787,pixel_2788,pixel_2789,pixel_2790,pixel_2791,pixel_2792,pixel_2793,pixel_2794,pixel_2795,pixel_2796,pixel_2797,pixel_2798,pixel_2799,pixel_2800,pixel_2801,pixel_2802,pixel_2803,pixel_2804,pixel_2805,pixel_2806,pixel_2807,pixel_2808,pixel_2809,pixel_2810,pixel_2811,pixel_2812,pixel_2813,pixel_2814,pixel_2815,pixel_2816,pixel_2817,pixel_2818,pixel_2819,pixel_2820,pixel_2821,pixel_2822,pixel_2823,pixel_2824,pixel_2825,pixel_2826,pixel_2827,pixel_2828,pixel_2829,pixel_2830,pixel_2831,pixel_2832,pixel_2833,pixel_2834,pixel_2835,pixel_2836,pixel_2837,pixel_2838,pixel_2839,pixel_2840,pixel_2841,pixel_2842,pixel_2843,pixel_2844,pixel_2845,pixel_2846,pixel_2847,pixel_2848,pixel_2849,pixel_2850,pixel_2851,pixel_2852,pixel_2853,pixel_2854,pixel_2855,pixel_2856,pixel_2857,pixel_2858,pixel_2859,pixel_2860,pixel_2861,pixel_2862,pixel_2863,pixel_2864,pixel_2865,pixel_2866,pixel_2867,pixel_2868,pixel_2869,pixel_2870,pixel_2871,pixel_2872,pixel_2873,pixel_2874,pixel_2875,pixel_2876,pixel_2877,pixel_2878,pixel_2879,pixel_2880,pixel_2881,pixel_2882,pixel_2883,pixel_2884,pixel_2885,pixel_2886,pixel_2887,pixel_2888,pixel_2889,pixel_2890,pixel_2891,pixel_2892,pixel_2893,pixel_2894,pixel_2895,pixel_2896,pixel_2897,pixel_2898,pixel_2899,pixel_2900,pixel_2901,pixel_2902,pixel_2903,pixel_2904,pixel_2905,pixel_2906,pixel_2907,pixel_2908,pixel_2909,pixel_2910,pixel_2911,pixel_2912,pixel_2913,pixel_2914,pixel_2915,pixel_2916,pixel_2917,pixel_2918,pixel_2919,pixel_2920,pixel_2921,pixel_2922,pixel_2923,pixel_2924,pixel_2925,pixel_2926,pixel_2927,pixel_2928,pixel_2929,pixel_2930,pixel_2931,pixel_2932,pixel_2933,pixel_2934,pixel_2935,pixel_2936,pixel_2937,pixel_2938,pixel_2939,pixel_2940,pixel_2941,pixel_2942,pixel_2943,pixel_2944,pixel_2945,pixel_2946,pixel_2947,pixel_2948,pixel_2949,pixel_2950,pixel_2951,pixel_2952,pixel_2953,pixel_2954,pixel_2955,pixel_2956,pixel_2957,pixel_2958,pixel_2959,pixel_2960,pixel_2961,pixel_2962,pixel_2963,pixel_2964,pixel_2965,pixel_2966,pixel_2967,pixel_2968,pixel_2969,pixel_2970,pixel_2971,pixel_2972,pixel_2973,pixel_2974,pixel_2975,pixel_2976,pixel_2977,pixel_2978,pixel_2979,pixel_2980,pixel_2981,pixel_2982,pixel_2983,pixel_2984,pixel_2985,pixel_2986,pixel_2987,pixel_2988,pixel_2989,pixel_2990,pixel_2991,pixel_2992,pixel_2993,pixel_2994,pixel_2995,pixel_2996,pixel_2997,pixel_2998,pixel_2999,pixel_3000,pixel_3001,pixel_3002,pixel_3003,pixel_3004,pixel_3005,pixel_3006,pixel_3007,pixel_3008,pixel_3009,pixel_3010,pixel_3011,pixel_3012,pixel_3013,pixel_3014,pixel_3015,pixel_3016,pixel_3017,pixel_3018,pixel_3019,pixel_3020,pixel_3021,pixel_3022,pixel_3023,pixel_3024,pixel_3025,pixel_3026,pixel_3027,pixel_3028,pixel_3029,pixel_3030,pixel_3031,pixel_3032,pixel_3033,pixel_3034,pixel_3035,pixel_3036,pixel_3037,pixel_3038,pixel_3039,pixel_3040,pixel_3041,pixel_3042,pixel_3043,pixel_3044,pixel_3045,pixel_3046,pixel_3047,pixel_3048,pixel_3049,pixel_3050,pixel_3051,pixel_3052,pixel_3053,pixel_3054,pixel_3055,pixel_3056,pixel_3057,pixel_3058,pixel_3059,pixel_3060,pixel_3061,pixel_3062,pixel_3063,pixel_3064,pixel_3065,pixel_3066,pixel_3067,pixel_3068,pixel_3069,pixel_3070,pixel_3071,pixel_3072,pixel_3073,pixel_3074,pixel_3075,pixel_3076,pixel_3077,pixel_3078,pixel_3079,pixel_3080,pixel_3081,pixel_3082,pixel_3083,pixel_3084,pixel_3085,pixel_3086,pixel_3087,pixel_3088,pixel_3089,pixel_3090,pixel_3091,pixel_3092,pixel_3093,pixel_3094,pixel_3095,pixel_3096,pixel_3097,pixel_3098,pixel_3099,pixel_3100,pixel_3101,pixel_3102,pixel_3103,pixel_3104,pixel_3105,pixel_3106,pixel_3107,pixel_3108,pixel_3109,pixel_3110,pixel_3111,pixel_3112,pixel_3113,pixel_3114,pixel_3115,pixel_3116,pixel_3117,pixel_3118,pixel_3119,pixel_3120,pixel_3121,pixel_3122,pixel_3123,pixel_3124,pixel_3125,pixel_3126,pixel_3127,pixel_3128,pixel_3129,pixel_3130,pixel_3131,pixel_3132,pixel_3133,pixel_3134,pixel_3135,pixel_3136,pixel_3137,pixel_3138,pixel_3139,pixel_3140,pixel_3141,pixel_3142,pixel_3143,pixel_3144,pixel_3145,pixel_3146,pixel_3147,pixel_3148,pixel_3149,pixel_3150,pixel_3151,pixel_3152,pixel_3153,pixel_3154,pixel_3155,pixel_3156,pixel_3157,pixel_3158,pixel_3159,pixel_3160,pixel_3161,pixel_3162,pixel_3163,pixel_3164,pixel_3165,pixel_3166,pixel_3167,pixel_3168,pixel_3169,pixel_3170,pixel_3171,pixel_3172,pixel_3173,pixel_3174,pixel_3175,pixel_3176,pixel_3177,pixel_3178,pixel_3179,pixel_3180,pixel_3181,pixel_3182,pixel_3183,pixel_3184,pixel_3185,pixel_3186,pixel_3187,pixel_3188,pixel_3189,pixel_3190,pixel_3191,pixel_3192,pixel_3193,pixel_3194,pixel_3195,pixel_3196,pixel_3197,pixel_3198,pixel_3199,pixel_3200,pixel_3201,pixel_3202,pixel_3203,pixel_3204,pixel_3205,pixel_3206,pixel_3207,pixel_3208,pixel_3209,pixel_3210,pixel_3211,pixel_3212,pixel_3213,pixel_3214,pixel_3215,pixel_3216,pixel_3217,pixel_3218,pixel_3219,pixel_3220,pixel_3221,pixel_3222,pixel_3223,pixel_3224,pixel_3225,pixel_3226,pixel_3227,pixel_3228,pixel_3229,pixel_3230,pixel_3231,pixel_3232,pixel_3233,pixel_3234,pixel_3235,pixel_3236,pixel_3237,pixel_3238,pixel_3239,pixel_3240,pixel_3241,pixel_3242,pixel_3243,pixel_3244,pixel_3245,pixel_3246,pixel_3247,pixel_3248,pixel_3249,pixel_3250,pixel_3251,pixel_3252,pixel_3253,pixel_3254,pixel_3255,pixel_3256,pixel_3257,pixel_3258,pixel_3259,pixel_3260,pixel_3261,pixel_3262,pixel_3263,pixel_3264,pixel_3265,pixel_3266,pixel_3267,pixel_3268,pixel_3269,pixel_3270,pixel_3271,pixel_3272,pixel_3273,pixel_3274,pixel_3275,pixel_3276,pixel_3277,pixel_3278,pixel_3279,pixel_3280,pixel_3281,pixel_3282,pixel_3283,pixel_3284,pixel_3285,pixel_3286,pixel_3287,pixel_3288,pixel_3289,pixel_3290,pixel_3291,pixel_3292,pixel_3293,pixel_3294,pixel_3295,pixel_3296,pixel_3297,pixel_3298,pixel_3299,pixel_3300,pixel_3301,pixel_3302,pixel_3303,pixel_3304,pixel_3305,pixel_3306,pixel_3307,pixel_3308,pixel_3309,pixel_3310,pixel_3311,pixel_3312,pixel_3313,pixel_3314,pixel_3315,pixel_3316,pixel_3317,pixel_3318,pixel_3319,pixel_3320,pixel_3321,pixel_3322,pixel_3323,pixel_3324,pixel_3325,pixel_3326,pixel_3327,pixel_3328,pixel_3329,pixel_3330,pixel_3331,pixel_3332,pixel_3333,pixel_3334,pixel_3335,pixel_3336,pixel_3337,pixel_3338,pixel_3339,pixel_3340,pixel_3341,pixel_3342,pixel_3343,pixel_3344,pixel_3345,pixel_3346,pixel_3347,pixel_3348,pixel_3349,pixel_3350,pixel_3351,pixel_3352,pixel_3353,pixel_3354,pixel_3355,pixel_3356,pixel_3357,pixel_3358,pixel_3359,pixel_3360,pixel_3361,pixel_3362,pixel_3363,pixel_3364,pixel_3365,pixel_3366,pixel_3367,pixel_3368,pixel_3369,pixel_3370,pixel_3371,pixel_3372,pixel_3373,pixel_3374,pixel_3375,pixel_3376,pixel_3377,pixel_3378,pixel_3379,pixel_3380,pixel_3381,pixel_3382,pixel_3383,pixel_3384,pixel_3385,pixel_3386,pixel_3387,pixel_3388,pixel_3389,pixel_3390,pixel_3391,pixel_3392,pixel_3393,pixel_3394,pixel_3395,pixel_3396,pixel_3397,pixel_3398,pixel_3399,pixel_3400,pixel_3401,pixel_3402,pixel_3403,pixel_3404,pixel_3405,pixel_3406,pixel_3407,pixel_3408,pixel_3409,pixel_3410,pixel_3411,pixel_3412,pixel_3413,pixel_3414,pixel_3415,pixel_3416,pixel_3417,pixel_3418,pixel_3419,pixel_3420,pixel_3421,pixel_3422,pixel_3423,pixel_3424,pixel_3425,pixel_3426,pixel_3427,pixel_3428,pixel_3429,pixel_3430,pixel_3431,pixel_3432,pixel_3433,pixel_3434,pixel_3435,pixel_3436,pixel_3437,pixel_3438,pixel_3439,pixel_3440,pixel_3441,pixel_3442,pixel_3443,pixel_3444,pixel_3445,pixel_3446,pixel_3447,pixel_3448,pixel_3449,pixel_3450,pixel_3451,pixel_3452,pixel_3453,pixel_3454,pixel_3455,pixel_3456,pixel_3457,pixel_3458,pixel_3459,pixel_3460,pixel_3461,pixel_3462,pixel_3463,pixel_3464,pixel_3465,pixel_3466,pixel_3467,pixel_3468,pixel_3469,pixel_3470,pixel_3471,pixel_3472,pixel_3473,pixel_3474,pixel_3475,pixel_3476,pixel_3477,pixel_3478,pixel_3479,pixel_3480,pixel_3481,pixel_3482,pixel_3483,pixel_3484,pixel_3485,pixel_3486,pixel_3487,pixel_3488,pixel_3489,pixel_3490,pixel_3491,pixel_3492,pixel_3493,pixel_3494,pixel_3495,pixel_3496,pixel_3497,pixel_3498,pixel_3499,pixel_3500,pixel_3501,pixel_3502,pixel_3503,pixel_3504,pixel_3505,pixel_3506,pixel_3507,pixel_3508,pixel_3509,pixel_3510,pixel_3511,pixel_3512,pixel_3513,pixel_3514,pixel_3515,pixel_3516,pixel_3517,pixel_3518,pixel_3519,pixel_3520,pixel_3521,pixel_3522,pixel_3523,pixel_3524,pixel_3525,pixel_3526,pixel_3527,pixel_3528,pixel_3529,pixel_3530,pixel_3531,pixel_3532,pixel_3533,pixel_3534,pixel_3535,pixel_3536,pixel_3537,pixel_3538,pixel_3539,pixel_3540,pixel_3541,pixel_3542,pixel_3543,pixel_3544,pixel_3545,pixel_3546,pixel_3547,pixel_3548,pixel_3549,pixel_3550,pixel_3551,pixel_3552,pixel_3553,pixel_3554,pixel_3555,pixel_3556,pixel_3557,pixel_3558,pixel_3559,pixel_3560,pixel_3561,pixel_3562,pixel_3563,pixel_3564,pixel_3565,pixel_3566,pixel_3567,pixel_3568,pixel_3569,pixel_3570,pixel_3571,pixel_3572,pixel_3573,pixel_3574,pixel_3575,pixel_3576,pixel_3577,pixel_3578,pixel_3579,pixel_3580,pixel_3581,pixel_3582,pixel_3583,pixel_3584,pixel_3585,pixel_3586,pixel_3587,pixel_3588,pixel_3589,pixel_3590,pixel_3591,pixel_3592,pixel_3593,pixel_3594,pixel_3595,pixel_3596,pixel_3597,pixel_3598,pixel_3599,pixel_3600,pixel_3601,pixel_3602,pixel_3603,pixel_3604,pixel_3605,pixel_3606,pixel_3607,pixel_3608,pixel_3609,pixel_3610,pixel_3611,pixel_3612,pixel_3613,pixel_3614,pixel_3615,pixel_3616,pixel_3617,pixel_3618,pixel_3619,pixel_3620,pixel_3621,pixel_3622,pixel_3623,pixel_3624,pixel_3625,pixel_3626,pixel_3627,pixel_3628,pixel_3629,pixel_3630,pixel_3631,pixel_3632,pixel_3633,pixel_3634,pixel_3635,pixel_3636,pixel_3637,pixel_3638,pixel_3639,pixel_3640,pixel_3641,pixel_3642,pixel_3643,pixel_3644,pixel_3645,pixel_3646,pixel_3647,pixel_3648,pixel_3649,pixel_3650,pixel_3651,pixel_3652,pixel_3653,pixel_3654,pixel_3655,pixel_3656,pixel_3657,pixel_3658,pixel_3659,pixel_3660,pixel_3661,pixel_3662,pixel_3663,pixel_3664,pixel_3665,pixel_3666,pixel_3667,pixel_3668,pixel_3669,pixel_3670,pixel_3671,pixel_3672,pixel_3673,pixel_3674,pixel_3675,pixel_3676,pixel_3677,pixel_3678,pixel_3679,pixel_3680,pixel_3681,pixel_3682,pixel_3683,pixel_3684,pixel_3685,pixel_3686,pixel_3687,pixel_3688,pixel_3689,pixel_3690,pixel_3691,pixel_3692,pixel_3693,pixel_3694,pixel_3695,pixel_3696,pixel_3697,pixel_3698,pixel_3699,pixel_3700,pixel_3701,pixel_3702,pixel_3703,pixel_3704,pixel_3705,pixel_3706,pixel_3707,pixel_3708,pixel_3709,pixel_3710,pixel_3711,pixel_3712,pixel_3713,pixel_3714,pixel_3715,pixel_3716,pixel_3717,pixel_3718,pixel_3719,pixel_3720,pixel_3721,pixel_3722,pixel_3723,pixel_3724,pixel_3725,pixel_3726,pixel_3727,pixel_3728,pixel_3729,pixel_3730,pixel_3731,pixel_3732,pixel_3733,pixel_3734,pixel_3735,pixel_3736,pixel_3737,pixel_3738,pixel_3739,pixel_3740,pixel_3741,pixel_3742,pixel_3743,pixel_3744,pixel_3745,pixel_3746,pixel_3747,pixel_3748,pixel_3749,pixel_3750,pixel_3751,pixel_3752,pixel_3753,pixel_3754,pixel_3755,pixel_3756,pixel_3757,pixel_3758,pixel_3759,pixel_3760,pixel_3761,pixel_3762,pixel_3763,pixel_3764,pixel_3765,pixel_3766,pixel_3767,pixel_3768,pixel_3769,pixel_3770,pixel_3771,pixel_3772,pixel_3773,pixel_3774,pixel_3775,pixel_3776,pixel_3777,pixel_3778,pixel_3779,pixel_3780,pixel_3781,pixel_3782,pixel_3783,pixel_3784,pixel_3785,pixel_3786,pixel_3787,pixel_3788,pixel_3789,pixel_3790,pixel_3791,pixel_3792,pixel_3793,pixel_3794,pixel_3795,pixel_3796,pixel_3797,pixel_3798,pixel_3799,pixel_3800,pixel_3801,pixel_3802,pixel_3803,pixel_3804,pixel_3805,pixel_3806,pixel_3807,pixel_3808,pixel_3809,pixel_3810,pixel_3811,pixel_3812,pixel_3813,pixel_3814,pixel_3815,pixel_3816,pixel_3817,pixel_3818,pixel_3819,pixel_3820,pixel_3821,pixel_3822,pixel_3823,pixel_3824,pixel_3825,pixel_3826,pixel_3827,pixel_3828,pixel_3829,pixel_3830,pixel_3831,pixel_3832,pixel_3833,pixel_3834,pixel_3835,pixel_3836,pixel_3837,pixel_3838,pixel_3839,pixel_3840,pixel_3841,pixel_3842,pixel_3843,pixel_3844,pixel_3845,pixel_3846,pixel_3847,pixel_3848,pixel_3849,pixel_3850,pixel_3851,pixel_3852,pixel_3853,pixel_3854,pixel_3855,pixel_3856,pixel_3857,pixel_3858,pixel_3859,pixel_3860,pixel_3861,pixel_3862,pixel_3863,pixel_3864,pixel_3865,pixel_3866,pixel_3867,pixel_3868,pixel_3869,pixel_3870,pixel_3871,pixel_3872,pixel_3873,pixel_3874,pixel_3875,pixel_3876,pixel_3877,pixel_3878,pixel_3879,pixel_3880,pixel_3881,pixel_3882,pixel_3883,pixel_3884,pixel_3885,pixel_3886,pixel_3887,pixel_3888,pixel_3889,pixel_3890,pixel_3891,pixel_3892,pixel_3893,pixel_3894,pixel_3895,pixel_3896,pixel_3897,pixel_3898,pixel_3899,pixel_3900,pixel_3901,pixel_3902,pixel_3903,pixel_3904,pixel_3905,pixel_3906,pixel_3907,pixel_3908,pixel_3909,pixel_3910,pixel_3911,pixel_3912,pixel_3913,pixel_3914,pixel_3915,pixel_3916,pixel_3917,pixel_3918,pixel_3919,pixel_3920,pixel_3921,pixel_3922,pixel_3923,pixel_3924,pixel_3925,pixel_3926,pixel_3927,pixel_3928,pixel_3929,pixel_3930,pixel_3931,pixel_3932,pixel_3933,pixel_3934,pixel_3935,pixel_3936,pixel_3937,pixel_3938,pixel_3939,pixel_3940,pixel_3941,pixel_3942,pixel_3943,pixel_3944,pixel_3945,pixel_3946,pixel_3947,pixel_3948,pixel_3949,pixel_3950,pixel_3951,pixel_3952,pixel_3953,pixel_3954,pixel_3955,pixel_3956,pixel_3957,pixel_3958,pixel_3959,pixel_3960,pixel_3961,pixel_3962,pixel_3963,pixel_3964,pixel_3965,pixel_3966,pixel_3967,pixel_3968,pixel_3969,pixel_3970,pixel_3971,pixel_3972,pixel_3973,pixel_3974,pixel_3975,pixel_3976,pixel_3977,pixel_3978,pixel_3979,pixel_3980,pixel_3981,pixel_3982,pixel_3983,pixel_3984,pixel_3985,pixel_3986,pixel_3987,pixel_3988,pixel_3989,pixel_3990,pixel_3991,pixel_3992,pixel_3993,pixel_3994,pixel_3995,pixel_3996,pixel_3997,pixel_3998,pixel_3999,pixel_4000,pixel_4001,pixel_4002,pixel_4003,pixel_4004,pixel_4005,pixel_4006,pixel_4007,pixel_4008,pixel_4009,pixel_4010,pixel_4011,pixel_4012,pixel_4013,pixel_4014,pixel_4015,pixel_4016,pixel_4017,pixel_4018,pixel_4019,pixel_4020,pixel_4021,pixel_4022,pixel_4023,pixel_4024,pixel_4025,pixel_4026,pixel_4027,pixel_4028,pixel_4029,pixel_4030,pixel_4031,pixel_4032,pixel_4033,pixel_4034,pixel_4035,pixel_4036,pixel_4037,pixel_4038,pixel_4039,pixel_4040,pixel_4041,pixel_4042,pixel_4043,pixel_4044,pixel_4045,pixel_4046,pixel_4047,pixel_4048,pixel_4049,pixel_4050,pixel_4051,pixel_4052,pixel_4053,pixel_4054,pixel_4055,pixel_4056,pixel_4057,pixel_4058,pixel_4059,pixel_4060,pixel_4061,pixel_4062,pixel_4063,pixel_4064,pixel_4065,pixel_4066,pixel_4067,pixel_4068,pixel_4069,pixel_4070,pixel_4071,pixel_4072,pixel_4073,pixel_4074,pixel_4075,pixel_4076,pixel_4077,pixel_4078,pixel_4079,pixel_4080,pixel_4081,pixel_4082,pixel_4083,pixel_4084,pixel_4085,pixel_4086,pixel_4087,pixel_4088,pixel_4089,pixel_4090,pixel_4091,pixel_4092,pixel_4093,pixel_4094,pixel_4095,pixel_4096,pixel_4097,pixel_4098,pixel_4099,pixel_4100,pixel_4101,pixel_4102,pixel_4103,pixel_4104,pixel_4105,pixel_4106,pixel_4107,pixel_4108,pixel_4109,pixel_4110,pixel_4111,pixel_4112,pixel_4113,pixel_4114,pixel_4115,pixel_4116,pixel_4117,pixel_4118,pixel_4119,pixel_4120,pixel_4121,pixel_4122,pixel_4123,pixel_4124,pixel_4125,pixel_4126,pixel_4127,pixel_4128,pixel_4129,pixel_4130,pixel_4131,pixel_4132,pixel_4133,pixel_4134,pixel_4135,pixel_4136,pixel_4137,pixel_4138,pixel_4139,pixel_4140,pixel_4141,pixel_4142,pixel_4143,pixel_4144,pixel_4145,pixel_4146,pixel_4147,pixel_4148,pixel_4149,pixel_4150,pixel_4151,pixel_4152,pixel_4153,pixel_4154,pixel_4155,pixel_4156,pixel_4157,pixel_4158,pixel_4159,pixel_4160,pixel_4161,pixel_4162,pixel_4163,pixel_4164,pixel_4165,pixel_4166,pixel_4167,pixel_4168,pixel_4169,pixel_4170,pixel_4171,pixel_4172,pixel_4173,pixel_4174,pixel_4175,pixel_4176,pixel_4177,pixel_4178,pixel_4179,pixel_4180,pixel_4181,pixel_4182,pixel_4183,pixel_4184,pixel_4185,pixel_4186,pixel_4187,pixel_4188,pixel_4189,pixel_4190,pixel_4191,pixel_4192,pixel_4193,pixel_4194,pixel_4195,pixel_4196,pixel_4197,pixel_4198,pixel_4199,pixel_4200,pixel_4201,pixel_4202,pixel_4203,pixel_4204,pixel_4205,pixel_4206,pixel_4207,pixel_4208,pixel_4209,pixel_4210,pixel_4211,pixel_4212,pixel_4213,pixel_4214,pixel_4215,pixel_4216,pixel_4217,pixel_4218,pixel_4219,pixel_4220,pixel_4221,pixel_4222,pixel_4223,pixel_4224,pixel_4225,pixel_4226,pixel_4227,pixel_4228,pixel_4229,pixel_4230,pixel_4231,pixel_4232,pixel_4233,pixel_4234,pixel_4235,pixel_4236,pixel_4237,pixel_4238,pixel_4239,pixel_4240,pixel_4241,pixel_4242,pixel_4243,pixel_4244,pixel_4245,pixel_4246,pixel_4247,pixel_4248,pixel_4249,pixel_4250,pixel_4251,pixel_4252,pixel_4253,pixel_4254,pixel_4255,pixel_4256,pixel_4257,pixel_4258,pixel_4259,pixel_4260,pixel_4261,pixel_4262,pixel_4263,pixel_4264,pixel_4265,pixel_4266,pixel_4267,pixel_4268,pixel_4269,pixel_4270,pixel_4271,pixel_4272,pixel_4273,pixel_4274,pixel_4275,pixel_4276,pixel_4277,pixel_4278,pixel_4279,pixel_4280,pixel_4281,pixel_4282,pixel_4283,pixel_4284,pixel_4285,pixel_4286,pixel_4287,pixel_4288,pixel_4289,pixel_4290,pixel_4291,pixel_4292,pixel_4293,pixel_4294,pixel_4295,pixel_4296,pixel_4297,pixel_4298,pixel_4299,pixel_4300,pixel_4301,pixel_4302,pixel_4303,pixel_4304,pixel_4305,pixel_4306,pixel_4307,pixel_4308,pixel_4309,pixel_4310,pixel_4311,pixel_4312,pixel_4313,pixel_4314,pixel_4315,pixel_4316,pixel_4317,pixel_4318,pixel_4319,pixel_4320,pixel_4321,pixel_4322,pixel_4323,pixel_4324,pixel_4325,pixel_4326,pixel_4327,pixel_4328,pixel_4329,pixel_4330,pixel_4331,pixel_4332,pixel_4333,pixel_4334,pixel_4335,pixel_4336,pixel_4337,pixel_4338,pixel_4339,pixel_4340,pixel_4341,pixel_4342,pixel_4343,pixel_4344,pixel_4345,pixel_4346,pixel_4347,pixel_4348,pixel_4349,pixel_4350,pixel_4351,pixel_4352,pixel_4353,pixel_4354,pixel_4355,pixel_4356,pixel_4357,pixel_4358,pixel_4359,pixel_4360,pixel_4361,pixel_4362,pixel_4363,pixel_4364,pixel_4365,pixel_4366,pixel_4367,pixel_4368,pixel_4369,pixel_4370,pixel_4371,pixel_4372,pixel_4373,pixel_4374,pixel_4375,pixel_4376,pixel_4377,pixel_4378,pixel_4379,pixel_4380,pixel_4381,pixel_4382,pixel_4383,pixel_4384,pixel_4385,pixel_4386,pixel_4387,pixel_4388,pixel_4389,pixel_4390,pixel_4391,pixel_4392,pixel_4393,pixel_4394,pixel_4395,pixel_4396,pixel_4397,pixel_4398,pixel_4399,pixel_4400,pixel_4401,pixel_4402,pixel_4403,pixel_4404,pixel_4405,pixel_4406,pixel_4407,pixel_4408,pixel_4409,pixel_4410,pixel_4411,pixel_4412,pixel_4413,pixel_4414,pixel_4415,pixel_4416,pixel_4417,pixel_4418,pixel_4419,pixel_4420,pixel_4421,pixel_4422,pixel_4423,pixel_4424,pixel_4425,pixel_4426,pixel_4427,pixel_4428,pixel_4429,pixel_4430,pixel_4431,pixel_4432,pixel_4433,pixel_4434,pixel_4435,pixel_4436,pixel_4437,pixel_4438,pixel_4439,pixel_4440,pixel_4441,pixel_4442,pixel_4443,pixel_4444,pixel_4445,pixel_4446,pixel_4447,pixel_4448,pixel_4449,pixel_4450,pixel_4451,pixel_4452,pixel_4453,pixel_4454,pixel_4455,pixel_4456,pixel_4457,pixel_4458,pixel_4459,pixel_4460,pixel_4461,pixel_4462,pixel_4463,pixel_4464,pixel_4465,pixel_4466,pixel_4467,pixel_4468,pixel_4469,pixel_4470,pixel_4471,pixel_4472,pixel_4473,pixel_4474,pixel_4475,pixel_4476,pixel_4477,pixel_4478,pixel_4479,pixel_4480,pixel_4481,pixel_4482,pixel_4483,pixel_4484,pixel_4485,pixel_4486,pixel_4487,pixel_4488,pixel_4489,pixel_4490,pixel_4491,pixel_4492,pixel_4493,pixel_4494,pixel_4495,pixel_4496,pixel_4497,pixel_4498,pixel_4499,pixel_4500,pixel_4501,pixel_4502,pixel_4503,pixel_4504,pixel_4505,pixel_4506,pixel_4507,pixel_4508,pixel_4509,pixel_4510,pixel_4511,pixel_4512,pixel_4513,pixel_4514,pixel_4515,pixel_4516,pixel_4517,pixel_4518,pixel_4519,pixel_4520,pixel_4521,pixel_4522,pixel_4523,pixel_4524,pixel_4525,pixel_4526,pixel_4527,pixel_4528,pixel_4529,pixel_4530,pixel_4531,pixel_4532,pixel_4533,pixel_4534,pixel_4535,pixel_4536,pixel_4537,pixel_4538,pixel_4539,pixel_4540,pixel_4541,pixel_4542,pixel_4543,pixel_4544,pixel_4545,pixel_4546,pixel_4547,pixel_4548,pixel_4549,pixel_4550,pixel_4551,pixel_4552,pixel_4553,pixel_4554,pixel_4555,pixel_4556,pixel_4557,pixel_4558,pixel_4559,pixel_4560,pixel_4561,pixel_4562,pixel_4563,pixel_4564,pixel_4565,pixel_4566,pixel_4567,pixel_4568,pixel_4569,pixel_4570,pixel_4571,pixel_4572,pixel_4573,pixel_4574,pixel_4575,pixel_4576,pixel_4577,pixel_4578,pixel_4579,pixel_4580,pixel_4581,pixel_4582,pixel_4583,pixel_4584,pixel_4585,pixel_4586,pixel_4587,pixel_4588,pixel_4589,pixel_4590,pixel_4591,pixel_4592,pixel_4593,pixel_4594,pixel_4595,pixel_4596,pixel_4597,pixel_4598,pixel_4599,pixel_4600,pixel_4601,pixel_4602,pixel_4603,pixel_4604,pixel_4605,pixel_4606,pixel_4607,pixel_4608,pixel_4609,pixel_4610,pixel_4611,pixel_4612,pixel_4613,pixel_4614,pixel_4615,pixel_4616,pixel_4617,pixel_4618,pixel_4619,pixel_4620,pixel_4621,pixel_4622,pixel_4623,pixel_4624,pixel_4625,pixel_4626,pixel_4627,pixel_4628,pixel_4629,pixel_4630,pixel_4631,pixel_4632,pixel_4633,pixel_4634,pixel_4635,pixel_4636,pixel_4637,pixel_4638,pixel_4639,pixel_4640,pixel_4641,pixel_4642,pixel_4643,pixel_4644,pixel_4645,pixel_4646,pixel_4647,pixel_4648,pixel_4649,pixel_4650,pixel_4651,pixel_4652,pixel_4653,pixel_4654,pixel_4655,pixel_4656,pixel_4657,pixel_4658,pixel_4659,pixel_4660,pixel_4661,pixel_4662,pixel_4663,pixel_4664,pixel_4665,pixel_4666,pixel_4667,pixel_4668,pixel_4669,pixel_4670,pixel_4671,pixel_4672,pixel_4673,pixel_4674,pixel_4675,pixel_4676,pixel_4677,pixel_4678,pixel_4679,pixel_4680,pixel_4681,pixel_4682,pixel_4683,pixel_4684,pixel_4685,pixel_4686,pixel_4687,pixel_4688,pixel_4689,pixel_4690,pixel_4691,pixel_4692,pixel_4693,pixel_4694,pixel_4695,pixel_4696,pixel_4697,pixel_4698,pixel_4699,pixel_4700,pixel_4701,pixel_4702,pixel_4703,pixel_4704,pixel_4705,pixel_4706,pixel_4707,pixel_4708,pixel_4709,pixel_4710,pixel_4711,pixel_4712,pixel_4713,pixel_4714,pixel_4715,pixel_4716,pixel_4717,pixel_4718,pixel_4719,pixel_4720,pixel_4721,pixel_4722,pixel_4723,pixel_4724,pixel_4725,pixel_4726,pixel_4727,pixel_4728,pixel_4729,pixel_4730,pixel_4731,pixel_4732,pixel_4733,pixel_4734,pixel_4735,pixel_4736,pixel_4737,pixel_4738,pixel_4739,pixel_4740,pixel_4741,pixel_4742,pixel_4743,pixel_4744,pixel_4745,pixel_4746,pixel_4747,pixel_4748,pixel_4749,pixel_4750,pixel_4751,pixel_4752,pixel_4753,pixel_4754,pixel_4755,pixel_4756,pixel_4757,pixel_4758,pixel_4759,pixel_4760,pixel_4761,pixel_4762,pixel_4763,pixel_4764,pixel_4765,pixel_4766,pixel_4767,pixel_4768,pixel_4769,pixel_4770,pixel_4771,pixel_4772,pixel_4773,pixel_4774,pixel_4775,pixel_4776,pixel_4777,pixel_4778,pixel_4779,pixel_4780,pixel_4781,pixel_4782,pixel_4783,pixel_4784,pixel_4785,pixel_4786,pixel_4787,pixel_4788,pixel_4789,pixel_4790,pixel_4791,pixel_4792,pixel_4793,pixel_4794,pixel_4795,pixel_4796,pixel_4797,pixel_4798,pixel_4799,pixel_4800,pixel_4801,pixel_4802,pixel_4803,pixel_4804,pixel_4805,pixel_4806,pixel_4807,pixel_4808,pixel_4809,pixel_4810,pixel_4811,pixel_4812,pixel_4813,pixel_4814,pixel_4815,pixel_4816,pixel_4817,pixel_4818,pixel_4819,pixel_4820,pixel_4821,pixel_4822,pixel_4823,pixel_4824,pixel_4825,pixel_4826,pixel_4827,pixel_4828,pixel_4829,pixel_4830,pixel_4831,pixel_4832,pixel_4833,pixel_4834,pixel_4835,pixel_4836,pixel_4837,pixel_4838,pixel_4839,pixel_4840,pixel_4841,pixel_4842,pixel_4843,pixel_4844,pixel_4845,pixel_4846,pixel_4847,pixel_4848,pixel_4849,pixel_4850,pixel_4851,pixel_4852,pixel_4853,pixel_4854,pixel_4855,pixel_4856,pixel_4857,pixel_4858,pixel_4859,pixel_4860,pixel_4861,pixel_4862,pixel_4863,pixel_4864,pixel_4865,pixel_4866,pixel_4867,pixel_4868,pixel_4869,pixel_4870,pixel_4871,pixel_4872,pixel_4873,pixel_4874,pixel_4875,pixel_4876,pixel_4877,pixel_4878,pixel_4879,pixel_4880,pixel_4881,pixel_4882,pixel_4883,pixel_4884,pixel_4885,pixel_4886,pixel_4887,pixel_4888,pixel_4889,pixel_4890,pixel_4891,pixel_4892,pixel_4893,pixel_4894,pixel_4895,pixel_4896,pixel_4897,pixel_4898,pixel_4899,pixel_4900,pixel_4901,pixel_4902,pixel_4903,pixel_4904,pixel_4905,pixel_4906,pixel_4907,pixel_4908,pixel_4909,pixel_4910,pixel_4911,pixel_4912,pixel_4913,pixel_4914,pixel_4915,pixel_4916,pixel_4917,pixel_4918,pixel_4919,pixel_4920,pixel_4921,pixel_4922,pixel_4923,pixel_4924,pixel_4925,pixel_4926,pixel_4927,pixel_4928,pixel_4929,pixel_4930,pixel_4931,pixel_4932,pixel_4933,pixel_4934,pixel_4935,pixel_4936,pixel_4937,pixel_4938,pixel_4939,pixel_4940,pixel_4941,pixel_4942,pixel_4943,pixel_4944,pixel_4945,pixel_4946,pixel_4947,pixel_4948,pixel_4949,pixel_4950,pixel_4951,pixel_4952,pixel_4953,pixel_4954,pixel_4955,pixel_4956,pixel_4957,pixel_4958,pixel_4959,pixel_4960,pixel_4961,pixel_4962,pixel_4963,pixel_4964,pixel_4965,pixel_4966,pixel_4967,pixel_4968,pixel_4969,pixel_4970,pixel_4971,pixel_4972,pixel_4973,pixel_4974,pixel_4975,pixel_4976,pixel_4977,pixel_4978,pixel_4979,pixel_4980,pixel_4981,pixel_4982,pixel_4983,pixel_4984,pixel_4985,pixel_4986,pixel_4987,pixel_4988,pixel_4989,pixel_4990,pixel_4991,pixel_4992,pixel_4993,pixel_4994,pixel_4995,pixel_4996,pixel_4997,pixel_4998,pixel_4999,pixel_5000,pixel_5001,pixel_5002,pixel_5003,pixel_5004,pixel_5005,pixel_5006,pixel_5007,pixel_5008,pixel_5009,pixel_5010,pixel_5011,pixel_5012,pixel_5013,pixel_5014,pixel_5015,pixel_5016,pixel_5017,pixel_5018,pixel_5019,pixel_5020,pixel_5021,pixel_5022,pixel_5023,pixel_5024,pixel_5025,pixel_5026,pixel_5027,pixel_5028,pixel_5029,pixel_5030,pixel_5031,pixel_5032,pixel_5033,pixel_5034,pixel_5035,pixel_5036,pixel_5037,pixel_5038,pixel_5039,pixel_5040,pixel_5041,pixel_5042,pixel_5043,pixel_5044,pixel_5045,pixel_5046,pixel_5047,pixel_5048,pixel_5049,pixel_5050,pixel_5051,pixel_5052,pixel_5053,pixel_5054,pixel_5055,pixel_5056,pixel_5057,pixel_5058,pixel_5059,pixel_5060,pixel_5061,pixel_5062,pixel_5063,pixel_5064,pixel_5065,pixel_5066,pixel_5067,pixel_5068,pixel_5069,pixel_5070,pixel_5071,pixel_5072,pixel_5073,pixel_5074,pixel_5075,pixel_5076,pixel_5077,pixel_5078,pixel_5079,pixel_5080,pixel_5081,pixel_5082,pixel_5083,pixel_5084,pixel_5085,pixel_5086,pixel_5087,pixel_5088,pixel_5089,pixel_5090,pixel_5091,pixel_5092,pixel_5093,pixel_5094,pixel_5095,pixel_5096,pixel_5097,pixel_5098,pixel_5099,pixel_5100,pixel_5101,pixel_5102,pixel_5103,pixel_5104,pixel_5105,pixel_5106,pixel_5107,pixel_5108,pixel_5109,pixel_5110,pixel_5111,pixel_5112,pixel_5113,pixel_5114,pixel_5115,pixel_5116,pixel_5117,pixel_5118,pixel_5119,pixel_5120,pixel_5121,pixel_5122,pixel_5123,pixel_5124,pixel_5125,pixel_5126,pixel_5127,pixel_5128,pixel_5129,pixel_5130,pixel_5131,pixel_5132,pixel_5133,pixel_5134,pixel_5135,pixel_5136,pixel_5137,pixel_5138,pixel_5139,pixel_5140,pixel_5141,pixel_5142,pixel_5143,pixel_5144,pixel_5145,pixel_5146,pixel_5147,pixel_5148,pixel_5149,pixel_5150,pixel_5151,pixel_5152,pixel_5153,pixel_5154,pixel_5155,pixel_5156,pixel_5157,pixel_5158,pixel_5159,pixel_5160,pixel_5161,pixel_5162,pixel_5163,pixel_5164,pixel_5165,pixel_5166,pixel_5167,pixel_5168,pixel_5169,pixel_5170,pixel_5171,pixel_5172,pixel_5173,pixel_5174,pixel_5175,pixel_5176,pixel_5177,pixel_5178,pixel_5179,pixel_5180,pixel_5181,pixel_5182,pixel_5183,pixel_5184,pixel_5185,pixel_5186,pixel_5187,pixel_5188,pixel_5189,pixel_5190,pixel_5191,pixel_5192,pixel_5193,pixel_5194,pixel_5195,pixel_5196,pixel_5197,pixel_5198,pixel_5199,pixel_5200,pixel_5201,pixel_5202,pixel_5203,pixel_5204,pixel_5205,pixel_5206,pixel_5207,pixel_5208,pixel_5209,pixel_5210,pixel_5211,pixel_5212,pixel_5213,pixel_5214,pixel_5215,pixel_5216,pixel_5217,pixel_5218,pixel_5219,pixel_5220,pixel_5221,pixel_5222,pixel_5223,pixel_5224,pixel_5225,pixel_5226,pixel_5227,pixel_5228,pixel_5229,pixel_5230,pixel_5231,pixel_5232,pixel_5233,pixel_5234,pixel_5235,pixel_5236,pixel_5237,pixel_5238,pixel_5239,pixel_5240,pixel_5241,pixel_5242,pixel_5243,pixel_5244,pixel_5245,pixel_5246,pixel_5247,pixel_5248,pixel_5249,pixel_5250,pixel_5251,pixel_5252,pixel_5253,pixel_5254,pixel_5255,pixel_5256,pixel_5257,pixel_5258,pixel_5259,pixel_5260,pixel_5261,pixel_5262,pixel_5263,pixel_5264,pixel_5265,pixel_5266,pixel_5267,pixel_5268,pixel_5269,pixel_5270,pixel_5271,pixel_5272,pixel_5273,pixel_5274,pixel_5275,pixel_5276,pixel_5277,pixel_5278,pixel_5279,pixel_5280,pixel_5281,pixel_5282,pixel_5283,pixel_5284,pixel_5285,pixel_5286,pixel_5287,pixel_5288,pixel_5289,pixel_5290,pixel_5291,pixel_5292,pixel_5293,pixel_5294,pixel_5295,pixel_5296,pixel_5297,pixel_5298,pixel_5299,pixel_5300,pixel_5301,pixel_5302,pixel_5303,pixel_5304,pixel_5305,pixel_5306,pixel_5307,pixel_5308,pixel_5309,pixel_5310,pixel_5311,pixel_5312,pixel_5313,pixel_5314,pixel_5315,pixel_5316,pixel_5317,pixel_5318,pixel_5319,pixel_5320,pixel_5321,pixel_5322,pixel_5323,pixel_5324,pixel_5325,pixel_5326,pixel_5327,pixel_5328,pixel_5329,pixel_5330,pixel_5331,pixel_5332,pixel_5333,pixel_5334,pixel_5335,pixel_5336,pixel_5337,pixel_5338,pixel_5339,pixel_5340,pixel_5341,pixel_5342,pixel_5343,pixel_5344,pixel_5345,pixel_5346,pixel_5347,pixel_5348,pixel_5349,pixel_5350,pixel_5351,pixel_5352,pixel_5353,pixel_5354,pixel_5355,pixel_5356,pixel_5357,pixel_5358,pixel_5359,pixel_5360,pixel_5361,pixel_5362,pixel_5363,pixel_5364,pixel_5365,pixel_5366,pixel_5367,pixel_5368,pixel_5369,pixel_5370,pixel_5371,pixel_5372,pixel_5373,pixel_5374,pixel_5375,pixel_5376,pixel_5377,pixel_5378,pixel_5379,pixel_5380,pixel_5381,pixel_5382,pixel_5383,pixel_5384,pixel_5385,pixel_5386,pixel_5387,pixel_5388,pixel_5389,pixel_5390,pixel_5391,pixel_5392,pixel_5393,pixel_5394,pixel_5395,pixel_5396,pixel_5397,pixel_5398,pixel_5399,pixel_5400,pixel_5401,pixel_5402,pixel_5403,pixel_5404,pixel_5405,pixel_5406,pixel_5407,pixel_5408,pixel_5409,pixel_5410,pixel_5411,pixel_5412,pixel_5413,pixel_5414,pixel_5415,pixel_5416,pixel_5417,pixel_5418,pixel_5419,pixel_5420,pixel_5421,pixel_5422,pixel_5423,pixel_5424,pixel_5425,pixel_5426,pixel_5427,pixel_5428,pixel_5429,pixel_5430,pixel_5431,pixel_5432,pixel_5433,pixel_5434,pixel_5435,pixel_5436,pixel_5437,pixel_5438,pixel_5439,pixel_5440,pixel_5441,pixel_5442,pixel_5443,pixel_5444,pixel_5445,pixel_5446,pixel_5447,pixel_5448,pixel_5449,pixel_5450,pixel_5451,pixel_5452,pixel_5453,pixel_5454,pixel_5455,pixel_5456,pixel_5457,pixel_5458,pixel_5459,pixel_5460,pixel_5461,pixel_5462,pixel_5463,pixel_5464,pixel_5465,pixel_5466,pixel_5467,pixel_5468,pixel_5469,pixel_5470,pixel_5471,pixel_5472,pixel_5473,pixel_5474,pixel_5475,pixel_5476,pixel_5477,pixel_5478,pixel_5479,pixel_5480,pixel_5481,pixel_5482,pixel_5483,pixel_5484,pixel_5485,pixel_5486,pixel_5487,pixel_5488,pixel_5489,pixel_5490,pixel_5491,pixel_5492,pixel_5493,pixel_5494,pixel_5495,pixel_5496,pixel_5497,pixel_5498,pixel_5499,pixel_5500,pixel_5501,pixel_5502,pixel_5503,pixel_5504,pixel_5505,pixel_5506,pixel_5507,pixel_5508,pixel_5509,pixel_5510,pixel_5511,pixel_5512,pixel_5513,pixel_5514,pixel_5515,pixel_5516,pixel_5517,pixel_5518,pixel_5519,pixel_5520,pixel_5521,pixel_5522,pixel_5523,pixel_5524,pixel_5525,pixel_5526,pixel_5527,pixel_5528,pixel_5529,pixel_5530,pixel_5531,pixel_5532,pixel_5533,pixel_5534,pixel_5535,pixel_5536,pixel_5537,pixel_5538,pixel_5539,pixel_5540,pixel_5541,pixel_5542,pixel_5543,pixel_5544,pixel_5545,pixel_5546,pixel_5547,pixel_5548,pixel_5549,pixel_5550,pixel_5551,pixel_5552,pixel_5553,pixel_5554,pixel_5555,pixel_5556,pixel_5557,pixel_5558,pixel_5559,pixel_5560,pixel_5561,pixel_5562,pixel_5563,pixel_5564,pixel_5565,pixel_5566,pixel_5567,pixel_5568,pixel_5569,pixel_5570,pixel_5571,pixel_5572,pixel_5573,pixel_5574,pixel_5575,pixel_5576,pixel_5577,pixel_5578,pixel_5579,pixel_5580,pixel_5581,pixel_5582,pixel_5583,pixel_5584,pixel_5585,pixel_5586,pixel_5587,pixel_5588,pixel_5589,pixel_5590,pixel_5591,pixel_5592,pixel_5593,pixel_5594,pixel_5595,pixel_5596,pixel_5597,pixel_5598,pixel_5599,pixel_5600,pixel_5601,pixel_5602,pixel_5603,pixel_5604,pixel_5605,pixel_5606,pixel_5607,pixel_5608,pixel_5609,pixel_5610,pixel_5611,pixel_5612,pixel_5613,pixel_5614,pixel_5615,pixel_5616,pixel_5617,pixel_5618,pixel_5619,pixel_5620,pixel_5621,pixel_5622,pixel_5623,pixel_5624,pixel_5625,pixel_5626,pixel_5627,pixel_5628,pixel_5629,pixel_5630,pixel_5631,pixel_5632,pixel_5633,pixel_5634,pixel_5635,pixel_5636,pixel_5637,pixel_5638,pixel_5639,pixel_5640,pixel_5641,pixel_5642,pixel_5643,pixel_5644,pixel_5645,pixel_5646,pixel_5647,pixel_5648,pixel_5649,pixel_5650,pixel_5651,pixel_5652,pixel_5653,pixel_5654,pixel_5655,pixel_5656,pixel_5657,pixel_5658,pixel_5659,pixel_5660,pixel_5661,pixel_5662,pixel_5663,pixel_5664,pixel_5665,pixel_5666,pixel_5667,pixel_5668,pixel_5669,pixel_5670,pixel_5671,pixel_5672,pixel_5673,pixel_5674,pixel_5675,pixel_5676,pixel_5677,pixel_5678,pixel_5679,pixel_5680,pixel_5681,pixel_5682,pixel_5683,pixel_5684,pixel_5685,pixel_5686,pixel_5687,pixel_5688,pixel_5689,pixel_5690,pixel_5691,pixel_5692,pixel_5693,pixel_5694,pixel_5695,pixel_5696,pixel_5697,pixel_5698,pixel_5699,pixel_5700,pixel_5701,pixel_5702,pixel_5703,pixel_5704,pixel_5705,pixel_5706,pixel_5707,pixel_5708,pixel_5709,pixel_5710,pixel_5711,pixel_5712,pixel_5713,pixel_5714,pixel_5715,pixel_5716,pixel_5717,pixel_5718,pixel_5719,pixel_5720,pixel_5721,pixel_5722,pixel_5723,pixel_5724,pixel_5725,pixel_5726,pixel_5727,pixel_5728,pixel_5729,pixel_5730,pixel_5731,pixel_5732,pixel_5733,pixel_5734,pixel_5735,pixel_5736,pixel_5737,pixel_5738,pixel_5739,pixel_5740,pixel_5741,pixel_5742,pixel_5743,pixel_5744,pixel_5745,pixel_5746,pixel_5747,pixel_5748,pixel_5749,pixel_5750,pixel_5751,pixel_5752,pixel_5753,pixel_5754,pixel_5755,pixel_5756,pixel_5757,pixel_5758,pixel_5759,pixel_5760,pixel_5761,pixel_5762,pixel_5763,pixel_5764,pixel_5765,pixel_5766,pixel_5767,pixel_5768,pixel_5769,pixel_5770,pixel_5771,pixel_5772,pixel_5773,pixel_5774,pixel_5775,pixel_5776,pixel_5777,pixel_5778,pixel_5779,pixel_5780,pixel_5781,pixel_5782,pixel_5783,pixel_5784,pixel_5785,pixel_5786,pixel_5787,pixel_5788,pixel_5789,pixel_5790,pixel_5791,pixel_5792,pixel_5793,pixel_5794,pixel_5795,pixel_5796,pixel_5797,pixel_5798,pixel_5799,pixel_5800,pixel_5801,pixel_5802,pixel_5803,pixel_5804,pixel_5805,pixel_5806,pixel_5807,pixel_5808,pixel_5809,pixel_5810,pixel_5811,pixel_5812,pixel_5813,pixel_5814,pixel_5815,pixel_5816,pixel_5817,pixel_5818,pixel_5819,pixel_5820,pixel_5821,pixel_5822,pixel_5823,pixel_5824,pixel_5825,pixel_5826,pixel_5827,pixel_5828,pixel_5829,pixel_5830,pixel_5831,pixel_5832,pixel_5833,pixel_5834,pixel_5835,pixel_5836,pixel_5837,pixel_5838,pixel_5839,pixel_5840,pixel_5841,pixel_5842,pixel_5843,pixel_5844,pixel_5845,pixel_5846,pixel_5847,pixel_5848,pixel_5849,pixel_5850,pixel_5851,pixel_5852,pixel_5853,pixel_5854,pixel_5855,pixel_5856,pixel_5857,pixel_5858,pixel_5859,pixel_5860,pixel_5861,pixel_5862,pixel_5863,pixel_5864,pixel_5865,pixel_5866,pixel_5867,pixel_5868,pixel_5869,pixel_5870,pixel_5871,pixel_5872,pixel_5873,pixel_5874,pixel_5875,pixel_5876,pixel_5877,pixel_5878,pixel_5879,pixel_5880,pixel_5881,pixel_5882,pixel_5883,pixel_5884,pixel_5885,pixel_5886,pixel_5887,pixel_5888,pixel_5889,pixel_5890,pixel_5891,pixel_5892,pixel_5893,pixel_5894,pixel_5895,pixel_5896,pixel_5897,pixel_5898,pixel_5899,pixel_5900,pixel_5901,pixel_5902,pixel_5903,pixel_5904,pixel_5905,pixel_5906,pixel_5907,pixel_5908,pixel_5909,pixel_5910,pixel_5911,pixel_5912,pixel_5913,pixel_5914,pixel_5915,pixel_5916,pixel_5917,pixel_5918,pixel_5919,pixel_5920,pixel_5921,pixel_5922,pixel_5923,pixel_5924,pixel_5925,pixel_5926,pixel_5927,pixel_5928,pixel_5929,pixel_5930,pixel_5931,pixel_5932,pixel_5933,pixel_5934,pixel_5935,pixel_5936,pixel_5937,pixel_5938,pixel_5939,pixel_5940,pixel_5941,pixel_5942,pixel_5943,pixel_5944,pixel_5945,pixel_5946,pixel_5947,pixel_5948,pixel_5949,pixel_5950,pixel_5951,pixel_5952,pixel_5953,pixel_5954,pixel_5955,pixel_5956,pixel_5957,pixel_5958,pixel_5959,pixel_5960,pixel_5961,pixel_5962,pixel_5963,pixel_5964,pixel_5965,pixel_5966,pixel_5967,pixel_5968,pixel_5969,pixel_5970,pixel_5971,pixel_5972,pixel_5973,pixel_5974,pixel_5975,pixel_5976,pixel_5977,pixel_5978,pixel_5979,pixel_5980,pixel_5981,pixel_5982,pixel_5983,pixel_5984,pixel_5985,pixel_5986,pixel_5987,pixel_5988,pixel_5989,pixel_5990,pixel_5991,pixel_5992,pixel_5993,pixel_5994,pixel_5995,pixel_5996,pixel_5997,pixel_5998,pixel_5999,pixel_6000,pixel_6001,pixel_6002,pixel_6003,pixel_6004,pixel_6005,pixel_6006,pixel_6007,pixel_6008,pixel_6009,pixel_6010,pixel_6011,pixel_6012,pixel_6013,pixel_6014,pixel_6015,pixel_6016,pixel_6017,pixel_6018,pixel_6019,pixel_6020,pixel_6021,pixel_6022,pixel_6023,pixel_6024,pixel_6025,pixel_6026,pixel_6027,pixel_6028,pixel_6029,pixel_6030,pixel_6031,pixel_6032,pixel_6033,pixel_6034,pixel_6035,pixel_6036,pixel_6037,pixel_6038,pixel_6039,pixel_6040,pixel_6041,pixel_6042,pixel_6043,pixel_6044,pixel_6045,pixel_6046,pixel_6047,pixel_6048,pixel_6049,pixel_6050,pixel_6051,pixel_6052,pixel_6053,pixel_6054,pixel_6055,pixel_6056,pixel_6057,pixel_6058,pixel_6059,pixel_6060,pixel_6061,pixel_6062,pixel_6063,pixel_6064,pixel_6065,pixel_6066,pixel_6067,pixel_6068,pixel_6069,pixel_6070,pixel_6071,pixel_6072,pixel_6073,pixel_6074,pixel_6075,pixel_6076,pixel_6077,pixel_6078,pixel_6079,pixel_6080,pixel_6081,pixel_6082,pixel_6083,pixel_6084,pixel_6085,pixel_6086,pixel_6087,pixel_6088,pixel_6089,pixel_6090,pixel_6091,pixel_6092,pixel_6093,pixel_6094,pixel_6095,pixel_6096,pixel_6097,pixel_6098,pixel_6099,pixel_6100,pixel_6101,pixel_6102,pixel_6103,pixel_6104,pixel_6105,pixel_6106,pixel_6107,pixel_6108,pixel_6109,pixel_6110,pixel_6111,pixel_6112,pixel_6113,pixel_6114,pixel_6115,pixel_6116,pixel_6117,pixel_6118,pixel_6119,pixel_6120,pixel_6121,pixel_6122,pixel_6123,pixel_6124,pixel_6125,pixel_6126,pixel_6127,pixel_6128,pixel_6129,pixel_6130,pixel_6131,pixel_6132,pixel_6133,pixel_6134,pixel_6135,pixel_6136,pixel_6137,pixel_6138,pixel_6139,pixel_6140,pixel_6141,pixel_6142,pixel_6143,pixel_6144,pixel_6145,pixel_6146,pixel_6147,pixel_6148,pixel_6149,pixel_6150,pixel_6151,pixel_6152,pixel_6153,pixel_6154,pixel_6155,pixel_6156,pixel_6157,pixel_6158,pixel_6159,pixel_6160,pixel_6161,pixel_6162,pixel_6163,pixel_6164,pixel_6165,pixel_6166,pixel_6167,pixel_6168,pixel_6169,pixel_6170,pixel_6171,pixel_6172,pixel_6173,pixel_6174,pixel_6175,pixel_6176,pixel_6177,pixel_6178,pixel_6179,pixel_6180,pixel_6181,pixel_6182,pixel_6183,pixel_6184,pixel_6185,pixel_6186,pixel_6187,pixel_6188,pixel_6189,pixel_6190,pixel_6191,pixel_6192,pixel_6193,pixel_6194,pixel_6195,pixel_6196,pixel_6197,pixel_6198,pixel_6199,pixel_6200,pixel_6201,pixel_6202,pixel_6203,pixel_6204,pixel_6205,pixel_6206,pixel_6207,pixel_6208,pixel_6209,pixel_6210,pixel_6211,pixel_6212,pixel_6213,pixel_6214,pixel_6215,pixel_6216,pixel_6217,pixel_6218,pixel_6219,pixel_6220,pixel_6221,pixel_6222,pixel_6223,pixel_6224,pixel_6225,pixel_6226,pixel_6227,pixel_6228,pixel_6229,pixel_6230,pixel_6231,pixel_6232,pixel_6233,pixel_6234,pixel_6235,pixel_6236,pixel_6237,pixel_6238,pixel_6239,pixel_6240,pixel_6241,pixel_6242,pixel_6243,pixel_6244,pixel_6245,pixel_6246,pixel_6247,pixel_6248,pixel_6249,pixel_6250,pixel_6251,pixel_6252,pixel_6253,pixel_6254,pixel_6255,pixel_6256,pixel_6257,pixel_6258,pixel_6259,pixel_6260,pixel_6261,pixel_6262,pixel_6263,pixel_6264,pixel_6265,pixel_6266,pixel_6267,pixel_6268,pixel_6269,pixel_6270,pixel_6271,pixel_6272,pixel_6273,pixel_6274,pixel_6275,pixel_6276,pixel_6277,pixel_6278,pixel_6279,pixel_6280,pixel_6281,pixel_6282,pixel_6283,pixel_6284,pixel_6285,pixel_6286,pixel_6287,pixel_6288,pixel_6289,pixel_6290,pixel_6291,pixel_6292,pixel_6293,pixel_6294,pixel_6295,pixel_6296,pixel_6297,pixel_6298,pixel_6299,pixel_6300,pixel_6301,pixel_6302,pixel_6303,pixel_6304,pixel_6305,pixel_6306,pixel_6307,pixel_6308,pixel_6309,pixel_6310,pixel_6311,pixel_6312,pixel_6313,pixel_6314,pixel_6315,pixel_6316,pixel_6317,pixel_6318,pixel_6319,pixel_6320,pixel_6321,pixel_6322,pixel_6323,pixel_6324,pixel_6325,pixel_6326,pixel_6327,pixel_6328,pixel_6329,pixel_6330,pixel_6331,pixel_6332,pixel_6333,pixel_6334,pixel_6335,pixel_6336,pixel_6337,pixel_6338,pixel_6339,pixel_6340,pixel_6341,pixel_6342,pixel_6343,pixel_6344,pixel_6345,pixel_6346,pixel_6347,pixel_6348,pixel_6349,pixel_6350,pixel_6351,pixel_6352,pixel_6353,pixel_6354,pixel_6355,pixel_6356,pixel_6357,pixel_6358,pixel_6359,pixel_6360,pixel_6361,pixel_6362,pixel_6363,pixel_6364,pixel_6365,pixel_6366,pixel_6367,pixel_6368,pixel_6369,pixel_6370,pixel_6371,pixel_6372,pixel_6373,pixel_6374,pixel_6375,pixel_6376,pixel_6377,pixel_6378,pixel_6379,pixel_6380,pixel_6381,pixel_6382,pixel_6383,pixel_6384,pixel_6385,pixel_6386,pixel_6387,pixel_6388,pixel_6389,pixel_6390,pixel_6391,pixel_6392,pixel_6393,pixel_6394,pixel_6395,pixel_6396,pixel_6397,pixel_6398,pixel_6399,pixel_6400,pixel_6401,pixel_6402,pixel_6403,pixel_6404,pixel_6405,pixel_6406,pixel_6407,pixel_6408,pixel_6409,pixel_6410,pixel_6411,pixel_6412,pixel_6413,pixel_6414,pixel_6415,pixel_6416,pixel_6417,pixel_6418,pixel_6419,pixel_6420,pixel_6421,pixel_6422,pixel_6423,pixel_6424,pixel_6425,pixel_6426,pixel_6427,pixel_6428,pixel_6429,pixel_6430,pixel_6431,pixel_6432,pixel_6433,pixel_6434,pixel_6435,pixel_6436,pixel_6437,pixel_6438,pixel_6439,pixel_6440,pixel_6441,pixel_6442,pixel_6443,pixel_6444,pixel_6445,pixel_6446,pixel_6447,pixel_6448,pixel_6449,pixel_6450,pixel_6451,pixel_6452,pixel_6453,pixel_6454,pixel_6455,pixel_6456,pixel_6457,pixel_6458,pixel_6459,pixel_6460,pixel_6461,pixel_6462,pixel_6463,pixel_6464,pixel_6465,pixel_6466,pixel_6467,pixel_6468,pixel_6469,pixel_6470,pixel_6471,pixel_6472,pixel_6473,pixel_6474,pixel_6475,pixel_6476,pixel_6477,pixel_6478,pixel_6479,pixel_6480,pixel_6481,pixel_6482,pixel_6483,pixel_6484,pixel_6485,pixel_6486,pixel_6487,pixel_6488,pixel_6489,pixel_6490,pixel_6491,pixel_6492,pixel_6493,pixel_6494,pixel_6495,pixel_6496,pixel_6497,pixel_6498,pixel_6499,pixel_6500,pixel_6501,pixel_6502,pixel_6503,pixel_6504,pixel_6505,pixel_6506,pixel_6507,pixel_6508,pixel_6509,pixel_6510,pixel_6511,pixel_6512,pixel_6513,pixel_6514,pixel_6515,pixel_6516,pixel_6517,pixel_6518,pixel_6519,pixel_6520,pixel_6521,pixel_6522,pixel_6523,pixel_6524,pixel_6525,pixel_6526,pixel_6527,pixel_6528,pixel_6529,pixel_6530,pixel_6531,pixel_6532,pixel_6533,pixel_6534,pixel_6535,pixel_6536,pixel_6537,pixel_6538,pixel_6539,pixel_6540,pixel_6541,pixel_6542,pixel_6543,pixel_6544,pixel_6545,pixel_6546,pixel_6547,pixel_6548,pixel_6549,pixel_6550,pixel_6551,pixel_6552,pixel_6553,pixel_6554,pixel_6555,pixel_6556,pixel_6557,pixel_6558,pixel_6559,pixel_6560,pixel_6561,pixel_6562,pixel_6563,pixel_6564,pixel_6565,pixel_6566,pixel_6567,pixel_6568,pixel_6569,pixel_6570,pixel_6571,pixel_6572,pixel_6573,pixel_6574,pixel_6575,pixel_6576,pixel_6577,pixel_6578,pixel_6579,pixel_6580,pixel_6581,pixel_6582,pixel_6583,pixel_6584,pixel_6585,pixel_6586,pixel_6587,pixel_6588,pixel_6589,pixel_6590,pixel_6591,pixel_6592,pixel_6593,pixel_6594,pixel_6595,pixel_6596,pixel_6597,pixel_6598,pixel_6599,pixel_6600,pixel_6601,pixel_6602,pixel_6603,pixel_6604,pixel_6605,pixel_6606,pixel_6607,pixel_6608,pixel_6609,pixel_6610,pixel_6611,pixel_6612,pixel_6613,pixel_6614,pixel_6615,pixel_6616,pixel_6617,pixel_6618,pixel_6619,pixel_6620,pixel_6621,pixel_6622,pixel_6623,pixel_6624,pixel_6625,pixel_6626,pixel_6627,pixel_6628,pixel_6629,pixel_6630,pixel_6631,pixel_6632,pixel_6633,pixel_6634,pixel_6635,pixel_6636,pixel_6637,pixel_6638,pixel_6639,pixel_6640,pixel_6641,pixel_6642,pixel_6643,pixel_6644,pixel_6645,pixel_6646,pixel_6647,pixel_6648,pixel_6649,pixel_6650,pixel_6651,pixel_6652,pixel_6653,pixel_6654,pixel_6655,pixel_6656,pixel_6657,pixel_6658,pixel_6659,pixel_6660,pixel_6661,pixel_6662,pixel_6663,pixel_6664,pixel_6665,pixel_6666,pixel_6667,pixel_6668,pixel_6669,pixel_6670,pixel_6671,pixel_6672,pixel_6673,pixel_6674,pixel_6675,pixel_6676,pixel_6677,pixel_6678,pixel_6679,pixel_6680,pixel_6681,pixel_6682,pixel_6683,pixel_6684,pixel_6685,pixel_6686,pixel_6687,pixel_6688,pixel_6689,pixel_6690,pixel_6691,pixel_6692,pixel_6693,pixel_6694,pixel_6695,pixel_6696,pixel_6697,pixel_6698,pixel_6699,pixel_6700,pixel_6701,pixel_6702,pixel_6703,pixel_6704,pixel_6705,pixel_6706,pixel_6707,pixel_6708,pixel_6709,pixel_6710,pixel_6711,pixel_6712,pixel_6713,pixel_6714,pixel_6715,pixel_6716,pixel_6717,pixel_6718,pixel_6719,pixel_6720,pixel_6721,pixel_6722,pixel_6723,pixel_6724,pixel_6725,pixel_6726,pixel_6727,pixel_6728,pixel_6729,pixel_6730,pixel_6731,pixel_6732,pixel_6733,pixel_6734,pixel_6735,pixel_6736,pixel_6737,pixel_6738,pixel_6739,pixel_6740,pixel_6741,pixel_6742,pixel_6743,pixel_6744,pixel_6745,pixel_6746,pixel_6747,pixel_6748,pixel_6749,pixel_6750,pixel_6751,pixel_6752,pixel_6753,pixel_6754,pixel_6755,pixel_6756,pixel_6757,pixel_6758,pixel_6759,pixel_6760,pixel_6761,pixel_6762,pixel_6763,pixel_6764,pixel_6765,pixel_6766,pixel_6767,pixel_6768,pixel_6769,pixel_6770,pixel_6771,pixel_6772,pixel_6773,pixel_6774,pixel_6775,pixel_6776,pixel_6777,pixel_6778,pixel_6779,pixel_6780,pixel_6781,pixel_6782,pixel_6783,pixel_6784,pixel_6785,pixel_6786,pixel_6787,pixel_6788,pixel_6789,pixel_6790,pixel_6791,pixel_6792,pixel_6793,pixel_6794,pixel_6795,pixel_6796,pixel_6797,pixel_6798,pixel_6799,pixel_6800,pixel_6801,pixel_6802,pixel_6803,pixel_6804,pixel_6805,pixel_6806,pixel_6807,pixel_6808,pixel_6809,pixel_6810,pixel_6811,pixel_6812,pixel_6813,pixel_6814,pixel_6815,pixel_6816,pixel_6817,pixel_6818,pixel_6819,pixel_6820,pixel_6821,pixel_6822,pixel_6823,pixel_6824,pixel_6825,pixel_6826,pixel_6827,pixel_6828,pixel_6829,pixel_6830,pixel_6831,pixel_6832,pixel_6833,pixel_6834,pixel_6835,pixel_6836,pixel_6837,pixel_6838,pixel_6839,pixel_6840,pixel_6841,pixel_6842,pixel_6843,pixel_6844,pixel_6845,pixel_6846,pixel_6847,pixel_6848,pixel_6849,pixel_6850,pixel_6851,pixel_6852,pixel_6853,pixel_6854,pixel_6855,pixel_6856,pixel_6857,pixel_6858,pixel_6859,pixel_6860,pixel_6861,pixel_6862,pixel_6863,pixel_6864,pixel_6865,pixel_6866,pixel_6867,pixel_6868,pixel_6869,pixel_6870,pixel_6871,pixel_6872,pixel_6873,pixel_6874,pixel_6875,pixel_6876,pixel_6877,pixel_6878,pixel_6879,pixel_6880,pixel_6881,pixel_6882,pixel_6883,pixel_6884,pixel_6885,pixel_6886,pixel_6887,pixel_6888,pixel_6889,pixel_6890,pixel_6891,pixel_6892,pixel_6893,pixel_6894,pixel_6895,pixel_6896,pixel_6897,pixel_6898,pixel_6899,pixel_6900,pixel_6901,pixel_6902,pixel_6903,pixel_6904,pixel_6905,pixel_6906,pixel_6907,pixel_6908,pixel_6909,pixel_6910,pixel_6911,pixel_6912,pixel_6913,pixel_6914,pixel_6915,pixel_6916,pixel_6917,pixel_6918,pixel_6919,pixel_6920,pixel_6921,pixel_6922,pixel_6923,pixel_6924,pixel_6925,pixel_6926,pixel_6927,pixel_6928,pixel_6929,pixel_6930,pixel_6931,pixel_6932,pixel_6933,pixel_6934,pixel_6935,pixel_6936,pixel_6937,pixel_6938,pixel_6939,pixel_6940,pixel_6941,pixel_6942,pixel_6943,pixel_6944,pixel_6945,pixel_6946,pixel_6947,pixel_6948,pixel_6949,pixel_6950,pixel_6951,pixel_6952,pixel_6953,pixel_6954,pixel_6955,pixel_6956,pixel_6957,pixel_6958,pixel_6959,pixel_6960,pixel_6961,pixel_6962,pixel_6963,pixel_6964,pixel_6965,pixel_6966,pixel_6967,pixel_6968,pixel_6969,pixel_6970,pixel_6971,pixel_6972,pixel_6973,pixel_6974,pixel_6975,pixel_6976,pixel_6977,pixel_6978,pixel_6979,pixel_6980,pixel_6981,pixel_6982,pixel_6983,pixel_6984,pixel_6985,pixel_6986,pixel_6987,pixel_6988,pixel_6989,pixel_6990,pixel_6991,pixel_6992,pixel_6993,pixel_6994,pixel_6995,pixel_6996,pixel_6997,pixel_6998,pixel_6999,pixel_7000,pixel_7001,pixel_7002,pixel_7003,pixel_7004,pixel_7005,pixel_7006,pixel_7007,pixel_7008,pixel_7009,pixel_7010,pixel_7011,pixel_7012,pixel_7013,pixel_7014,pixel_7015,pixel_7016,pixel_7017,pixel_7018,pixel_7019,pixel_7020,pixel_7021,pixel_7022,pixel_7023,pixel_7024,pixel_7025,pixel_7026,pixel_7027,pixel_7028,pixel_7029,pixel_7030,pixel_7031,pixel_7032,pixel_7033,pixel_7034,pixel_7035,pixel_7036,pixel_7037,pixel_7038,pixel_7039,pixel_7040,pixel_7041,pixel_7042,pixel_7043,pixel_7044,pixel_7045,pixel_7046,pixel_7047,pixel_7048,pixel_7049,pixel_7050,pixel_7051,pixel_7052,pixel_7053,pixel_7054,pixel_7055,pixel_7056,pixel_7057,pixel_7058,pixel_7059,pixel_7060,pixel_7061,pixel_7062,pixel_7063,pixel_7064,pixel_7065,pixel_7066,pixel_7067,pixel_7068,pixel_7069,pixel_7070,pixel_7071,pixel_7072,pixel_7073,pixel_7074,pixel_7075,pixel_7076,pixel_7077,pixel_7078,pixel_7079,pixel_7080,pixel_7081,pixel_7082,pixel_7083,pixel_7084,pixel_7085,pixel_7086,pixel_7087,pixel_7088,pixel_7089,pixel_7090,pixel_7091,pixel_7092,pixel_7093,pixel_7094,pixel_7095,pixel_7096,pixel_7097,pixel_7098,pixel_7099,pixel_7100,pixel_7101,pixel_7102,pixel_7103,pixel_7104,pixel_7105,pixel_7106,pixel_7107,pixel_7108,pixel_7109,pixel_7110,pixel_7111,pixel_7112,pixel_7113,pixel_7114,pixel_7115,pixel_7116,pixel_7117,pixel_7118,pixel_7119,pixel_7120,pixel_7121,pixel_7122,pixel_7123,pixel_7124,pixel_7125,pixel_7126,pixel_7127,pixel_7128,pixel_7129,pixel_7130,pixel_7131,pixel_7132,pixel_7133,pixel_7134,pixel_7135,pixel_7136,pixel_7137,pixel_7138,pixel_7139,pixel_7140,pixel_7141,pixel_7142,pixel_7143,pixel_7144,pixel_7145,pixel_7146,pixel_7147,pixel_7148,pixel_7149,pixel_7150,pixel_7151,pixel_7152,pixel_7153,pixel_7154,pixel_7155,pixel_7156,pixel_7157,pixel_7158,pixel_7159,pixel_7160,pixel_7161,pixel_7162,pixel_7163,pixel_7164,pixel_7165,pixel_7166,pixel_7167,pixel_7168,pixel_7169,pixel_7170,pixel_7171,pixel_7172,pixel_7173,pixel_7174,pixel_7175,pixel_7176,pixel_7177,pixel_7178,pixel_7179,pixel_7180,pixel_7181,pixel_7182,pixel_7183,pixel_7184,pixel_7185,pixel_7186,pixel_7187,pixel_7188,pixel_7189,pixel_7190,pixel_7191,pixel_7192,pixel_7193,pixel_7194,pixel_7195,pixel_7196,pixel_7197,pixel_7198,pixel_7199,pixel_7200,pixel_7201,pixel_7202,pixel_7203,pixel_7204,pixel_7205,pixel_7206,pixel_7207,pixel_7208,pixel_7209,pixel_7210,pixel_7211,pixel_7212,pixel_7213,pixel_7214,pixel_7215,pixel_7216,pixel_7217,pixel_7218,pixel_7219,pixel_7220,pixel_7221,pixel_7222,pixel_7223,pixel_7224,pixel_7225,pixel_7226,pixel_7227,pixel_7228,pixel_7229,pixel_7230,pixel_7231,pixel_7232,pixel_7233,pixel_7234,pixel_7235,pixel_7236,pixel_7237,pixel_7238,pixel_7239,pixel_7240,pixel_7241,pixel_7242,pixel_7243,pixel_7244,pixel_7245,pixel_7246,pixel_7247,pixel_7248,pixel_7249,pixel_7250,pixel_7251,pixel_7252,pixel_7253,pixel_7254,pixel_7255,pixel_7256,pixel_7257,pixel_7258,pixel_7259,pixel_7260,pixel_7261,pixel_7262,pixel_7263,pixel_7264,pixel_7265,pixel_7266,pixel_7267,pixel_7268,pixel_7269,pixel_7270,pixel_7271,pixel_7272,pixel_7273,pixel_7274,pixel_7275,pixel_7276,pixel_7277,pixel_7278,pixel_7279,pixel_7280,pixel_7281,pixel_7282,pixel_7283,pixel_7284,pixel_7285,pixel_7286,pixel_7287,pixel_7288,pixel_7289,pixel_7290,pixel_7291,pixel_7292,pixel_7293,pixel_7294,pixel_7295,pixel_7296,pixel_7297,pixel_7298,pixel_7299,pixel_7300,pixel_7301,pixel_7302,pixel_7303,pixel_7304,pixel_7305,pixel_7306,pixel_7307,pixel_7308,pixel_7309,pixel_7310,pixel_7311,pixel_7312,pixel_7313,pixel_7314,pixel_7315,pixel_7316,pixel_7317,pixel_7318,pixel_7319,pixel_7320,pixel_7321,pixel_7322,pixel_7323,pixel_7324,pixel_7325,pixel_7326,pixel_7327,pixel_7328,pixel_7329,pixel_7330,pixel_7331,pixel_7332,pixel_7333,pixel_7334,pixel_7335,pixel_7336,pixel_7337,pixel_7338,pixel_7339,pixel_7340,pixel_7341,pixel_7342,pixel_7343,pixel_7344,pixel_7345,pixel_7346,pixel_7347,pixel_7348,pixel_7349,pixel_7350,pixel_7351,pixel_7352,pixel_7353,pixel_7354,pixel_7355,pixel_7356,pixel_7357,pixel_7358,pixel_7359,pixel_7360,pixel_7361,pixel_7362,pixel_7363,pixel_7364,pixel_7365,pixel_7366,pixel_7367,pixel_7368,pixel_7369,pixel_7370,pixel_7371,pixel_7372,pixel_7373,pixel_7374,pixel_7375,pixel_7376,pixel_7377,pixel_7378,pixel_7379,pixel_7380,pixel_7381,pixel_7382,pixel_7383,pixel_7384,pixel_7385,pixel_7386,pixel_7387,pixel_7388,pixel_7389,pixel_7390,pixel_7391,pixel_7392,pixel_7393,pixel_7394,pixel_7395,pixel_7396,pixel_7397,pixel_7398,pixel_7399,pixel_7400,pixel_7401,pixel_7402,pixel_7403,pixel_7404,pixel_7405,pixel_7406,pixel_7407,pixel_7408,pixel_7409,pixel_7410,pixel_7411,pixel_7412,pixel_7413,pixel_7414,pixel_7415,pixel_7416,pixel_7417,pixel_7418,pixel_7419,pixel_7420,pixel_7421,pixel_7422,pixel_7423,pixel_7424,pixel_7425,pixel_7426,pixel_7427,pixel_7428,pixel_7429,pixel_7430,pixel_7431,pixel_7432,pixel_7433,pixel_7434,pixel_7435,pixel_7436,pixel_7437,pixel_7438,pixel_7439,pixel_7440,pixel_7441,pixel_7442,pixel_7443,pixel_7444,pixel_7445,pixel_7446,pixel_7447,pixel_7448,pixel_7449,pixel_7450,pixel_7451,pixel_7452,pixel_7453,pixel_7454,pixel_7455,pixel_7456,pixel_7457,pixel_7458,pixel_7459,pixel_7460,pixel_7461,pixel_7462,pixel_7463,pixel_7464,pixel_7465,pixel_7466,pixel_7467,pixel_7468,pixel_7469,pixel_7470,pixel_7471,pixel_7472,pixel_7473,pixel_7474,pixel_7475,pixel_7476,pixel_7477,pixel_7478,pixel_7479,pixel_7480,pixel_7481,pixel_7482,pixel_7483,pixel_7484,pixel_7485,pixel_7486,pixel_7487,pixel_7488,pixel_7489,pixel_7490,pixel_7491,pixel_7492,pixel_7493,pixel_7494,pixel_7495,pixel_7496,pixel_7497,pixel_7498,pixel_7499,pixel_7500,pixel_7501,pixel_7502,pixel_7503,pixel_7504,pixel_7505,pixel_7506,pixel_7507,pixel_7508,pixel_7509,pixel_7510,pixel_7511,pixel_7512,pixel_7513,pixel_7514,pixel_7515,pixel_7516,pixel_7517,pixel_7518,pixel_7519,pixel_7520,pixel_7521,pixel_7522,pixel_7523,pixel_7524,pixel_7525,pixel_7526,pixel_7527,pixel_7528,pixel_7529,pixel_7530,pixel_7531,pixel_7532,pixel_7533,pixel_7534,pixel_7535,pixel_7536,pixel_7537,pixel_7538,pixel_7539,pixel_7540,pixel_7541,pixel_7542,pixel_7543,pixel_7544,pixel_7545,pixel_7546,pixel_7547,pixel_7548,pixel_7549,pixel_7550,pixel_7551,pixel_7552,pixel_7553,pixel_7554,pixel_7555,pixel_7556,pixel_7557,pixel_7558,pixel_7559,pixel_7560,pixel_7561,pixel_7562,pixel_7563,pixel_7564,pixel_7565,pixel_7566,pixel_7567,pixel_7568,pixel_7569,pixel_7570,pixel_7571,pixel_7572,pixel_7573,pixel_7574,pixel_7575,pixel_7576,pixel_7577,pixel_7578,pixel_7579,pixel_7580,pixel_7581,pixel_7582,pixel_7583,pixel_7584,pixel_7585,pixel_7586,pixel_7587,pixel_7588,pixel_7589,pixel_7590,pixel_7591,pixel_7592,pixel_7593,pixel_7594,pixel_7595,pixel_7596,pixel_7597,pixel_7598,pixel_7599,pixel_7600,pixel_7601,pixel_7602,pixel_7603,pixel_7604,pixel_7605,pixel_7606,pixel_7607,pixel_7608,pixel_7609,pixel_7610,pixel_7611,pixel_7612,pixel_7613,pixel_7614,pixel_7615,pixel_7616,pixel_7617,pixel_7618,pixel_7619,pixel_7620,pixel_7621,pixel_7622,pixel_7623,pixel_7624,pixel_7625,pixel_7626,pixel_7627,pixel_7628,pixel_7629,pixel_7630,pixel_7631,pixel_7632,pixel_7633,pixel_7634,pixel_7635,pixel_7636,pixel_7637,pixel_7638,pixel_7639,pixel_7640,pixel_7641,pixel_7642,pixel_7643,pixel_7644,pixel_7645,pixel_7646,pixel_7647,pixel_7648,pixel_7649,pixel_7650,pixel_7651,pixel_7652,pixel_7653,pixel_7654,pixel_7655,pixel_7656,pixel_7657,pixel_7658,pixel_7659,pixel_7660,pixel_7661,pixel_7662,pixel_7663,pixel_7664,pixel_7665,pixel_7666,pixel_7667,pixel_7668,pixel_7669,pixel_7670,pixel_7671,pixel_7672,pixel_7673,pixel_7674,pixel_7675,pixel_7676,pixel_7677,pixel_7678,pixel_7679,pixel_7680,pixel_7681,pixel_7682,pixel_7683,pixel_7684,pixel_7685,pixel_7686,pixel_7687,pixel_7688,pixel_7689,pixel_7690,pixel_7691,pixel_7692,pixel_7693,pixel_7694,pixel_7695,pixel_7696,pixel_7697,pixel_7698,pixel_7699,pixel_7700,pixel_7701,pixel_7702,pixel_7703,pixel_7704,pixel_7705,pixel_7706,pixel_7707,pixel_7708,pixel_7709,pixel_7710,pixel_7711,pixel_7712,pixel_7713,pixel_7714,pixel_7715,pixel_7716,pixel_7717,pixel_7718,pixel_7719,pixel_7720,pixel_7721,pixel_7722,pixel_7723,pixel_7724,pixel_7725,pixel_7726,pixel_7727,pixel_7728,pixel_7729,pixel_7730,pixel_7731,pixel_7732,pixel_7733,pixel_7734,pixel_7735,pixel_7736,pixel_7737,pixel_7738,pixel_7739,pixel_7740,pixel_7741,pixel_7742,pixel_7743,pixel_7744,pixel_7745,pixel_7746,pixel_7747,pixel_7748,pixel_7749,pixel_7750,pixel_7751,pixel_7752,pixel_7753,pixel_7754,pixel_7755,pixel_7756,pixel_7757,pixel_7758,pixel_7759,pixel_7760,pixel_7761,pixel_7762,pixel_7763,pixel_7764,pixel_7765,pixel_7766,pixel_7767,pixel_7768,pixel_7769,pixel_7770,pixel_7771,pixel_7772,pixel_7773,pixel_7774,pixel_7775,pixel_7776,pixel_7777,pixel_7778,pixel_7779,pixel_7780,pixel_7781,pixel_7782,pixel_7783,pixel_7784,pixel_7785,pixel_7786,pixel_7787,pixel_7788,pixel_7789,pixel_7790,pixel_7791,pixel_7792,pixel_7793,pixel_7794,pixel_7795,pixel_7796,pixel_7797,pixel_7798,pixel_7799,pixel_7800,pixel_7801,pixel_7802,pixel_7803,pixel_7804,pixel_7805,pixel_7806,pixel_7807,pixel_7808,pixel_7809,pixel_7810,pixel_7811,pixel_7812,pixel_7813,pixel_7814,pixel_7815,pixel_7816,pixel_7817,pixel_7818,pixel_7819,pixel_7820,pixel_7821,pixel_7822,pixel_7823,pixel_7824,pixel_7825,pixel_7826,pixel_7827,pixel_7828,pixel_7829,pixel_7830,pixel_7831,pixel_7832,pixel_7833,pixel_7834,pixel_7835,pixel_7836,pixel_7837,pixel_7838,pixel_7839,pixel_7840,pixel_7841,pixel_7842,pixel_7843,pixel_7844,pixel_7845,pixel_7846,pixel_7847,pixel_7848,pixel_7849,pixel_7850,pixel_7851,pixel_7852,pixel_7853,pixel_7854,pixel_7855,pixel_7856,pixel_7857,pixel_7858,pixel_7859,pixel_7860,pixel_7861,pixel_7862,pixel_7863,pixel_7864,pixel_7865,pixel_7866,pixel_7867,pixel_7868,pixel_7869,pixel_7870,pixel_7871,pixel_7872,pixel_7873,pixel_7874,pixel_7875,pixel_7876,pixel_7877,pixel_7878,pixel_7879,pixel_7880,pixel_7881,pixel_7882,pixel_7883,pixel_7884,pixel_7885,pixel_7886,pixel_7887,pixel_7888,pixel_7889,pixel_7890,pixel_7891,pixel_7892,pixel_7893,pixel_7894,pixel_7895,pixel_7896,pixel_7897,pixel_7898,pixel_7899,pixel_7900,pixel_7901,pixel_7902,pixel_7903,pixel_7904,pixel_7905,pixel_7906,pixel_7907,pixel_7908,pixel_7909,pixel_7910,pixel_7911,pixel_7912,pixel_7913,pixel_7914,pixel_7915,pixel_7916,pixel_7917,pixel_7918,pixel_7919,pixel_7920,pixel_7921,pixel_7922,pixel_7923,pixel_7924,pixel_7925,pixel_7926,pixel_7927,pixel_7928,pixel_7929,pixel_7930,pixel_7931,pixel_7932,pixel_7933,pixel_7934,pixel_7935,pixel_7936,pixel_7937,pixel_7938,pixel_7939,pixel_7940,pixel_7941,pixel_7942,pixel_7943,pixel_7944,pixel_7945,pixel_7946,pixel_7947,pixel_7948,pixel_7949,pixel_7950,pixel_7951,pixel_7952,pixel_7953,pixel_7954,pixel_7955,pixel_7956,pixel_7957,pixel_7958,pixel_7959,pixel_7960,pixel_7961,pixel_7962,pixel_7963,pixel_7964,pixel_7965,pixel_7966,pixel_7967,pixel_7968,pixel_7969,pixel_7970,pixel_7971,pixel_7972,pixel_7973,pixel_7974,pixel_7975,pixel_7976,pixel_7977,pixel_7978,pixel_7979,pixel_7980,pixel_7981,pixel_7982,pixel_7983,pixel_7984,pixel_7985,pixel_7986,pixel_7987,pixel_7988,pixel_7989,pixel_7990,pixel_7991,pixel_7992,pixel_7993,pixel_7994,pixel_7995,pixel_7996,pixel_7997,pixel_7998,pixel_7999,pixel_8000,pixel_8001,pixel_8002,pixel_8003,pixel_8004,pixel_8005,pixel_8006,pixel_8007,pixel_8008,pixel_8009,pixel_8010,pixel_8011,pixel_8012,pixel_8013,pixel_8014,pixel_8015,pixel_8016,pixel_8017,pixel_8018,pixel_8019,pixel_8020,pixel_8021,pixel_8022,pixel_8023,pixel_8024,pixel_8025,pixel_8026,pixel_8027,pixel_8028,pixel_8029,pixel_8030,pixel_8031,pixel_8032,pixel_8033,pixel_8034,pixel_8035,pixel_8036,pixel_8037,pixel_8038,pixel_8039,pixel_8040,pixel_8041,pixel_8042,pixel_8043,pixel_8044,pixel_8045,pixel_8046,pixel_8047,pixel_8048,pixel_8049,pixel_8050,pixel_8051,pixel_8052,pixel_8053,pixel_8054,pixel_8055,pixel_8056,pixel_8057,pixel_8058,pixel_8059,pixel_8060,pixel_8061,pixel_8062,pixel_8063,pixel_8064,pixel_8065,pixel_8066,pixel_8067,pixel_8068,pixel_8069,pixel_8070,pixel_8071,pixel_8072,pixel_8073,pixel_8074,pixel_8075,pixel_8076,pixel_8077,pixel_8078,pixel_8079,pixel_8080,pixel_8081,pixel_8082,pixel_8083,pixel_8084,pixel_8085,pixel_8086,pixel_8087,pixel_8088,pixel_8089,pixel_8090,pixel_8091,pixel_8092,pixel_8093,pixel_8094,pixel_8095,pixel_8096,pixel_8097,pixel_8098,pixel_8099,pixel_8100,pixel_8101,pixel_8102,pixel_8103,pixel_8104,pixel_8105,pixel_8106,pixel_8107,pixel_8108,pixel_8109,pixel_8110,pixel_8111,pixel_8112,pixel_8113,pixel_8114,pixel_8115,pixel_8116,pixel_8117,pixel_8118,pixel_8119,pixel_8120,pixel_8121,pixel_8122,pixel_8123,pixel_8124,pixel_8125,pixel_8126,pixel_8127,pixel_8128,pixel_8129,pixel_8130,pixel_8131,pixel_8132,pixel_8133,pixel_8134,pixel_8135,pixel_8136,pixel_8137,pixel_8138,pixel_8139,pixel_8140,pixel_8141,pixel_8142,pixel_8143,pixel_8144,pixel_8145,pixel_8146,pixel_8147,pixel_8148,pixel_8149,pixel_8150,pixel_8151,pixel_8152,pixel_8153,pixel_8154,pixel_8155,pixel_8156,pixel_8157,pixel_8158,pixel_8159,pixel_8160,pixel_8161,pixel_8162,pixel_8163,pixel_8164,pixel_8165,pixel_8166,pixel_8167,pixel_8168,pixel_8169,pixel_8170,pixel_8171,pixel_8172,pixel_8173,pixel_8174,pixel_8175,pixel_8176,pixel_8177,pixel_8178,pixel_8179,pixel_8180,pixel_8181,pixel_8182,pixel_8183,pixel_8184,pixel_8185,pixel_8186,pixel_8187,pixel_8188,pixel_8189,pixel_8190,pixel_8191,pixel_8192,pixel_8193,pixel_8194,pixel_8195,pixel_8196,pixel_8197,pixel_8198,pixel_8199,pixel_8200,pixel_8201,pixel_8202,pixel_8203,pixel_8204,pixel_8205,pixel_8206,pixel_8207,pixel_8208,pixel_8209,pixel_8210,pixel_8211,pixel_8212,pixel_8213,pixel_8214,pixel_8215,pixel_8216,pixel_8217,pixel_8218,pixel_8219,pixel_8220,pixel_8221,pixel_8222,pixel_8223,pixel_8224,pixel_8225,pixel_8226,pixel_8227,pixel_8228,pixel_8229,pixel_8230,pixel_8231,pixel_8232,pixel_8233,pixel_8234,pixel_8235,pixel_8236,pixel_8237,pixel_8238,pixel_8239,pixel_8240,pixel_8241,pixel_8242,pixel_8243,pixel_8244,pixel_8245,pixel_8246,pixel_8247,pixel_8248,pixel_8249,pixel_8250,pixel_8251,pixel_8252,pixel_8253,pixel_8254,pixel_8255,pixel_8256,pixel_8257,pixel_8258,pixel_8259,pixel_8260,pixel_8261,pixel_8262,pixel_8263,pixel_8264,pixel_8265,pixel_8266,pixel_8267,pixel_8268,pixel_8269,pixel_8270,pixel_8271,pixel_8272,pixel_8273,pixel_8274,pixel_8275,pixel_8276,pixel_8277,pixel_8278,pixel_8279,pixel_8280,pixel_8281,pixel_8282,pixel_8283,pixel_8284,pixel_8285,pixel_8286,pixel_8287,pixel_8288,pixel_8289,pixel_8290,pixel_8291,pixel_8292,pixel_8293,pixel_8294,pixel_8295,pixel_8296,pixel_8297,pixel_8298,pixel_8299,pixel_8300,pixel_8301,pixel_8302,pixel_8303,pixel_8304,pixel_8305,pixel_8306,pixel_8307,pixel_8308,pixel_8309,pixel_8310,pixel_8311,pixel_8312,pixel_8313,pixel_8314,pixel_8315,pixel_8316,pixel_8317,pixel_8318,pixel_8319,pixel_8320,pixel_8321,pixel_8322,pixel_8323,pixel_8324,pixel_8325,pixel_8326,pixel_8327,pixel_8328,pixel_8329,pixel_8330,pixel_8331,pixel_8332,pixel_8333,pixel_8334,pixel_8335,pixel_8336,pixel_8337,pixel_8338,pixel_8339,pixel_8340,pixel_8341,pixel_8342,pixel_8343,pixel_8344,pixel_8345,pixel_8346,pixel_8347,pixel_8348,pixel_8349,pixel_8350,pixel_8351,pixel_8352,pixel_8353,pixel_8354,pixel_8355,pixel_8356,pixel_8357,pixel_8358,pixel_8359,pixel_8360,pixel_8361,pixel_8362,pixel_8363,pixel_8364,pixel_8365,pixel_8366,pixel_8367,pixel_8368,pixel_8369,pixel_8370,pixel_8371,pixel_8372,pixel_8373,pixel_8374,pixel_8375,pixel_8376,pixel_8377,pixel_8378,pixel_8379,pixel_8380,pixel_8381,pixel_8382,pixel_8383,pixel_8384,pixel_8385,pixel_8386,pixel_8387,pixel_8388,pixel_8389,pixel_8390,pixel_8391,pixel_8392,pixel_8393,pixel_8394,pixel_8395,pixel_8396,pixel_8397,pixel_8398,pixel_8399,pixel_8400,pixel_8401,pixel_8402,pixel_8403,pixel_8404,pixel_8405,pixel_8406,pixel_8407,pixel_8408,pixel_8409,pixel_8410,pixel_8411,pixel_8412,pixel_8413,pixel_8414,pixel_8415,pixel_8416,pixel_8417,pixel_8418,pixel_8419,pixel_8420,pixel_8421,pixel_8422,pixel_8423,pixel_8424,pixel_8425,pixel_8426,pixel_8427,pixel_8428,pixel_8429,pixel_8430,pixel_8431,pixel_8432,pixel_8433,pixel_8434,pixel_8435,pixel_8436,pixel_8437,pixel_8438,pixel_8439,pixel_8440,pixel_8441,pixel_8442,pixel_8443,pixel_8444,pixel_8445,pixel_8446,pixel_8447,pixel_8448,pixel_8449,pixel_8450,pixel_8451,pixel_8452,pixel_8453,pixel_8454,pixel_8455,pixel_8456,pixel_8457,pixel_8458,pixel_8459,pixel_8460,pixel_8461,pixel_8462,pixel_8463,pixel_8464,pixel_8465,pixel_8466,pixel_8467,pixel_8468,pixel_8469,pixel_8470,pixel_8471,pixel_8472,pixel_8473,pixel_8474,pixel_8475,pixel_8476,pixel_8477,pixel_8478,pixel_8479,pixel_8480,pixel_8481,pixel_8482,pixel_8483,pixel_8484,pixel_8485,pixel_8486,pixel_8487,pixel_8488,pixel_8489,pixel_8490,pixel_8491,pixel_8492,pixel_8493,pixel_8494,pixel_8495,pixel_8496,pixel_8497,pixel_8498,pixel_8499,pixel_8500,pixel_8501,pixel_8502,pixel_8503,pixel_8504,pixel_8505,pixel_8506,pixel_8507,pixel_8508,pixel_8509,pixel_8510,pixel_8511,pixel_8512,pixel_8513,pixel_8514,pixel_8515,pixel_8516,pixel_8517,pixel_8518,pixel_8519,pixel_8520,pixel_8521,pixel_8522,pixel_8523,pixel_8524,pixel_8525,pixel_8526,pixel_8527,pixel_8528,pixel_8529,pixel_8530,pixel_8531,pixel_8532,pixel_8533,pixel_8534,pixel_8535,pixel_8536,pixel_8537,pixel_8538,pixel_8539,pixel_8540,pixel_8541,pixel_8542,pixel_8543,pixel_8544,pixel_8545,pixel_8546,pixel_8547,pixel_8548,pixel_8549,pixel_8550,pixel_8551,pixel_8552,pixel_8553,pixel_8554,pixel_8555,pixel_8556,pixel_8557,pixel_8558,pixel_8559,pixel_8560,pixel_8561,pixel_8562,pixel_8563,pixel_8564,pixel_8565,pixel_8566,pixel_8567,pixel_8568,pixel_8569,pixel_8570,pixel_8571,pixel_8572,pixel_8573,pixel_8574,pixel_8575,pixel_8576,pixel_8577,pixel_8578,pixel_8579,pixel_8580,pixel_8581,pixel_8582,pixel_8583,pixel_8584,pixel_8585,pixel_8586,pixel_8587,pixel_8588,pixel_8589,pixel_8590,pixel_8591,pixel_8592,pixel_8593,pixel_8594,pixel_8595,pixel_8596,pixel_8597,pixel_8598,pixel_8599,pixel_8600,pixel_8601,pixel_8602,pixel_8603,pixel_8604,pixel_8605,pixel_8606,pixel_8607,pixel_8608,pixel_8609,pixel_8610,pixel_8611,pixel_8612,pixel_8613,pixel_8614,pixel_8615,pixel_8616,pixel_8617,pixel_8618,pixel_8619,pixel_8620,pixel_8621,pixel_8622,pixel_8623,pixel_8624,pixel_8625,pixel_8626,pixel_8627,pixel_8628,pixel_8629,pixel_8630,pixel_8631,pixel_8632,pixel_8633,pixel_8634,pixel_8635,pixel_8636,pixel_8637,pixel_8638,pixel_8639,pixel_8640,pixel_8641,pixel_8642,pixel_8643,pixel_8644,pixel_8645,pixel_8646,pixel_8647,pixel_8648,pixel_8649,pixel_8650,pixel_8651,pixel_8652,pixel_8653,pixel_8654,pixel_8655,pixel_8656,pixel_8657,pixel_8658,pixel_8659,pixel_8660,pixel_8661,pixel_8662,pixel_8663,pixel_8664,pixel_8665,pixel_8666,pixel_8667,pixel_8668,pixel_8669,pixel_8670,pixel_8671,pixel_8672,pixel_8673,pixel_8674,pixel_8675,pixel_8676,pixel_8677,pixel_8678,pixel_8679,pixel_8680,pixel_8681,pixel_8682,pixel_8683,pixel_8684,pixel_8685,pixel_8686,pixel_8687,pixel_8688,pixel_8689,pixel_8690,pixel_8691,pixel_8692,pixel_8693,pixel_8694,pixel_8695,pixel_8696,pixel_8697,pixel_8698,pixel_8699,pixel_8700,pixel_8701,pixel_8702,pixel_8703,pixel_8704,pixel_8705,pixel_8706,pixel_8707,pixel_8708,pixel_8709,pixel_8710,pixel_8711,pixel_8712,pixel_8713,pixel_8714,pixel_8715,pixel_8716,pixel_8717,pixel_8718,pixel_8719,pixel_8720,pixel_8721,pixel_8722,pixel_8723,pixel_8724,pixel_8725,pixel_8726,pixel_8727,pixel_8728,pixel_8729,pixel_8730,pixel_8731,pixel_8732,pixel_8733,pixel_8734,pixel_8735,pixel_8736,pixel_8737,pixel_8738,pixel_8739,pixel_8740,pixel_8741,pixel_8742,pixel_8743,pixel_8744,pixel_8745,pixel_8746,pixel_8747,pixel_8748,pixel_8749,pixel_8750,pixel_8751,pixel_8752,pixel_8753,pixel_8754,pixel_8755,pixel_8756,pixel_8757,pixel_8758,pixel_8759,pixel_8760,pixel_8761,pixel_8762,pixel_8763,pixel_8764,pixel_8765,pixel_8766,pixel_8767,pixel_8768,pixel_8769,pixel_8770,pixel_8771,pixel_8772,pixel_8773,pixel_8774,pixel_8775,pixel_8776,pixel_8777,pixel_8778,pixel_8779,pixel_8780,pixel_8781,pixel_8782,pixel_8783,pixel_8784,pixel_8785,pixel_8786,pixel_8787,pixel_8788,pixel_8789,pixel_8790,pixel_8791,pixel_8792,pixel_8793,pixel_8794,pixel_8795,pixel_8796,pixel_8797,pixel_8798,pixel_8799,pixel_8800,pixel_8801,pixel_8802,pixel_8803,pixel_8804,pixel_8805,pixel_8806,pixel_8807,pixel_8808,pixel_8809,pixel_8810,pixel_8811,pixel_8812,pixel_8813,pixel_8814,pixel_8815,pixel_8816,pixel_8817,pixel_8818,pixel_8819,pixel_8820,pixel_8821,pixel_8822,pixel_8823,pixel_8824,pixel_8825,pixel_8826,pixel_8827,pixel_8828,pixel_8829,pixel_8830,pixel_8831,pixel_8832,pixel_8833,pixel_8834,pixel_8835,pixel_8836,pixel_8837,pixel_8838,pixel_8839,pixel_8840,pixel_8841,pixel_8842,pixel_8843,pixel_8844,pixel_8845,pixel_8846,pixel_8847,pixel_8848,pixel_8849,pixel_8850,pixel_8851,pixel_8852,pixel_8853,pixel_8854,pixel_8855,pixel_8856,pixel_8857,pixel_8858,pixel_8859,pixel_8860,pixel_8861,pixel_8862,pixel_8863,pixel_8864,pixel_8865,pixel_8866,pixel_8867,pixel_8868,pixel_8869,pixel_8870,pixel_8871,pixel_8872,pixel_8873,pixel_8874,pixel_8875,pixel_8876,pixel_8877,pixel_8878,pixel_8879,pixel_8880,pixel_8881,pixel_8882,pixel_8883,pixel_8884,pixel_8885,pixel_8886,pixel_8887,pixel_8888,pixel_8889,pixel_8890,pixel_8891,pixel_8892,pixel_8893,pixel_8894,pixel_8895,pixel_8896,pixel_8897,pixel_8898,pixel_8899,pixel_8900,pixel_8901,pixel_8902,pixel_8903,pixel_8904,pixel_8905,pixel_8906,pixel_8907,pixel_8908,pixel_8909,pixel_8910,pixel_8911,pixel_8912,pixel_8913,pixel_8914,pixel_8915,pixel_8916,pixel_8917,pixel_8918,pixel_8919,pixel_8920,pixel_8921,pixel_8922,pixel_8923,pixel_8924,pixel_8925,pixel_8926,pixel_8927,pixel_8928,pixel_8929,pixel_8930,pixel_8931,pixel_8932,pixel_8933,pixel_8934,pixel_8935,pixel_8936,pixel_8937,pixel_8938,pixel_8939,pixel_8940,pixel_8941,pixel_8942,pixel_8943,pixel_8944,pixel_8945,pixel_8946,pixel_8947,pixel_8948,pixel_8949,pixel_8950,pixel_8951,pixel_8952,pixel_8953,pixel_8954,pixel_8955,pixel_8956,pixel_8957,pixel_8958,pixel_8959,pixel_8960,pixel_8961,pixel_8962,pixel_8963,pixel_8964,pixel_8965,pixel_8966,pixel_8967,pixel_8968,pixel_8969,pixel_8970,pixel_8971,pixel_8972,pixel_8973,pixel_8974,pixel_8975,pixel_8976,pixel_8977,pixel_8978,pixel_8979,pixel_8980,pixel_8981,pixel_8982,pixel_8983,pixel_8984,pixel_8985,pixel_8986,pixel_8987,pixel_8988,pixel_8989,pixel_8990,pixel_8991,pixel_8992,pixel_8993,pixel_8994,pixel_8995,pixel_8996,pixel_8997,pixel_8998,pixel_8999,pixel_9000,pixel_9001,pixel_9002,pixel_9003,pixel_9004,pixel_9005,pixel_9006,pixel_9007,pixel_9008,pixel_9009,pixel_9010,pixel_9011,pixel_9012,pixel_9013,pixel_9014,pixel_9015,pixel_9016,pixel_9017,pixel_9018,pixel_9019,pixel_9020,pixel_9021,pixel_9022,pixel_9023,pixel_9024,pixel_9025,pixel_9026,pixel_9027,pixel_9028,pixel_9029,pixel_9030,pixel_9031,pixel_9032,pixel_9033,pixel_9034,pixel_9035,pixel_9036,pixel_9037,pixel_9038,pixel_9039,pixel_9040,pixel_9041,pixel_9042,pixel_9043,pixel_9044,pixel_9045,pixel_9046,pixel_9047,pixel_9048,pixel_9049,pixel_9050,pixel_9051,pixel_9052,pixel_9053,pixel_9054,pixel_9055,pixel_9056,pixel_9057,pixel_9058,pixel_9059,pixel_9060,pixel_9061,pixel_9062,pixel_9063,pixel_9064,pixel_9065,pixel_9066,pixel_9067,pixel_9068,pixel_9069,pixel_9070,pixel_9071,pixel_9072,pixel_9073,pixel_9074,pixel_9075,pixel_9076,pixel_9077,pixel_9078,pixel_9079,pixel_9080,pixel_9081,pixel_9082,pixel_9083,pixel_9084,pixel_9085,pixel_9086,pixel_9087,pixel_9088,pixel_9089,pixel_9090,pixel_9091,pixel_9092,pixel_9093,pixel_9094,pixel_9095,pixel_9096,pixel_9097,pixel_9098,pixel_9099,pixel_9100,pixel_9101,pixel_9102,pixel_9103,pixel_9104,pixel_9105,pixel_9106,pixel_9107,pixel_9108,pixel_9109,pixel_9110,pixel_9111,pixel_9112,pixel_9113,pixel_9114,pixel_9115,pixel_9116,pixel_9117,pixel_9118,pixel_9119,pixel_9120,pixel_9121,pixel_9122,pixel_9123,pixel_9124,pixel_9125,pixel_9126,pixel_9127,pixel_9128,pixel_9129,pixel_9130,pixel_9131,pixel_9132,pixel_9133,pixel_9134,pixel_9135,pixel_9136,pixel_9137,pixel_9138,pixel_9139,pixel_9140,pixel_9141,pixel_9142,pixel_9143,pixel_9144,pixel_9145,pixel_9146,pixel_9147,pixel_9148,pixel_9149,pixel_9150,pixel_9151,pixel_9152,pixel_9153,pixel_9154,pixel_9155,pixel_9156,pixel_9157,pixel_9158,pixel_9159,pixel_9160,pixel_9161,pixel_9162,pixel_9163,pixel_9164,pixel_9165,pixel_9166,pixel_9167,pixel_9168,pixel_9169,pixel_9170,pixel_9171,pixel_9172,pixel_9173,pixel_9174,pixel_9175,pixel_9176,pixel_9177,pixel_9178,pixel_9179,pixel_9180,pixel_9181,pixel_9182,pixel_9183,pixel_9184,pixel_9185,pixel_9186,pixel_9187,pixel_9188,pixel_9189,pixel_9190,pixel_9191,pixel_9192,pixel_9193,pixel_9194,pixel_9195,pixel_9196,pixel_9197,pixel_9198,pixel_9199,pixel_9200,pixel_9201,pixel_9202,pixel_9203,pixel_9204,pixel_9205,pixel_9206,pixel_9207,pixel_9208,pixel_9209,pixel_9210,pixel_9211,pixel_9212,pixel_9213,pixel_9214,pixel_9215,pixel_9216,pixel_9217,pixel_9218,pixel_9219,pixel_9220,pixel_9221,pixel_9222,pixel_9223,pixel_9224,pixel_9225,pixel_9226,pixel_9227,pixel_9228,pixel_9229,pixel_9230,pixel_9231,pixel_9232,pixel_9233,pixel_9234,pixel_9235,pixel_9236,pixel_9237,pixel_9238,pixel_9239,pixel_9240,pixel_9241,pixel_9242,pixel_9243,pixel_9244,pixel_9245,pixel_9246,pixel_9247,pixel_9248,pixel_9249,pixel_9250,pixel_9251,pixel_9252,pixel_9253,pixel_9254,pixel_9255,pixel_9256,pixel_9257,pixel_9258,pixel_9259,pixel_9260,pixel_9261,pixel_9262,pixel_9263,pixel_9264,pixel_9265,pixel_9266,pixel_9267,pixel_9268,pixel_9269,pixel_9270,pixel_9271,pixel_9272,pixel_9273,pixel_9274,pixel_9275,pixel_9276,pixel_9277,pixel_9278,pixel_9279,pixel_9280,pixel_9281,pixel_9282,pixel_9283,pixel_9284,pixel_9285,pixel_9286,pixel_9287,pixel_9288,pixel_9289,pixel_9290,pixel_9291,pixel_9292,pixel_9293,pixel_9294,pixel_9295,pixel_9296,pixel_9297,pixel_9298,pixel_9299,pixel_9300,pixel_9301,pixel_9302,pixel_9303,pixel_9304,pixel_9305,pixel_9306,pixel_9307,pixel_9308,pixel_9309,pixel_9310,pixel_9311,pixel_9312,pixel_9313,pixel_9314,pixel_9315,pixel_9316,pixel_9317,pixel_9318,pixel_9319,pixel_9320,pixel_9321,pixel_9322,pixel_9323,pixel_9324,pixel_9325,pixel_9326,pixel_9327,pixel_9328,pixel_9329,pixel_9330,pixel_9331,pixel_9332,pixel_9333,pixel_9334,pixel_9335,pixel_9336,pixel_9337,pixel_9338,pixel_9339,pixel_9340,pixel_9341,pixel_9342,pixel_9343,pixel_9344,pixel_9345,pixel_9346,pixel_9347,pixel_9348,pixel_9349,pixel_9350,pixel_9351,pixel_9352,pixel_9353,pixel_9354,pixel_9355,pixel_9356,pixel_9357,pixel_9358,pixel_9359,pixel_9360,pixel_9361,pixel_9362,pixel_9363,pixel_9364,pixel_9365,pixel_9366,pixel_9367,pixel_9368,pixel_9369,pixel_9370,pixel_9371,pixel_9372,pixel_9373,pixel_9374,pixel_9375,pixel_9376,pixel_9377,pixel_9378,pixel_9379,pixel_9380,pixel_9381,pixel_9382,pixel_9383,pixel_9384,pixel_9385,pixel_9386,pixel_9387,pixel_9388,pixel_9389,pixel_9390,pixel_9391,pixel_9392,pixel_9393,pixel_9394,pixel_9395,pixel_9396,pixel_9397,pixel_9398,pixel_9399,pixel_9400,pixel_9401,pixel_9402,pixel_9403,pixel_9404,pixel_9405,pixel_9406,pixel_9407,pixel_9408,pixel_9409,pixel_9410,pixel_9411,pixel_9412,pixel_9413,pixel_9414,pixel_9415,pixel_9416,pixel_9417,pixel_9418,pixel_9419,pixel_9420,pixel_9421,pixel_9422,pixel_9423,pixel_9424,pixel_9425,pixel_9426,pixel_9427,pixel_9428,pixel_9429,pixel_9430,pixel_9431,pixel_9432,pixel_9433,pixel_9434,pixel_9435,pixel_9436,pixel_9437,pixel_9438,pixel_9439,pixel_9440,pixel_9441,pixel_9442,pixel_9443,pixel_9444,pixel_9445,pixel_9446,pixel_9447,pixel_9448,pixel_9449,pixel_9450,pixel_9451,pixel_9452,pixel_9453,pixel_9454,pixel_9455,pixel_9456,pixel_9457,pixel_9458,pixel_9459,pixel_9460,pixel_9461,pixel_9462,pixel_9463,pixel_9464,pixel_9465,pixel_9466,pixel_9467,pixel_9468,pixel_9469,pixel_9470,pixel_9471,pixel_9472,pixel_9473,pixel_9474,pixel_9475,pixel_9476,pixel_9477,pixel_9478,pixel_9479,pixel_9480,pixel_9481,pixel_9482,pixel_9483,pixel_9484,pixel_9485,pixel_9486,pixel_9487,pixel_9488,pixel_9489,pixel_9490,pixel_9491,pixel_9492,pixel_9493,pixel_9494,pixel_9495,pixel_9496,pixel_9497,pixel_9498,pixel_9499,pixel_9500,pixel_9501,pixel_9502,pixel_9503,pixel_9504,pixel_9505,pixel_9506,pixel_9507,pixel_9508,pixel_9509,pixel_9510,pixel_9511,pixel_9512,pixel_9513,pixel_9514,pixel_9515,pixel_9516,pixel_9517,pixel_9518,pixel_9519,pixel_9520,pixel_9521,pixel_9522,pixel_9523,pixel_9524,pixel_9525,pixel_9526,pixel_9527,pixel_9528,pixel_9529,pixel_9530,pixel_9531,pixel_9532,pixel_9533,pixel_9534,pixel_9535,pixel_9536,pixel_9537,pixel_9538,pixel_9539,pixel_9540,pixel_9541,pixel_9542,pixel_9543,pixel_9544,pixel_9545,pixel_9546,pixel_9547,pixel_9548,pixel_9549,pixel_9550,pixel_9551,pixel_9552,pixel_9553,pixel_9554,pixel_9555,pixel_9556,pixel_9557,pixel_9558,pixel_9559,pixel_9560,pixel_9561,pixel_9562,pixel_9563,pixel_9564,pixel_9565,pixel_9566,pixel_9567,pixel_9568,pixel_9569,pixel_9570,pixel_9571,pixel_9572,pixel_9573,pixel_9574,pixel_9575,pixel_9576,pixel_9577,pixel_9578,pixel_9579,pixel_9580,pixel_9581,pixel_9582,pixel_9583,pixel_9584,pixel_9585,pixel_9586,pixel_9587,pixel_9588,pixel_9589,pixel_9590,pixel_9591,pixel_9592,pixel_9593,pixel_9594,pixel_9595,pixel_9596,pixel_9597,pixel_9598,pixel_9599,pixel_9600,pixel_9601,pixel_9602,pixel_9603,pixel_9604,pixel_9605,pixel_9606,pixel_9607,pixel_9608,pixel_9609,pixel_9610,pixel_9611,pixel_9612,pixel_9613,pixel_9614,pixel_9615,pixel_9616,pixel_9617,pixel_9618,pixel_9619,pixel_9620,pixel_9621,pixel_9622,pixel_9623,pixel_9624,pixel_9625,pixel_9626,pixel_9627,pixel_9628,pixel_9629,pixel_9630,pixel_9631,pixel_9632,pixel_9633,pixel_9634,pixel_9635,pixel_9636,pixel_9637,pixel_9638,pixel_9639,pixel_9640,pixel_9641,pixel_9642,pixel_9643,pixel_9644,pixel_9645,pixel_9646,pixel_9647,pixel_9648,pixel_9649,pixel_9650,pixel_9651,pixel_9652,pixel_9653,pixel_9654,pixel_9655,pixel_9656,pixel_9657,pixel_9658,pixel_9659,pixel_9660,pixel_9661,pixel_9662,pixel_9663,pixel_9664,pixel_9665,pixel_9666,pixel_9667,pixel_9668,pixel_9669,pixel_9670,pixel_9671,pixel_9672,pixel_9673,pixel_9674,pixel_9675,pixel_9676,pixel_9677,pixel_9678,pixel_9679,pixel_9680,pixel_9681,pixel_9682,pixel_9683,pixel_9684,pixel_9685,pixel_9686,pixel_9687,pixel_9688,pixel_9689,pixel_9690,pixel_9691,pixel_9692,pixel_9693,pixel_9694,pixel_9695,pixel_9696,pixel_9697,pixel_9698,pixel_9699,pixel_9700,pixel_9701,pixel_9702,pixel_9703,pixel_9704,pixel_9705,pixel_9706,pixel_9707,pixel_9708,pixel_9709,pixel_9710,pixel_9711,pixel_9712,pixel_9713,pixel_9714,pixel_9715,pixel_9716,pixel_9717,pixel_9718,pixel_9719,pixel_9720,pixel_9721,pixel_9722,pixel_9723,pixel_9724,pixel_9725,pixel_9726,pixel_9727,pixel_9728,pixel_9729,pixel_9730,pixel_9731,pixel_9732,pixel_9733,pixel_9734,pixel_9735,pixel_9736,pixel_9737,pixel_9738,pixel_9739,pixel_9740,pixel_9741,pixel_9742,pixel_9743,pixel_9744,pixel_9745,pixel_9746,pixel_9747,pixel_9748,pixel_9749,pixel_9750,pixel_9751,pixel_9752,pixel_9753,pixel_9754,pixel_9755,pixel_9756,pixel_9757,pixel_9758,pixel_9759,pixel_9760,pixel_9761,pixel_9762,pixel_9763,pixel_9764,pixel_9765,pixel_9766,pixel_9767,pixel_9768,pixel_9769,pixel_9770,pixel_9771,pixel_9772,pixel_9773,pixel_9774,pixel_9775,pixel_9776,pixel_9777,pixel_9778,pixel_9779,pixel_9780,pixel_9781,pixel_9782,pixel_9783,pixel_9784,pixel_9785,pixel_9786,pixel_9787,pixel_9788,pixel_9789,pixel_9790,pixel_9791,pixel_9792,pixel_9793,pixel_9794,pixel_9795,pixel_9796,pixel_9797,pixel_9798,pixel_9799,pixel_9800,pixel_9801,pixel_9802,pixel_9803,pixel_9804,pixel_9805,pixel_9806,pixel_9807,pixel_9808,pixel_9809,pixel_9810,pixel_9811,pixel_9812,pixel_9813,pixel_9814,pixel_9815,pixel_9816,pixel_9817,pixel_9818,pixel_9819,pixel_9820,pixel_9821,pixel_9822,pixel_9823,pixel_9824,pixel_9825,pixel_9826,pixel_9827,pixel_9828,pixel_9829,pixel_9830,pixel_9831,pixel_9832,pixel_9833,pixel_9834,pixel_9835,pixel_9836,pixel_9837,pixel_9838,pixel_9839,pixel_9840,pixel_9841,pixel_9842,pixel_9843,pixel_9844,pixel_9845,pixel_9846,pixel_9847,pixel_9848,pixel_9849,pixel_9850,pixel_9851,pixel_9852,pixel_9853,pixel_9854,pixel_9855,pixel_9856,pixel_9857,pixel_9858,pixel_9859,pixel_9860,pixel_9861,pixel_9862,pixel_9863,pixel_9864,pixel_9865,pixel_9866,pixel_9867,pixel_9868,pixel_9869,pixel_9870,pixel_9871,pixel_9872,pixel_9873,pixel_9874,pixel_9875,pixel_9876,pixel_9877,pixel_9878,pixel_9879,pixel_9880,pixel_9881,pixel_9882,pixel_9883,pixel_9884,pixel_9885,pixel_9886,pixel_9887,pixel_9888,pixel_9889,pixel_9890,pixel_9891,pixel_9892,pixel_9893,pixel_9894,pixel_9895,pixel_9896,pixel_9897,pixel_9898,pixel_9899,pixel_9900,pixel_9901,pixel_9902,pixel_9903,pixel_9904,pixel_9905,pixel_9906,pixel_9907,pixel_9908,pixel_9909,pixel_9910,pixel_9911,pixel_9912,pixel_9913,pixel_9914,pixel_9915,pixel_9916,pixel_9917,pixel_9918,pixel_9919,pixel_9920,pixel_9921,pixel_9922,pixel_9923,pixel_9924,pixel_9925,pixel_9926,pixel_9927,pixel_9928,pixel_9929,pixel_9930,pixel_9931,pixel_9932,pixel_9933,pixel_9934,pixel_9935,pixel_9936,pixel_9937,pixel_9938,pixel_9939,pixel_9940,pixel_9941,pixel_9942,pixel_9943,pixel_9944,pixel_9945,pixel_9946,pixel_9947,pixel_9948,pixel_9949,pixel_9950,pixel_9951,pixel_9952,pixel_9953,pixel_9954,pixel_9955,pixel_9956,pixel_9957,pixel_9958,pixel_9959,pixel_9960,pixel_9961,pixel_9962,pixel_9963,pixel_9964,pixel_9965,pixel_9966,pixel_9967,pixel_9968,pixel_9969,pixel_9970,pixel_9971,pixel_9972,pixel_9973,pixel_9974,pixel_9975,pixel_9976,pixel_9977,pixel_9978,pixel_9979,pixel_9980,pixel_9981,pixel_9982,pixel_9983,pixel_9984,pixel_9985,pixel_9986,pixel_9987,pixel_9988,pixel_9989,pixel_9990,pixel_9991,pixel_9992,pixel_9993,pixel_9994,pixel_9995,pixel_9996,pixel_9997,pixel_9998,pixel_9999,pixel_10000,pixel_10001,pixel_10002,pixel_10003,pixel_10004,pixel_10005,pixel_10006,pixel_10007,pixel_10008,pixel_10009,pixel_10010,pixel_10011,pixel_10012,pixel_10013,pixel_10014,pixel_10015,pixel_10016,pixel_10017,pixel_10018,pixel_10019,pixel_10020,pixel_10021,pixel_10022,pixel_10023,pixel_10024,pixel_10025,pixel_10026,pixel_10027,pixel_10028,pixel_10029,pixel_10030,pixel_10031,pixel_10032,pixel_10033,pixel_10034,pixel_10035,pixel_10036,pixel_10037,pixel_10038,pixel_10039,pixel_10040,pixel_10041,pixel_10042,pixel_10043,pixel_10044,pixel_10045,pixel_10046,pixel_10047,pixel_10048,pixel_10049,pixel_10050,pixel_10051,pixel_10052,pixel_10053,pixel_10054,pixel_10055,pixel_10056,pixel_10057,pixel_10058,pixel_10059,pixel_10060,pixel_10061,pixel_10062,pixel_10063,pixel_10064,pixel_10065,pixel_10066,pixel_10067,pixel_10068,pixel_10069,pixel_10070,pixel_10071,pixel_10072,pixel_10073,pixel_10074,pixel_10075,pixel_10076,pixel_10077,pixel_10078,pixel_10079,pixel_10080,pixel_10081,pixel_10082,pixel_10083,pixel_10084,pixel_10085,pixel_10086,pixel_10087,pixel_10088,pixel_10089,pixel_10090,pixel_10091,pixel_10092,pixel_10093,pixel_10094,pixel_10095,pixel_10096,pixel_10097,pixel_10098,pixel_10099,pixel_10100,pixel_10101,pixel_10102,pixel_10103,pixel_10104,pixel_10105,pixel_10106,pixel_10107,pixel_10108,pixel_10109,pixel_10110,pixel_10111,pixel_10112,pixel_10113,pixel_10114,pixel_10115,pixel_10116,pixel_10117,pixel_10118,pixel_10119,pixel_10120,pixel_10121,pixel_10122,pixel_10123,pixel_10124,pixel_10125,pixel_10126,pixel_10127,pixel_10128,pixel_10129,pixel_10130,pixel_10131,pixel_10132,pixel_10133,pixel_10134,pixel_10135,pixel_10136,pixel_10137,pixel_10138,pixel_10139,pixel_10140,pixel_10141,pixel_10142,pixel_10143,pixel_10144,pixel_10145,pixel_10146,pixel_10147,pixel_10148,pixel_10149,pixel_10150,pixel_10151,pixel_10152,pixel_10153,pixel_10154,pixel_10155,pixel_10156,pixel_10157,pixel_10158,pixel_10159,pixel_10160,pixel_10161,pixel_10162,pixel_10163,pixel_10164,pixel_10165,pixel_10166,pixel_10167,pixel_10168,pixel_10169,pixel_10170,pixel_10171,pixel_10172,pixel_10173,pixel_10174,pixel_10175,pixel_10176,pixel_10177,pixel_10178,pixel_10179,pixel_10180,pixel_10181,pixel_10182,pixel_10183,pixel_10184,pixel_10185,pixel_10186,pixel_10187,pixel_10188,pixel_10189,pixel_10190,pixel_10191,pixel_10192,pixel_10193,pixel_10194,pixel_10195,pixel_10196,pixel_10197,pixel_10198,pixel_10199,pixel_10200,pixel_10201,pixel_10202,pixel_10203,pixel_10204,pixel_10205,pixel_10206,pixel_10207,pixel_10208,pixel_10209,pixel_10210,pixel_10211,pixel_10212,pixel_10213,pixel_10214,pixel_10215,pixel_10216,pixel_10217,pixel_10218,pixel_10219,pixel_10220,pixel_10221,pixel_10222,pixel_10223,pixel_10224,pixel_10225,pixel_10226,pixel_10227,pixel_10228,pixel_10229,pixel_10230,pixel_10231,pixel_10232,pixel_10233,pixel_10234,pixel_10235,pixel_10236,pixel_10237,pixel_10238,pixel_10239,pixel_10240,pixel_10241,pixel_10242,pixel_10243,pixel_10244,pixel_10245,pixel_10246,pixel_10247,pixel_10248,pixel_10249,pixel_10250,pixel_10251,pixel_10252,pixel_10253,pixel_10254,pixel_10255,pixel_10256,pixel_10257,pixel_10258,pixel_10259,pixel_10260,pixel_10261,pixel_10262,pixel_10263,pixel_10264,pixel_10265,pixel_10266,pixel_10267,pixel_10268,pixel_10269,pixel_10270,pixel_10271,pixel_10272,pixel_10273,pixel_10274,pixel_10275,pixel_10276,pixel_10277,pixel_10278,pixel_10279,pixel_10280,pixel_10281,pixel_10282,pixel_10283,pixel_10284,pixel_10285,pixel_10286,pixel_10287,pixel_10288,pixel_10289,pixel_10290,pixel_10291,pixel_10292,pixel_10293,pixel_10294,pixel_10295,pixel_10296,pixel_10297,pixel_10298,pixel_10299,pixel_10300,pixel_10301,pixel_10302,pixel_10303,pixel_10304,pixel_10305,pixel_10306,pixel_10307,pixel_10308,pixel_10309,pixel_10310,pixel_10311,pixel_10312,pixel_10313,pixel_10314,pixel_10315,pixel_10316,pixel_10317,pixel_10318,pixel_10319,pixel_10320,pixel_10321,pixel_10322,pixel_10323,pixel_10324,pixel_10325,pixel_10326,pixel_10327,pixel_10328,pixel_10329,pixel_10330,pixel_10331,pixel_10332,pixel_10333,pixel_10334,pixel_10335,pixel_10336,pixel_10337,pixel_10338,pixel_10339,pixel_10340,pixel_10341,pixel_10342,pixel_10343,pixel_10344,pixel_10345,pixel_10346,pixel_10347,pixel_10348,pixel_10349,pixel_10350,pixel_10351,pixel_10352,pixel_10353,pixel_10354,pixel_10355,pixel_10356,pixel_10357,pixel_10358,pixel_10359,pixel_10360,pixel_10361,pixel_10362,pixel_10363,pixel_10364,pixel_10365,pixel_10366,pixel_10367,pixel_10368,pixel_10369,pixel_10370,pixel_10371,pixel_10372,pixel_10373,pixel_10374,pixel_10375,pixel_10376,pixel_10377,pixel_10378,pixel_10379,pixel_10380,pixel_10381,pixel_10382,pixel_10383,pixel_10384,pixel_10385,pixel_10386,pixel_10387,pixel_10388,pixel_10389,pixel_10390,pixel_10391,pixel_10392,pixel_10393,pixel_10394,pixel_10395,pixel_10396,pixel_10397,pixel_10398,pixel_10399,pixel_10400,pixel_10401,pixel_10402,pixel_10403,pixel_10404,pixel_10405,pixel_10406,pixel_10407,pixel_10408,pixel_10409,pixel_10410,pixel_10411,pixel_10412,pixel_10413,pixel_10414,pixel_10415,pixel_10416,pixel_10417,pixel_10418,pixel_10419,pixel_10420,pixel_10421,pixel_10422,pixel_10423,pixel_10424,pixel_10425,pixel_10426,pixel_10427,pixel_10428,pixel_10429,pixel_10430,pixel_10431,pixel_10432,pixel_10433,pixel_10434,pixel_10435,pixel_10436,pixel_10437,pixel_10438,pixel_10439,pixel_10440,pixel_10441,pixel_10442,pixel_10443,pixel_10444,pixel_10445,pixel_10446,pixel_10447,pixel_10448,pixel_10449,pixel_10450,pixel_10451,pixel_10452,pixel_10453,pixel_10454,pixel_10455,pixel_10456,pixel_10457,pixel_10458,pixel_10459,pixel_10460,pixel_10461,pixel_10462,pixel_10463,pixel_10464,pixel_10465,pixel_10466,pixel_10467,pixel_10468,pixel_10469,pixel_10470,pixel_10471,pixel_10472,pixel_10473,pixel_10474,pixel_10475,pixel_10476,pixel_10477,pixel_10478,pixel_10479,pixel_10480,pixel_10481,pixel_10482,pixel_10483,pixel_10484,pixel_10485,pixel_10486,pixel_10487,pixel_10488,pixel_10489,pixel_10490,pixel_10491,pixel_10492,pixel_10493,pixel_10494,pixel_10495,pixel_10496,pixel_10497,pixel_10498,pixel_10499,pixel_10500,pixel_10501,pixel_10502,pixel_10503,pixel_10504,pixel_10505,pixel_10506,pixel_10507,pixel_10508,pixel_10509,pixel_10510,pixel_10511,pixel_10512,pixel_10513,pixel_10514,pixel_10515,pixel_10516,pixel_10517,pixel_10518,pixel_10519,pixel_10520,pixel_10521,pixel_10522,pixel_10523,pixel_10524,pixel_10525,pixel_10526,pixel_10527,pixel_10528,pixel_10529,pixel_10530,pixel_10531,pixel_10532,pixel_10533,pixel_10534,pixel_10535,pixel_10536,pixel_10537,pixel_10538,pixel_10539,pixel_10540,pixel_10541,pixel_10542,pixel_10543,pixel_10544,pixel_10545,pixel_10546,pixel_10547,pixel_10548,pixel_10549,pixel_10550,pixel_10551,pixel_10552,pixel_10553,pixel_10554,pixel_10555,pixel_10556,pixel_10557,pixel_10558,pixel_10559,pixel_10560,pixel_10561,pixel_10562,pixel_10563,pixel_10564,pixel_10565,pixel_10566,pixel_10567,pixel_10568,pixel_10569,pixel_10570,pixel_10571,pixel_10572,pixel_10573,pixel_10574,pixel_10575,pixel_10576,pixel_10577,pixel_10578,pixel_10579,pixel_10580,pixel_10581,pixel_10582,pixel_10583,pixel_10584,pixel_10585,pixel_10586,pixel_10587,pixel_10588,pixel_10589,pixel_10590,pixel_10591,pixel_10592,pixel_10593,pixel_10594,pixel_10595,pixel_10596,pixel_10597,pixel_10598,pixel_10599,pixel_10600,pixel_10601,pixel_10602,pixel_10603,pixel_10604,pixel_10605,pixel_10606,pixel_10607,pixel_10608,pixel_10609,pixel_10610,pixel_10611,pixel_10612,pixel_10613,pixel_10614,pixel_10615,pixel_10616,pixel_10617,pixel_10618,pixel_10619,pixel_10620,pixel_10621,pixel_10622,pixel_10623,pixel_10624,pixel_10625,pixel_10626,pixel_10627,pixel_10628,pixel_10629,pixel_10630,pixel_10631,pixel_10632,pixel_10633,pixel_10634,pixel_10635,pixel_10636,pixel_10637,pixel_10638,pixel_10639,pixel_10640,pixel_10641,pixel_10642,pixel_10643,pixel_10644,pixel_10645,pixel_10646,pixel_10647,pixel_10648,pixel_10649,pixel_10650,pixel_10651,pixel_10652,pixel_10653,pixel_10654,pixel_10655,pixel_10656,pixel_10657,pixel_10658,pixel_10659,pixel_10660,pixel_10661,pixel_10662,pixel_10663,pixel_10664,pixel_10665,pixel_10666,pixel_10667,pixel_10668,pixel_10669,pixel_10670,pixel_10671,pixel_10672,pixel_10673,pixel_10674,pixel_10675,pixel_10676,pixel_10677,pixel_10678,pixel_10679,pixel_10680,pixel_10681,pixel_10682,pixel_10683,pixel_10684,pixel_10685,pixel_10686,pixel_10687,pixel_10688,pixel_10689,pixel_10690,pixel_10691,pixel_10692,pixel_10693,pixel_10694,pixel_10695,pixel_10696,pixel_10697,pixel_10698,pixel_10699,pixel_10700,pixel_10701,pixel_10702,pixel_10703,pixel_10704,pixel_10705,pixel_10706,pixel_10707,pixel_10708,pixel_10709,pixel_10710,pixel_10711,pixel_10712,pixel_10713,pixel_10714,pixel_10715,pixel_10716,pixel_10717,pixel_10718,pixel_10719,pixel_10720,pixel_10721,pixel_10722,pixel_10723,pixel_10724,pixel_10725,pixel_10726,pixel_10727,pixel_10728,pixel_10729,pixel_10730,pixel_10731,pixel_10732,pixel_10733,pixel_10734,pixel_10735,pixel_10736,pixel_10737,pixel_10738,pixel_10739,pixel_10740,pixel_10741,pixel_10742,pixel_10743,pixel_10744,pixel_10745,pixel_10746,pixel_10747,pixel_10748,pixel_10749,pixel_10750,pixel_10751,pixel_10752,pixel_10753,pixel_10754,pixel_10755,pixel_10756,pixel_10757,pixel_10758,pixel_10759,pixel_10760,pixel_10761,pixel_10762,pixel_10763,pixel_10764,pixel_10765,pixel_10766,pixel_10767,pixel_10768,pixel_10769,pixel_10770,pixel_10771,pixel_10772,pixel_10773,pixel_10774,pixel_10775,pixel_10776,pixel_10777,pixel_10778,pixel_10779,pixel_10780,pixel_10781,pixel_10782,pixel_10783,pixel_10784,pixel_10785,pixel_10786,pixel_10787,pixel_10788,pixel_10789,pixel_10790,pixel_10791,pixel_10792,pixel_10793,pixel_10794,pixel_10795,pixel_10796,pixel_10797,pixel_10798,pixel_10799,pixel_10800,pixel_10801,pixel_10802,pixel_10803,pixel_10804,pixel_10805,pixel_10806,pixel_10807,pixel_10808,pixel_10809,pixel_10810,pixel_10811,pixel_10812,pixel_10813,pixel_10814,pixel_10815,pixel_10816,pixel_10817,pixel_10818,pixel_10819,pixel_10820,pixel_10821,pixel_10822,pixel_10823,pixel_10824,pixel_10825,pixel_10826,pixel_10827,pixel_10828,pixel_10829,pixel_10830,pixel_10831,pixel_10832,pixel_10833,pixel_10834,pixel_10835,pixel_10836,pixel_10837,pixel_10838,pixel_10839,pixel_10840,pixel_10841,pixel_10842,pixel_10843,pixel_10844,pixel_10845,pixel_10846,pixel_10847,pixel_10848,pixel_10849,pixel_10850,pixel_10851,pixel_10852,pixel_10853,pixel_10854,pixel_10855,pixel_10856,pixel_10857,pixel_10858,pixel_10859,pixel_10860,pixel_10861,pixel_10862,pixel_10863,pixel_10864,pixel_10865,pixel_10866,pixel_10867,pixel_10868,pixel_10869,pixel_10870,pixel_10871,pixel_10872,pixel_10873,pixel_10874,pixel_10875,pixel_10876,pixel_10877,pixel_10878,pixel_10879,pixel_10880,pixel_10881,pixel_10882,pixel_10883,pixel_10884,pixel_10885,pixel_10886,pixel_10887,pixel_10888,pixel_10889,pixel_10890,pixel_10891,pixel_10892,pixel_10893,pixel_10894,pixel_10895,pixel_10896,pixel_10897,pixel_10898,pixel_10899,pixel_10900,pixel_10901,pixel_10902,pixel_10903,pixel_10904,pixel_10905,pixel_10906,pixel_10907,pixel_10908,pixel_10909,pixel_10910,pixel_10911,pixel_10912,pixel_10913,pixel_10914,pixel_10915,pixel_10916,pixel_10917,pixel_10918,pixel_10919,pixel_10920,pixel_10921,pixel_10922,pixel_10923,pixel_10924,pixel_10925,pixel_10926,pixel_10927,pixel_10928,pixel_10929,pixel_10930,pixel_10931,pixel_10932,pixel_10933,pixel_10934,pixel_10935,pixel_10936,pixel_10937,pixel_10938,pixel_10939,pixel_10940,pixel_10941,pixel_10942,pixel_10943,pixel_10944,pixel_10945,pixel_10946,pixel_10947,pixel_10948,pixel_10949,pixel_10950,pixel_10951,pixel_10952,pixel_10953,pixel_10954,pixel_10955,pixel_10956,pixel_10957,pixel_10958,pixel_10959,pixel_10960,pixel_10961,pixel_10962,pixel_10963,pixel_10964,pixel_10965,pixel_10966,pixel_10967,pixel_10968,pixel_10969,pixel_10970,pixel_10971,pixel_10972,pixel_10973,pixel_10974,pixel_10975,pixel_10976,pixel_10977,pixel_10978,pixel_10979,pixel_10980,pixel_10981,pixel_10982,pixel_10983,pixel_10984,pixel_10985,pixel_10986,pixel_10987,pixel_10988,pixel_10989,pixel_10990,pixel_10991,pixel_10992,pixel_10993,pixel_10994,pixel_10995,pixel_10996,pixel_10997,pixel_10998,pixel_10999,pixel_11000,pixel_11001,pixel_11002,pixel_11003,pixel_11004,pixel_11005,pixel_11006,pixel_11007,pixel_11008,pixel_11009,pixel_11010,pixel_11011,pixel_11012,pixel_11013,pixel_11014,pixel_11015,pixel_11016,pixel_11017,pixel_11018,pixel_11019,pixel_11020,pixel_11021,pixel_11022,pixel_11023,pixel_11024,pixel_11025,pixel_11026,pixel_11027,pixel_11028,pixel_11029,pixel_11030,pixel_11031,pixel_11032,pixel_11033,pixel_11034,pixel_11035,pixel_11036,pixel_11037,pixel_11038,pixel_11039,pixel_11040,pixel_11041,pixel_11042,pixel_11043,pixel_11044,pixel_11045,pixel_11046,pixel_11047,pixel_11048,pixel_11049,pixel_11050,pixel_11051,pixel_11052,pixel_11053,pixel_11054,pixel_11055,pixel_11056,pixel_11057,pixel_11058,pixel_11059,pixel_11060,pixel_11061,pixel_11062,pixel_11063,pixel_11064,pixel_11065,pixel_11066,pixel_11067,pixel_11068,pixel_11069,pixel_11070,pixel_11071,pixel_11072,pixel_11073,pixel_11074,pixel_11075,pixel_11076,pixel_11077,pixel_11078,pixel_11079,pixel_11080,pixel_11081,pixel_11082,pixel_11083,pixel_11084,pixel_11085,pixel_11086,pixel_11087,pixel_11088,pixel_11089,pixel_11090,pixel_11091,pixel_11092,pixel_11093,pixel_11094,pixel_11095,pixel_11096,pixel_11097,pixel_11098,pixel_11099,pixel_11100,pixel_11101,pixel_11102,pixel_11103,pixel_11104,pixel_11105,pixel_11106,pixel_11107,pixel_11108,pixel_11109,pixel_11110,pixel_11111,pixel_11112,pixel_11113,pixel_11114,pixel_11115,pixel_11116,pixel_11117,pixel_11118,pixel_11119,pixel_11120,pixel_11121,pixel_11122,pixel_11123,pixel_11124,pixel_11125,pixel_11126,pixel_11127,pixel_11128,pixel_11129,pixel_11130,pixel_11131,pixel_11132,pixel_11133,pixel_11134,pixel_11135,pixel_11136,pixel_11137,pixel_11138,pixel_11139,pixel_11140,pixel_11141,pixel_11142,pixel_11143,pixel_11144,pixel_11145,pixel_11146,pixel_11147,pixel_11148,pixel_11149,pixel_11150,pixel_11151,pixel_11152,pixel_11153,pixel_11154,pixel_11155,pixel_11156,pixel_11157,pixel_11158,pixel_11159,pixel_11160,pixel_11161,pixel_11162,pixel_11163,pixel_11164,pixel_11165,pixel_11166,pixel_11167,pixel_11168,pixel_11169,pixel_11170,pixel_11171,pixel_11172,pixel_11173,pixel_11174,pixel_11175,pixel_11176,pixel_11177,pixel_11178,pixel_11179,pixel_11180,pixel_11181,pixel_11182,pixel_11183,pixel_11184,pixel_11185,pixel_11186,pixel_11187,pixel_11188,pixel_11189,pixel_11190,pixel_11191,pixel_11192,pixel_11193,pixel_11194,pixel_11195,pixel_11196,pixel_11197,pixel_11198,pixel_11199,pixel_11200,pixel_11201,pixel_11202,pixel_11203,pixel_11204,pixel_11205,pixel_11206,pixel_11207,pixel_11208,pixel_11209,pixel_11210,pixel_11211,pixel_11212,pixel_11213,pixel_11214,pixel_11215,pixel_11216,pixel_11217,pixel_11218,pixel_11219,pixel_11220,pixel_11221,pixel_11222,pixel_11223,pixel_11224,pixel_11225,pixel_11226,pixel_11227,pixel_11228,pixel_11229,pixel_11230,pixel_11231,pixel_11232,pixel_11233,pixel_11234,pixel_11235,pixel_11236,pixel_11237,pixel_11238,pixel_11239,pixel_11240,pixel_11241,pixel_11242,pixel_11243,pixel_11244,pixel_11245,pixel_11246,pixel_11247,pixel_11248,pixel_11249,pixel_11250,pixel_11251,pixel_11252,pixel_11253,pixel_11254,pixel_11255,pixel_11256,pixel_11257,pixel_11258,pixel_11259,pixel_11260,pixel_11261,pixel_11262,pixel_11263,pixel_11264,pixel_11265,pixel_11266,pixel_11267,pixel_11268,pixel_11269,pixel_11270,pixel_11271,pixel_11272,pixel_11273,pixel_11274,pixel_11275,pixel_11276,pixel_11277,pixel_11278,pixel_11279,pixel_11280,pixel_11281,pixel_11282,pixel_11283,pixel_11284,pixel_11285,pixel_11286,pixel_11287,pixel_11288,pixel_11289,pixel_11290,pixel_11291,pixel_11292,pixel_11293,pixel_11294,pixel_11295,pixel_11296,pixel_11297,pixel_11298,pixel_11299,pixel_11300,pixel_11301,pixel_11302,pixel_11303,pixel_11304,pixel_11305,pixel_11306,pixel_11307,pixel_11308,pixel_11309,pixel_11310,pixel_11311,pixel_11312,pixel_11313,pixel_11314,pixel_11315,pixel_11316,pixel_11317,pixel_11318,pixel_11319,pixel_11320,pixel_11321,pixel_11322,pixel_11323,pixel_11324,pixel_11325,pixel_11326,pixel_11327,pixel_11328,pixel_11329,pixel_11330,pixel_11331,pixel_11332,pixel_11333,pixel_11334,pixel_11335,pixel_11336,pixel_11337,pixel_11338,pixel_11339,pixel_11340,pixel_11341,pixel_11342,pixel_11343,pixel_11344,pixel_11345,pixel_11346,pixel_11347,pixel_11348,pixel_11349,pixel_11350,pixel_11351,pixel_11352,pixel_11353,pixel_11354,pixel_11355,pixel_11356,pixel_11357,pixel_11358,pixel_11359,pixel_11360,pixel_11361,pixel_11362,pixel_11363,pixel_11364,pixel_11365,pixel_11366,pixel_11367,pixel_11368,pixel_11369,pixel_11370,pixel_11371,pixel_11372,pixel_11373,pixel_11374,pixel_11375,pixel_11376,pixel_11377,pixel_11378,pixel_11379,pixel_11380,pixel_11381,pixel_11382,pixel_11383,pixel_11384,pixel_11385,pixel_11386,pixel_11387,pixel_11388,pixel_11389,pixel_11390,pixel_11391,pixel_11392,pixel_11393,pixel_11394,pixel_11395,pixel_11396,pixel_11397,pixel_11398,pixel_11399,pixel_11400,pixel_11401,pixel_11402,pixel_11403,pixel_11404,pixel_11405,pixel_11406,pixel_11407,pixel_11408,pixel_11409,pixel_11410,pixel_11411,pixel_11412,pixel_11413,pixel_11414,pixel_11415,pixel_11416,pixel_11417,pixel_11418,pixel_11419,pixel_11420,pixel_11421,pixel_11422,pixel_11423,pixel_11424,pixel_11425,pixel_11426,pixel_11427,pixel_11428,pixel_11429,pixel_11430,pixel_11431,pixel_11432,pixel_11433,pixel_11434,pixel_11435,pixel_11436,pixel_11437,pixel_11438,pixel_11439,pixel_11440,pixel_11441,pixel_11442,pixel_11443,pixel_11444,pixel_11445,pixel_11446,pixel_11447,pixel_11448,pixel_11449,pixel_11450,pixel_11451,pixel_11452,pixel_11453,pixel_11454,pixel_11455,pixel_11456,pixel_11457,pixel_11458,pixel_11459,pixel_11460,pixel_11461,pixel_11462,pixel_11463,pixel_11464,pixel_11465,pixel_11466,pixel_11467,pixel_11468,pixel_11469,pixel_11470,pixel_11471,pixel_11472,pixel_11473,pixel_11474,pixel_11475,pixel_11476,pixel_11477,pixel_11478,pixel_11479,pixel_11480,pixel_11481,pixel_11482,pixel_11483,pixel_11484,pixel_11485,pixel_11486,pixel_11487,pixel_11488,pixel_11489,pixel_11490,pixel_11491,pixel_11492,pixel_11493,pixel_11494,pixel_11495,pixel_11496,pixel_11497,pixel_11498,pixel_11499,pixel_11500,pixel_11501,pixel_11502,pixel_11503,pixel_11504,pixel_11505,pixel_11506,pixel_11507,pixel_11508,pixel_11509,pixel_11510,pixel_11511,pixel_11512,pixel_11513,pixel_11514,pixel_11515,pixel_11516,pixel_11517,pixel_11518,pixel_11519,pixel_11520,pixel_11521,pixel_11522,pixel_11523,pixel_11524,pixel_11525,pixel_11526,pixel_11527,pixel_11528,pixel_11529,pixel_11530,pixel_11531,pixel_11532,pixel_11533,pixel_11534,pixel_11535,pixel_11536,pixel_11537,pixel_11538,pixel_11539,pixel_11540,pixel_11541,pixel_11542,pixel_11543,pixel_11544,pixel_11545,pixel_11546,pixel_11547,pixel_11548,pixel_11549,pixel_11550,pixel_11551,pixel_11552,pixel_11553,pixel_11554,pixel_11555,pixel_11556,pixel_11557,pixel_11558,pixel_11559,pixel_11560,pixel_11561,pixel_11562,pixel_11563,pixel_11564,pixel_11565,pixel_11566,pixel_11567,pixel_11568,pixel_11569,pixel_11570,pixel_11571,pixel_11572,pixel_11573,pixel_11574,pixel_11575,pixel_11576,pixel_11577,pixel_11578,pixel_11579,pixel_11580,pixel_11581,pixel_11582,pixel_11583,pixel_11584,pixel_11585,pixel_11586,pixel_11587,pixel_11588,pixel_11589,pixel_11590,pixel_11591,pixel_11592,pixel_11593,pixel_11594,pixel_11595,pixel_11596,pixel_11597,pixel_11598,pixel_11599,pixel_11600,pixel_11601,pixel_11602,pixel_11603,pixel_11604,pixel_11605,pixel_11606,pixel_11607,pixel_11608,pixel_11609,pixel_11610,pixel_11611,pixel_11612,pixel_11613,pixel_11614,pixel_11615,pixel_11616,pixel_11617,pixel_11618,pixel_11619,pixel_11620,pixel_11621,pixel_11622,pixel_11623,pixel_11624,pixel_11625,pixel_11626,pixel_11627,pixel_11628,pixel_11629,pixel_11630,pixel_11631,pixel_11632,pixel_11633,pixel_11634,pixel_11635,pixel_11636,pixel_11637,pixel_11638,pixel_11639,pixel_11640,pixel_11641,pixel_11642,pixel_11643,pixel_11644,pixel_11645,pixel_11646,pixel_11647,pixel_11648,pixel_11649,pixel_11650,pixel_11651,pixel_11652,pixel_11653,pixel_11654,pixel_11655,pixel_11656,pixel_11657,pixel_11658,pixel_11659,pixel_11660,pixel_11661,pixel_11662,pixel_11663,pixel_11664,pixel_11665,pixel_11666,pixel_11667,pixel_11668,pixel_11669,pixel_11670,pixel_11671,pixel_11672,pixel_11673,pixel_11674,pixel_11675,pixel_11676,pixel_11677,pixel_11678,pixel_11679,pixel_11680,pixel_11681,pixel_11682,pixel_11683,pixel_11684,pixel_11685,pixel_11686,pixel_11687,pixel_11688,pixel_11689,pixel_11690,pixel_11691,pixel_11692,pixel_11693,pixel_11694,pixel_11695,pixel_11696,pixel_11697,pixel_11698,pixel_11699,pixel_11700,pixel_11701,pixel_11702,pixel_11703,pixel_11704,pixel_11705,pixel_11706,pixel_11707,pixel_11708,pixel_11709,pixel_11710,pixel_11711,pixel_11712,pixel_11713,pixel_11714,pixel_11715,pixel_11716,pixel_11717,pixel_11718,pixel_11719,pixel_11720,pixel_11721,pixel_11722,pixel_11723,pixel_11724,pixel_11725,pixel_11726,pixel_11727,pixel_11728,pixel_11729,pixel_11730,pixel_11731,pixel_11732,pixel_11733,pixel_11734,pixel_11735,pixel_11736,pixel_11737,pixel_11738,pixel_11739,pixel_11740,pixel_11741,pixel_11742,pixel_11743,pixel_11744,pixel_11745,pixel_11746,pixel_11747,pixel_11748,pixel_11749,pixel_11750,pixel_11751,pixel_11752,pixel_11753,pixel_11754,pixel_11755,pixel_11756,pixel_11757,pixel_11758,pixel_11759,pixel_11760,pixel_11761,pixel_11762,pixel_11763,pixel_11764,pixel_11765,pixel_11766,pixel_11767,pixel_11768,pixel_11769,pixel_11770,pixel_11771,pixel_11772,pixel_11773,pixel_11774,pixel_11775,pixel_11776,pixel_11777,pixel_11778,pixel_11779,pixel_11780,pixel_11781,pixel_11782,pixel_11783,pixel_11784,pixel_11785,pixel_11786,pixel_11787,pixel_11788,pixel_11789,pixel_11790,pixel_11791,pixel_11792,pixel_11793,pixel_11794,pixel_11795,pixel_11796,pixel_11797,pixel_11798,pixel_11799,pixel_11800,pixel_11801,pixel_11802,pixel_11803,pixel_11804,pixel_11805,pixel_11806,pixel_11807,pixel_11808,pixel_11809,pixel_11810,pixel_11811,pixel_11812,pixel_11813,pixel_11814,pixel_11815,pixel_11816,pixel_11817,pixel_11818,pixel_11819,pixel_11820,pixel_11821,pixel_11822,pixel_11823,pixel_11824,pixel_11825,pixel_11826,pixel_11827,pixel_11828,pixel_11829,pixel_11830,pixel_11831,pixel_11832,pixel_11833,pixel_11834,pixel_11835,pixel_11836,pixel_11837,pixel_11838,pixel_11839,pixel_11840,pixel_11841,pixel_11842,pixel_11843,pixel_11844,pixel_11845,pixel_11846,pixel_11847,pixel_11848,pixel_11849,pixel_11850,pixel_11851,pixel_11852,pixel_11853,pixel_11854,pixel_11855,pixel_11856,pixel_11857,pixel_11858,pixel_11859,pixel_11860,pixel_11861,pixel_11862,pixel_11863,pixel_11864,pixel_11865,pixel_11866,pixel_11867,pixel_11868,pixel_11869,pixel_11870,pixel_11871,pixel_11872,pixel_11873,pixel_11874,pixel_11875,pixel_11876,pixel_11877,pixel_11878,pixel_11879,pixel_11880,pixel_11881,pixel_11882,pixel_11883,pixel_11884,pixel_11885,pixel_11886,pixel_11887,pixel_11888,pixel_11889,pixel_11890,pixel_11891,pixel_11892,pixel_11893,pixel_11894,pixel_11895,pixel_11896,pixel_11897,pixel_11898,pixel_11899,pixel_11900,pixel_11901,pixel_11902,pixel_11903,pixel_11904,pixel_11905,pixel_11906,pixel_11907,pixel_11908,pixel_11909,pixel_11910,pixel_11911,pixel_11912,pixel_11913,pixel_11914,pixel_11915,pixel_11916,pixel_11917,pixel_11918,pixel_11919,pixel_11920,pixel_11921,pixel_11922,pixel_11923,pixel_11924,pixel_11925,pixel_11926,pixel_11927,pixel_11928,pixel_11929,pixel_11930,pixel_11931,pixel_11932,pixel_11933,pixel_11934,pixel_11935,pixel_11936,pixel_11937,pixel_11938,pixel_11939,pixel_11940,pixel_11941,pixel_11942,pixel_11943,pixel_11944,pixel_11945,pixel_11946,pixel_11947,pixel_11948,pixel_11949,pixel_11950,pixel_11951,pixel_11952,pixel_11953,pixel_11954,pixel_11955,pixel_11956,pixel_11957,pixel_11958,pixel_11959,pixel_11960,pixel_11961,pixel_11962,pixel_11963,pixel_11964,pixel_11965,pixel_11966,pixel_11967,pixel_11968,pixel_11969,pixel_11970,pixel_11971,pixel_11972,pixel_11973,pixel_11974,pixel_11975,pixel_11976,pixel_11977,pixel_11978,pixel_11979,pixel_11980,pixel_11981,pixel_11982,pixel_11983,pixel_11984,pixel_11985,pixel_11986,pixel_11987,pixel_11988,pixel_11989,pixel_11990,pixel_11991,pixel_11992,pixel_11993,pixel_11994,pixel_11995,pixel_11996,pixel_11997,pixel_11998,pixel_11999,pixel_12000,pixel_12001,pixel_12002,pixel_12003,pixel_12004,pixel_12005,pixel_12006,pixel_12007,pixel_12008,pixel_12009,pixel_12010,pixel_12011,pixel_12012,pixel_12013,pixel_12014,pixel_12015,pixel_12016,pixel_12017,pixel_12018,pixel_12019,pixel_12020,pixel_12021,pixel_12022,pixel_12023,pixel_12024,pixel_12025,pixel_12026,pixel_12027,pixel_12028,pixel_12029,pixel_12030,pixel_12031,pixel_12032,pixel_12033,pixel_12034,pixel_12035,pixel_12036,pixel_12037,pixel_12038,pixel_12039,pixel_12040,pixel_12041,pixel_12042,pixel_12043,pixel_12044,pixel_12045,pixel_12046,pixel_12047,pixel_12048,pixel_12049,pixel_12050,pixel_12051,pixel_12052,pixel_12053,pixel_12054,pixel_12055,pixel_12056,pixel_12057,pixel_12058,pixel_12059,pixel_12060,pixel_12061,pixel_12062,pixel_12063,pixel_12064,pixel_12065,pixel_12066,pixel_12067,pixel_12068,pixel_12069,pixel_12070,pixel_12071,pixel_12072,pixel_12073,pixel_12074,pixel_12075,pixel_12076,pixel_12077,pixel_12078,pixel_12079,pixel_12080,pixel_12081,pixel_12082,pixel_12083,pixel_12084,pixel_12085,pixel_12086,pixel_12087,pixel_12088,pixel_12089,pixel_12090,pixel_12091,pixel_12092,pixel_12093,pixel_12094,pixel_12095,pixel_12096,pixel_12097,pixel_12098,pixel_12099,pixel_12100,pixel_12101,pixel_12102,pixel_12103,pixel_12104,pixel_12105,pixel_12106,pixel_12107,pixel_12108,pixel_12109,pixel_12110,pixel_12111,pixel_12112,pixel_12113,pixel_12114,pixel_12115,pixel_12116,pixel_12117,pixel_12118,pixel_12119,pixel_12120,pixel_12121,pixel_12122,pixel_12123,pixel_12124,pixel_12125,pixel_12126,pixel_12127,pixel_12128,pixel_12129,pixel_12130,pixel_12131,pixel_12132,pixel_12133,pixel_12134,pixel_12135,pixel_12136,pixel_12137,pixel_12138,pixel_12139,pixel_12140,pixel_12141,pixel_12142,pixel_12143,pixel_12144,pixel_12145,pixel_12146,pixel_12147,pixel_12148,pixel_12149,pixel_12150,pixel_12151,pixel_12152,pixel_12153,pixel_12154,pixel_12155,pixel_12156,pixel_12157,pixel_12158,pixel_12159,pixel_12160,pixel_12161,pixel_12162,pixel_12163,pixel_12164,pixel_12165,pixel_12166,pixel_12167,pixel_12168,pixel_12169,pixel_12170,pixel_12171,pixel_12172,pixel_12173,pixel_12174,pixel_12175,pixel_12176,pixel_12177,pixel_12178,pixel_12179,pixel_12180,pixel_12181,pixel_12182,pixel_12183,pixel_12184,pixel_12185,pixel_12186,pixel_12187,pixel_12188,pixel_12189,pixel_12190,pixel_12191,pixel_12192,pixel_12193,pixel_12194,pixel_12195,pixel_12196,pixel_12197,pixel_12198,pixel_12199,pixel_12200,pixel_12201,pixel_12202,pixel_12203,pixel_12204,pixel_12205,pixel_12206,pixel_12207,pixel_12208,pixel_12209,pixel_12210,pixel_12211,pixel_12212,pixel_12213,pixel_12214,pixel_12215,pixel_12216,pixel_12217,pixel_12218,pixel_12219,pixel_12220,pixel_12221,pixel_12222,pixel_12223,pixel_12224,pixel_12225,pixel_12226,pixel_12227,pixel_12228,pixel_12229,pixel_12230,pixel_12231,pixel_12232,pixel_12233,pixel_12234,pixel_12235,pixel_12236,pixel_12237,pixel_12238,pixel_12239,pixel_12240,pixel_12241,pixel_12242,pixel_12243,pixel_12244,pixel_12245,pixel_12246,pixel_12247,pixel_12248,pixel_12249,pixel_12250,pixel_12251,pixel_12252,pixel_12253,pixel_12254,pixel_12255,pixel_12256,pixel_12257,pixel_12258,pixel_12259,pixel_12260,pixel_12261,pixel_12262,pixel_12263,pixel_12264,pixel_12265,pixel_12266,pixel_12267,pixel_12268,pixel_12269,pixel_12270,pixel_12271,pixel_12272,pixel_12273,pixel_12274,pixel_12275,pixel_12276,pixel_12277,pixel_12278,pixel_12279,pixel_12280,pixel_12281,pixel_12282,pixel_12283,pixel_12284,pixel_12285,pixel_12286,pixel_12287,pixel_12288,pixel_12289,pixel_12290,pixel_12291,pixel_12292,pixel_12293,pixel_12294,pixel_12295,pixel_12296,pixel_12297,pixel_12298,pixel_12299,pixel_12300,pixel_12301,pixel_12302,pixel_12303,pixel_12304,pixel_12305,pixel_12306,pixel_12307,pixel_12308,pixel_12309,pixel_12310,pixel_12311,pixel_12312,pixel_12313,pixel_12314,pixel_12315,pixel_12316,pixel_12317,pixel_12318,pixel_12319,pixel_12320,pixel_12321,pixel_12322,pixel_12323,pixel_12324,pixel_12325,pixel_12326,pixel_12327,pixel_12328,pixel_12329,pixel_12330,pixel_12331,pixel_12332,pixel_12333,pixel_12334,pixel_12335,pixel_12336,pixel_12337,pixel_12338,pixel_12339,pixel_12340,pixel_12341,pixel_12342,pixel_12343,pixel_12344,pixel_12345,pixel_12346,pixel_12347,pixel_12348,pixel_12349,pixel_12350,pixel_12351,pixel_12352,pixel_12353,pixel_12354,pixel_12355,pixel_12356,pixel_12357,pixel_12358,pixel_12359,pixel_12360,pixel_12361,pixel_12362,pixel_12363,pixel_12364,pixel_12365,pixel_12366,pixel_12367,pixel_12368,pixel_12369,pixel_12370,pixel_12371,pixel_12372,pixel_12373,pixel_12374,pixel_12375,pixel_12376,pixel_12377,pixel_12378,pixel_12379,pixel_12380,pixel_12381,pixel_12382,pixel_12383,pixel_12384,pixel_12385,pixel_12386,pixel_12387,pixel_12388,pixel_12389,pixel_12390,pixel_12391,pixel_12392,pixel_12393,pixel_12394,pixel_12395,pixel_12396,pixel_12397,pixel_12398,pixel_12399,pixel_12400,pixel_12401,pixel_12402,pixel_12403,pixel_12404,pixel_12405,pixel_12406,pixel_12407,pixel_12408,pixel_12409,pixel_12410,pixel_12411,pixel_12412,pixel_12413,pixel_12414,pixel_12415,pixel_12416,pixel_12417,pixel_12418,pixel_12419,pixel_12420,pixel_12421,pixel_12422,pixel_12423,pixel_12424,pixel_12425,pixel_12426,pixel_12427,pixel_12428,pixel_12429,pixel_12430,pixel_12431,pixel_12432,pixel_12433,pixel_12434,pixel_12435,pixel_12436,pixel_12437,pixel_12438,pixel_12439,pixel_12440,pixel_12441,pixel_12442,pixel_12443,pixel_12444,pixel_12445,pixel_12446,pixel_12447,pixel_12448,pixel_12449,pixel_12450,pixel_12451,pixel_12452,pixel_12453,pixel_12454,pixel_12455,pixel_12456,pixel_12457,pixel_12458,pixel_12459,pixel_12460,pixel_12461,pixel_12462,pixel_12463,pixel_12464,pixel_12465,pixel_12466,pixel_12467,pixel_12468,pixel_12469,pixel_12470,pixel_12471,pixel_12472,pixel_12473,pixel_12474,pixel_12475,pixel_12476,pixel_12477,pixel_12478,pixel_12479,pixel_12480,pixel_12481,pixel_12482,pixel_12483,pixel_12484,pixel_12485,pixel_12486,pixel_12487,pixel_12488,pixel_12489,pixel_12490,pixel_12491,pixel_12492,pixel_12493,pixel_12494,pixel_12495,pixel_12496,pixel_12497,pixel_12498,pixel_12499,pixel_12500,pixel_12501,pixel_12502,pixel_12503,pixel_12504,pixel_12505,pixel_12506,pixel_12507,pixel_12508,pixel_12509,pixel_12510,pixel_12511,pixel_12512,pixel_12513,pixel_12514,pixel_12515,pixel_12516,pixel_12517,pixel_12518,pixel_12519,pixel_12520,pixel_12521,pixel_12522,pixel_12523,pixel_12524,pixel_12525,pixel_12526,pixel_12527,pixel_12528,pixel_12529,pixel_12530,pixel_12531,pixel_12532,pixel_12533,pixel_12534,pixel_12535,pixel_12536,pixel_12537,pixel_12538,pixel_12539,pixel_12540,pixel_12541,pixel_12542,pixel_12543,pixel_12544,pixel_12545,pixel_12546,pixel_12547,pixel_12548,pixel_12549,pixel_12550,pixel_12551,pixel_12552,pixel_12553,pixel_12554,pixel_12555,pixel_12556,pixel_12557,pixel_12558,pixel_12559,pixel_12560,pixel_12561,pixel_12562,pixel_12563,pixel_12564,pixel_12565,pixel_12566,pixel_12567,pixel_12568,pixel_12569,pixel_12570,pixel_12571,pixel_12572,pixel_12573,pixel_12574,pixel_12575,pixel_12576,pixel_12577,pixel_12578,pixel_12579,pixel_12580,pixel_12581,pixel_12582,pixel_12583,pixel_12584,pixel_12585,pixel_12586,pixel_12587,pixel_12588,pixel_12589,pixel_12590,pixel_12591,pixel_12592,pixel_12593,pixel_12594,pixel_12595,pixel_12596,pixel_12597,pixel_12598,pixel_12599,pixel_12600,pixel_12601,pixel_12602,pixel_12603,pixel_12604,pixel_12605,pixel_12606,pixel_12607,pixel_12608,pixel_12609,pixel_12610,pixel_12611,pixel_12612,pixel_12613,pixel_12614,pixel_12615,pixel_12616,pixel_12617,pixel_12618,pixel_12619,pixel_12620,pixel_12621,pixel_12622,pixel_12623,pixel_12624,pixel_12625,pixel_12626,pixel_12627,pixel_12628,pixel_12629,pixel_12630,pixel_12631,pixel_12632,pixel_12633,pixel_12634,pixel_12635,pixel_12636,pixel_12637,pixel_12638,pixel_12639,pixel_12640,pixel_12641,pixel_12642,pixel_12643,pixel_12644,pixel_12645,pixel_12646,pixel_12647,pixel_12648,pixel_12649,pixel_12650,pixel_12651,pixel_12652,pixel_12653,pixel_12654,pixel_12655,pixel_12656,pixel_12657,pixel_12658,pixel_12659,pixel_12660,pixel_12661,pixel_12662,pixel_12663,pixel_12664,pixel_12665,pixel_12666,pixel_12667,pixel_12668,pixel_12669,pixel_12670,pixel_12671,pixel_12672,pixel_12673,pixel_12674,pixel_12675,pixel_12676,pixel_12677,pixel_12678,pixel_12679,pixel_12680,pixel_12681,pixel_12682,pixel_12683,pixel_12684,pixel_12685,pixel_12686,pixel_12687,pixel_12688,pixel_12689,pixel_12690,pixel_12691,pixel_12692,pixel_12693,pixel_12694,pixel_12695,pixel_12696,pixel_12697,pixel_12698,pixel_12699,pixel_12700,pixel_12701,pixel_12702,pixel_12703,pixel_12704,pixel_12705,pixel_12706,pixel_12707,pixel_12708,pixel_12709,pixel_12710,pixel_12711,pixel_12712,pixel_12713,pixel_12714,pixel_12715,pixel_12716,pixel_12717,pixel_12718,pixel_12719,pixel_12720,pixel_12721,pixel_12722,pixel_12723,pixel_12724,pixel_12725,pixel_12726,pixel_12727,pixel_12728,pixel_12729,pixel_12730,pixel_12731,pixel_12732,pixel_12733,pixel_12734,pixel_12735,pixel_12736,pixel_12737,pixel_12738,pixel_12739,pixel_12740,pixel_12741,pixel_12742,pixel_12743,pixel_12744,pixel_12745,pixel_12746,pixel_12747,pixel_12748,pixel_12749,pixel_12750,pixel_12751,pixel_12752,pixel_12753,pixel_12754,pixel_12755,pixel_12756,pixel_12757,pixel_12758,pixel_12759,pixel_12760,pixel_12761,pixel_12762,pixel_12763,pixel_12764,pixel_12765,pixel_12766,pixel_12767,pixel_12768,pixel_12769,pixel_12770,pixel_12771,pixel_12772,pixel_12773,pixel_12774,pixel_12775,pixel_12776,pixel_12777,pixel_12778,pixel_12779,pixel_12780,pixel_12781,pixel_12782,pixel_12783,pixel_12784,pixel_12785,pixel_12786,pixel_12787,pixel_12788,pixel_12789,pixel_12790,pixel_12791,pixel_12792,pixel_12793,pixel_12794,pixel_12795,pixel_12796,pixel_12797,pixel_12798,pixel_12799,pixel_12800,pixel_12801,pixel_12802,pixel_12803,pixel_12804,pixel_12805,pixel_12806,pixel_12807,pixel_12808,pixel_12809,pixel_12810,pixel_12811,pixel_12812,pixel_12813,pixel_12814,pixel_12815,pixel_12816,pixel_12817,pixel_12818,pixel_12819,pixel_12820,pixel_12821,pixel_12822,pixel_12823,pixel_12824,pixel_12825,pixel_12826,pixel_12827,pixel_12828,pixel_12829,pixel_12830,pixel_12831,pixel_12832,pixel_12833,pixel_12834,pixel_12835,pixel_12836,pixel_12837,pixel_12838,pixel_12839,pixel_12840,pixel_12841,pixel_12842,pixel_12843,pixel_12844,pixel_12845,pixel_12846,pixel_12847,pixel_12848,pixel_12849,pixel_12850,pixel_12851,pixel_12852,pixel_12853,pixel_12854,pixel_12855,pixel_12856,pixel_12857,pixel_12858,pixel_12859,pixel_12860,pixel_12861,pixel_12862,pixel_12863,pixel_12864,pixel_12865,pixel_12866,pixel_12867,pixel_12868,pixel_12869,pixel_12870,pixel_12871,pixel_12872,pixel_12873,pixel_12874,pixel_12875,pixel_12876,pixel_12877,pixel_12878,pixel_12879,pixel_12880,pixel_12881,pixel_12882,pixel_12883,pixel_12884,pixel_12885,pixel_12886,pixel_12887,pixel_12888,pixel_12889,pixel_12890,pixel_12891,pixel_12892,pixel_12893,pixel_12894,pixel_12895,pixel_12896,pixel_12897,pixel_12898,pixel_12899,pixel_12900,pixel_12901,pixel_12902,pixel_12903,pixel_12904,pixel_12905,pixel_12906,pixel_12907,pixel_12908,pixel_12909,pixel_12910,pixel_12911,pixel_12912,pixel_12913,pixel_12914,pixel_12915,pixel_12916,pixel_12917,pixel_12918,pixel_12919,pixel_12920,pixel_12921,pixel_12922,pixel_12923,pixel_12924,pixel_12925,pixel_12926,pixel_12927,pixel_12928,pixel_12929,pixel_12930,pixel_12931,pixel_12932,pixel_12933,pixel_12934,pixel_12935,pixel_12936,pixel_12937,pixel_12938,pixel_12939,pixel_12940,pixel_12941,pixel_12942,pixel_12943,pixel_12944,pixel_12945,pixel_12946,pixel_12947,pixel_12948,pixel_12949,pixel_12950,pixel_12951,pixel_12952,pixel_12953,pixel_12954,pixel_12955,pixel_12956,pixel_12957,pixel_12958,pixel_12959,pixel_12960,pixel_12961,pixel_12962,pixel_12963,pixel_12964,pixel_12965,pixel_12966,pixel_12967,pixel_12968,pixel_12969,pixel_12970,pixel_12971,pixel_12972,pixel_12973,pixel_12974,pixel_12975,pixel_12976,pixel_12977,pixel_12978,pixel_12979,pixel_12980,pixel_12981,pixel_12982,pixel_12983,pixel_12984,pixel_12985,pixel_12986,pixel_12987,pixel_12988,pixel_12989,pixel_12990,pixel_12991,pixel_12992,pixel_12993,pixel_12994,pixel_12995,pixel_12996,pixel_12997,pixel_12998,pixel_12999,pixel_13000,pixel_13001,pixel_13002,pixel_13003,pixel_13004,pixel_13005,pixel_13006,pixel_13007,pixel_13008,pixel_13009,pixel_13010,pixel_13011,pixel_13012,pixel_13013,pixel_13014,pixel_13015,pixel_13016,pixel_13017,pixel_13018,pixel_13019,pixel_13020,pixel_13021,pixel_13022,pixel_13023,pixel_13024,pixel_13025,pixel_13026,pixel_13027,pixel_13028,pixel_13029,pixel_13030,pixel_13031,pixel_13032,pixel_13033,pixel_13034,pixel_13035,pixel_13036,pixel_13037,pixel_13038,pixel_13039,pixel_13040,pixel_13041,pixel_13042,pixel_13043,pixel_13044,pixel_13045,pixel_13046,pixel_13047,pixel_13048,pixel_13049,pixel_13050,pixel_13051,pixel_13052,pixel_13053,pixel_13054,pixel_13055,pixel_13056,pixel_13057,pixel_13058,pixel_13059,pixel_13060,pixel_13061,pixel_13062,pixel_13063,pixel_13064,pixel_13065,pixel_13066,pixel_13067,pixel_13068,pixel_13069,pixel_13070,pixel_13071,pixel_13072,pixel_13073,pixel_13074,pixel_13075,pixel_13076,pixel_13077,pixel_13078,pixel_13079,pixel_13080,pixel_13081,pixel_13082,pixel_13083,pixel_13084,pixel_13085,pixel_13086,pixel_13087,pixel_13088,pixel_13089,pixel_13090,pixel_13091,pixel_13092,pixel_13093,pixel_13094,pixel_13095,pixel_13096,pixel_13097,pixel_13098,pixel_13099,pixel_13100,pixel_13101,pixel_13102,pixel_13103,pixel_13104,pixel_13105,pixel_13106,pixel_13107,pixel_13108,pixel_13109,pixel_13110,pixel_13111,pixel_13112,pixel_13113,pixel_13114,pixel_13115,pixel_13116,pixel_13117,pixel_13118,pixel_13119,pixel_13120,pixel_13121,pixel_13122,pixel_13123,pixel_13124,pixel_13125,pixel_13126,pixel_13127,pixel_13128,pixel_13129,pixel_13130,pixel_13131,pixel_13132,pixel_13133,pixel_13134,pixel_13135,pixel_13136,pixel_13137,pixel_13138,pixel_13139,pixel_13140,pixel_13141,pixel_13142,pixel_13143,pixel_13144,pixel_13145,pixel_13146,pixel_13147,pixel_13148,pixel_13149,pixel_13150,pixel_13151,pixel_13152,pixel_13153,pixel_13154,pixel_13155,pixel_13156,pixel_13157,pixel_13158,pixel_13159,pixel_13160,pixel_13161,pixel_13162,pixel_13163,pixel_13164,pixel_13165,pixel_13166,pixel_13167,pixel_13168,pixel_13169,pixel_13170,pixel_13171,pixel_13172,pixel_13173,pixel_13174,pixel_13175,pixel_13176,pixel_13177,pixel_13178,pixel_13179,pixel_13180,pixel_13181,pixel_13182,pixel_13183,pixel_13184,pixel_13185,pixel_13186,pixel_13187,pixel_13188,pixel_13189,pixel_13190,pixel_13191,pixel_13192,pixel_13193,pixel_13194,pixel_13195,pixel_13196,pixel_13197,pixel_13198,pixel_13199,pixel_13200,pixel_13201,pixel_13202,pixel_13203,pixel_13204,pixel_13205,pixel_13206,pixel_13207,pixel_13208,pixel_13209,pixel_13210,pixel_13211,pixel_13212,pixel_13213,pixel_13214,pixel_13215,pixel_13216,pixel_13217,pixel_13218,pixel_13219,pixel_13220,pixel_13221,pixel_13222,pixel_13223,pixel_13224,pixel_13225,pixel_13226,pixel_13227,pixel_13228,pixel_13229,pixel_13230,pixel_13231,pixel_13232,pixel_13233,pixel_13234,pixel_13235,pixel_13236,pixel_13237,pixel_13238,pixel_13239,pixel_13240,pixel_13241,pixel_13242,pixel_13243,pixel_13244,pixel_13245,pixel_13246,pixel_13247,pixel_13248,pixel_13249,pixel_13250,pixel_13251,pixel_13252,pixel_13253,pixel_13254,pixel_13255,pixel_13256,pixel_13257,pixel_13258,pixel_13259,pixel_13260,pixel_13261,pixel_13262,pixel_13263,pixel_13264,pixel_13265,pixel_13266,pixel_13267,pixel_13268,pixel_13269,pixel_13270,pixel_13271,pixel_13272,pixel_13273,pixel_13274,pixel_13275,pixel_13276,pixel_13277,pixel_13278,pixel_13279,pixel_13280,pixel_13281,pixel_13282,pixel_13283,pixel_13284,pixel_13285,pixel_13286,pixel_13287,pixel_13288,pixel_13289,pixel_13290,pixel_13291,pixel_13292,pixel_13293,pixel_13294,pixel_13295,pixel_13296,pixel_13297,pixel_13298,pixel_13299,pixel_13300,pixel_13301,pixel_13302,pixel_13303,pixel_13304,pixel_13305,pixel_13306,pixel_13307,pixel_13308,pixel_13309,pixel_13310,pixel_13311,pixel_13312,pixel_13313,pixel_13314,pixel_13315,pixel_13316,pixel_13317,pixel_13318,pixel_13319,pixel_13320,pixel_13321,pixel_13322,pixel_13323,pixel_13324,pixel_13325,pixel_13326,pixel_13327,pixel_13328,pixel_13329,pixel_13330,pixel_13331,pixel_13332,pixel_13333,pixel_13334,pixel_13335,pixel_13336,pixel_13337,pixel_13338,pixel_13339,pixel_13340,pixel_13341,pixel_13342,pixel_13343,pixel_13344,pixel_13345,pixel_13346,pixel_13347,pixel_13348,pixel_13349,pixel_13350,pixel_13351,pixel_13352,pixel_13353,pixel_13354,pixel_13355,pixel_13356,pixel_13357,pixel_13358,pixel_13359,pixel_13360,pixel_13361,pixel_13362,pixel_13363,pixel_13364,pixel_13365,pixel_13366,pixel_13367,pixel_13368,pixel_13369,pixel_13370,pixel_13371,pixel_13372,pixel_13373,pixel_13374,pixel_13375,pixel_13376,pixel_13377,pixel_13378,pixel_13379,pixel_13380,pixel_13381,pixel_13382,pixel_13383,pixel_13384,pixel_13385,pixel_13386,pixel_13387,pixel_13388,pixel_13389,pixel_13390,pixel_13391,pixel_13392,pixel_13393,pixel_13394,pixel_13395,pixel_13396,pixel_13397,pixel_13398,pixel_13399,pixel_13400,pixel_13401,pixel_13402,pixel_13403,pixel_13404,pixel_13405,pixel_13406,pixel_13407,pixel_13408,pixel_13409,pixel_13410,pixel_13411,pixel_13412,pixel_13413,pixel_13414,pixel_13415,pixel_13416,pixel_13417,pixel_13418,pixel_13419,pixel_13420,pixel_13421,pixel_13422,pixel_13423,pixel_13424,pixel_13425,pixel_13426,pixel_13427,pixel_13428,pixel_13429,pixel_13430,pixel_13431,pixel_13432,pixel_13433,pixel_13434,pixel_13435,pixel_13436,pixel_13437,pixel_13438,pixel_13439,pixel_13440,pixel_13441,pixel_13442,pixel_13443,pixel_13444,pixel_13445,pixel_13446,pixel_13447,pixel_13448,pixel_13449,pixel_13450,pixel_13451,pixel_13452,pixel_13453,pixel_13454,pixel_13455,pixel_13456,pixel_13457,pixel_13458,pixel_13459,pixel_13460,pixel_13461,pixel_13462,pixel_13463,pixel_13464,pixel_13465,pixel_13466,pixel_13467,pixel_13468,pixel_13469,pixel_13470,pixel_13471,pixel_13472,pixel_13473,pixel_13474,pixel_13475,pixel_13476,pixel_13477,pixel_13478,pixel_13479,pixel_13480,pixel_13481,pixel_13482,pixel_13483,pixel_13484,pixel_13485,pixel_13486,pixel_13487,pixel_13488,pixel_13489,pixel_13490,pixel_13491,pixel_13492,pixel_13493,pixel_13494,pixel_13495,pixel_13496,pixel_13497,pixel_13498,pixel_13499,pixel_13500,pixel_13501,pixel_13502,pixel_13503,pixel_13504,pixel_13505,pixel_13506,pixel_13507,pixel_13508,pixel_13509,pixel_13510,pixel_13511,pixel_13512,pixel_13513,pixel_13514,pixel_13515,pixel_13516,pixel_13517,pixel_13518,pixel_13519,pixel_13520,pixel_13521,pixel_13522,pixel_13523,pixel_13524,pixel_13525,pixel_13526,pixel_13527,pixel_13528,pixel_13529,pixel_13530,pixel_13531,pixel_13532,pixel_13533,pixel_13534,pixel_13535,pixel_13536,pixel_13537,pixel_13538,pixel_13539,pixel_13540,pixel_13541,pixel_13542,pixel_13543,pixel_13544,pixel_13545,pixel_13546,pixel_13547,pixel_13548,pixel_13549,pixel_13550,pixel_13551,pixel_13552,pixel_13553,pixel_13554,pixel_13555,pixel_13556,pixel_13557,pixel_13558,pixel_13559,pixel_13560,pixel_13561,pixel_13562,pixel_13563,pixel_13564,pixel_13565,pixel_13566,pixel_13567,pixel_13568,pixel_13569,pixel_13570,pixel_13571,pixel_13572,pixel_13573,pixel_13574,pixel_13575,pixel_13576,pixel_13577,pixel_13578,pixel_13579,pixel_13580,pixel_13581,pixel_13582,pixel_13583,pixel_13584,pixel_13585,pixel_13586,pixel_13587,pixel_13588,pixel_13589,pixel_13590,pixel_13591,pixel_13592,pixel_13593,pixel_13594,pixel_13595,pixel_13596,pixel_13597,pixel_13598,pixel_13599,pixel_13600,pixel_13601,pixel_13602,pixel_13603,pixel_13604,pixel_13605,pixel_13606,pixel_13607,pixel_13608,pixel_13609,pixel_13610,pixel_13611,pixel_13612,pixel_13613,pixel_13614,pixel_13615,pixel_13616,pixel_13617,pixel_13618,pixel_13619,pixel_13620,pixel_13621,pixel_13622,pixel_13623,pixel_13624,pixel_13625,pixel_13626,pixel_13627,pixel_13628,pixel_13629,pixel_13630,pixel_13631,pixel_13632,pixel_13633,pixel_13634,pixel_13635,pixel_13636,pixel_13637,pixel_13638,pixel_13639,pixel_13640,pixel_13641,pixel_13642,pixel_13643,pixel_13644,pixel_13645,pixel_13646,pixel_13647,pixel_13648,pixel_13649,pixel_13650,pixel_13651,pixel_13652,pixel_13653,pixel_13654,pixel_13655,pixel_13656,pixel_13657,pixel_13658,pixel_13659,pixel_13660,pixel_13661,pixel_13662,pixel_13663,pixel_13664,pixel_13665,pixel_13666,pixel_13667,pixel_13668,pixel_13669,pixel_13670,pixel_13671,pixel_13672,pixel_13673,pixel_13674,pixel_13675,pixel_13676,pixel_13677,pixel_13678,pixel_13679,pixel_13680,pixel_13681,pixel_13682,pixel_13683,pixel_13684,pixel_13685,pixel_13686,pixel_13687,pixel_13688,pixel_13689,pixel_13690,pixel_13691,pixel_13692,pixel_13693,pixel_13694,pixel_13695,pixel_13696,pixel_13697,pixel_13698,pixel_13699,pixel_13700,pixel_13701,pixel_13702,pixel_13703,pixel_13704,pixel_13705,pixel_13706,pixel_13707,pixel_13708,pixel_13709,pixel_13710,pixel_13711,pixel_13712,pixel_13713,pixel_13714,pixel_13715,pixel_13716,pixel_13717,pixel_13718,pixel_13719,pixel_13720,pixel_13721,pixel_13722,pixel_13723,pixel_13724,pixel_13725,pixel_13726,pixel_13727,pixel_13728,pixel_13729,pixel_13730,pixel_13731,pixel_13732,pixel_13733,pixel_13734,pixel_13735,pixel_13736,pixel_13737,pixel_13738,pixel_13739,pixel_13740,pixel_13741,pixel_13742,pixel_13743,pixel_13744,pixel_13745,pixel_13746,pixel_13747,pixel_13748,pixel_13749,pixel_13750,pixel_13751,pixel_13752,pixel_13753,pixel_13754,pixel_13755,pixel_13756,pixel_13757,pixel_13758,pixel_13759,pixel_13760,pixel_13761,pixel_13762,pixel_13763,pixel_13764,pixel_13765,pixel_13766,pixel_13767,pixel_13768,pixel_13769,pixel_13770,pixel_13771,pixel_13772,pixel_13773,pixel_13774,pixel_13775,pixel_13776,pixel_13777,pixel_13778,pixel_13779,pixel_13780,pixel_13781,pixel_13782,pixel_13783,pixel_13784,pixel_13785,pixel_13786,pixel_13787,pixel_13788,pixel_13789,pixel_13790,pixel_13791,pixel_13792,pixel_13793,pixel_13794,pixel_13795,pixel_13796,pixel_13797,pixel_13798,pixel_13799,pixel_13800,pixel_13801,pixel_13802,pixel_13803,pixel_13804,pixel_13805,pixel_13806,pixel_13807,pixel_13808,pixel_13809,pixel_13810,pixel_13811,pixel_13812,pixel_13813,pixel_13814,pixel_13815,pixel_13816,pixel_13817,pixel_13818,pixel_13819,pixel_13820,pixel_13821,pixel_13822,pixel_13823,pixel_13824,pixel_13825,pixel_13826,pixel_13827,pixel_13828,pixel_13829,pixel_13830,pixel_13831,pixel_13832,pixel_13833,pixel_13834,pixel_13835,pixel_13836,pixel_13837,pixel_13838,pixel_13839,pixel_13840,pixel_13841,pixel_13842,pixel_13843,pixel_13844,pixel_13845,pixel_13846,pixel_13847,pixel_13848,pixel_13849,pixel_13850,pixel_13851,pixel_13852,pixel_13853,pixel_13854,pixel_13855,pixel_13856,pixel_13857,pixel_13858,pixel_13859,pixel_13860,pixel_13861,pixel_13862,pixel_13863,pixel_13864,pixel_13865,pixel_13866,pixel_13867,pixel_13868,pixel_13869,pixel_13870,pixel_13871,pixel_13872,pixel_13873,pixel_13874,pixel_13875,pixel_13876,pixel_13877,pixel_13878,pixel_13879,pixel_13880,pixel_13881,pixel_13882,pixel_13883,pixel_13884,pixel_13885,pixel_13886,pixel_13887,pixel_13888,pixel_13889,pixel_13890,pixel_13891,pixel_13892,pixel_13893,pixel_13894,pixel_13895,pixel_13896,pixel_13897,pixel_13898,pixel_13899,pixel_13900,pixel_13901,pixel_13902,pixel_13903,pixel_13904,pixel_13905,pixel_13906,pixel_13907,pixel_13908,pixel_13909,pixel_13910,pixel_13911,pixel_13912,pixel_13913,pixel_13914,pixel_13915,pixel_13916,pixel_13917,pixel_13918,pixel_13919,pixel_13920,pixel_13921,pixel_13922,pixel_13923,pixel_13924,pixel_13925,pixel_13926,pixel_13927,pixel_13928,pixel_13929,pixel_13930,pixel_13931,pixel_13932,pixel_13933,pixel_13934,pixel_13935,pixel_13936,pixel_13937,pixel_13938,pixel_13939,pixel_13940,pixel_13941,pixel_13942,pixel_13943,pixel_13944,pixel_13945,pixel_13946,pixel_13947,pixel_13948,pixel_13949,pixel_13950,pixel_13951,pixel_13952,pixel_13953,pixel_13954,pixel_13955,pixel_13956,pixel_13957,pixel_13958,pixel_13959,pixel_13960,pixel_13961,pixel_13962,pixel_13963,pixel_13964,pixel_13965,pixel_13966,pixel_13967,pixel_13968,pixel_13969,pixel_13970,pixel_13971,pixel_13972,pixel_13973,pixel_13974,pixel_13975,pixel_13976,pixel_13977,pixel_13978,pixel_13979,pixel_13980,pixel_13981,pixel_13982,pixel_13983,pixel_13984,pixel_13985,pixel_13986,pixel_13987,pixel_13988,pixel_13989,pixel_13990,pixel_13991,pixel_13992,pixel_13993,pixel_13994,pixel_13995,pixel_13996,pixel_13997,pixel_13998,pixel_13999,pixel_14000,pixel_14001,pixel_14002,pixel_14003,pixel_14004,pixel_14005,pixel_14006,pixel_14007,pixel_14008,pixel_14009,pixel_14010,pixel_14011,pixel_14012,pixel_14013,pixel_14014,pixel_14015,pixel_14016,pixel_14017,pixel_14018,pixel_14019,pixel_14020,pixel_14021,pixel_14022,pixel_14023,pixel_14024,pixel_14025,pixel_14026,pixel_14027,pixel_14028,pixel_14029,pixel_14030,pixel_14031,pixel_14032,pixel_14033,pixel_14034,pixel_14035,pixel_14036,pixel_14037,pixel_14038,pixel_14039,pixel_14040,pixel_14041,pixel_14042,pixel_14043,pixel_14044,pixel_14045,pixel_14046,pixel_14047,pixel_14048,pixel_14049,pixel_14050,pixel_14051,pixel_14052,pixel_14053,pixel_14054,pixel_14055,pixel_14056,pixel_14057,pixel_14058,pixel_14059,pixel_14060,pixel_14061,pixel_14062,pixel_14063,pixel_14064,pixel_14065,pixel_14066,pixel_14067,pixel_14068,pixel_14069,pixel_14070,pixel_14071,pixel_14072,pixel_14073,pixel_14074,pixel_14075,pixel_14076,pixel_14077,pixel_14078,pixel_14079,pixel_14080,pixel_14081,pixel_14082,pixel_14083,pixel_14084,pixel_14085,pixel_14086,pixel_14087,pixel_14088,pixel_14089,pixel_14090,pixel_14091,pixel_14092,pixel_14093,pixel_14094,pixel_14095,pixel_14096,pixel_14097,pixel_14098,pixel_14099,pixel_14100,pixel_14101,pixel_14102,pixel_14103,pixel_14104,pixel_14105,pixel_14106,pixel_14107,pixel_14108,pixel_14109,pixel_14110,pixel_14111,pixel_14112,pixel_14113,pixel_14114,pixel_14115,pixel_14116,pixel_14117,pixel_14118,pixel_14119,pixel_14120,pixel_14121,pixel_14122,pixel_14123,pixel_14124,pixel_14125,pixel_14126,pixel_14127,pixel_14128,pixel_14129,pixel_14130,pixel_14131,pixel_14132,pixel_14133,pixel_14134,pixel_14135,pixel_14136,pixel_14137,pixel_14138,pixel_14139,pixel_14140,pixel_14141,pixel_14142,pixel_14143,pixel_14144,pixel_14145,pixel_14146,pixel_14147,pixel_14148,pixel_14149,pixel_14150,pixel_14151,pixel_14152,pixel_14153,pixel_14154,pixel_14155,pixel_14156,pixel_14157,pixel_14158,pixel_14159,pixel_14160,pixel_14161,pixel_14162,pixel_14163,pixel_14164,pixel_14165,pixel_14166,pixel_14167,pixel_14168,pixel_14169,pixel_14170,pixel_14171,pixel_14172,pixel_14173,pixel_14174,pixel_14175,pixel_14176,pixel_14177,pixel_14178,pixel_14179,pixel_14180,pixel_14181,pixel_14182,pixel_14183,pixel_14184,pixel_14185,pixel_14186,pixel_14187,pixel_14188,pixel_14189,pixel_14190,pixel_14191,pixel_14192,pixel_14193,pixel_14194,pixel_14195,pixel_14196,pixel_14197,pixel_14198,pixel_14199,pixel_14200,pixel_14201,pixel_14202,pixel_14203,pixel_14204,pixel_14205,pixel_14206,pixel_14207,pixel_14208,pixel_14209,pixel_14210,pixel_14211,pixel_14212,pixel_14213,pixel_14214,pixel_14215,pixel_14216,pixel_14217,pixel_14218,pixel_14219,pixel_14220,pixel_14221,pixel_14222,pixel_14223,pixel_14224,pixel_14225,pixel_14226,pixel_14227,pixel_14228,pixel_14229,pixel_14230,pixel_14231,pixel_14232,pixel_14233,pixel_14234,pixel_14235,pixel_14236,pixel_14237,pixel_14238,pixel_14239,pixel_14240,pixel_14241,pixel_14242,pixel_14243,pixel_14244,pixel_14245,pixel_14246,pixel_14247,pixel_14248,pixel_14249,pixel_14250,pixel_14251,pixel_14252,pixel_14253,pixel_14254,pixel_14255,pixel_14256,pixel_14257,pixel_14258,pixel_14259,pixel_14260,pixel_14261,pixel_14262,pixel_14263,pixel_14264,pixel_14265,pixel_14266,pixel_14267,pixel_14268,pixel_14269,pixel_14270,pixel_14271,pixel_14272,pixel_14273,pixel_14274,pixel_14275,pixel_14276,pixel_14277,pixel_14278,pixel_14279,pixel_14280,pixel_14281,pixel_14282,pixel_14283,pixel_14284,pixel_14285,pixel_14286,pixel_14287,pixel_14288,pixel_14289,pixel_14290,pixel_14291,pixel_14292,pixel_14293,pixel_14294,pixel_14295,pixel_14296,pixel_14297,pixel_14298,pixel_14299,pixel_14300,pixel_14301,pixel_14302,pixel_14303,pixel_14304,pixel_14305,pixel_14306,pixel_14307,pixel_14308,pixel_14309,pixel_14310,pixel_14311,pixel_14312,pixel_14313,pixel_14314,pixel_14315,pixel_14316,pixel_14317,pixel_14318,pixel_14319,pixel_14320,pixel_14321,pixel_14322,pixel_14323,pixel_14324,pixel_14325,pixel_14326,pixel_14327,pixel_14328,pixel_14329,pixel_14330,pixel_14331,pixel_14332,pixel_14333,pixel_14334,pixel_14335,pixel_14336,pixel_14337,pixel_14338,pixel_14339,pixel_14340,pixel_14341,pixel_14342,pixel_14343,pixel_14344,pixel_14345,pixel_14346,pixel_14347,pixel_14348,pixel_14349,pixel_14350,pixel_14351,pixel_14352,pixel_14353,pixel_14354,pixel_14355,pixel_14356,pixel_14357,pixel_14358,pixel_14359,pixel_14360,pixel_14361,pixel_14362,pixel_14363,pixel_14364,pixel_14365,pixel_14366,pixel_14367,pixel_14368,pixel_14369,pixel_14370,pixel_14371,pixel_14372,pixel_14373,pixel_14374,pixel_14375,pixel_14376,pixel_14377,pixel_14378,pixel_14379,pixel_14380,pixel_14381,pixel_14382,pixel_14383,pixel_14384,pixel_14385,pixel_14386,pixel_14387,pixel_14388,pixel_14389,pixel_14390,pixel_14391,pixel_14392,pixel_14393,pixel_14394,pixel_14395,pixel_14396,pixel_14397,pixel_14398,pixel_14399,pixel_14400,pixel_14401,pixel_14402,pixel_14403,pixel_14404,pixel_14405,pixel_14406,pixel_14407,pixel_14408,pixel_14409,pixel_14410,pixel_14411,pixel_14412,pixel_14413,pixel_14414,pixel_14415,pixel_14416,pixel_14417,pixel_14418,pixel_14419,pixel_14420,pixel_14421,pixel_14422,pixel_14423,pixel_14424,pixel_14425,pixel_14426,pixel_14427,pixel_14428,pixel_14429,pixel_14430,pixel_14431,pixel_14432,pixel_14433,pixel_14434,pixel_14435,pixel_14436,pixel_14437,pixel_14438,pixel_14439,pixel_14440,pixel_14441,pixel_14442,pixel_14443,pixel_14444,pixel_14445,pixel_14446,pixel_14447,pixel_14448,pixel_14449,pixel_14450,pixel_14451,pixel_14452,pixel_14453,pixel_14454,pixel_14455,pixel_14456,pixel_14457,pixel_14458,pixel_14459,pixel_14460,pixel_14461,pixel_14462,pixel_14463,pixel_14464,pixel_14465,pixel_14466,pixel_14467,pixel_14468,pixel_14469,pixel_14470,pixel_14471,pixel_14472,pixel_14473,pixel_14474,pixel_14475,pixel_14476,pixel_14477,pixel_14478,pixel_14479,pixel_14480,pixel_14481,pixel_14482,pixel_14483,pixel_14484,pixel_14485,pixel_14486,pixel_14487,pixel_14488,pixel_14489,pixel_14490,pixel_14491,pixel_14492,pixel_14493,pixel_14494,pixel_14495,pixel_14496,pixel_14497,pixel_14498,pixel_14499,pixel_14500,pixel_14501,pixel_14502,pixel_14503,pixel_14504,pixel_14505,pixel_14506,pixel_14507,pixel_14508,pixel_14509,pixel_14510,pixel_14511,pixel_14512,pixel_14513,pixel_14514,pixel_14515,pixel_14516,pixel_14517,pixel_14518,pixel_14519,pixel_14520,pixel_14521,pixel_14522,pixel_14523,pixel_14524,pixel_14525,pixel_14526,pixel_14527,pixel_14528,pixel_14529,pixel_14530,pixel_14531,pixel_14532,pixel_14533,pixel_14534,pixel_14535,pixel_14536,pixel_14537,pixel_14538,pixel_14539,pixel_14540,pixel_14541,pixel_14542,pixel_14543,pixel_14544,pixel_14545,pixel_14546,pixel_14547,pixel_14548,pixel_14549,pixel_14550,pixel_14551,pixel_14552,pixel_14553,pixel_14554,pixel_14555,pixel_14556,pixel_14557,pixel_14558,pixel_14559,pixel_14560,pixel_14561,pixel_14562,pixel_14563,pixel_14564,pixel_14565,pixel_14566,pixel_14567,pixel_14568,pixel_14569,pixel_14570,pixel_14571,pixel_14572,pixel_14573,pixel_14574,pixel_14575,pixel_14576,pixel_14577,pixel_14578,pixel_14579,pixel_14580,pixel_14581,pixel_14582,pixel_14583,pixel_14584,pixel_14585,pixel_14586,pixel_14587,pixel_14588,pixel_14589,pixel_14590,pixel_14591,pixel_14592,pixel_14593,pixel_14594,pixel_14595,pixel_14596,pixel_14597,pixel_14598,pixel_14599,pixel_14600,pixel_14601,pixel_14602,pixel_14603,pixel_14604,pixel_14605,pixel_14606,pixel_14607,pixel_14608,pixel_14609,pixel_14610,pixel_14611,pixel_14612,pixel_14613,pixel_14614,pixel_14615,pixel_14616,pixel_14617,pixel_14618,pixel_14619,pixel_14620,pixel_14621,pixel_14622,pixel_14623,pixel_14624,pixel_14625,pixel_14626,pixel_14627,pixel_14628,pixel_14629,pixel_14630,pixel_14631,pixel_14632,pixel_14633,pixel_14634,pixel_14635,pixel_14636,pixel_14637,pixel_14638,pixel_14639,pixel_14640,pixel_14641,pixel_14642,pixel_14643,pixel_14644,pixel_14645,pixel_14646,pixel_14647,pixel_14648,pixel_14649,pixel_14650,pixel_14651,pixel_14652,pixel_14653,pixel_14654,pixel_14655,pixel_14656,pixel_14657,pixel_14658,pixel_14659,pixel_14660,pixel_14661,pixel_14662,pixel_14663,pixel_14664,pixel_14665,pixel_14666,pixel_14667,pixel_14668,pixel_14669,pixel_14670,pixel_14671,pixel_14672,pixel_14673,pixel_14674,pixel_14675,pixel_14676,pixel_14677,pixel_14678,pixel_14679,pixel_14680,pixel_14681,pixel_14682,pixel_14683,pixel_14684,pixel_14685,pixel_14686,pixel_14687,pixel_14688,pixel_14689,pixel_14690,pixel_14691,pixel_14692,pixel_14693,pixel_14694,pixel_14695,pixel_14696,pixel_14697,pixel_14698,pixel_14699,pixel_14700,pixel_14701,pixel_14702,pixel_14703,pixel_14704,pixel_14705,pixel_14706,pixel_14707,pixel_14708,pixel_14709,pixel_14710,pixel_14711,pixel_14712,pixel_14713,pixel_14714,pixel_14715,pixel_14716,pixel_14717,pixel_14718,pixel_14719,pixel_14720,pixel_14721,pixel_14722,pixel_14723,pixel_14724,pixel_14725,pixel_14726,pixel_14727,pixel_14728,pixel_14729,pixel_14730,pixel_14731,pixel_14732,pixel_14733,pixel_14734,pixel_14735,pixel_14736,pixel_14737,pixel_14738,pixel_14739,pixel_14740,pixel_14741,pixel_14742,pixel_14743,pixel_14744,pixel_14745,pixel_14746,pixel_14747,pixel_14748,pixel_14749,pixel_14750,pixel_14751,pixel_14752,pixel_14753,pixel_14754,pixel_14755,pixel_14756,pixel_14757,pixel_14758,pixel_14759,pixel_14760,pixel_14761,pixel_14762,pixel_14763,pixel_14764,pixel_14765,pixel_14766,pixel_14767,pixel_14768,pixel_14769,pixel_14770,pixel_14771,pixel_14772,pixel_14773,pixel_14774,pixel_14775,pixel_14776,pixel_14777,pixel_14778,pixel_14779,pixel_14780,pixel_14781,pixel_14782,pixel_14783,pixel_14784,pixel_14785,pixel_14786,pixel_14787,pixel_14788,pixel_14789,pixel_14790,pixel_14791,pixel_14792,pixel_14793,pixel_14794,pixel_14795,pixel_14796,pixel_14797,pixel_14798,pixel_14799,pixel_14800,pixel_14801,pixel_14802,pixel_14803,pixel_14804,pixel_14805,pixel_14806,pixel_14807,pixel_14808,pixel_14809,pixel_14810,pixel_14811,pixel_14812,pixel_14813,pixel_14814,pixel_14815,pixel_14816,pixel_14817,pixel_14818,pixel_14819,pixel_14820,pixel_14821,pixel_14822,pixel_14823,pixel_14824,pixel_14825,pixel_14826,pixel_14827,pixel_14828,pixel_14829,pixel_14830,pixel_14831,pixel_14832,pixel_14833,pixel_14834,pixel_14835,pixel_14836,pixel_14837,pixel_14838,pixel_14839,pixel_14840,pixel_14841,pixel_14842,pixel_14843,pixel_14844,pixel_14845,pixel_14846,pixel_14847,pixel_14848,pixel_14849,pixel_14850,pixel_14851,pixel_14852,pixel_14853,pixel_14854,pixel_14855,pixel_14856,pixel_14857,pixel_14858,pixel_14859,pixel_14860,pixel_14861,pixel_14862,pixel_14863,pixel_14864,pixel_14865,pixel_14866,pixel_14867,pixel_14868,pixel_14869,pixel_14870,pixel_14871,pixel_14872,pixel_14873,pixel_14874,pixel_14875,pixel_14876,pixel_14877,pixel_14878,pixel_14879,pixel_14880,pixel_14881,pixel_14882,pixel_14883,pixel_14884,pixel_14885,pixel_14886,pixel_14887,pixel_14888,pixel_14889,pixel_14890,pixel_14891,pixel_14892,pixel_14893,pixel_14894,pixel_14895,pixel_14896,pixel_14897,pixel_14898,pixel_14899,pixel_14900,pixel_14901,pixel_14902,pixel_14903,pixel_14904,pixel_14905,pixel_14906,pixel_14907,pixel_14908,pixel_14909,pixel_14910,pixel_14911,pixel_14912,pixel_14913,pixel_14914,pixel_14915,pixel_14916,pixel_14917,pixel_14918,pixel_14919,pixel_14920,pixel_14921,pixel_14922,pixel_14923,pixel_14924,pixel_14925,pixel_14926,pixel_14927,pixel_14928,pixel_14929,pixel_14930,pixel_14931,pixel_14932,pixel_14933,pixel_14934,pixel_14935,pixel_14936,pixel_14937,pixel_14938,pixel_14939,pixel_14940,pixel_14941,pixel_14942,pixel_14943,pixel_14944,pixel_14945,pixel_14946,pixel_14947,pixel_14948,pixel_14949,pixel_14950,pixel_14951,pixel_14952,pixel_14953,pixel_14954,pixel_14955,pixel_14956,pixel_14957,pixel_14958,pixel_14959,pixel_14960,pixel_14961,pixel_14962,pixel_14963,pixel_14964,pixel_14965,pixel_14966,pixel_14967,pixel_14968,pixel_14969,pixel_14970,pixel_14971,pixel_14972,pixel_14973,pixel_14974,pixel_14975,pixel_14976,pixel_14977,pixel_14978,pixel_14979,pixel_14980,pixel_14981,pixel_14982,pixel_14983,pixel_14984,pixel_14985,pixel_14986,pixel_14987,pixel_14988,pixel_14989,pixel_14990,pixel_14991,pixel_14992,pixel_14993,pixel_14994,pixel_14995,pixel_14996,pixel_14997,pixel_14998,pixel_14999,pixel_15000,pixel_15001,pixel_15002,pixel_15003,pixel_15004,pixel_15005,pixel_15006,pixel_15007,pixel_15008,pixel_15009,pixel_15010,pixel_15011,pixel_15012,pixel_15013,pixel_15014,pixel_15015,pixel_15016,pixel_15017,pixel_15018,pixel_15019,pixel_15020,pixel_15021,pixel_15022,pixel_15023,pixel_15024,pixel_15025,pixel_15026,pixel_15027,pixel_15028,pixel_15029,pixel_15030,pixel_15031,pixel_15032,pixel_15033,pixel_15034,pixel_15035,pixel_15036,pixel_15037,pixel_15038,pixel_15039,pixel_15040,pixel_15041,pixel_15042,pixel_15043,pixel_15044,pixel_15045,pixel_15046,pixel_15047,pixel_15048,pixel_15049,pixel_15050,pixel_15051,pixel_15052,pixel_15053,pixel_15054,pixel_15055,pixel_15056,pixel_15057,pixel_15058,pixel_15059,pixel_15060,pixel_15061,pixel_15062,pixel_15063,pixel_15064,pixel_15065,pixel_15066,pixel_15067,pixel_15068,pixel_15069,pixel_15070,pixel_15071,pixel_15072,pixel_15073,pixel_15074,pixel_15075,pixel_15076,pixel_15077,pixel_15078,pixel_15079,pixel_15080,pixel_15081,pixel_15082,pixel_15083,pixel_15084,pixel_15085,pixel_15086,pixel_15087,pixel_15088,pixel_15089,pixel_15090,pixel_15091,pixel_15092,pixel_15093,pixel_15094,pixel_15095,pixel_15096,pixel_15097,pixel_15098,pixel_15099,pixel_15100,pixel_15101,pixel_15102,pixel_15103,pixel_15104,pixel_15105,pixel_15106,pixel_15107,pixel_15108,pixel_15109,pixel_15110,pixel_15111,pixel_15112,pixel_15113,pixel_15114,pixel_15115,pixel_15116,pixel_15117,pixel_15118,pixel_15119,pixel_15120,pixel_15121,pixel_15122,pixel_15123,pixel_15124,pixel_15125,pixel_15126,pixel_15127,pixel_15128,pixel_15129,pixel_15130,pixel_15131,pixel_15132,pixel_15133,pixel_15134,pixel_15135,pixel_15136,pixel_15137,pixel_15138,pixel_15139,pixel_15140,pixel_15141,pixel_15142,pixel_15143,pixel_15144,pixel_15145,pixel_15146,pixel_15147,pixel_15148,pixel_15149,pixel_15150,pixel_15151,pixel_15152,pixel_15153,pixel_15154,pixel_15155,pixel_15156,pixel_15157,pixel_15158,pixel_15159,pixel_15160,pixel_15161,pixel_15162,pixel_15163,pixel_15164,pixel_15165,pixel_15166,pixel_15167,pixel_15168,pixel_15169,pixel_15170,pixel_15171,pixel_15172,pixel_15173,pixel_15174,pixel_15175,pixel_15176,pixel_15177,pixel_15178,pixel_15179,pixel_15180,pixel_15181,pixel_15182,pixel_15183,pixel_15184,pixel_15185,pixel_15186,pixel_15187,pixel_15188,pixel_15189,pixel_15190,pixel_15191,pixel_15192,pixel_15193,pixel_15194,pixel_15195,pixel_15196,pixel_15197,pixel_15198,pixel_15199,pixel_15200,pixel_15201,pixel_15202,pixel_15203,pixel_15204,pixel_15205,pixel_15206,pixel_15207,pixel_15208,pixel_15209,pixel_15210,pixel_15211,pixel_15212,pixel_15213,pixel_15214,pixel_15215,pixel_15216,pixel_15217,pixel_15218,pixel_15219,pixel_15220,pixel_15221,pixel_15222,pixel_15223,pixel_15224,pixel_15225,pixel_15226,pixel_15227,pixel_15228,pixel_15229,pixel_15230,pixel_15231,pixel_15232,pixel_15233,pixel_15234,pixel_15235,pixel_15236,pixel_15237,pixel_15238,pixel_15239,pixel_15240,pixel_15241,pixel_15242,pixel_15243,pixel_15244,pixel_15245,pixel_15246,pixel_15247,pixel_15248,pixel_15249,pixel_15250,pixel_15251,pixel_15252,pixel_15253,pixel_15254,pixel_15255,pixel_15256,pixel_15257,pixel_15258,pixel_15259,pixel_15260,pixel_15261,pixel_15262,pixel_15263,pixel_15264,pixel_15265,pixel_15266,pixel_15267,pixel_15268,pixel_15269,pixel_15270,pixel_15271,pixel_15272,pixel_15273,pixel_15274,pixel_15275,pixel_15276,pixel_15277,pixel_15278,pixel_15279,pixel_15280,pixel_15281,pixel_15282,pixel_15283,pixel_15284,pixel_15285,pixel_15286,pixel_15287,pixel_15288,pixel_15289,pixel_15290,pixel_15291,pixel_15292,pixel_15293,pixel_15294,pixel_15295,pixel_15296,pixel_15297,pixel_15298,pixel_15299,pixel_15300,pixel_15301,pixel_15302,pixel_15303,pixel_15304,pixel_15305,pixel_15306,pixel_15307,pixel_15308,pixel_15309,pixel_15310,pixel_15311,pixel_15312,pixel_15313,pixel_15314,pixel_15315,pixel_15316,pixel_15317,pixel_15318,pixel_15319,pixel_15320,pixel_15321,pixel_15322,pixel_15323,pixel_15324,pixel_15325,pixel_15326,pixel_15327,pixel_15328,pixel_15329,pixel_15330,pixel_15331,pixel_15332,pixel_15333,pixel_15334,pixel_15335,pixel_15336,pixel_15337,pixel_15338,pixel_15339,pixel_15340,pixel_15341,pixel_15342,pixel_15343,pixel_15344,pixel_15345,pixel_15346,pixel_15347,pixel_15348,pixel_15349,pixel_15350,pixel_15351,pixel_15352,pixel_15353,pixel_15354,pixel_15355,pixel_15356,pixel_15357,pixel_15358,pixel_15359,pixel_15360,pixel_15361,pixel_15362,pixel_15363,pixel_15364,pixel_15365,pixel_15366,pixel_15367,pixel_15368,pixel_15369,pixel_15370,pixel_15371,pixel_15372,pixel_15373,pixel_15374,pixel_15375,pixel_15376,pixel_15377,pixel_15378,pixel_15379,pixel_15380,pixel_15381,pixel_15382,pixel_15383,pixel_15384,pixel_15385,pixel_15386,pixel_15387,pixel_15388,pixel_15389,pixel_15390,pixel_15391,pixel_15392,pixel_15393,pixel_15394,pixel_15395,pixel_15396,pixel_15397,pixel_15398,pixel_15399,pixel_15400,pixel_15401,pixel_15402,pixel_15403,pixel_15404,pixel_15405,pixel_15406,pixel_15407,pixel_15408,pixel_15409,pixel_15410,pixel_15411,pixel_15412,pixel_15413,pixel_15414,pixel_15415,pixel_15416,pixel_15417,pixel_15418,pixel_15419,pixel_15420,pixel_15421,pixel_15422,pixel_15423,pixel_15424,pixel_15425,pixel_15426,pixel_15427,pixel_15428,pixel_15429,pixel_15430,pixel_15431,pixel_15432,pixel_15433,pixel_15434,pixel_15435,pixel_15436,pixel_15437,pixel_15438,pixel_15439,pixel_15440,pixel_15441,pixel_15442,pixel_15443,pixel_15444,pixel_15445,pixel_15446,pixel_15447,pixel_15448,pixel_15449,pixel_15450,pixel_15451,pixel_15452,pixel_15453,pixel_15454,pixel_15455,pixel_15456,pixel_15457,pixel_15458,pixel_15459,pixel_15460,pixel_15461,pixel_15462,pixel_15463,pixel_15464,pixel_15465,pixel_15466,pixel_15467,pixel_15468,pixel_15469,pixel_15470,pixel_15471,pixel_15472,pixel_15473,pixel_15474,pixel_15475,pixel_15476,pixel_15477,pixel_15478,pixel_15479,pixel_15480,pixel_15481,pixel_15482,pixel_15483,pixel_15484,pixel_15485,pixel_15486,pixel_15487,pixel_15488,pixel_15489,pixel_15490,pixel_15491,pixel_15492,pixel_15493,pixel_15494,pixel_15495,pixel_15496,pixel_15497,pixel_15498,pixel_15499,pixel_15500,pixel_15501,pixel_15502,pixel_15503,pixel_15504,pixel_15505,pixel_15506,pixel_15507,pixel_15508,pixel_15509,pixel_15510,pixel_15511,pixel_15512,pixel_15513,pixel_15514,pixel_15515,pixel_15516,pixel_15517,pixel_15518,pixel_15519,pixel_15520,pixel_15521,pixel_15522,pixel_15523,pixel_15524,pixel_15525,pixel_15526,pixel_15527,pixel_15528,pixel_15529,pixel_15530,pixel_15531,pixel_15532,pixel_15533,pixel_15534,pixel_15535,pixel_15536,pixel_15537,pixel_15538,pixel_15539,pixel_15540,pixel_15541,pixel_15542,pixel_15543,pixel_15544,pixel_15545,pixel_15546,pixel_15547,pixel_15548,pixel_15549,pixel_15550,pixel_15551,pixel_15552,pixel_15553,pixel_15554,pixel_15555,pixel_15556,pixel_15557,pixel_15558,pixel_15559,pixel_15560,pixel_15561,pixel_15562,pixel_15563,pixel_15564,pixel_15565,pixel_15566,pixel_15567,pixel_15568,pixel_15569,pixel_15570,pixel_15571,pixel_15572,pixel_15573,pixel_15574,pixel_15575,pixel_15576,pixel_15577,pixel_15578,pixel_15579,pixel_15580,pixel_15581,pixel_15582,pixel_15583,pixel_15584,pixel_15585,pixel_15586,pixel_15587,pixel_15588,pixel_15589,pixel_15590,pixel_15591,pixel_15592,pixel_15593,pixel_15594,pixel_15595,pixel_15596,pixel_15597,pixel_15598,pixel_15599,pixel_15600,pixel_15601,pixel_15602,pixel_15603,pixel_15604,pixel_15605,pixel_15606,pixel_15607,pixel_15608,pixel_15609,pixel_15610,pixel_15611,pixel_15612,pixel_15613,pixel_15614,pixel_15615,pixel_15616,pixel_15617,pixel_15618,pixel_15619,pixel_15620,pixel_15621,pixel_15622,pixel_15623,pixel_15624,pixel_15625,pixel_15626,pixel_15627,pixel_15628,pixel_15629,pixel_15630,pixel_15631,pixel_15632,pixel_15633,pixel_15634,pixel_15635,pixel_15636,pixel_15637,pixel_15638,pixel_15639,pixel_15640,pixel_15641,pixel_15642,pixel_15643,pixel_15644,pixel_15645,pixel_15646,pixel_15647,pixel_15648,pixel_15649,pixel_15650,pixel_15651,pixel_15652,pixel_15653,pixel_15654,pixel_15655,pixel_15656,pixel_15657,pixel_15658,pixel_15659,pixel_15660,pixel_15661,pixel_15662,pixel_15663,pixel_15664,pixel_15665,pixel_15666,pixel_15667,pixel_15668,pixel_15669,pixel_15670,pixel_15671,pixel_15672,pixel_15673,pixel_15674,pixel_15675,pixel_15676,pixel_15677,pixel_15678,pixel_15679,pixel_15680,pixel_15681,pixel_15682,pixel_15683,pixel_15684,pixel_15685,pixel_15686,pixel_15687,pixel_15688,pixel_15689,pixel_15690,pixel_15691,pixel_15692,pixel_15693,pixel_15694,pixel_15695,pixel_15696,pixel_15697,pixel_15698,pixel_15699,pixel_15700,pixel_15701,pixel_15702,pixel_15703,pixel_15704,pixel_15705,pixel_15706,pixel_15707,pixel_15708,pixel_15709,pixel_15710,pixel_15711,pixel_15712,pixel_15713,pixel_15714,pixel_15715,pixel_15716,pixel_15717,pixel_15718,pixel_15719,pixel_15720,pixel_15721,pixel_15722,pixel_15723,pixel_15724,pixel_15725,pixel_15726,pixel_15727,pixel_15728,pixel_15729,pixel_15730,pixel_15731,pixel_15732,pixel_15733,pixel_15734,pixel_15735,pixel_15736,pixel_15737,pixel_15738,pixel_15739,pixel_15740,pixel_15741,pixel_15742,pixel_15743,pixel_15744,pixel_15745,pixel_15746,pixel_15747,pixel_15748,pixel_15749,pixel_15750,pixel_15751,pixel_15752,pixel_15753,pixel_15754,pixel_15755,pixel_15756,pixel_15757,pixel_15758,pixel_15759,pixel_15760,pixel_15761,pixel_15762,pixel_15763,pixel_15764,pixel_15765,pixel_15766,pixel_15767,pixel_15768,pixel_15769,pixel_15770,pixel_15771,pixel_15772,pixel_15773,pixel_15774,pixel_15775,pixel_15776,pixel_15777,pixel_15778,pixel_15779,pixel_15780,pixel_15781,pixel_15782,pixel_15783,pixel_15784,pixel_15785,pixel_15786,pixel_15787,pixel_15788,pixel_15789,pixel_15790,pixel_15791,pixel_15792,pixel_15793,pixel_15794,pixel_15795,pixel_15796,pixel_15797,pixel_15798,pixel_15799,pixel_15800,pixel_15801,pixel_15802,pixel_15803,pixel_15804,pixel_15805,pixel_15806,pixel_15807,pixel_15808,pixel_15809,pixel_15810,pixel_15811,pixel_15812,pixel_15813,pixel_15814,pixel_15815,pixel_15816,pixel_15817,pixel_15818,pixel_15819,pixel_15820,pixel_15821,pixel_15822,pixel_15823,pixel_15824,pixel_15825,pixel_15826,pixel_15827,pixel_15828,pixel_15829,pixel_15830,pixel_15831,pixel_15832,pixel_15833,pixel_15834,pixel_15835,pixel_15836,pixel_15837,pixel_15838,pixel_15839,pixel_15840,pixel_15841,pixel_15842,pixel_15843,pixel_15844,pixel_15845,pixel_15846,pixel_15847,pixel_15848,pixel_15849,pixel_15850,pixel_15851,pixel_15852,pixel_15853,pixel_15854,pixel_15855,pixel_15856,pixel_15857,pixel_15858,pixel_15859,pixel_15860,pixel_15861,pixel_15862,pixel_15863,pixel_15864,pixel_15865,pixel_15866,pixel_15867,pixel_15868,pixel_15869,pixel_15870,pixel_15871,pixel_15872,pixel_15873,pixel_15874,pixel_15875,pixel_15876,pixel_15877,pixel_15878,pixel_15879,pixel_15880,pixel_15881,pixel_15882,pixel_15883,pixel_15884,pixel_15885,pixel_15886,pixel_15887,pixel_15888,pixel_15889,pixel_15890,pixel_15891,pixel_15892,pixel_15893,pixel_15894,pixel_15895,pixel_15896,pixel_15897,pixel_15898,pixel_15899,pixel_15900,pixel_15901,pixel_15902,pixel_15903,pixel_15904,pixel_15905,pixel_15906,pixel_15907,pixel_15908,pixel_15909,pixel_15910,pixel_15911,pixel_15912,pixel_15913,pixel_15914,pixel_15915,pixel_15916,pixel_15917,pixel_15918,pixel_15919,pixel_15920,pixel_15921,pixel_15922,pixel_15923,pixel_15924,pixel_15925,pixel_15926,pixel_15927,pixel_15928,pixel_15929,pixel_15930,pixel_15931,pixel_15932,pixel_15933,pixel_15934,pixel_15935,pixel_15936,pixel_15937,pixel_15938,pixel_15939,pixel_15940,pixel_15941,pixel_15942,pixel_15943,pixel_15944,pixel_15945,pixel_15946,pixel_15947,pixel_15948,pixel_15949,pixel_15950,pixel_15951,pixel_15952,pixel_15953,pixel_15954,pixel_15955,pixel_15956,pixel_15957,pixel_15958,pixel_15959,pixel_15960,pixel_15961,pixel_15962,pixel_15963,pixel_15964,pixel_15965,pixel_15966,pixel_15967,pixel_15968,pixel_15969,pixel_15970,pixel_15971,pixel_15972,pixel_15973,pixel_15974,pixel_15975,pixel_15976,pixel_15977,pixel_15978,pixel_15979,pixel_15980,pixel_15981,pixel_15982,pixel_15983,pixel_15984,pixel_15985,pixel_15986,pixel_15987,pixel_15988,pixel_15989,pixel_15990,pixel_15991,pixel_15992,pixel_15993,pixel_15994,pixel_15995,pixel_15996,pixel_15997,pixel_15998,pixel_15999,pixel_16000,pixel_16001,pixel_16002,pixel_16003,pixel_16004,pixel_16005,pixel_16006,pixel_16007,pixel_16008,pixel_16009,pixel_16010,pixel_16011,pixel_16012,pixel_16013,pixel_16014,pixel_16015,pixel_16016,pixel_16017,pixel_16018,pixel_16019,pixel_16020,pixel_16021,pixel_16022,pixel_16023,pixel_16024,pixel_16025,pixel_16026,pixel_16027,pixel_16028,pixel_16029,pixel_16030,pixel_16031,pixel_16032,pixel_16033,pixel_16034,pixel_16035,pixel_16036,pixel_16037,pixel_16038,pixel_16039,pixel_16040,pixel_16041,pixel_16042,pixel_16043,pixel_16044,pixel_16045,pixel_16046,pixel_16047,pixel_16048,pixel_16049,pixel_16050,pixel_16051,pixel_16052,pixel_16053,pixel_16054,pixel_16055,pixel_16056,pixel_16057,pixel_16058,pixel_16059,pixel_16060,pixel_16061,pixel_16062,pixel_16063,pixel_16064,pixel_16065,pixel_16066,pixel_16067,pixel_16068,pixel_16069,pixel_16070,pixel_16071,pixel_16072,pixel_16073,pixel_16074,pixel_16075,pixel_16076,pixel_16077,pixel_16078,pixel_16079,pixel_16080,pixel_16081,pixel_16082,pixel_16083,pixel_16084,pixel_16085,pixel_16086,pixel_16087,pixel_16088,pixel_16089,pixel_16090,pixel_16091,pixel_16092,pixel_16093,pixel_16094,pixel_16095,pixel_16096,pixel_16097,pixel_16098,pixel_16099,pixel_16100,pixel_16101,pixel_16102,pixel_16103,pixel_16104,pixel_16105,pixel_16106,pixel_16107,pixel_16108,pixel_16109,pixel_16110,pixel_16111,pixel_16112,pixel_16113,pixel_16114,pixel_16115,pixel_16116,pixel_16117,pixel_16118,pixel_16119,pixel_16120,pixel_16121,pixel_16122,pixel_16123,pixel_16124,pixel_16125,pixel_16126,pixel_16127,pixel_16128,pixel_16129,pixel_16130,pixel_16131,pixel_16132,pixel_16133,pixel_16134,pixel_16135,pixel_16136,pixel_16137,pixel_16138,pixel_16139,pixel_16140,pixel_16141,pixel_16142,pixel_16143,pixel_16144,pixel_16145,pixel_16146,pixel_16147,pixel_16148,pixel_16149,pixel_16150,pixel_16151,pixel_16152,pixel_16153,pixel_16154,pixel_16155,pixel_16156,pixel_16157,pixel_16158,pixel_16159,pixel_16160,pixel_16161,pixel_16162,pixel_16163,pixel_16164,pixel_16165,pixel_16166,pixel_16167,pixel_16168,pixel_16169,pixel_16170,pixel_16171,pixel_16172,pixel_16173,pixel_16174,pixel_16175,pixel_16176,pixel_16177,pixel_16178,pixel_16179,pixel_16180,pixel_16181,pixel_16182,pixel_16183,pixel_16184,pixel_16185,pixel_16186,pixel_16187,pixel_16188,pixel_16189,pixel_16190,pixel_16191,pixel_16192,pixel_16193,pixel_16194,pixel_16195,pixel_16196,pixel_16197,pixel_16198,pixel_16199,pixel_16200,pixel_16201,pixel_16202,pixel_16203,pixel_16204,pixel_16205,pixel_16206,pixel_16207,pixel_16208,pixel_16209,pixel_16210,pixel_16211,pixel_16212,pixel_16213,pixel_16214,pixel_16215,pixel_16216,pixel_16217,pixel_16218,pixel_16219,pixel_16220,pixel_16221,pixel_16222,pixel_16223,pixel_16224,pixel_16225,pixel_16226,pixel_16227,pixel_16228,pixel_16229,pixel_16230,pixel_16231,pixel_16232,pixel_16233,pixel_16234,pixel_16235,pixel_16236,pixel_16237,pixel_16238,pixel_16239,pixel_16240,pixel_16241,pixel_16242,pixel_16243,pixel_16244,pixel_16245,pixel_16246,pixel_16247,pixel_16248,pixel_16249,pixel_16250,pixel_16251,pixel_16252,pixel_16253,pixel_16254,pixel_16255,pixel_16256,pixel_16257,pixel_16258,pixel_16259,pixel_16260,pixel_16261,pixel_16262,pixel_16263,pixel_16264,pixel_16265,pixel_16266,pixel_16267,pixel_16268,pixel_16269,pixel_16270,pixel_16271,pixel_16272,pixel_16273,pixel_16274,pixel_16275,pixel_16276,pixel_16277,pixel_16278,pixel_16279,pixel_16280,pixel_16281,pixel_16282,pixel_16283,pixel_16284,pixel_16285,pixel_16286,pixel_16287,pixel_16288,pixel_16289,pixel_16290,pixel_16291,pixel_16292,pixel_16293,pixel_16294,pixel_16295,pixel_16296,pixel_16297,pixel_16298,pixel_16299,pixel_16300,pixel_16301,pixel_16302,pixel_16303,pixel_16304,pixel_16305,pixel_16306,pixel_16307,pixel_16308,pixel_16309,pixel_16310,pixel_16311,pixel_16312,pixel_16313,pixel_16314,pixel_16315,pixel_16316,pixel_16317,pixel_16318,pixel_16319,pixel_16320,pixel_16321,pixel_16322,pixel_16323,pixel_16324,pixel_16325,pixel_16326,pixel_16327,pixel_16328,pixel_16329,pixel_16330,pixel_16331,pixel_16332,pixel_16333,pixel_16334,pixel_16335,pixel_16336,pixel_16337,pixel_16338,pixel_16339,pixel_16340,pixel_16341,pixel_16342,pixel_16343,pixel_16344,pixel_16345,pixel_16346,pixel_16347,pixel_16348,pixel_16349,pixel_16350,pixel_16351,pixel_16352,pixel_16353,pixel_16354,pixel_16355,pixel_16356,pixel_16357,pixel_16358,pixel_16359,pixel_16360,pixel_16361,pixel_16362,pixel_16363,pixel_16364,pixel_16365,pixel_16366,pixel_16367,pixel_16368,pixel_16369,pixel_16370,pixel_16371,pixel_16372,pixel_16373,pixel_16374,pixel_16375,pixel_16376,pixel_16377,pixel_16378,pixel_16379,pixel_16380,pixel_16381,pixel_16382,pixel_16383,pixel_16384,pixel_16385,pixel_16386,pixel_16387,pixel_16388,pixel_16389,pixel_16390,pixel_16391,pixel_16392,pixel_16393,pixel_16394,pixel_16395,pixel_16396,pixel_16397,pixel_16398,pixel_16399,pixel_16400,pixel_16401,pixel_16402,pixel_16403,pixel_16404,pixel_16405,pixel_16406,pixel_16407,pixel_16408,pixel_16409,pixel_16410,pixel_16411,pixel_16412,pixel_16413,pixel_16414,pixel_16415,pixel_16416,pixel_16417,pixel_16418,pixel_16419,pixel_16420,pixel_16421,pixel_16422,pixel_16423,pixel_16424,pixel_16425,pixel_16426,pixel_16427,pixel_16428,pixel_16429,pixel_16430,pixel_16431,pixel_16432,pixel_16433,pixel_16434,pixel_16435,pixel_16436,pixel_16437,pixel_16438,pixel_16439,pixel_16440,pixel_16441,pixel_16442,pixel_16443,pixel_16444,pixel_16445,pixel_16446,pixel_16447,pixel_16448,pixel_16449,pixel_16450,pixel_16451,pixel_16452,pixel_16453,pixel_16454,pixel_16455,pixel_16456,pixel_16457,pixel_16458,pixel_16459,pixel_16460,pixel_16461,pixel_16462,pixel_16463,pixel_16464,pixel_16465,pixel_16466,pixel_16467,pixel_16468,pixel_16469,pixel_16470,pixel_16471,pixel_16472,pixel_16473,pixel_16474,pixel_16475,pixel_16476,pixel_16477,pixel_16478,pixel_16479,pixel_16480,pixel_16481,pixel_16482,pixel_16483,pixel_16484,pixel_16485,pixel_16486,pixel_16487,pixel_16488,pixel_16489,pixel_16490,pixel_16491,pixel_16492,pixel_16493,pixel_16494,pixel_16495,pixel_16496,pixel_16497,pixel_16498,pixel_16499,pixel_16500,pixel_16501,pixel_16502,pixel_16503,pixel_16504,pixel_16505,pixel_16506,pixel_16507,pixel_16508,pixel_16509,pixel_16510,pixel_16511,pixel_16512,pixel_16513,pixel_16514,pixel_16515,pixel_16516,pixel_16517,pixel_16518,pixel_16519,pixel_16520,pixel_16521,pixel_16522,pixel_16523,pixel_16524,pixel_16525,pixel_16526,pixel_16527,pixel_16528,pixel_16529,pixel_16530,pixel_16531,pixel_16532,pixel_16533,pixel_16534,pixel_16535,pixel_16536,pixel_16537,pixel_16538,pixel_16539,pixel_16540,pixel_16541,pixel_16542,pixel_16543,pixel_16544,pixel_16545,pixel_16546,pixel_16547,pixel_16548,pixel_16549,pixel_16550,pixel_16551,pixel_16552,pixel_16553,pixel_16554,pixel_16555,pixel_16556,pixel_16557,pixel_16558,pixel_16559,pixel_16560,pixel_16561,pixel_16562,pixel_16563,pixel_16564,pixel_16565,pixel_16566,pixel_16567,pixel_16568,pixel_16569,pixel_16570,pixel_16571,pixel_16572,pixel_16573,pixel_16574,pixel_16575,pixel_16576,pixel_16577,pixel_16578,pixel_16579,pixel_16580,pixel_16581,pixel_16582,pixel_16583,pixel_16584,pixel_16585,pixel_16586,pixel_16587,pixel_16588,pixel_16589,pixel_16590,pixel_16591,pixel_16592,pixel_16593,pixel_16594,pixel_16595,pixel_16596,pixel_16597,pixel_16598,pixel_16599,pixel_16600,pixel_16601,pixel_16602,pixel_16603,pixel_16604,pixel_16605,pixel_16606,pixel_16607,pixel_16608,pixel_16609,pixel_16610,pixel_16611,pixel_16612,pixel_16613,pixel_16614,pixel_16615,pixel_16616,pixel_16617,pixel_16618,pixel_16619,pixel_16620,pixel_16621,pixel_16622,pixel_16623,pixel_16624,pixel_16625,pixel_16626,pixel_16627,pixel_16628,pixel_16629,pixel_16630,pixel_16631,pixel_16632,pixel_16633,pixel_16634,pixel_16635,pixel_16636,pixel_16637,pixel_16638,pixel_16639,pixel_16640,pixel_16641,pixel_16642,pixel_16643,pixel_16644,pixel_16645,pixel_16646,pixel_16647,pixel_16648,pixel_16649,pixel_16650,pixel_16651,pixel_16652,pixel_16653,pixel_16654,pixel_16655,pixel_16656,pixel_16657,pixel_16658,pixel_16659,pixel_16660,pixel_16661,pixel_16662,pixel_16663,pixel_16664,pixel_16665,pixel_16666,pixel_16667,pixel_16668,pixel_16669,pixel_16670,pixel_16671,pixel_16672,pixel_16673,pixel_16674,pixel_16675,pixel_16676,pixel_16677,pixel_16678,pixel_16679,pixel_16680,pixel_16681,pixel_16682,pixel_16683,pixel_16684,pixel_16685,pixel_16686,pixel_16687,pixel_16688,pixel_16689,pixel_16690,pixel_16691,pixel_16692,pixel_16693,pixel_16694,pixel_16695,pixel_16696,pixel_16697,pixel_16698,pixel_16699,pixel_16700,pixel_16701,pixel_16702,pixel_16703,pixel_16704,pixel_16705,pixel_16706,pixel_16707,pixel_16708,pixel_16709,pixel_16710,pixel_16711,pixel_16712,pixel_16713,pixel_16714,pixel_16715,pixel_16716,pixel_16717,pixel_16718,pixel_16719,pixel_16720,pixel_16721,pixel_16722,pixel_16723,pixel_16724,pixel_16725,pixel_16726,pixel_16727,pixel_16728,pixel_16729,pixel_16730,pixel_16731,pixel_16732,pixel_16733,pixel_16734,pixel_16735,pixel_16736,pixel_16737,pixel_16738,pixel_16739,pixel_16740,pixel_16741,pixel_16742,pixel_16743,pixel_16744,pixel_16745,pixel_16746,pixel_16747,pixel_16748,pixel_16749,pixel_16750,pixel_16751,pixel_16752,pixel_16753,pixel_16754,pixel_16755,pixel_16756,pixel_16757,pixel_16758,pixel_16759,pixel_16760,pixel_16761,pixel_16762,pixel_16763,pixel_16764,pixel_16765,pixel_16766,pixel_16767,pixel_16768,pixel_16769,pixel_16770,pixel_16771,pixel_16772,pixel_16773,pixel_16774,pixel_16775,pixel_16776,pixel_16777,pixel_16778,pixel_16779,pixel_16780,pixel_16781,pixel_16782,pixel_16783,pixel_16784,pixel_16785,pixel_16786,pixel_16787,pixel_16788,pixel_16789,pixel_16790,pixel_16791,pixel_16792,pixel_16793,pixel_16794,pixel_16795,pixel_16796,pixel_16797,pixel_16798,pixel_16799,pixel_16800,pixel_16801,pixel_16802,pixel_16803,pixel_16804,pixel_16805,pixel_16806,pixel_16807,pixel_16808,pixel_16809,pixel_16810,pixel_16811,pixel_16812,pixel_16813,pixel_16814,pixel_16815,pixel_16816,pixel_16817,pixel_16818,pixel_16819,pixel_16820,pixel_16821,pixel_16822,pixel_16823,pixel_16824,pixel_16825,pixel_16826,pixel_16827,pixel_16828,pixel_16829,pixel_16830,pixel_16831,pixel_16832,pixel_16833,pixel_16834,pixel_16835,pixel_16836,pixel_16837,pixel_16838,pixel_16839,pixel_16840,pixel_16841,pixel_16842,pixel_16843,pixel_16844,pixel_16845,pixel_16846,pixel_16847,pixel_16848,pixel_16849,pixel_16850,pixel_16851,pixel_16852,pixel_16853,pixel_16854,pixel_16855,pixel_16856,pixel_16857,pixel_16858,pixel_16859,pixel_16860,pixel_16861,pixel_16862,pixel_16863,pixel_16864,pixel_16865,pixel_16866,pixel_16867,pixel_16868,pixel_16869,pixel_16870,pixel_16871,pixel_16872,pixel_16873,pixel_16874,pixel_16875,pixel_16876,pixel_16877,pixel_16878,pixel_16879,pixel_16880,pixel_16881,pixel_16882,pixel_16883,pixel_16884,pixel_16885,pixel_16886,pixel_16887,pixel_16888,pixel_16889,pixel_16890,pixel_16891,pixel_16892,pixel_16893,pixel_16894,pixel_16895,pixel_16896,pixel_16897,pixel_16898,pixel_16899,pixel_16900,pixel_16901,pixel_16902,pixel_16903,pixel_16904,pixel_16905,pixel_16906,pixel_16907,pixel_16908,pixel_16909,pixel_16910,pixel_16911,pixel_16912,pixel_16913,pixel_16914,pixel_16915,pixel_16916,pixel_16917,pixel_16918,pixel_16919,pixel_16920,pixel_16921,pixel_16922,pixel_16923,pixel_16924,pixel_16925,pixel_16926,pixel_16927,pixel_16928,pixel_16929,pixel_16930,pixel_16931,pixel_16932,pixel_16933,pixel_16934,pixel_16935,pixel_16936,pixel_16937,pixel_16938,pixel_16939,pixel_16940,pixel_16941,pixel_16942,pixel_16943,pixel_16944,pixel_16945,pixel_16946,pixel_16947,pixel_16948,pixel_16949,pixel_16950,pixel_16951,pixel_16952,pixel_16953,pixel_16954,pixel_16955,pixel_16956,pixel_16957,pixel_16958,pixel_16959,pixel_16960,pixel_16961,pixel_16962,pixel_16963,pixel_16964,pixel_16965,pixel_16966,pixel_16967,pixel_16968,pixel_16969,pixel_16970,pixel_16971,pixel_16972,pixel_16973,pixel_16974,pixel_16975,pixel_16976,pixel_16977,pixel_16978,pixel_16979,pixel_16980,pixel_16981,pixel_16982,pixel_16983,pixel_16984,pixel_16985,pixel_16986,pixel_16987,pixel_16988,pixel_16989,pixel_16990,pixel_16991,pixel_16992,pixel_16993,pixel_16994,pixel_16995,pixel_16996,pixel_16997,pixel_16998,pixel_16999,pixel_17000,pixel_17001,pixel_17002,pixel_17003,pixel_17004,pixel_17005,pixel_17006,pixel_17007,pixel_17008,pixel_17009,pixel_17010,pixel_17011,pixel_17012,pixel_17013,pixel_17014,pixel_17015,pixel_17016,pixel_17017,pixel_17018,pixel_17019,pixel_17020,pixel_17021,pixel_17022,pixel_17023,pixel_17024,pixel_17025,pixel_17026,pixel_17027,pixel_17028,pixel_17029,pixel_17030,pixel_17031,pixel_17032,pixel_17033,pixel_17034,pixel_17035,pixel_17036,pixel_17037,pixel_17038,pixel_17039,pixel_17040,pixel_17041,pixel_17042,pixel_17043,pixel_17044,pixel_17045,pixel_17046,pixel_17047,pixel_17048,pixel_17049,pixel_17050,pixel_17051,pixel_17052,pixel_17053,pixel_17054,pixel_17055,pixel_17056,pixel_17057,pixel_17058,pixel_17059,pixel_17060,pixel_17061,pixel_17062,pixel_17063,pixel_17064,pixel_17065,pixel_17066,pixel_17067,pixel_17068,pixel_17069,pixel_17070,pixel_17071,pixel_17072,pixel_17073,pixel_17074,pixel_17075,pixel_17076,pixel_17077,pixel_17078,pixel_17079,pixel_17080,pixel_17081,pixel_17082,pixel_17083,pixel_17084,pixel_17085,pixel_17086,pixel_17087,pixel_17088,pixel_17089,pixel_17090,pixel_17091,pixel_17092,pixel_17093,pixel_17094,pixel_17095,pixel_17096,pixel_17097,pixel_17098,pixel_17099,pixel_17100,pixel_17101,pixel_17102,pixel_17103,pixel_17104,pixel_17105,pixel_17106,pixel_17107,pixel_17108,pixel_17109,pixel_17110,pixel_17111,pixel_17112,pixel_17113,pixel_17114,pixel_17115,pixel_17116,pixel_17117,pixel_17118,pixel_17119,pixel_17120,pixel_17121,pixel_17122,pixel_17123,pixel_17124,pixel_17125,pixel_17126,pixel_17127,pixel_17128,pixel_17129,pixel_17130,pixel_17131,pixel_17132,pixel_17133,pixel_17134,pixel_17135,pixel_17136,pixel_17137,pixel_17138,pixel_17139,pixel_17140,pixel_17141,pixel_17142,pixel_17143,pixel_17144,pixel_17145,pixel_17146,pixel_17147,pixel_17148,pixel_17149,pixel_17150,pixel_17151,pixel_17152,pixel_17153,pixel_17154,pixel_17155,pixel_17156,pixel_17157,pixel_17158,pixel_17159,pixel_17160,pixel_17161,pixel_17162,pixel_17163,pixel_17164,pixel_17165,pixel_17166,pixel_17167,pixel_17168,pixel_17169,pixel_17170,pixel_17171,pixel_17172,pixel_17173,pixel_17174,pixel_17175,pixel_17176,pixel_17177,pixel_17178,pixel_17179,pixel_17180,pixel_17181,pixel_17182,pixel_17183,pixel_17184,pixel_17185,pixel_17186,pixel_17187,pixel_17188,pixel_17189,pixel_17190,pixel_17191,pixel_17192,pixel_17193,pixel_17194,pixel_17195,pixel_17196,pixel_17197,pixel_17198,pixel_17199,pixel_17200,pixel_17201,pixel_17202,pixel_17203,pixel_17204,pixel_17205,pixel_17206,pixel_17207,pixel_17208,pixel_17209,pixel_17210,pixel_17211,pixel_17212,pixel_17213,pixel_17214,pixel_17215,pixel_17216,pixel_17217,pixel_17218,pixel_17219,pixel_17220,pixel_17221,pixel_17222,pixel_17223,pixel_17224,pixel_17225,pixel_17226,pixel_17227,pixel_17228,pixel_17229,pixel_17230,pixel_17231,pixel_17232,pixel_17233,pixel_17234,pixel_17235,pixel_17236,pixel_17237,pixel_17238,pixel_17239,pixel_17240,pixel_17241,pixel_17242,pixel_17243,pixel_17244,pixel_17245,pixel_17246,pixel_17247,pixel_17248,pixel_17249,pixel_17250,pixel_17251,pixel_17252,pixel_17253,pixel_17254,pixel_17255,pixel_17256,pixel_17257,pixel_17258,pixel_17259,pixel_17260,pixel_17261,pixel_17262,pixel_17263,pixel_17264,pixel_17265,pixel_17266,pixel_17267,pixel_17268,pixel_17269,pixel_17270,pixel_17271,pixel_17272,pixel_17273,pixel_17274,pixel_17275,pixel_17276,pixel_17277,pixel_17278,pixel_17279,pixel_17280,pixel_17281,pixel_17282,pixel_17283,pixel_17284,pixel_17285,pixel_17286,pixel_17287,pixel_17288,pixel_17289,pixel_17290,pixel_17291,pixel_17292,pixel_17293,pixel_17294,pixel_17295,pixel_17296,pixel_17297,pixel_17298,pixel_17299,pixel_17300,pixel_17301,pixel_17302,pixel_17303,pixel_17304,pixel_17305,pixel_17306,pixel_17307,pixel_17308,pixel_17309,pixel_17310,pixel_17311,pixel_17312,pixel_17313,pixel_17314,pixel_17315,pixel_17316,pixel_17317,pixel_17318,pixel_17319,pixel_17320,pixel_17321,pixel_17322,pixel_17323,pixel_17324,pixel_17325,pixel_17326,pixel_17327,pixel_17328,pixel_17329,pixel_17330,pixel_17331,pixel_17332,pixel_17333,pixel_17334,pixel_17335,pixel_17336,pixel_17337,pixel_17338,pixel_17339,pixel_17340,pixel_17341,pixel_17342,pixel_17343,pixel_17344,pixel_17345,pixel_17346,pixel_17347,pixel_17348,pixel_17349,pixel_17350,pixel_17351,pixel_17352,pixel_17353,pixel_17354,pixel_17355,pixel_17356,pixel_17357,pixel_17358,pixel_17359,pixel_17360,pixel_17361,pixel_17362,pixel_17363,pixel_17364,pixel_17365,pixel_17366,pixel_17367,pixel_17368,pixel_17369,pixel_17370,pixel_17371,pixel_17372,pixel_17373,pixel_17374,pixel_17375,pixel_17376,pixel_17377,pixel_17378,pixel_17379,pixel_17380,pixel_17381,pixel_17382,pixel_17383,pixel_17384,pixel_17385,pixel_17386,pixel_17387,pixel_17388,pixel_17389,pixel_17390,pixel_17391,pixel_17392,pixel_17393,pixel_17394,pixel_17395,pixel_17396,pixel_17397,pixel_17398,pixel_17399,pixel_17400,pixel_17401,pixel_17402,pixel_17403,pixel_17404,pixel_17405,pixel_17406,pixel_17407,pixel_17408,pixel_17409,pixel_17410,pixel_17411,pixel_17412,pixel_17413,pixel_17414,pixel_17415,pixel_17416,pixel_17417,pixel_17418,pixel_17419,pixel_17420,pixel_17421,pixel_17422,pixel_17423,pixel_17424,pixel_17425,pixel_17426,pixel_17427,pixel_17428,pixel_17429,pixel_17430,pixel_17431,pixel_17432,pixel_17433,pixel_17434,pixel_17435,pixel_17436,pixel_17437,pixel_17438,pixel_17439,pixel_17440,pixel_17441,pixel_17442,pixel_17443,pixel_17444,pixel_17445,pixel_17446,pixel_17447,pixel_17448,pixel_17449,pixel_17450,pixel_17451,pixel_17452,pixel_17453,pixel_17454,pixel_17455,pixel_17456,pixel_17457,pixel_17458,pixel_17459,pixel_17460,pixel_17461,pixel_17462,pixel_17463,pixel_17464,pixel_17465,pixel_17466,pixel_17467,pixel_17468,pixel_17469,pixel_17470,pixel_17471,pixel_17472,pixel_17473,pixel_17474,pixel_17475,pixel_17476,pixel_17477,pixel_17478,pixel_17479,pixel_17480,pixel_17481,pixel_17482,pixel_17483,pixel_17484,pixel_17485,pixel_17486,pixel_17487,pixel_17488,pixel_17489,pixel_17490,pixel_17491,pixel_17492,pixel_17493,pixel_17494,pixel_17495,pixel_17496,pixel_17497,pixel_17498,pixel_17499,pixel_17500,pixel_17501,pixel_17502,pixel_17503,pixel_17504,pixel_17505,pixel_17506,pixel_17507,pixel_17508,pixel_17509,pixel_17510,pixel_17511,pixel_17512,pixel_17513,pixel_17514,pixel_17515,pixel_17516,pixel_17517,pixel_17518,pixel_17519,pixel_17520,pixel_17521,pixel_17522,pixel_17523,pixel_17524,pixel_17525,pixel_17526,pixel_17527,pixel_17528,pixel_17529,pixel_17530,pixel_17531,pixel_17532,pixel_17533,pixel_17534,pixel_17535,pixel_17536,pixel_17537,pixel_17538,pixel_17539,pixel_17540,pixel_17541,pixel_17542,pixel_17543,pixel_17544,pixel_17545,pixel_17546,pixel_17547,pixel_17548,pixel_17549,pixel_17550,pixel_17551,pixel_17552,pixel_17553,pixel_17554,pixel_17555,pixel_17556,pixel_17557,pixel_17558,pixel_17559,pixel_17560,pixel_17561,pixel_17562,pixel_17563,pixel_17564,pixel_17565,pixel_17566,pixel_17567,pixel_17568,pixel_17569,pixel_17570,pixel_17571,pixel_17572,pixel_17573,pixel_17574,pixel_17575,pixel_17576,pixel_17577,pixel_17578,pixel_17579,pixel_17580,pixel_17581,pixel_17582,pixel_17583,pixel_17584,pixel_17585,pixel_17586,pixel_17587,pixel_17588,pixel_17589,pixel_17590,pixel_17591,pixel_17592,pixel_17593,pixel_17594,pixel_17595,pixel_17596,pixel_17597,pixel_17598,pixel_17599,pixel_17600,pixel_17601,pixel_17602,pixel_17603,pixel_17604,pixel_17605,pixel_17606,pixel_17607,pixel_17608,pixel_17609,pixel_17610,pixel_17611,pixel_17612,pixel_17613,pixel_17614,pixel_17615,pixel_17616,pixel_17617,pixel_17618,pixel_17619,pixel_17620,pixel_17621,pixel_17622,pixel_17623,pixel_17624,pixel_17625,pixel_17626,pixel_17627,pixel_17628,pixel_17629,pixel_17630,pixel_17631,pixel_17632,pixel_17633,pixel_17634,pixel_17635,pixel_17636,pixel_17637,pixel_17638,pixel_17639,pixel_17640,pixel_17641,pixel_17642,pixel_17643,pixel_17644,pixel_17645,pixel_17646,pixel_17647,pixel_17648,pixel_17649,pixel_17650,pixel_17651,pixel_17652,pixel_17653,pixel_17654,pixel_17655,pixel_17656,pixel_17657,pixel_17658,pixel_17659,pixel_17660,pixel_17661,pixel_17662,pixel_17663,pixel_17664,pixel_17665,pixel_17666,pixel_17667,pixel_17668,pixel_17669,pixel_17670,pixel_17671,pixel_17672,pixel_17673,pixel_17674,pixel_17675,pixel_17676,pixel_17677,pixel_17678,pixel_17679,pixel_17680,pixel_17681,pixel_17682,pixel_17683,pixel_17684,pixel_17685,pixel_17686,pixel_17687,pixel_17688,pixel_17689,pixel_17690,pixel_17691,pixel_17692,pixel_17693,pixel_17694,pixel_17695,pixel_17696,pixel_17697,pixel_17698,pixel_17699,pixel_17700,pixel_17701,pixel_17702,pixel_17703,pixel_17704,pixel_17705,pixel_17706,pixel_17707,pixel_17708,pixel_17709,pixel_17710,pixel_17711,pixel_17712,pixel_17713,pixel_17714,pixel_17715,pixel_17716,pixel_17717,pixel_17718,pixel_17719,pixel_17720,pixel_17721,pixel_17722,pixel_17723,pixel_17724,pixel_17725,pixel_17726,pixel_17727,pixel_17728,pixel_17729,pixel_17730,pixel_17731,pixel_17732,pixel_17733,pixel_17734,pixel_17735,pixel_17736,pixel_17737,pixel_17738,pixel_17739,pixel_17740,pixel_17741,pixel_17742,pixel_17743,pixel_17744,pixel_17745,pixel_17746,pixel_17747,pixel_17748,pixel_17749,pixel_17750,pixel_17751,pixel_17752,pixel_17753,pixel_17754,pixel_17755,pixel_17756,pixel_17757,pixel_17758,pixel_17759,pixel_17760,pixel_17761,pixel_17762,pixel_17763,pixel_17764,pixel_17765,pixel_17766,pixel_17767,pixel_17768,pixel_17769,pixel_17770,pixel_17771,pixel_17772,pixel_17773,pixel_17774,pixel_17775,pixel_17776,pixel_17777,pixel_17778,pixel_17779,pixel_17780,pixel_17781,pixel_17782,pixel_17783,pixel_17784,pixel_17785,pixel_17786,pixel_17787,pixel_17788,pixel_17789,pixel_17790,pixel_17791,pixel_17792,pixel_17793,pixel_17794,pixel_17795,pixel_17796,pixel_17797,pixel_17798,pixel_17799,pixel_17800,pixel_17801,pixel_17802,pixel_17803,pixel_17804,pixel_17805,pixel_17806,pixel_17807,pixel_17808,pixel_17809,pixel_17810,pixel_17811,pixel_17812,pixel_17813,pixel_17814,pixel_17815,pixel_17816,pixel_17817,pixel_17818,pixel_17819,pixel_17820,pixel_17821,pixel_17822,pixel_17823,pixel_17824,pixel_17825,pixel_17826,pixel_17827,pixel_17828,pixel_17829,pixel_17830,pixel_17831,pixel_17832,pixel_17833,pixel_17834,pixel_17835,pixel_17836,pixel_17837,pixel_17838,pixel_17839,pixel_17840,pixel_17841,pixel_17842,pixel_17843,pixel_17844,pixel_17845,pixel_17846,pixel_17847,pixel_17848,pixel_17849,pixel_17850,pixel_17851,pixel_17852,pixel_17853,pixel_17854,pixel_17855,pixel_17856,pixel_17857,pixel_17858,pixel_17859,pixel_17860,pixel_17861,pixel_17862,pixel_17863,pixel_17864,pixel_17865,pixel_17866,pixel_17867,pixel_17868,pixel_17869,pixel_17870,pixel_17871,pixel_17872,pixel_17873,pixel_17874,pixel_17875,pixel_17876,pixel_17877,pixel_17878,pixel_17879,pixel_17880,pixel_17881,pixel_17882,pixel_17883,pixel_17884,pixel_17885,pixel_17886,pixel_17887,pixel_17888,pixel_17889,pixel_17890,pixel_17891,pixel_17892,pixel_17893,pixel_17894,pixel_17895,pixel_17896,pixel_17897,pixel_17898,pixel_17899,pixel_17900,pixel_17901,pixel_17902,pixel_17903,pixel_17904,pixel_17905,pixel_17906,pixel_17907,pixel_17908,pixel_17909,pixel_17910,pixel_17911,pixel_17912,pixel_17913,pixel_17914,pixel_17915,pixel_17916,pixel_17917,pixel_17918,pixel_17919,pixel_17920,pixel_17921,pixel_17922,pixel_17923,pixel_17924,pixel_17925,pixel_17926,pixel_17927,pixel_17928,pixel_17929,pixel_17930,pixel_17931,pixel_17932,pixel_17933,pixel_17934,pixel_17935,pixel_17936,pixel_17937,pixel_17938,pixel_17939,pixel_17940,pixel_17941,pixel_17942,pixel_17943,pixel_17944,pixel_17945,pixel_17946,pixel_17947,pixel_17948,pixel_17949,pixel_17950,pixel_17951,pixel_17952,pixel_17953,pixel_17954,pixel_17955,pixel_17956,pixel_17957,pixel_17958,pixel_17959,pixel_17960,pixel_17961,pixel_17962,pixel_17963,pixel_17964,pixel_17965,pixel_17966,pixel_17967,pixel_17968,pixel_17969,pixel_17970,pixel_17971,pixel_17972,pixel_17973,pixel_17974,pixel_17975,pixel_17976,pixel_17977,pixel_17978,pixel_17979,pixel_17980,pixel_17981,pixel_17982,pixel_17983,pixel_17984,pixel_17985,pixel_17986,pixel_17987,pixel_17988,pixel_17989,pixel_17990,pixel_17991,pixel_17992,pixel_17993,pixel_17994,pixel_17995,pixel_17996,pixel_17997,pixel_17998,pixel_17999,pixel_18000,pixel_18001,pixel_18002,pixel_18003,pixel_18004,pixel_18005,pixel_18006,pixel_18007,pixel_18008,pixel_18009,pixel_18010,pixel_18011,pixel_18012,pixel_18013,pixel_18014,pixel_18015,pixel_18016,pixel_18017,pixel_18018,pixel_18019,pixel_18020,pixel_18021,pixel_18022,pixel_18023,pixel_18024,pixel_18025,pixel_18026,pixel_18027,pixel_18028,pixel_18029,pixel_18030,pixel_18031,pixel_18032,pixel_18033,pixel_18034,pixel_18035,pixel_18036,pixel_18037,pixel_18038,pixel_18039,pixel_18040,pixel_18041,pixel_18042,pixel_18043,pixel_18044,pixel_18045,pixel_18046,pixel_18047,pixel_18048,pixel_18049,pixel_18050,pixel_18051,pixel_18052,pixel_18053,pixel_18054,pixel_18055,pixel_18056,pixel_18057,pixel_18058,pixel_18059,pixel_18060,pixel_18061,pixel_18062,pixel_18063,pixel_18064,pixel_18065,pixel_18066,pixel_18067,pixel_18068,pixel_18069,pixel_18070,pixel_18071,pixel_18072,pixel_18073,pixel_18074,pixel_18075,pixel_18076,pixel_18077,pixel_18078,pixel_18079,pixel_18080,pixel_18081,pixel_18082,pixel_18083,pixel_18084,pixel_18085,pixel_18086,pixel_18087,pixel_18088,pixel_18089,pixel_18090,pixel_18091,pixel_18092,pixel_18093,pixel_18094,pixel_18095,pixel_18096,pixel_18097,pixel_18098,pixel_18099,pixel_18100,pixel_18101,pixel_18102,pixel_18103,pixel_18104,pixel_18105,pixel_18106,pixel_18107,pixel_18108,pixel_18109,pixel_18110,pixel_18111,pixel_18112,pixel_18113,pixel_18114,pixel_18115,pixel_18116,pixel_18117,pixel_18118,pixel_18119,pixel_18120,pixel_18121,pixel_18122,pixel_18123,pixel_18124,pixel_18125,pixel_18126,pixel_18127,pixel_18128,pixel_18129,pixel_18130,pixel_18131,pixel_18132,pixel_18133,pixel_18134,pixel_18135,pixel_18136,pixel_18137,pixel_18138,pixel_18139,pixel_18140,pixel_18141,pixel_18142,pixel_18143,pixel_18144,pixel_18145,pixel_18146,pixel_18147,pixel_18148,pixel_18149,pixel_18150,pixel_18151,pixel_18152,pixel_18153,pixel_18154,pixel_18155,pixel_18156,pixel_18157,pixel_18158,pixel_18159,pixel_18160,pixel_18161,pixel_18162,pixel_18163,pixel_18164,pixel_18165,pixel_18166,pixel_18167,pixel_18168,pixel_18169,pixel_18170,pixel_18171,pixel_18172,pixel_18173,pixel_18174,pixel_18175,pixel_18176,pixel_18177,pixel_18178,pixel_18179,pixel_18180,pixel_18181,pixel_18182,pixel_18183,pixel_18184,pixel_18185,pixel_18186,pixel_18187,pixel_18188,pixel_18189,pixel_18190,pixel_18191,pixel_18192,pixel_18193,pixel_18194,pixel_18195,pixel_18196,pixel_18197,pixel_18198,pixel_18199,pixel_18200,pixel_18201,pixel_18202,pixel_18203,pixel_18204,pixel_18205,pixel_18206,pixel_18207,pixel_18208,pixel_18209,pixel_18210,pixel_18211,pixel_18212,pixel_18213,pixel_18214,pixel_18215,pixel_18216,pixel_18217,pixel_18218,pixel_18219,pixel_18220,pixel_18221,pixel_18222,pixel_18223,pixel_18224,pixel_18225,pixel_18226,pixel_18227,pixel_18228,pixel_18229,pixel_18230,pixel_18231,pixel_18232,pixel_18233,pixel_18234,pixel_18235,pixel_18236,pixel_18237,pixel_18238,pixel_18239,pixel_18240,pixel_18241,pixel_18242,pixel_18243,pixel_18244,pixel_18245,pixel_18246,pixel_18247,pixel_18248,pixel_18249,pixel_18250,pixel_18251,pixel_18252,pixel_18253,pixel_18254,pixel_18255,pixel_18256,pixel_18257,pixel_18258,pixel_18259,pixel_18260,pixel_18261,pixel_18262,pixel_18263,pixel_18264,pixel_18265,pixel_18266,pixel_18267,pixel_18268,pixel_18269,pixel_18270,pixel_18271,pixel_18272,pixel_18273,pixel_18274,pixel_18275,pixel_18276,pixel_18277,pixel_18278,pixel_18279,pixel_18280,pixel_18281,pixel_18282,pixel_18283,pixel_18284,pixel_18285,pixel_18286,pixel_18287,pixel_18288,pixel_18289,pixel_18290,pixel_18291,pixel_18292,pixel_18293,pixel_18294,pixel_18295,pixel_18296,pixel_18297,pixel_18298,pixel_18299,pixel_18300,pixel_18301,pixel_18302,pixel_18303,pixel_18304,pixel_18305,pixel_18306,pixel_18307,pixel_18308,pixel_18309,pixel_18310,pixel_18311,pixel_18312,pixel_18313,pixel_18314,pixel_18315,pixel_18316,pixel_18317,pixel_18318,pixel_18319,pixel_18320,pixel_18321,pixel_18322,pixel_18323,pixel_18324,pixel_18325,pixel_18326,pixel_18327,pixel_18328,pixel_18329,pixel_18330,pixel_18331,pixel_18332,pixel_18333,pixel_18334,pixel_18335,pixel_18336,pixel_18337,pixel_18338,pixel_18339,pixel_18340,pixel_18341,pixel_18342,pixel_18343,pixel_18344,pixel_18345,pixel_18346,pixel_18347,pixel_18348,pixel_18349,pixel_18350,pixel_18351,pixel_18352,pixel_18353,pixel_18354,pixel_18355,pixel_18356,pixel_18357,pixel_18358,pixel_18359,pixel_18360,pixel_18361,pixel_18362,pixel_18363,pixel_18364,pixel_18365,pixel_18366,pixel_18367,pixel_18368,pixel_18369,pixel_18370,pixel_18371,pixel_18372,pixel_18373,pixel_18374,pixel_18375,pixel_18376,pixel_18377,pixel_18378,pixel_18379,pixel_18380,pixel_18381,pixel_18382,pixel_18383,pixel_18384,pixel_18385,pixel_18386,pixel_18387,pixel_18388,pixel_18389,pixel_18390,pixel_18391,pixel_18392,pixel_18393,pixel_18394,pixel_18395,pixel_18396,pixel_18397,pixel_18398,pixel_18399,pixel_18400,pixel_18401,pixel_18402,pixel_18403,pixel_18404,pixel_18405,pixel_18406,pixel_18407,pixel_18408,pixel_18409,pixel_18410,pixel_18411,pixel_18412,pixel_18413,pixel_18414,pixel_18415,pixel_18416,pixel_18417,pixel_18418,pixel_18419,pixel_18420,pixel_18421,pixel_18422,pixel_18423,pixel_18424,pixel_18425,pixel_18426,pixel_18427,pixel_18428,pixel_18429,pixel_18430,pixel_18431,pixel_18432,pixel_18433,pixel_18434,pixel_18435,pixel_18436,pixel_18437,pixel_18438,pixel_18439,pixel_18440,pixel_18441,pixel_18442,pixel_18443,pixel_18444,pixel_18445,pixel_18446,pixel_18447,pixel_18448,pixel_18449,pixel_18450,pixel_18451,pixel_18452,pixel_18453,pixel_18454,pixel_18455,pixel_18456,pixel_18457,pixel_18458,pixel_18459,pixel_18460,pixel_18461,pixel_18462,pixel_18463,pixel_18464,pixel_18465,pixel_18466,pixel_18467,pixel_18468,pixel_18469,pixel_18470,pixel_18471,pixel_18472,pixel_18473,pixel_18474,pixel_18475,pixel_18476,pixel_18477,pixel_18478,pixel_18479,pixel_18480,pixel_18481,pixel_18482,pixel_18483,pixel_18484,pixel_18485,pixel_18486,pixel_18487,pixel_18488,pixel_18489,pixel_18490,pixel_18491,pixel_18492,pixel_18493,pixel_18494,pixel_18495,pixel_18496,pixel_18497,pixel_18498,pixel_18499,pixel_18500,pixel_18501,pixel_18502,pixel_18503,pixel_18504,pixel_18505,pixel_18506,pixel_18507,pixel_18508,pixel_18509,pixel_18510,pixel_18511,pixel_18512,pixel_18513,pixel_18514,pixel_18515,pixel_18516,pixel_18517,pixel_18518,pixel_18519,pixel_18520,pixel_18521,pixel_18522,pixel_18523,pixel_18524,pixel_18525,pixel_18526,pixel_18527,pixel_18528,pixel_18529,pixel_18530,pixel_18531,pixel_18532,pixel_18533,pixel_18534,pixel_18535,pixel_18536,pixel_18537,pixel_18538,pixel_18539,pixel_18540,pixel_18541,pixel_18542,pixel_18543,pixel_18544,pixel_18545,pixel_18546,pixel_18547,pixel_18548,pixel_18549,pixel_18550,pixel_18551,pixel_18552,pixel_18553,pixel_18554,pixel_18555,pixel_18556,pixel_18557,pixel_18558,pixel_18559,pixel_18560,pixel_18561,pixel_18562,pixel_18563,pixel_18564,pixel_18565,pixel_18566,pixel_18567,pixel_18568,pixel_18569,pixel_18570,pixel_18571,pixel_18572,pixel_18573,pixel_18574,pixel_18575,pixel_18576,pixel_18577,pixel_18578,pixel_18579,pixel_18580,pixel_18581,pixel_18582,pixel_18583,pixel_18584,pixel_18585,pixel_18586,pixel_18587,pixel_18588,pixel_18589,pixel_18590,pixel_18591,pixel_18592,pixel_18593,pixel_18594,pixel_18595,pixel_18596,pixel_18597,pixel_18598,pixel_18599,pixel_18600,pixel_18601,pixel_18602,pixel_18603,pixel_18604,pixel_18605,pixel_18606,pixel_18607,pixel_18608,pixel_18609,pixel_18610,pixel_18611,pixel_18612,pixel_18613,pixel_18614,pixel_18615,pixel_18616,pixel_18617,pixel_18618,pixel_18619,pixel_18620,pixel_18621,pixel_18622,pixel_18623,pixel_18624,pixel_18625,pixel_18626,pixel_18627,pixel_18628,pixel_18629,pixel_18630,pixel_18631,pixel_18632,pixel_18633,pixel_18634,pixel_18635,pixel_18636,pixel_18637,pixel_18638,pixel_18639,pixel_18640,pixel_18641,pixel_18642,pixel_18643,pixel_18644,pixel_18645,pixel_18646,pixel_18647,pixel_18648,pixel_18649,pixel_18650,pixel_18651,pixel_18652,pixel_18653,pixel_18654,pixel_18655,pixel_18656,pixel_18657,pixel_18658,pixel_18659,pixel_18660,pixel_18661,pixel_18662,pixel_18663,pixel_18664,pixel_18665,pixel_18666,pixel_18667,pixel_18668,pixel_18669,pixel_18670,pixel_18671,pixel_18672,pixel_18673,pixel_18674,pixel_18675,pixel_18676,pixel_18677,pixel_18678,pixel_18679,pixel_18680,pixel_18681,pixel_18682,pixel_18683,pixel_18684,pixel_18685,pixel_18686,pixel_18687,pixel_18688,pixel_18689,pixel_18690,pixel_18691,pixel_18692,pixel_18693,pixel_18694,pixel_18695,pixel_18696,pixel_18697,pixel_18698,pixel_18699,pixel_18700,pixel_18701,pixel_18702,pixel_18703,pixel_18704,pixel_18705,pixel_18706,pixel_18707,pixel_18708,pixel_18709,pixel_18710,pixel_18711,pixel_18712,pixel_18713,pixel_18714,pixel_18715,pixel_18716,pixel_18717,pixel_18718,pixel_18719,pixel_18720,pixel_18721,pixel_18722,pixel_18723,pixel_18724,pixel_18725,pixel_18726,pixel_18727,pixel_18728,pixel_18729,pixel_18730,pixel_18731,pixel_18732,pixel_18733,pixel_18734,pixel_18735,pixel_18736,pixel_18737,pixel_18738,pixel_18739,pixel_18740,pixel_18741,pixel_18742,pixel_18743,pixel_18744,pixel_18745,pixel_18746,pixel_18747,pixel_18748,pixel_18749,pixel_18750,pixel_18751,pixel_18752,pixel_18753,pixel_18754,pixel_18755,pixel_18756,pixel_18757,pixel_18758,pixel_18759,pixel_18760,pixel_18761,pixel_18762,pixel_18763,pixel_18764,pixel_18765,pixel_18766,pixel_18767,pixel_18768,pixel_18769,pixel_18770,pixel_18771,pixel_18772,pixel_18773,pixel_18774,pixel_18775,pixel_18776,pixel_18777,pixel_18778,pixel_18779,pixel_18780,pixel_18781,pixel_18782,pixel_18783,pixel_18784,pixel_18785,pixel_18786,pixel_18787,pixel_18788,pixel_18789,pixel_18790,pixel_18791,pixel_18792,pixel_18793,pixel_18794,pixel_18795,pixel_18796,pixel_18797,pixel_18798,pixel_18799,pixel_18800,pixel_18801,pixel_18802,pixel_18803,pixel_18804,pixel_18805,pixel_18806,pixel_18807,pixel_18808,pixel_18809,pixel_18810,pixel_18811,pixel_18812,pixel_18813,pixel_18814,pixel_18815,pixel_18816,pixel_18817,pixel_18818,pixel_18819,pixel_18820,pixel_18821,pixel_18822,pixel_18823,pixel_18824,pixel_18825,pixel_18826,pixel_18827,pixel_18828,pixel_18829,pixel_18830,pixel_18831,pixel_18832,pixel_18833,pixel_18834,pixel_18835,pixel_18836,pixel_18837,pixel_18838,pixel_18839,pixel_18840,pixel_18841,pixel_18842,pixel_18843,pixel_18844,pixel_18845,pixel_18846,pixel_18847,pixel_18848,pixel_18849,pixel_18850,pixel_18851,pixel_18852,pixel_18853,pixel_18854,pixel_18855,pixel_18856,pixel_18857,pixel_18858,pixel_18859,pixel_18860,pixel_18861,pixel_18862,pixel_18863,pixel_18864,pixel_18865,pixel_18866,pixel_18867,pixel_18868,pixel_18869,pixel_18870,pixel_18871,pixel_18872,pixel_18873,pixel_18874,pixel_18875,pixel_18876,pixel_18877,pixel_18878,pixel_18879,pixel_18880,pixel_18881,pixel_18882,pixel_18883,pixel_18884,pixel_18885,pixel_18886,pixel_18887,pixel_18888,pixel_18889,pixel_18890,pixel_18891,pixel_18892,pixel_18893,pixel_18894,pixel_18895,pixel_18896,pixel_18897,pixel_18898,pixel_18899,pixel_18900,pixel_18901,pixel_18902,pixel_18903,pixel_18904,pixel_18905,pixel_18906,pixel_18907,pixel_18908,pixel_18909,pixel_18910,pixel_18911,pixel_18912,pixel_18913,pixel_18914,pixel_18915,pixel_18916,pixel_18917,pixel_18918,pixel_18919,pixel_18920,pixel_18921,pixel_18922,pixel_18923,pixel_18924,pixel_18925,pixel_18926,pixel_18927,pixel_18928,pixel_18929,pixel_18930,pixel_18931,pixel_18932,pixel_18933,pixel_18934,pixel_18935,pixel_18936,pixel_18937,pixel_18938,pixel_18939,pixel_18940,pixel_18941,pixel_18942,pixel_18943,pixel_18944,pixel_18945,pixel_18946,pixel_18947,pixel_18948,pixel_18949,pixel_18950,pixel_18951,pixel_18952,pixel_18953,pixel_18954,pixel_18955,pixel_18956,pixel_18957,pixel_18958,pixel_18959,pixel_18960,pixel_18961,pixel_18962,pixel_18963,pixel_18964,pixel_18965,pixel_18966,pixel_18967,pixel_18968,pixel_18969,pixel_18970,pixel_18971,pixel_18972,pixel_18973,pixel_18974,pixel_18975,pixel_18976,pixel_18977,pixel_18978,pixel_18979,pixel_18980,pixel_18981,pixel_18982,pixel_18983,pixel_18984,pixel_18985,pixel_18986,pixel_18987,pixel_18988,pixel_18989,pixel_18990,pixel_18991,pixel_18992,pixel_18993,pixel_18994,pixel_18995,pixel_18996,pixel_18997,pixel_18998,pixel_18999,pixel_19000,pixel_19001,pixel_19002,pixel_19003,pixel_19004,pixel_19005,pixel_19006,pixel_19007,pixel_19008,pixel_19009,pixel_19010,pixel_19011,pixel_19012,pixel_19013,pixel_19014,pixel_19015,pixel_19016,pixel_19017,pixel_19018,pixel_19019,pixel_19020,pixel_19021,pixel_19022,pixel_19023,pixel_19024,pixel_19025,pixel_19026,pixel_19027,pixel_19028,pixel_19029,pixel_19030,pixel_19031,pixel_19032,pixel_19033,pixel_19034,pixel_19035,pixel_19036,pixel_19037,pixel_19038,pixel_19039,pixel_19040,pixel_19041,pixel_19042,pixel_19043,pixel_19044,pixel_19045,pixel_19046,pixel_19047,pixel_19048,pixel_19049,pixel_19050,pixel_19051,pixel_19052,pixel_19053,pixel_19054,pixel_19055,pixel_19056,pixel_19057,pixel_19058,pixel_19059,pixel_19060,pixel_19061,pixel_19062,pixel_19063,pixel_19064,pixel_19065,pixel_19066,pixel_19067,pixel_19068,pixel_19069,pixel_19070,pixel_19071,pixel_19072,pixel_19073,pixel_19074,pixel_19075,pixel_19076,pixel_19077,pixel_19078,pixel_19079,pixel_19080,pixel_19081,pixel_19082,pixel_19083,pixel_19084,pixel_19085,pixel_19086,pixel_19087,pixel_19088,pixel_19089,pixel_19090,pixel_19091,pixel_19092,pixel_19093,pixel_19094,pixel_19095,pixel_19096,pixel_19097,pixel_19098,pixel_19099,pixel_19100,pixel_19101,pixel_19102,pixel_19103,pixel_19104,pixel_19105,pixel_19106,pixel_19107,pixel_19108,pixel_19109,pixel_19110,pixel_19111,pixel_19112,pixel_19113,pixel_19114,pixel_19115,pixel_19116,pixel_19117,pixel_19118,pixel_19119,pixel_19120,pixel_19121,pixel_19122,pixel_19123,pixel_19124,pixel_19125,pixel_19126,pixel_19127,pixel_19128,pixel_19129,pixel_19130,pixel_19131,pixel_19132,pixel_19133,pixel_19134,pixel_19135,pixel_19136,pixel_19137,pixel_19138,pixel_19139,pixel_19140,pixel_19141,pixel_19142,pixel_19143,pixel_19144,pixel_19145,pixel_19146,pixel_19147,pixel_19148,pixel_19149,pixel_19150,pixel_19151,pixel_19152,pixel_19153,pixel_19154,pixel_19155,pixel_19156,pixel_19157,pixel_19158,pixel_19159,pixel_19160,pixel_19161,pixel_19162,pixel_19163,pixel_19164,pixel_19165,pixel_19166,pixel_19167,pixel_19168,pixel_19169,pixel_19170,pixel_19171,pixel_19172,pixel_19173,pixel_19174,pixel_19175,pixel_19176,pixel_19177,pixel_19178,pixel_19179,pixel_19180,pixel_19181,pixel_19182,pixel_19183,pixel_19184,pixel_19185,pixel_19186,pixel_19187,pixel_19188,pixel_19189,pixel_19190,pixel_19191,pixel_19192,pixel_19193,pixel_19194,pixel_19195,pixel_19196,pixel_19197,pixel_19198,pixel_19199,pixel_19200,pixel_19201,pixel_19202,pixel_19203,pixel_19204,pixel_19205,pixel_19206,pixel_19207,pixel_19208,pixel_19209,pixel_19210,pixel_19211,pixel_19212,pixel_19213,pixel_19214,pixel_19215,pixel_19216,pixel_19217,pixel_19218,pixel_19219,pixel_19220,pixel_19221,pixel_19222,pixel_19223,pixel_19224,pixel_19225,pixel_19226,pixel_19227,pixel_19228,pixel_19229,pixel_19230,pixel_19231,pixel_19232,pixel_19233,pixel_19234,pixel_19235,pixel_19236,pixel_19237,pixel_19238,pixel_19239,pixel_19240,pixel_19241,pixel_19242,pixel_19243,pixel_19244,pixel_19245,pixel_19246,pixel_19247,pixel_19248,pixel_19249,pixel_19250,pixel_19251,pixel_19252,pixel_19253,pixel_19254,pixel_19255,pixel_19256,pixel_19257,pixel_19258,pixel_19259,pixel_19260,pixel_19261,pixel_19262,pixel_19263,pixel_19264,pixel_19265,pixel_19266,pixel_19267,pixel_19268,pixel_19269,pixel_19270,pixel_19271,pixel_19272,pixel_19273,pixel_19274,pixel_19275,pixel_19276,pixel_19277,pixel_19278,pixel_19279,pixel_19280,pixel_19281,pixel_19282,pixel_19283,pixel_19284,pixel_19285,pixel_19286,pixel_19287,pixel_19288,pixel_19289,pixel_19290,pixel_19291,pixel_19292,pixel_19293,pixel_19294,pixel_19295,pixel_19296,pixel_19297,pixel_19298,pixel_19299,pixel_19300,pixel_19301,pixel_19302,pixel_19303,pixel_19304,pixel_19305,pixel_19306,pixel_19307,pixel_19308,pixel_19309,pixel_19310,pixel_19311,pixel_19312,pixel_19313,pixel_19314,pixel_19315,pixel_19316,pixel_19317,pixel_19318,pixel_19319,pixel_19320,pixel_19321,pixel_19322,pixel_19323,pixel_19324,pixel_19325,pixel_19326,pixel_19327,pixel_19328,pixel_19329,pixel_19330,pixel_19331,pixel_19332,pixel_19333,pixel_19334,pixel_19335,pixel_19336,pixel_19337,pixel_19338,pixel_19339,pixel_19340,pixel_19341,pixel_19342,pixel_19343,pixel_19344,pixel_19345,pixel_19346,pixel_19347,pixel_19348,pixel_19349,pixel_19350,pixel_19351,pixel_19352,pixel_19353,pixel_19354,pixel_19355,pixel_19356,pixel_19357,pixel_19358,pixel_19359,pixel_19360,pixel_19361,pixel_19362,pixel_19363,pixel_19364,pixel_19365,pixel_19366,pixel_19367,pixel_19368,pixel_19369,pixel_19370,pixel_19371,pixel_19372,pixel_19373,pixel_19374,pixel_19375,pixel_19376,pixel_19377,pixel_19378,pixel_19379,pixel_19380,pixel_19381,pixel_19382,pixel_19383,pixel_19384,pixel_19385,pixel_19386,pixel_19387,pixel_19388,pixel_19389,pixel_19390,pixel_19391,pixel_19392,pixel_19393,pixel_19394,pixel_19395,pixel_19396,pixel_19397,pixel_19398,pixel_19399,pixel_19400,pixel_19401,pixel_19402,pixel_19403,pixel_19404,pixel_19405,pixel_19406,pixel_19407,pixel_19408,pixel_19409,pixel_19410,pixel_19411,pixel_19412,pixel_19413,pixel_19414,pixel_19415,pixel_19416,pixel_19417,pixel_19418,pixel_19419,pixel_19420,pixel_19421,pixel_19422,pixel_19423,pixel_19424,pixel_19425,pixel_19426,pixel_19427,pixel_19428,pixel_19429,pixel_19430,pixel_19431,pixel_19432,pixel_19433,pixel_19434,pixel_19435,pixel_19436,pixel_19437,pixel_19438,pixel_19439,pixel_19440,pixel_19441,pixel_19442,pixel_19443,pixel_19444,pixel_19445,pixel_19446,pixel_19447,pixel_19448,pixel_19449,pixel_19450,pixel_19451,pixel_19452,pixel_19453,pixel_19454,pixel_19455,pixel_19456,pixel_19457,pixel_19458,pixel_19459,pixel_19460,pixel_19461,pixel_19462,pixel_19463,pixel_19464,pixel_19465,pixel_19466,pixel_19467,pixel_19468,pixel_19469,pixel_19470,pixel_19471,pixel_19472,pixel_19473,pixel_19474,pixel_19475,pixel_19476,pixel_19477,pixel_19478,pixel_19479,pixel_19480,pixel_19481,pixel_19482,pixel_19483,pixel_19484,pixel_19485,pixel_19486,pixel_19487,pixel_19488,pixel_19489,pixel_19490,pixel_19491,pixel_19492,pixel_19493,pixel_19494,pixel_19495,pixel_19496,pixel_19497,pixel_19498,pixel_19499,pixel_19500,pixel_19501,pixel_19502,pixel_19503,pixel_19504,pixel_19505,pixel_19506,pixel_19507,pixel_19508,pixel_19509,pixel_19510,pixel_19511,pixel_19512,pixel_19513,pixel_19514,pixel_19515,pixel_19516,pixel_19517,pixel_19518,pixel_19519,pixel_19520,pixel_19521,pixel_19522,pixel_19523,pixel_19524,pixel_19525,pixel_19526,pixel_19527,pixel_19528,pixel_19529,pixel_19530,pixel_19531,pixel_19532,pixel_19533,pixel_19534,pixel_19535,pixel_19536,pixel_19537,pixel_19538,pixel_19539,pixel_19540,pixel_19541,pixel_19542,pixel_19543,pixel_19544,pixel_19545,pixel_19546,pixel_19547,pixel_19548,pixel_19549,pixel_19550,pixel_19551,pixel_19552,pixel_19553,pixel_19554,pixel_19555,pixel_19556,pixel_19557,pixel_19558,pixel_19559,pixel_19560,pixel_19561,pixel_19562,pixel_19563,pixel_19564,pixel_19565,pixel_19566,pixel_19567,pixel_19568,pixel_19569,pixel_19570,pixel_19571,pixel_19572,pixel_19573,pixel_19574,pixel_19575,pixel_19576,pixel_19577,pixel_19578,pixel_19579,pixel_19580,pixel_19581,pixel_19582,pixel_19583,pixel_19584,pixel_19585,pixel_19586,pixel_19587,pixel_19588,pixel_19589,pixel_19590,pixel_19591,pixel_19592,pixel_19593,pixel_19594,pixel_19595,pixel_19596,pixel_19597,pixel_19598,pixel_19599,pixel_19600,pixel_19601,pixel_19602,pixel_19603,pixel_19604,pixel_19605,pixel_19606,pixel_19607,pixel_19608,pixel_19609,pixel_19610,pixel_19611,pixel_19612,pixel_19613,pixel_19614,pixel_19615,pixel_19616,pixel_19617,pixel_19618,pixel_19619,pixel_19620,pixel_19621,pixel_19622,pixel_19623,pixel_19624,pixel_19625,pixel_19626,pixel_19627,pixel_19628,pixel_19629,pixel_19630,pixel_19631,pixel_19632,pixel_19633,pixel_19634,pixel_19635,pixel_19636,pixel_19637,pixel_19638,pixel_19639,pixel_19640,pixel_19641,pixel_19642,pixel_19643,pixel_19644,pixel_19645,pixel_19646,pixel_19647,pixel_19648,pixel_19649,pixel_19650,pixel_19651,pixel_19652,pixel_19653,pixel_19654,pixel_19655,pixel_19656,pixel_19657,pixel_19658,pixel_19659,pixel_19660,pixel_19661,pixel_19662,pixel_19663,pixel_19664,pixel_19665,pixel_19666,pixel_19667,pixel_19668,pixel_19669,pixel_19670,pixel_19671,pixel_19672,pixel_19673,pixel_19674,pixel_19675,pixel_19676,pixel_19677,pixel_19678,pixel_19679,pixel_19680,pixel_19681,pixel_19682,pixel_19683,pixel_19684,pixel_19685,pixel_19686,pixel_19687,pixel_19688,pixel_19689,pixel_19690,pixel_19691,pixel_19692,pixel_19693,pixel_19694,pixel_19695,pixel_19696,pixel_19697,pixel_19698,pixel_19699,pixel_19700,pixel_19701,pixel_19702,pixel_19703,pixel_19704,pixel_19705,pixel_19706,pixel_19707,pixel_19708,pixel_19709,pixel_19710,pixel_19711,pixel_19712,pixel_19713,pixel_19714,pixel_19715,pixel_19716,pixel_19717,pixel_19718,pixel_19719,pixel_19720,pixel_19721,pixel_19722,pixel_19723,pixel_19724,pixel_19725,pixel_19726,pixel_19727,pixel_19728,pixel_19729,pixel_19730,pixel_19731,pixel_19732,pixel_19733,pixel_19734,pixel_19735,pixel_19736,pixel_19737,pixel_19738,pixel_19739,pixel_19740,pixel_19741,pixel_19742,pixel_19743,pixel_19744,pixel_19745,pixel_19746,pixel_19747,pixel_19748,pixel_19749,pixel_19750,pixel_19751,pixel_19752,pixel_19753,pixel_19754,pixel_19755,pixel_19756,pixel_19757,pixel_19758,pixel_19759,pixel_19760,pixel_19761,pixel_19762,pixel_19763,pixel_19764,pixel_19765,pixel_19766,pixel_19767,pixel_19768,pixel_19769,pixel_19770,pixel_19771,pixel_19772,pixel_19773,pixel_19774,pixel_19775,pixel_19776,pixel_19777,pixel_19778,pixel_19779,pixel_19780,pixel_19781,pixel_19782,pixel_19783,pixel_19784,pixel_19785,pixel_19786,pixel_19787,pixel_19788,pixel_19789,pixel_19790,pixel_19791,pixel_19792,pixel_19793,pixel_19794,pixel_19795,pixel_19796,pixel_19797,pixel_19798,pixel_19799,pixel_19800,pixel_19801,pixel_19802,pixel_19803,pixel_19804,pixel_19805,pixel_19806,pixel_19807,pixel_19808,pixel_19809,pixel_19810,pixel_19811,pixel_19812,pixel_19813,pixel_19814,pixel_19815,pixel_19816,pixel_19817,pixel_19818,pixel_19819,pixel_19820,pixel_19821,pixel_19822,pixel_19823,pixel_19824,pixel_19825,pixel_19826,pixel_19827,pixel_19828,pixel_19829,pixel_19830,pixel_19831,pixel_19832,pixel_19833,pixel_19834,pixel_19835,pixel_19836,pixel_19837,pixel_19838,pixel_19839,pixel_19840,pixel_19841,pixel_19842,pixel_19843,pixel_19844,pixel_19845,pixel_19846,pixel_19847,pixel_19848,pixel_19849,pixel_19850,pixel_19851,pixel_19852,pixel_19853,pixel_19854,pixel_19855,pixel_19856,pixel_19857,pixel_19858,pixel_19859,pixel_19860,pixel_19861,pixel_19862,pixel_19863,pixel_19864,pixel_19865,pixel_19866,pixel_19867,pixel_19868,pixel_19869,pixel_19870,pixel_19871,pixel_19872,pixel_19873,pixel_19874,pixel_19875,pixel_19876,pixel_19877,pixel_19878,pixel_19879,pixel_19880,pixel_19881,pixel_19882,pixel_19883,pixel_19884,pixel_19885,pixel_19886,pixel_19887,pixel_19888,pixel_19889,pixel_19890,pixel_19891,pixel_19892,pixel_19893,pixel_19894,pixel_19895,pixel_19896,pixel_19897,pixel_19898,pixel_19899,pixel_19900,pixel_19901,pixel_19902,pixel_19903,pixel_19904,pixel_19905,pixel_19906,pixel_19907,pixel_19908,pixel_19909,pixel_19910,pixel_19911,pixel_19912,pixel_19913,pixel_19914,pixel_19915,pixel_19916,pixel_19917,pixel_19918,pixel_19919,pixel_19920,pixel_19921,pixel_19922,pixel_19923,pixel_19924,pixel_19925,pixel_19926,pixel_19927,pixel_19928,pixel_19929,pixel_19930,pixel_19931,pixel_19932,pixel_19933,pixel_19934,pixel_19935,pixel_19936,pixel_19937,pixel_19938,pixel_19939,pixel_19940,pixel_19941,pixel_19942,pixel_19943,pixel_19944,pixel_19945,pixel_19946,pixel_19947,pixel_19948,pixel_19949,pixel_19950,pixel_19951,pixel_19952,pixel_19953,pixel_19954,pixel_19955,pixel_19956,pixel_19957,pixel_19958,pixel_19959,pixel_19960,pixel_19961,pixel_19962,pixel_19963,pixel_19964,pixel_19965,pixel_19966,pixel_19967,pixel_19968,pixel_19969,pixel_19970,pixel_19971,pixel_19972,pixel_19973,pixel_19974,pixel_19975,pixel_19976,pixel_19977,pixel_19978,pixel_19979,pixel_19980,pixel_19981,pixel_19982,pixel_19983,pixel_19984,pixel_19985,pixel_19986,pixel_19987,pixel_19988,pixel_19989,pixel_19990,pixel_19991,pixel_19992,pixel_19993,pixel_19994,pixel_19995,pixel_19996,pixel_19997,pixel_19998,pixel_19999,pixel_20000,pixel_20001,pixel_20002,pixel_20003,pixel_20004,pixel_20005,pixel_20006,pixel_20007,pixel_20008,pixel_20009,pixel_20010,pixel_20011,pixel_20012,pixel_20013,pixel_20014,pixel_20015,pixel_20016,pixel_20017,pixel_20018,pixel_20019,pixel_20020,pixel_20021,pixel_20022,pixel_20023,pixel_20024,pixel_20025,pixel_20026,pixel_20027,pixel_20028,pixel_20029,pixel_20030,pixel_20031,pixel_20032,pixel_20033,pixel_20034,pixel_20035,pixel_20036,pixel_20037,pixel_20038,pixel_20039,pixel_20040,pixel_20041,pixel_20042,pixel_20043,pixel_20044,pixel_20045,pixel_20046,pixel_20047,pixel_20048,pixel_20049,pixel_20050,pixel_20051,pixel_20052,pixel_20053,pixel_20054,pixel_20055,pixel_20056,pixel_20057,pixel_20058,pixel_20059,pixel_20060,pixel_20061,pixel_20062,pixel_20063,pixel_20064,pixel_20065,pixel_20066,pixel_20067,pixel_20068,pixel_20069,pixel_20070,pixel_20071,pixel_20072,pixel_20073,pixel_20074,pixel_20075,pixel_20076,pixel_20077,pixel_20078,pixel_20079,pixel_20080,pixel_20081,pixel_20082,pixel_20083,pixel_20084,pixel_20085,pixel_20086,pixel_20087,pixel_20088,pixel_20089,pixel_20090,pixel_20091,pixel_20092,pixel_20093,pixel_20094,pixel_20095,pixel_20096,pixel_20097,pixel_20098,pixel_20099,pixel_20100,pixel_20101,pixel_20102,pixel_20103,pixel_20104,pixel_20105,pixel_20106,pixel_20107,pixel_20108,pixel_20109,pixel_20110,pixel_20111,pixel_20112,pixel_20113,pixel_20114,pixel_20115,pixel_20116,pixel_20117,pixel_20118,pixel_20119,pixel_20120,pixel_20121,pixel_20122,pixel_20123,pixel_20124,pixel_20125,pixel_20126,pixel_20127,pixel_20128,pixel_20129,pixel_20130,pixel_20131,pixel_20132,pixel_20133,pixel_20134,pixel_20135,pixel_20136,pixel_20137,pixel_20138,pixel_20139,pixel_20140,pixel_20141,pixel_20142,pixel_20143,pixel_20144,pixel_20145,pixel_20146,pixel_20147,pixel_20148,pixel_20149,pixel_20150,pixel_20151,pixel_20152,pixel_20153,pixel_20154,pixel_20155,pixel_20156,pixel_20157,pixel_20158,pixel_20159,pixel_20160,pixel_20161,pixel_20162,pixel_20163,pixel_20164,pixel_20165,pixel_20166,pixel_20167,pixel_20168,pixel_20169,pixel_20170,pixel_20171,pixel_20172,pixel_20173,pixel_20174,pixel_20175,pixel_20176,pixel_20177,pixel_20178,pixel_20179,pixel_20180,pixel_20181,pixel_20182,pixel_20183,pixel_20184,pixel_20185,pixel_20186,pixel_20187,pixel_20188,pixel_20189,pixel_20190,pixel_20191,pixel_20192,pixel_20193,pixel_20194,pixel_20195,pixel_20196,pixel_20197,pixel_20198,pixel_20199,pixel_20200,pixel_20201,pixel_20202,pixel_20203,pixel_20204,pixel_20205,pixel_20206,pixel_20207,pixel_20208,pixel_20209,pixel_20210,pixel_20211,pixel_20212,pixel_20213,pixel_20214,pixel_20215,pixel_20216,pixel_20217,pixel_20218,pixel_20219,pixel_20220,pixel_20221,pixel_20222,pixel_20223,pixel_20224,pixel_20225,pixel_20226,pixel_20227,pixel_20228,pixel_20229,pixel_20230,pixel_20231,pixel_20232,pixel_20233,pixel_20234,pixel_20235,pixel_20236,pixel_20237,pixel_20238,pixel_20239,pixel_20240,pixel_20241,pixel_20242,pixel_20243,pixel_20244,pixel_20245,pixel_20246,pixel_20247,pixel_20248,pixel_20249,pixel_20250,pixel_20251,pixel_20252,pixel_20253,pixel_20254,pixel_20255,pixel_20256,pixel_20257,pixel_20258,pixel_20259,pixel_20260,pixel_20261,pixel_20262,pixel_20263,pixel_20264,pixel_20265,pixel_20266,pixel_20267,pixel_20268,pixel_20269,pixel_20270,pixel_20271,pixel_20272,pixel_20273,pixel_20274,pixel_20275,pixel_20276,pixel_20277,pixel_20278,pixel_20279,pixel_20280,pixel_20281,pixel_20282,pixel_20283,pixel_20284,pixel_20285,pixel_20286,pixel_20287,pixel_20288,pixel_20289,pixel_20290,pixel_20291,pixel_20292,pixel_20293,pixel_20294,pixel_20295,pixel_20296,pixel_20297,pixel_20298,pixel_20299,pixel_20300,pixel_20301,pixel_20302,pixel_20303,pixel_20304,pixel_20305,pixel_20306,pixel_20307,pixel_20308,pixel_20309,pixel_20310,pixel_20311,pixel_20312,pixel_20313,pixel_20314,pixel_20315,pixel_20316,pixel_20317,pixel_20318,pixel_20319,pixel_20320,pixel_20321,pixel_20322,pixel_20323,pixel_20324,pixel_20325,pixel_20326,pixel_20327,pixel_20328,pixel_20329,pixel_20330,pixel_20331,pixel_20332,pixel_20333,pixel_20334,pixel_20335,pixel_20336,pixel_20337,pixel_20338,pixel_20339,pixel_20340,pixel_20341,pixel_20342,pixel_20343,pixel_20344,pixel_20345,pixel_20346,pixel_20347,pixel_20348,pixel_20349,pixel_20350,pixel_20351,pixel_20352,pixel_20353,pixel_20354,pixel_20355,pixel_20356,pixel_20357,pixel_20358,pixel_20359,pixel_20360,pixel_20361,pixel_20362,pixel_20363,pixel_20364,pixel_20365,pixel_20366,pixel_20367,pixel_20368,pixel_20369,pixel_20370,pixel_20371,pixel_20372,pixel_20373,pixel_20374,pixel_20375,pixel_20376,pixel_20377,pixel_20378,pixel_20379,pixel_20380,pixel_20381,pixel_20382,pixel_20383,pixel_20384,pixel_20385,pixel_20386,pixel_20387,pixel_20388,pixel_20389,pixel_20390,pixel_20391,pixel_20392,pixel_20393,pixel_20394,pixel_20395,pixel_20396,pixel_20397,pixel_20398,pixel_20399,pixel_20400,pixel_20401,pixel_20402,pixel_20403,pixel_20404,pixel_20405,pixel_20406,pixel_20407,pixel_20408,pixel_20409,pixel_20410,pixel_20411,pixel_20412,pixel_20413,pixel_20414,pixel_20415,pixel_20416,pixel_20417,pixel_20418,pixel_20419,pixel_20420,pixel_20421,pixel_20422,pixel_20423,pixel_20424,pixel_20425,pixel_20426,pixel_20427,pixel_20428,pixel_20429,pixel_20430,pixel_20431,pixel_20432,pixel_20433,pixel_20434,pixel_20435,pixel_20436,pixel_20437,pixel_20438,pixel_20439,pixel_20440,pixel_20441,pixel_20442,pixel_20443,pixel_20444,pixel_20445,pixel_20446,pixel_20447,pixel_20448,pixel_20449,pixel_20450,pixel_20451,pixel_20452,pixel_20453,pixel_20454,pixel_20455,pixel_20456,pixel_20457,pixel_20458,pixel_20459,pixel_20460,pixel_20461,pixel_20462,pixel_20463,pixel_20464,pixel_20465,pixel_20466,pixel_20467,pixel_20468,pixel_20469,pixel_20470,pixel_20471,pixel_20472,pixel_20473,pixel_20474,pixel_20475,pixel_20476,pixel_20477,pixel_20478,pixel_20479,pixel_20480,pixel_20481,pixel_20482,pixel_20483,pixel_20484,pixel_20485,pixel_20486,pixel_20487,pixel_20488,pixel_20489,pixel_20490,pixel_20491,pixel_20492,pixel_20493,pixel_20494,pixel_20495,pixel_20496,pixel_20497,pixel_20498,pixel_20499,pixel_20500,pixel_20501,pixel_20502,pixel_20503,pixel_20504,pixel_20505,pixel_20506,pixel_20507,pixel_20508,pixel_20509,pixel_20510,pixel_20511,pixel_20512,pixel_20513,pixel_20514,pixel_20515,pixel_20516,pixel_20517,pixel_20518,pixel_20519,pixel_20520,pixel_20521,pixel_20522,pixel_20523,pixel_20524,pixel_20525,pixel_20526,pixel_20527,pixel_20528,pixel_20529,pixel_20530,pixel_20531,pixel_20532,pixel_20533,pixel_20534,pixel_20535,pixel_20536,pixel_20537,pixel_20538,pixel_20539,pixel_20540,pixel_20541,pixel_20542,pixel_20543,pixel_20544,pixel_20545,pixel_20546,pixel_20547,pixel_20548,pixel_20549,pixel_20550,pixel_20551,pixel_20552,pixel_20553,pixel_20554,pixel_20555,pixel_20556,pixel_20557,pixel_20558,pixel_20559,pixel_20560,pixel_20561,pixel_20562,pixel_20563,pixel_20564,pixel_20565,pixel_20566,pixel_20567,pixel_20568,pixel_20569,pixel_20570,pixel_20571,pixel_20572,pixel_20573,pixel_20574,pixel_20575,pixel_20576,pixel_20577,pixel_20578,pixel_20579,pixel_20580,pixel_20581,pixel_20582,pixel_20583,pixel_20584,pixel_20585,pixel_20586,pixel_20587,pixel_20588,pixel_20589,pixel_20590,pixel_20591,pixel_20592,pixel_20593,pixel_20594,pixel_20595,pixel_20596,pixel_20597,pixel_20598,pixel_20599,pixel_20600,pixel_20601,pixel_20602,pixel_20603,pixel_20604,pixel_20605,pixel_20606,pixel_20607,pixel_20608,pixel_20609,pixel_20610,pixel_20611,pixel_20612,pixel_20613,pixel_20614,pixel_20615,pixel_20616,pixel_20617,pixel_20618,pixel_20619,pixel_20620,pixel_20621,pixel_20622,pixel_20623,pixel_20624,pixel_20625,pixel_20626,pixel_20627,pixel_20628,pixel_20629,pixel_20630,pixel_20631,pixel_20632,pixel_20633,pixel_20634,pixel_20635,pixel_20636,pixel_20637,pixel_20638,pixel_20639,pixel_20640,pixel_20641,pixel_20642,pixel_20643,pixel_20644,pixel_20645,pixel_20646,pixel_20647,pixel_20648,pixel_20649,pixel_20650,pixel_20651,pixel_20652,pixel_20653,pixel_20654,pixel_20655,pixel_20656,pixel_20657,pixel_20658,pixel_20659,pixel_20660,pixel_20661,pixel_20662,pixel_20663,pixel_20664,pixel_20665,pixel_20666,pixel_20667,pixel_20668,pixel_20669,pixel_20670,pixel_20671,pixel_20672,pixel_20673,pixel_20674,pixel_20675,pixel_20676,pixel_20677,pixel_20678,pixel_20679,pixel_20680,pixel_20681,pixel_20682,pixel_20683,pixel_20684,pixel_20685,pixel_20686,pixel_20687,pixel_20688,pixel_20689,pixel_20690,pixel_20691,pixel_20692,pixel_20693,pixel_20694,pixel_20695,pixel_20696,pixel_20697,pixel_20698,pixel_20699,pixel_20700,pixel_20701,pixel_20702,pixel_20703,pixel_20704,pixel_20705,pixel_20706,pixel_20707,pixel_20708,pixel_20709,pixel_20710,pixel_20711,pixel_20712,pixel_20713,pixel_20714,pixel_20715,pixel_20716,pixel_20717,pixel_20718,pixel_20719,pixel_20720,pixel_20721,pixel_20722,pixel_20723,pixel_20724,pixel_20725,pixel_20726,pixel_20727,pixel_20728,pixel_20729,pixel_20730,pixel_20731,pixel_20732,pixel_20733,pixel_20734,pixel_20735,pixel_20736,pixel_20737,pixel_20738,pixel_20739,pixel_20740,pixel_20741,pixel_20742,pixel_20743,pixel_20744,pixel_20745,pixel_20746,pixel_20747,pixel_20748,pixel_20749,pixel_20750,pixel_20751,pixel_20752,pixel_20753,pixel_20754,pixel_20755,pixel_20756,pixel_20757,pixel_20758,pixel_20759,pixel_20760,pixel_20761,pixel_20762,pixel_20763,pixel_20764,pixel_20765,pixel_20766,pixel_20767,pixel_20768,pixel_20769,pixel_20770,pixel_20771,pixel_20772,pixel_20773,pixel_20774,pixel_20775,pixel_20776,pixel_20777,pixel_20778,pixel_20779,pixel_20780,pixel_20781,pixel_20782,pixel_20783,pixel_20784,pixel_20785,pixel_20786,pixel_20787,pixel_20788,pixel_20789,pixel_20790,pixel_20791,pixel_20792,pixel_20793,pixel_20794,pixel_20795,pixel_20796,pixel_20797,pixel_20798,pixel_20799,pixel_20800,pixel_20801,pixel_20802,pixel_20803,pixel_20804,pixel_20805,pixel_20806,pixel_20807,pixel_20808,pixel_20809,pixel_20810,pixel_20811,pixel_20812,pixel_20813,pixel_20814,pixel_20815,pixel_20816,pixel_20817,pixel_20818,pixel_20819,pixel_20820,pixel_20821,pixel_20822,pixel_20823,pixel_20824,pixel_20825,pixel_20826,pixel_20827,pixel_20828,pixel_20829,pixel_20830,pixel_20831,pixel_20832,pixel_20833,pixel_20834,pixel_20835,pixel_20836,pixel_20837,pixel_20838,pixel_20839,pixel_20840,pixel_20841,pixel_20842,pixel_20843,pixel_20844,pixel_20845,pixel_20846,pixel_20847,pixel_20848,pixel_20849,pixel_20850,pixel_20851,pixel_20852,pixel_20853,pixel_20854,pixel_20855,pixel_20856,pixel_20857,pixel_20858,pixel_20859,pixel_20860,pixel_20861,pixel_20862,pixel_20863,pixel_20864,pixel_20865,pixel_20866,pixel_20867,pixel_20868,pixel_20869,pixel_20870,pixel_20871,pixel_20872,pixel_20873,pixel_20874,pixel_20875,pixel_20876,pixel_20877,pixel_20878,pixel_20879,pixel_20880,pixel_20881,pixel_20882,pixel_20883,pixel_20884,pixel_20885,pixel_20886,pixel_20887,pixel_20888,pixel_20889,pixel_20890,pixel_20891,pixel_20892,pixel_20893,pixel_20894,pixel_20895,pixel_20896,pixel_20897,pixel_20898,pixel_20899,pixel_20900,pixel_20901,pixel_20902,pixel_20903,pixel_20904,pixel_20905,pixel_20906,pixel_20907,pixel_20908,pixel_20909,pixel_20910,pixel_20911,pixel_20912,pixel_20913,pixel_20914,pixel_20915,pixel_20916,pixel_20917,pixel_20918,pixel_20919,pixel_20920,pixel_20921,pixel_20922,pixel_20923,pixel_20924,pixel_20925,pixel_20926,pixel_20927,pixel_20928,pixel_20929,pixel_20930,pixel_20931,pixel_20932,pixel_20933,pixel_20934,pixel_20935,pixel_20936,pixel_20937,pixel_20938,pixel_20939,pixel_20940,pixel_20941,pixel_20942,pixel_20943,pixel_20944,pixel_20945,pixel_20946,pixel_20947,pixel_20948,pixel_20949,pixel_20950,pixel_20951,pixel_20952,pixel_20953,pixel_20954,pixel_20955,pixel_20956,pixel_20957,pixel_20958,pixel_20959,pixel_20960,pixel_20961,pixel_20962,pixel_20963,pixel_20964,pixel_20965,pixel_20966,pixel_20967,pixel_20968,pixel_20969,pixel_20970,pixel_20971,pixel_20972,pixel_20973,pixel_20974,pixel_20975,pixel_20976,pixel_20977,pixel_20978,pixel_20979,pixel_20980,pixel_20981,pixel_20982,pixel_20983,pixel_20984,pixel_20985,pixel_20986,pixel_20987,pixel_20988,pixel_20989,pixel_20990,pixel_20991,pixel_20992,pixel_20993,pixel_20994,pixel_20995,pixel_20996,pixel_20997,pixel_20998,pixel_20999,pixel_21000,pixel_21001,pixel_21002,pixel_21003,pixel_21004,pixel_21005,pixel_21006,pixel_21007,pixel_21008,pixel_21009,pixel_21010,pixel_21011,pixel_21012,pixel_21013,pixel_21014,pixel_21015,pixel_21016,pixel_21017,pixel_21018,pixel_21019,pixel_21020,pixel_21021,pixel_21022,pixel_21023,pixel_21024,pixel_21025,pixel_21026,pixel_21027,pixel_21028,pixel_21029,pixel_21030,pixel_21031,pixel_21032,pixel_21033,pixel_21034,pixel_21035,pixel_21036,pixel_21037,pixel_21038,pixel_21039,pixel_21040,pixel_21041,pixel_21042,pixel_21043,pixel_21044,pixel_21045,pixel_21046,pixel_21047,pixel_21048,pixel_21049,pixel_21050,pixel_21051,pixel_21052,pixel_21053,pixel_21054,pixel_21055,pixel_21056,pixel_21057,pixel_21058,pixel_21059,pixel_21060,pixel_21061,pixel_21062,pixel_21063,pixel_21064,pixel_21065,pixel_21066,pixel_21067,pixel_21068,pixel_21069,pixel_21070,pixel_21071,pixel_21072,pixel_21073,pixel_21074,pixel_21075,pixel_21076,pixel_21077,pixel_21078,pixel_21079,pixel_21080,pixel_21081,pixel_21082,pixel_21083,pixel_21084,pixel_21085,pixel_21086,pixel_21087,pixel_21088,pixel_21089,pixel_21090,pixel_21091,pixel_21092,pixel_21093,pixel_21094,pixel_21095,pixel_21096,pixel_21097,pixel_21098,pixel_21099,pixel_21100,pixel_21101,pixel_21102,pixel_21103,pixel_21104,pixel_21105,pixel_21106,pixel_21107,pixel_21108,pixel_21109,pixel_21110,pixel_21111,pixel_21112,pixel_21113,pixel_21114,pixel_21115,pixel_21116,pixel_21117,pixel_21118,pixel_21119,pixel_21120,pixel_21121,pixel_21122,pixel_21123,pixel_21124,pixel_21125,pixel_21126,pixel_21127,pixel_21128,pixel_21129,pixel_21130,pixel_21131,pixel_21132,pixel_21133,pixel_21134,pixel_21135,pixel_21136,pixel_21137,pixel_21138,pixel_21139,pixel_21140,pixel_21141,pixel_21142,pixel_21143,pixel_21144,pixel_21145,pixel_21146,pixel_21147,pixel_21148,pixel_21149,pixel_21150,pixel_21151,pixel_21152,pixel_21153,pixel_21154,pixel_21155,pixel_21156,pixel_21157,pixel_21158,pixel_21159,pixel_21160,pixel_21161,pixel_21162,pixel_21163,pixel_21164,pixel_21165,pixel_21166,pixel_21167,pixel_21168,pixel_21169,pixel_21170,pixel_21171,pixel_21172,pixel_21173,pixel_21174,pixel_21175,pixel_21176,pixel_21177,pixel_21178,pixel_21179,pixel_21180,pixel_21181,pixel_21182,pixel_21183,pixel_21184,pixel_21185,pixel_21186,pixel_21187,pixel_21188,pixel_21189,pixel_21190,pixel_21191,pixel_21192,pixel_21193,pixel_21194,pixel_21195,pixel_21196,pixel_21197,pixel_21198,pixel_21199,pixel_21200,pixel_21201,pixel_21202,pixel_21203,pixel_21204,pixel_21205,pixel_21206,pixel_21207,pixel_21208,pixel_21209,pixel_21210,pixel_21211,pixel_21212,pixel_21213,pixel_21214,pixel_21215,pixel_21216,pixel_21217,pixel_21218,pixel_21219,pixel_21220,pixel_21221,pixel_21222,pixel_21223,pixel_21224,pixel_21225,pixel_21226,pixel_21227,pixel_21228,pixel_21229,pixel_21230,pixel_21231,pixel_21232,pixel_21233,pixel_21234,pixel_21235,pixel_21236,pixel_21237,pixel_21238,pixel_21239,pixel_21240,pixel_21241,pixel_21242,pixel_21243,pixel_21244,pixel_21245,pixel_21246,pixel_21247,pixel_21248,pixel_21249,pixel_21250,pixel_21251,pixel_21252,pixel_21253,pixel_21254,pixel_21255,pixel_21256,pixel_21257,pixel_21258,pixel_21259,pixel_21260,pixel_21261,pixel_21262,pixel_21263,pixel_21264,pixel_21265,pixel_21266,pixel_21267,pixel_21268,pixel_21269,pixel_21270,pixel_21271,pixel_21272,pixel_21273,pixel_21274,pixel_21275,pixel_21276,pixel_21277,pixel_21278,pixel_21279,pixel_21280,pixel_21281,pixel_21282,pixel_21283,pixel_21284,pixel_21285,pixel_21286,pixel_21287,pixel_21288,pixel_21289,pixel_21290,pixel_21291,pixel_21292,pixel_21293,pixel_21294,pixel_21295,pixel_21296,pixel_21297,pixel_21298,pixel_21299,pixel_21300,pixel_21301,pixel_21302,pixel_21303,pixel_21304,pixel_21305,pixel_21306,pixel_21307,pixel_21308,pixel_21309,pixel_21310,pixel_21311,pixel_21312,pixel_21313,pixel_21314,pixel_21315,pixel_21316,pixel_21317,pixel_21318,pixel_21319,pixel_21320,pixel_21321,pixel_21322,pixel_21323,pixel_21324,pixel_21325,pixel_21326,pixel_21327,pixel_21328,pixel_21329,pixel_21330,pixel_21331,pixel_21332,pixel_21333,pixel_21334,pixel_21335,pixel_21336,pixel_21337,pixel_21338,pixel_21339,pixel_21340,pixel_21341,pixel_21342,pixel_21343,pixel_21344,pixel_21345,pixel_21346,pixel_21347,pixel_21348,pixel_21349,pixel_21350,pixel_21351,pixel_21352,pixel_21353,pixel_21354,pixel_21355,pixel_21356,pixel_21357,pixel_21358,pixel_21359,pixel_21360,pixel_21361,pixel_21362,pixel_21363,pixel_21364,pixel_21365,pixel_21366,pixel_21367,pixel_21368,pixel_21369,pixel_21370,pixel_21371,pixel_21372,pixel_21373,pixel_21374,pixel_21375,pixel_21376,pixel_21377,pixel_21378,pixel_21379,pixel_21380,pixel_21381,pixel_21382,pixel_21383,pixel_21384,pixel_21385,pixel_21386,pixel_21387,pixel_21388,pixel_21389,pixel_21390,pixel_21391,pixel_21392,pixel_21393,pixel_21394,pixel_21395,pixel_21396,pixel_21397,pixel_21398,pixel_21399,pixel_21400,pixel_21401,pixel_21402,pixel_21403,pixel_21404,pixel_21405,pixel_21406,pixel_21407,pixel_21408,pixel_21409,pixel_21410,pixel_21411,pixel_21412,pixel_21413,pixel_21414,pixel_21415,pixel_21416,pixel_21417,pixel_21418,pixel_21419,pixel_21420,pixel_21421,pixel_21422,pixel_21423,pixel_21424,pixel_21425,pixel_21426,pixel_21427,pixel_21428,pixel_21429,pixel_21430,pixel_21431,pixel_21432,pixel_21433,pixel_21434,pixel_21435,pixel_21436,pixel_21437,pixel_21438,pixel_21439,pixel_21440,pixel_21441,pixel_21442,pixel_21443,pixel_21444,pixel_21445,pixel_21446,pixel_21447,pixel_21448,pixel_21449,pixel_21450,pixel_21451,pixel_21452,pixel_21453,pixel_21454,pixel_21455,pixel_21456,pixel_21457,pixel_21458,pixel_21459,pixel_21460,pixel_21461,pixel_21462,pixel_21463,pixel_21464,pixel_21465,pixel_21466,pixel_21467,pixel_21468,pixel_21469,pixel_21470,pixel_21471,pixel_21472,pixel_21473,pixel_21474,pixel_21475,pixel_21476,pixel_21477,pixel_21478,pixel_21479,pixel_21480,pixel_21481,pixel_21482,pixel_21483,pixel_21484,pixel_21485,pixel_21486,pixel_21487,pixel_21488,pixel_21489,pixel_21490,pixel_21491,pixel_21492,pixel_21493,pixel_21494,pixel_21495,pixel_21496,pixel_21497,pixel_21498,pixel_21499,pixel_21500,pixel_21501,pixel_21502,pixel_21503,pixel_21504,pixel_21505,pixel_21506,pixel_21507,pixel_21508,pixel_21509,pixel_21510,pixel_21511,pixel_21512,pixel_21513,pixel_21514,pixel_21515,pixel_21516,pixel_21517,pixel_21518,pixel_21519,pixel_21520,pixel_21521,pixel_21522,pixel_21523,pixel_21524,pixel_21525,pixel_21526,pixel_21527,pixel_21528,pixel_21529,pixel_21530,pixel_21531,pixel_21532,pixel_21533,pixel_21534,pixel_21535,pixel_21536,pixel_21537,pixel_21538,pixel_21539,pixel_21540,pixel_21541,pixel_21542,pixel_21543,pixel_21544,pixel_21545,pixel_21546,pixel_21547,pixel_21548,pixel_21549,pixel_21550,pixel_21551,pixel_21552,pixel_21553,pixel_21554,pixel_21555,pixel_21556,pixel_21557,pixel_21558,pixel_21559,pixel_21560,pixel_21561,pixel_21562,pixel_21563,pixel_21564,pixel_21565,pixel_21566,pixel_21567,pixel_21568,pixel_21569,pixel_21570,pixel_21571,pixel_21572,pixel_21573,pixel_21574,pixel_21575,pixel_21576,pixel_21577,pixel_21578,pixel_21579,pixel_21580,pixel_21581,pixel_21582,pixel_21583,pixel_21584,pixel_21585,pixel_21586,pixel_21587,pixel_21588,pixel_21589,pixel_21590,pixel_21591,pixel_21592,pixel_21593,pixel_21594,pixel_21595,pixel_21596,pixel_21597,pixel_21598,pixel_21599,pixel_21600,pixel_21601,pixel_21602,pixel_21603,pixel_21604,pixel_21605,pixel_21606,pixel_21607,pixel_21608,pixel_21609,pixel_21610,pixel_21611,pixel_21612,pixel_21613,pixel_21614,pixel_21615,pixel_21616,pixel_21617,pixel_21618,pixel_21619,pixel_21620,pixel_21621,pixel_21622,pixel_21623,pixel_21624,pixel_21625,pixel_21626,pixel_21627,pixel_21628,pixel_21629,pixel_21630,pixel_21631,pixel_21632,pixel_21633,pixel_21634,pixel_21635,pixel_21636,pixel_21637,pixel_21638,pixel_21639,pixel_21640,pixel_21641,pixel_21642,pixel_21643,pixel_21644,pixel_21645,pixel_21646,pixel_21647,pixel_21648,pixel_21649,pixel_21650,pixel_21651,pixel_21652,pixel_21653,pixel_21654,pixel_21655,pixel_21656,pixel_21657,pixel_21658,pixel_21659,pixel_21660,pixel_21661,pixel_21662,pixel_21663,pixel_21664,pixel_21665,pixel_21666,pixel_21667,pixel_21668,pixel_21669,pixel_21670,pixel_21671,pixel_21672,pixel_21673,pixel_21674,pixel_21675,pixel_21676,pixel_21677,pixel_21678,pixel_21679,pixel_21680,pixel_21681,pixel_21682,pixel_21683,pixel_21684,pixel_21685,pixel_21686,pixel_21687,pixel_21688,pixel_21689,pixel_21690,pixel_21691,pixel_21692,pixel_21693,pixel_21694,pixel_21695,pixel_21696,pixel_21697,pixel_21698,pixel_21699,pixel_21700,pixel_21701,pixel_21702,pixel_21703,pixel_21704,pixel_21705,pixel_21706,pixel_21707,pixel_21708,pixel_21709,pixel_21710,pixel_21711,pixel_21712,pixel_21713,pixel_21714,pixel_21715,pixel_21716,pixel_21717,pixel_21718,pixel_21719,pixel_21720,pixel_21721,pixel_21722,pixel_21723,pixel_21724,pixel_21725,pixel_21726,pixel_21727,pixel_21728,pixel_21729,pixel_21730,pixel_21731,pixel_21732,pixel_21733,pixel_21734,pixel_21735,pixel_21736,pixel_21737,pixel_21738,pixel_21739,pixel_21740,pixel_21741,pixel_21742,pixel_21743,pixel_21744,pixel_21745,pixel_21746,pixel_21747,pixel_21748,pixel_21749,pixel_21750,pixel_21751,pixel_21752,pixel_21753,pixel_21754,pixel_21755,pixel_21756,pixel_21757,pixel_21758,pixel_21759,pixel_21760,pixel_21761,pixel_21762,pixel_21763,pixel_21764,pixel_21765,pixel_21766,pixel_21767,pixel_21768,pixel_21769,pixel_21770,pixel_21771,pixel_21772,pixel_21773,pixel_21774,pixel_21775,pixel_21776,pixel_21777,pixel_21778,pixel_21779,pixel_21780,pixel_21781,pixel_21782,pixel_21783,pixel_21784,pixel_21785,pixel_21786,pixel_21787,pixel_21788,pixel_21789,pixel_21790,pixel_21791,pixel_21792,pixel_21793,pixel_21794,pixel_21795,pixel_21796,pixel_21797,pixel_21798,pixel_21799,pixel_21800,pixel_21801,pixel_21802,pixel_21803,pixel_21804,pixel_21805,pixel_21806,pixel_21807,pixel_21808,pixel_21809,pixel_21810,pixel_21811,pixel_21812,pixel_21813,pixel_21814,pixel_21815,pixel_21816,pixel_21817,pixel_21818,pixel_21819,pixel_21820,pixel_21821,pixel_21822,pixel_21823,pixel_21824,pixel_21825,pixel_21826,pixel_21827,pixel_21828,pixel_21829,pixel_21830,pixel_21831,pixel_21832,pixel_21833,pixel_21834,pixel_21835,pixel_21836,pixel_21837,pixel_21838,pixel_21839,pixel_21840,pixel_21841,pixel_21842,pixel_21843,pixel_21844,pixel_21845,pixel_21846,pixel_21847,pixel_21848,pixel_21849,pixel_21850,pixel_21851,pixel_21852,pixel_21853,pixel_21854,pixel_21855,pixel_21856,pixel_21857,pixel_21858,pixel_21859,pixel_21860,pixel_21861,pixel_21862,pixel_21863,pixel_21864,pixel_21865,pixel_21866,pixel_21867,pixel_21868,pixel_21869,pixel_21870,pixel_21871,pixel_21872,pixel_21873,pixel_21874,pixel_21875,pixel_21876,pixel_21877,pixel_21878,pixel_21879,pixel_21880,pixel_21881,pixel_21882,pixel_21883,pixel_21884,pixel_21885,pixel_21886,pixel_21887,pixel_21888,pixel_21889,pixel_21890,pixel_21891,pixel_21892,pixel_21893,pixel_21894,pixel_21895,pixel_21896,pixel_21897,pixel_21898,pixel_21899,pixel_21900,pixel_21901,pixel_21902,pixel_21903,pixel_21904,pixel_21905,pixel_21906,pixel_21907,pixel_21908,pixel_21909,pixel_21910,pixel_21911,pixel_21912,pixel_21913,pixel_21914,pixel_21915,pixel_21916,pixel_21917,pixel_21918,pixel_21919,pixel_21920,pixel_21921,pixel_21922,pixel_21923,pixel_21924,pixel_21925,pixel_21926,pixel_21927,pixel_21928,pixel_21929,pixel_21930,pixel_21931,pixel_21932,pixel_21933,pixel_21934,pixel_21935,pixel_21936,pixel_21937,pixel_21938,pixel_21939,pixel_21940,pixel_21941,pixel_21942,pixel_21943,pixel_21944,pixel_21945,pixel_21946,pixel_21947,pixel_21948,pixel_21949,pixel_21950,pixel_21951,pixel_21952,pixel_21953,pixel_21954,pixel_21955,pixel_21956,pixel_21957,pixel_21958,pixel_21959,pixel_21960,pixel_21961,pixel_21962,pixel_21963,pixel_21964,pixel_21965,pixel_21966,pixel_21967,pixel_21968,pixel_21969,pixel_21970,pixel_21971,pixel_21972,pixel_21973,pixel_21974,pixel_21975,pixel_21976,pixel_21977,pixel_21978,pixel_21979,pixel_21980,pixel_21981,pixel_21982,pixel_21983,pixel_21984,pixel_21985,pixel_21986,pixel_21987,pixel_21988,pixel_21989,pixel_21990,pixel_21991,pixel_21992,pixel_21993,pixel_21994,pixel_21995,pixel_21996,pixel_21997,pixel_21998,pixel_21999,pixel_22000,pixel_22001,pixel_22002,pixel_22003,pixel_22004,pixel_22005,pixel_22006,pixel_22007,pixel_22008,pixel_22009,pixel_22010,pixel_22011,pixel_22012,pixel_22013,pixel_22014,pixel_22015,pixel_22016,pixel_22017,pixel_22018,pixel_22019,pixel_22020,pixel_22021,pixel_22022,pixel_22023,pixel_22024,pixel_22025,pixel_22026,pixel_22027,pixel_22028,pixel_22029,pixel_22030,pixel_22031,pixel_22032,pixel_22033,pixel_22034,pixel_22035,pixel_22036,pixel_22037,pixel_22038,pixel_22039,pixel_22040,pixel_22041,pixel_22042,pixel_22043,pixel_22044,pixel_22045,pixel_22046,pixel_22047,pixel_22048,pixel_22049,pixel_22050,pixel_22051,pixel_22052,pixel_22053,pixel_22054,pixel_22055,pixel_22056,pixel_22057,pixel_22058,pixel_22059,pixel_22060,pixel_22061,pixel_22062,pixel_22063,pixel_22064,pixel_22065,pixel_22066,pixel_22067,pixel_22068,pixel_22069,pixel_22070,pixel_22071,pixel_22072,pixel_22073,pixel_22074,pixel_22075,pixel_22076,pixel_22077,pixel_22078,pixel_22079,pixel_22080,pixel_22081,pixel_22082,pixel_22083,pixel_22084,pixel_22085,pixel_22086,pixel_22087,pixel_22088,pixel_22089,pixel_22090,pixel_22091,pixel_22092,pixel_22093,pixel_22094,pixel_22095,pixel_22096,pixel_22097,pixel_22098,pixel_22099,pixel_22100,pixel_22101,pixel_22102,pixel_22103,pixel_22104,pixel_22105,pixel_22106,pixel_22107,pixel_22108,pixel_22109,pixel_22110,pixel_22111,pixel_22112,pixel_22113,pixel_22114,pixel_22115,pixel_22116,pixel_22117,pixel_22118,pixel_22119,pixel_22120,pixel_22121,pixel_22122,pixel_22123,pixel_22124,pixel_22125,pixel_22126,pixel_22127,pixel_22128,pixel_22129,pixel_22130,pixel_22131,pixel_22132,pixel_22133,pixel_22134,pixel_22135,pixel_22136,pixel_22137,pixel_22138,pixel_22139,pixel_22140,pixel_22141,pixel_22142,pixel_22143,pixel_22144,pixel_22145,pixel_22146,pixel_22147,pixel_22148,pixel_22149,pixel_22150,pixel_22151,pixel_22152,pixel_22153,pixel_22154,pixel_22155,pixel_22156,pixel_22157,pixel_22158,pixel_22159,pixel_22160,pixel_22161,pixel_22162,pixel_22163,pixel_22164,pixel_22165,pixel_22166,pixel_22167,pixel_22168,pixel_22169,pixel_22170,pixel_22171,pixel_22172,pixel_22173,pixel_22174,pixel_22175,pixel_22176,pixel_22177,pixel_22178,pixel_22179,pixel_22180,pixel_22181,pixel_22182,pixel_22183,pixel_22184,pixel_22185,pixel_22186,pixel_22187,pixel_22188,pixel_22189,pixel_22190,pixel_22191,pixel_22192,pixel_22193,pixel_22194,pixel_22195,pixel_22196,pixel_22197,pixel_22198,pixel_22199,pixel_22200,pixel_22201,pixel_22202,pixel_22203,pixel_22204,pixel_22205,pixel_22206,pixel_22207,pixel_22208,pixel_22209,pixel_22210,pixel_22211,pixel_22212,pixel_22213,pixel_22214,pixel_22215,pixel_22216,pixel_22217,pixel_22218,pixel_22219,pixel_22220,pixel_22221,pixel_22222,pixel_22223,pixel_22224,pixel_22225,pixel_22226,pixel_22227,pixel_22228,pixel_22229,pixel_22230,pixel_22231,pixel_22232,pixel_22233,pixel_22234,pixel_22235,pixel_22236,pixel_22237,pixel_22238,pixel_22239,pixel_22240,pixel_22241,pixel_22242,pixel_22243,pixel_22244,pixel_22245,pixel_22246,pixel_22247,pixel_22248,pixel_22249,pixel_22250,pixel_22251,pixel_22252,pixel_22253,pixel_22254,pixel_22255,pixel_22256,pixel_22257,pixel_22258,pixel_22259,pixel_22260,pixel_22261,pixel_22262,pixel_22263,pixel_22264,pixel_22265,pixel_22266,pixel_22267,pixel_22268,pixel_22269,pixel_22270,pixel_22271,pixel_22272,pixel_22273,pixel_22274,pixel_22275,pixel_22276,pixel_22277,pixel_22278,pixel_22279,pixel_22280,pixel_22281,pixel_22282,pixel_22283,pixel_22284,pixel_22285,pixel_22286,pixel_22287,pixel_22288,pixel_22289,pixel_22290,pixel_22291,pixel_22292,pixel_22293,pixel_22294,pixel_22295,pixel_22296,pixel_22297,pixel_22298,pixel_22299,pixel_22300,pixel_22301,pixel_22302,pixel_22303,pixel_22304,pixel_22305,pixel_22306,pixel_22307,pixel_22308,pixel_22309,pixel_22310,pixel_22311,pixel_22312,pixel_22313,pixel_22314,pixel_22315,pixel_22316,pixel_22317,pixel_22318,pixel_22319,pixel_22320,pixel_22321,pixel_22322,pixel_22323,pixel_22324,pixel_22325,pixel_22326,pixel_22327,pixel_22328,pixel_22329,pixel_22330,pixel_22331,pixel_22332,pixel_22333,pixel_22334,pixel_22335,pixel_22336,pixel_22337,pixel_22338,pixel_22339,pixel_22340,pixel_22341,pixel_22342,pixel_22343,pixel_22344,pixel_22345,pixel_22346,pixel_22347,pixel_22348,pixel_22349,pixel_22350,pixel_22351,pixel_22352,pixel_22353,pixel_22354,pixel_22355,pixel_22356,pixel_22357,pixel_22358,pixel_22359,pixel_22360,pixel_22361,pixel_22362,pixel_22363,pixel_22364,pixel_22365,pixel_22366,pixel_22367,pixel_22368,pixel_22369,pixel_22370,pixel_22371,pixel_22372,pixel_22373,pixel_22374,pixel_22375,pixel_22376,pixel_22377,pixel_22378,pixel_22379,pixel_22380,pixel_22381,pixel_22382,pixel_22383,pixel_22384,pixel_22385,pixel_22386,pixel_22387,pixel_22388,pixel_22389,pixel_22390,pixel_22391,pixel_22392,pixel_22393,pixel_22394,pixel_22395,pixel_22396,pixel_22397,pixel_22398,pixel_22399,pixel_22400,pixel_22401,pixel_22402,pixel_22403,pixel_22404,pixel_22405,pixel_22406,pixel_22407,pixel_22408,pixel_22409,pixel_22410,pixel_22411,pixel_22412,pixel_22413,pixel_22414,pixel_22415,pixel_22416,pixel_22417,pixel_22418,pixel_22419,pixel_22420,pixel_22421,pixel_22422,pixel_22423,pixel_22424,pixel_22425,pixel_22426,pixel_22427,pixel_22428,pixel_22429,pixel_22430,pixel_22431,pixel_22432,pixel_22433,pixel_22434,pixel_22435,pixel_22436,pixel_22437,pixel_22438,pixel_22439,pixel_22440,pixel_22441,pixel_22442,pixel_22443,pixel_22444,pixel_22445,pixel_22446,pixel_22447,pixel_22448,pixel_22449,pixel_22450,pixel_22451,pixel_22452,pixel_22453,pixel_22454,pixel_22455,pixel_22456,pixel_22457,pixel_22458,pixel_22459,pixel_22460,pixel_22461,pixel_22462,pixel_22463,pixel_22464,pixel_22465,pixel_22466,pixel_22467,pixel_22468,pixel_22469,pixel_22470,pixel_22471,pixel_22472,pixel_22473,pixel_22474,pixel_22475,pixel_22476,pixel_22477,pixel_22478,pixel_22479,pixel_22480,pixel_22481,pixel_22482,pixel_22483,pixel_22484,pixel_22485,pixel_22486,pixel_22487,pixel_22488,pixel_22489,pixel_22490,pixel_22491,pixel_22492,pixel_22493,pixel_22494,pixel_22495,pixel_22496,pixel_22497,pixel_22498,pixel_22499,pixel_22500,pixel_22501,pixel_22502,pixel_22503,pixel_22504,pixel_22505,pixel_22506,pixel_22507,pixel_22508,pixel_22509,pixel_22510,pixel_22511,pixel_22512,pixel_22513,pixel_22514,pixel_22515,pixel_22516,pixel_22517,pixel_22518,pixel_22519,pixel_22520,pixel_22521,pixel_22522,pixel_22523,pixel_22524,pixel_22525,pixel_22526,pixel_22527,pixel_22528,pixel_22529,pixel_22530,pixel_22531,pixel_22532,pixel_22533,pixel_22534,pixel_22535,pixel_22536,pixel_22537,pixel_22538,pixel_22539,pixel_22540,pixel_22541,pixel_22542,pixel_22543,pixel_22544,pixel_22545,pixel_22546,pixel_22547,pixel_22548,pixel_22549,pixel_22550,pixel_22551,pixel_22552,pixel_22553,pixel_22554,pixel_22555,pixel_22556,pixel_22557,pixel_22558,pixel_22559,pixel_22560,pixel_22561,pixel_22562,pixel_22563,pixel_22564,pixel_22565,pixel_22566,pixel_22567,pixel_22568,pixel_22569,pixel_22570,pixel_22571,pixel_22572,pixel_22573,pixel_22574,pixel_22575,pixel_22576,pixel_22577,pixel_22578,pixel_22579,pixel_22580,pixel_22581,pixel_22582,pixel_22583,pixel_22584,pixel_22585,pixel_22586,pixel_22587,pixel_22588,pixel_22589,pixel_22590,pixel_22591,pixel_22592,pixel_22593,pixel_22594,pixel_22595,pixel_22596,pixel_22597,pixel_22598,pixel_22599,pixel_22600,pixel_22601,pixel_22602,pixel_22603,pixel_22604,pixel_22605,pixel_22606,pixel_22607,pixel_22608,pixel_22609,pixel_22610,pixel_22611,pixel_22612,pixel_22613,pixel_22614,pixel_22615,pixel_22616,pixel_22617,pixel_22618,pixel_22619,pixel_22620,pixel_22621,pixel_22622,pixel_22623,pixel_22624,pixel_22625,pixel_22626,pixel_22627,pixel_22628,pixel_22629,pixel_22630,pixel_22631,pixel_22632,pixel_22633,pixel_22634,pixel_22635,pixel_22636,pixel_22637,pixel_22638,pixel_22639,pixel_22640,pixel_22641,pixel_22642,pixel_22643,pixel_22644,pixel_22645,pixel_22646,pixel_22647,pixel_22648,pixel_22649,pixel_22650,pixel_22651,pixel_22652,pixel_22653,pixel_22654,pixel_22655,pixel_22656,pixel_22657,pixel_22658,pixel_22659,pixel_22660,pixel_22661,pixel_22662,pixel_22663,pixel_22664,pixel_22665,pixel_22666,pixel_22667,pixel_22668,pixel_22669,pixel_22670,pixel_22671,pixel_22672,pixel_22673,pixel_22674,pixel_22675,pixel_22676,pixel_22677,pixel_22678,pixel_22679,pixel_22680,pixel_22681,pixel_22682,pixel_22683,pixel_22684,pixel_22685,pixel_22686,pixel_22687,pixel_22688,pixel_22689,pixel_22690,pixel_22691,pixel_22692,pixel_22693,pixel_22694,pixel_22695,pixel_22696,pixel_22697,pixel_22698,pixel_22699,pixel_22700,pixel_22701,pixel_22702,pixel_22703,pixel_22704,pixel_22705,pixel_22706,pixel_22707,pixel_22708,pixel_22709,pixel_22710,pixel_22711,pixel_22712,pixel_22713,pixel_22714,pixel_22715,pixel_22716,pixel_22717,pixel_22718,pixel_22719,pixel_22720,pixel_22721,pixel_22722,pixel_22723,pixel_22724,pixel_22725,pixel_22726,pixel_22727,pixel_22728,pixel_22729,pixel_22730,pixel_22731,pixel_22732,pixel_22733,pixel_22734,pixel_22735,pixel_22736,pixel_22737,pixel_22738,pixel_22739,pixel_22740,pixel_22741,pixel_22742,pixel_22743,pixel_22744,pixel_22745,pixel_22746,pixel_22747,pixel_22748,pixel_22749,pixel_22750,pixel_22751,pixel_22752,pixel_22753,pixel_22754,pixel_22755,pixel_22756,pixel_22757,pixel_22758,pixel_22759,pixel_22760,pixel_22761,pixel_22762,pixel_22763,pixel_22764,pixel_22765,pixel_22766,pixel_22767,pixel_22768,pixel_22769,pixel_22770,pixel_22771,pixel_22772,pixel_22773,pixel_22774,pixel_22775,pixel_22776,pixel_22777,pixel_22778,pixel_22779,pixel_22780,pixel_22781,pixel_22782,pixel_22783,pixel_22784,pixel_22785,pixel_22786,pixel_22787,pixel_22788,pixel_22789,pixel_22790,pixel_22791,pixel_22792,pixel_22793,pixel_22794,pixel_22795,pixel_22796,pixel_22797,pixel_22798,pixel_22799,pixel_22800,pixel_22801,pixel_22802,pixel_22803,pixel_22804,pixel_22805,pixel_22806,pixel_22807,pixel_22808,pixel_22809,pixel_22810,pixel_22811,pixel_22812,pixel_22813,pixel_22814,pixel_22815,pixel_22816,pixel_22817,pixel_22818,pixel_22819,pixel_22820,pixel_22821,pixel_22822,pixel_22823,pixel_22824,pixel_22825,pixel_22826,pixel_22827,pixel_22828,pixel_22829,pixel_22830,pixel_22831,pixel_22832,pixel_22833,pixel_22834,pixel_22835,pixel_22836,pixel_22837,pixel_22838,pixel_22839,pixel_22840,pixel_22841,pixel_22842,pixel_22843,pixel_22844,pixel_22845,pixel_22846,pixel_22847,pixel_22848,pixel_22849,pixel_22850,pixel_22851,pixel_22852,pixel_22853,pixel_22854,pixel_22855,pixel_22856,pixel_22857,pixel_22858,pixel_22859,pixel_22860,pixel_22861,pixel_22862,pixel_22863,pixel_22864,pixel_22865,pixel_22866,pixel_22867,pixel_22868,pixel_22869,pixel_22870,pixel_22871,pixel_22872,pixel_22873,pixel_22874,pixel_22875,pixel_22876,pixel_22877,pixel_22878,pixel_22879,pixel_22880,pixel_22881,pixel_22882,pixel_22883,pixel_22884,pixel_22885,pixel_22886,pixel_22887,pixel_22888,pixel_22889,pixel_22890,pixel_22891,pixel_22892,pixel_22893,pixel_22894,pixel_22895,pixel_22896,pixel_22897,pixel_22898,pixel_22899,pixel_22900,pixel_22901,pixel_22902,pixel_22903,pixel_22904,pixel_22905,pixel_22906,pixel_22907,pixel_22908,pixel_22909,pixel_22910,pixel_22911,pixel_22912,pixel_22913,pixel_22914,pixel_22915,pixel_22916,pixel_22917,pixel_22918,pixel_22919,pixel_22920,pixel_22921,pixel_22922,pixel_22923,pixel_22924,pixel_22925,pixel_22926,pixel_22927,pixel_22928,pixel_22929,pixel_22930,pixel_22931,pixel_22932,pixel_22933,pixel_22934,pixel_22935,pixel_22936,pixel_22937,pixel_22938,pixel_22939,pixel_22940,pixel_22941,pixel_22942,pixel_22943,pixel_22944,pixel_22945,pixel_22946,pixel_22947,pixel_22948,pixel_22949,pixel_22950,pixel_22951,pixel_22952,pixel_22953,pixel_22954,pixel_22955,pixel_22956,pixel_22957,pixel_22958,pixel_22959,pixel_22960,pixel_22961,pixel_22962,pixel_22963,pixel_22964,pixel_22965,pixel_22966,pixel_22967,pixel_22968,pixel_22969,pixel_22970,pixel_22971,pixel_22972,pixel_22973,pixel_22974,pixel_22975,pixel_22976,pixel_22977,pixel_22978,pixel_22979,pixel_22980,pixel_22981,pixel_22982,pixel_22983,pixel_22984,pixel_22985,pixel_22986,pixel_22987,pixel_22988,pixel_22989,pixel_22990,pixel_22991,pixel_22992,pixel_22993,pixel_22994,pixel_22995,pixel_22996,pixel_22997,pixel_22998,pixel_22999,pixel_23000,pixel_23001,pixel_23002,pixel_23003,pixel_23004,pixel_23005,pixel_23006,pixel_23007,pixel_23008,pixel_23009,pixel_23010,pixel_23011,pixel_23012,pixel_23013,pixel_23014,pixel_23015,pixel_23016,pixel_23017,pixel_23018,pixel_23019,pixel_23020,pixel_23021,pixel_23022,pixel_23023,pixel_23024,pixel_23025,pixel_23026,pixel_23027,pixel_23028,pixel_23029,pixel_23030,pixel_23031,pixel_23032,pixel_23033,pixel_23034,pixel_23035,pixel_23036,pixel_23037,pixel_23038,pixel_23039,pixel_23040,pixel_23041,pixel_23042,pixel_23043,pixel_23044,pixel_23045,pixel_23046,pixel_23047,pixel_23048,pixel_23049,pixel_23050,pixel_23051,pixel_23052,pixel_23053,pixel_23054,pixel_23055,pixel_23056,pixel_23057,pixel_23058,pixel_23059,pixel_23060,pixel_23061,pixel_23062,pixel_23063,pixel_23064,pixel_23065,pixel_23066,pixel_23067,pixel_23068,pixel_23069,pixel_23070,pixel_23071,pixel_23072,pixel_23073,pixel_23074,pixel_23075,pixel_23076,pixel_23077,pixel_23078,pixel_23079,pixel_23080,pixel_23081,pixel_23082,pixel_23083,pixel_23084,pixel_23085,pixel_23086,pixel_23087,pixel_23088,pixel_23089,pixel_23090,pixel_23091,pixel_23092,pixel_23093,pixel_23094,pixel_23095,pixel_23096,pixel_23097,pixel_23098,pixel_23099,pixel_23100,pixel_23101,pixel_23102,pixel_23103,pixel_23104,pixel_23105,pixel_23106,pixel_23107,pixel_23108,pixel_23109,pixel_23110,pixel_23111,pixel_23112,pixel_23113,pixel_23114,pixel_23115,pixel_23116,pixel_23117,pixel_23118,pixel_23119,pixel_23120,pixel_23121,pixel_23122,pixel_23123,pixel_23124,pixel_23125,pixel_23126,pixel_23127,pixel_23128,pixel_23129,pixel_23130,pixel_23131,pixel_23132,pixel_23133,pixel_23134,pixel_23135,pixel_23136,pixel_23137,pixel_23138,pixel_23139,pixel_23140,pixel_23141,pixel_23142,pixel_23143,pixel_23144,pixel_23145,pixel_23146,pixel_23147,pixel_23148,pixel_23149,pixel_23150,pixel_23151,pixel_23152,pixel_23153,pixel_23154,pixel_23155,pixel_23156,pixel_23157,pixel_23158,pixel_23159,pixel_23160,pixel_23161,pixel_23162,pixel_23163,pixel_23164,pixel_23165,pixel_23166,pixel_23167,pixel_23168,pixel_23169,pixel_23170,pixel_23171,pixel_23172,pixel_23173,pixel_23174,pixel_23175,pixel_23176,pixel_23177,pixel_23178,pixel_23179,pixel_23180,pixel_23181,pixel_23182,pixel_23183,pixel_23184,pixel_23185,pixel_23186,pixel_23187,pixel_23188,pixel_23189,pixel_23190,pixel_23191,pixel_23192,pixel_23193,pixel_23194,pixel_23195,pixel_23196,pixel_23197,pixel_23198,pixel_23199,pixel_23200,pixel_23201,pixel_23202,pixel_23203,pixel_23204,pixel_23205,pixel_23206,pixel_23207,pixel_23208,pixel_23209,pixel_23210,pixel_23211,pixel_23212,pixel_23213,pixel_23214,pixel_23215,pixel_23216,pixel_23217,pixel_23218,pixel_23219,pixel_23220,pixel_23221,pixel_23222,pixel_23223,pixel_23224,pixel_23225,pixel_23226,pixel_23227,pixel_23228,pixel_23229,pixel_23230,pixel_23231,pixel_23232,pixel_23233,pixel_23234,pixel_23235,pixel_23236,pixel_23237,pixel_23238,pixel_23239,pixel_23240,pixel_23241,pixel_23242,pixel_23243,pixel_23244,pixel_23245,pixel_23246,pixel_23247,pixel_23248,pixel_23249,pixel_23250,pixel_23251,pixel_23252,pixel_23253,pixel_23254,pixel_23255,pixel_23256,pixel_23257,pixel_23258,pixel_23259,pixel_23260,pixel_23261,pixel_23262,pixel_23263,pixel_23264,pixel_23265,pixel_23266,pixel_23267,pixel_23268,pixel_23269,pixel_23270,pixel_23271,pixel_23272,pixel_23273,pixel_23274,pixel_23275,pixel_23276,pixel_23277,pixel_23278,pixel_23279,pixel_23280,pixel_23281,pixel_23282,pixel_23283,pixel_23284,pixel_23285,pixel_23286,pixel_23287,pixel_23288,pixel_23289,pixel_23290,pixel_23291,pixel_23292,pixel_23293,pixel_23294,pixel_23295,pixel_23296,pixel_23297,pixel_23298,pixel_23299,pixel_23300,pixel_23301,pixel_23302,pixel_23303,pixel_23304,pixel_23305,pixel_23306,pixel_23307,pixel_23308,pixel_23309,pixel_23310,pixel_23311,pixel_23312,pixel_23313,pixel_23314,pixel_23315,pixel_23316,pixel_23317,pixel_23318,pixel_23319,pixel_23320,pixel_23321,pixel_23322,pixel_23323,pixel_23324,pixel_23325,pixel_23326,pixel_23327,pixel_23328,pixel_23329,pixel_23330,pixel_23331,pixel_23332,pixel_23333,pixel_23334,pixel_23335,pixel_23336,pixel_23337,pixel_23338,pixel_23339,pixel_23340,pixel_23341,pixel_23342,pixel_23343,pixel_23344,pixel_23345,pixel_23346,pixel_23347,pixel_23348,pixel_23349,pixel_23350,pixel_23351,pixel_23352,pixel_23353,pixel_23354,pixel_23355,pixel_23356,pixel_23357,pixel_23358,pixel_23359,pixel_23360,pixel_23361,pixel_23362,pixel_23363,pixel_23364,pixel_23365,pixel_23366,pixel_23367,pixel_23368,pixel_23369,pixel_23370,pixel_23371,pixel_23372,pixel_23373,pixel_23374,pixel_23375,pixel_23376,pixel_23377,pixel_23378,pixel_23379,pixel_23380,pixel_23381,pixel_23382,pixel_23383,pixel_23384,pixel_23385,pixel_23386,pixel_23387,pixel_23388,pixel_23389,pixel_23390,pixel_23391,pixel_23392,pixel_23393,pixel_23394,pixel_23395,pixel_23396,pixel_23397,pixel_23398,pixel_23399,pixel_23400,pixel_23401,pixel_23402,pixel_23403,pixel_23404,pixel_23405,pixel_23406,pixel_23407,pixel_23408,pixel_23409,pixel_23410,pixel_23411,pixel_23412,pixel_23413,pixel_23414,pixel_23415,pixel_23416,pixel_23417,pixel_23418,pixel_23419,pixel_23420,pixel_23421,pixel_23422,pixel_23423,pixel_23424,pixel_23425,pixel_23426,pixel_23427,pixel_23428,pixel_23429,pixel_23430,pixel_23431,pixel_23432,pixel_23433,pixel_23434,pixel_23435,pixel_23436,pixel_23437,pixel_23438,pixel_23439,pixel_23440,pixel_23441,pixel_23442,pixel_23443,pixel_23444,pixel_23445,pixel_23446,pixel_23447,pixel_23448,pixel_23449,pixel_23450,pixel_23451,pixel_23452,pixel_23453,pixel_23454,pixel_23455,pixel_23456,pixel_23457,pixel_23458,pixel_23459,pixel_23460,pixel_23461,pixel_23462,pixel_23463,pixel_23464,pixel_23465,pixel_23466,pixel_23467,pixel_23468,pixel_23469,pixel_23470,pixel_23471,pixel_23472,pixel_23473,pixel_23474,pixel_23475,pixel_23476,pixel_23477,pixel_23478,pixel_23479,pixel_23480,pixel_23481,pixel_23482,pixel_23483,pixel_23484,pixel_23485,pixel_23486,pixel_23487,pixel_23488,pixel_23489,pixel_23490,pixel_23491,pixel_23492,pixel_23493,pixel_23494,pixel_23495,pixel_23496,pixel_23497,pixel_23498,pixel_23499,pixel_23500,pixel_23501,pixel_23502,pixel_23503,pixel_23504,pixel_23505,pixel_23506,pixel_23507,pixel_23508,pixel_23509,pixel_23510,pixel_23511,pixel_23512,pixel_23513,pixel_23514,pixel_23515,pixel_23516,pixel_23517,pixel_23518,pixel_23519,pixel_23520,pixel_23521,pixel_23522,pixel_23523,pixel_23524,pixel_23525,pixel_23526,pixel_23527,pixel_23528,pixel_23529,pixel_23530,pixel_23531,pixel_23532,pixel_23533,pixel_23534,pixel_23535,pixel_23536,pixel_23537,pixel_23538,pixel_23539,pixel_23540,pixel_23541,pixel_23542,pixel_23543,pixel_23544,pixel_23545,pixel_23546,pixel_23547,pixel_23548,pixel_23549,pixel_23550,pixel_23551,pixel_23552,pixel_23553,pixel_23554,pixel_23555,pixel_23556,pixel_23557,pixel_23558,pixel_23559,pixel_23560,pixel_23561,pixel_23562,pixel_23563,pixel_23564,pixel_23565,pixel_23566,pixel_23567,pixel_23568,pixel_23569,pixel_23570,pixel_23571,pixel_23572,pixel_23573,pixel_23574,pixel_23575,pixel_23576,pixel_23577,pixel_23578,pixel_23579,pixel_23580,pixel_23581,pixel_23582,pixel_23583,pixel_23584,pixel_23585,pixel_23586,pixel_23587,pixel_23588,pixel_23589,pixel_23590,pixel_23591,pixel_23592,pixel_23593,pixel_23594,pixel_23595,pixel_23596,pixel_23597,pixel_23598,pixel_23599,pixel_23600,pixel_23601,pixel_23602,pixel_23603,pixel_23604,pixel_23605,pixel_23606,pixel_23607,pixel_23608,pixel_23609,pixel_23610,pixel_23611,pixel_23612,pixel_23613,pixel_23614,pixel_23615,pixel_23616,pixel_23617,pixel_23618,pixel_23619,pixel_23620,pixel_23621,pixel_23622,pixel_23623,pixel_23624,pixel_23625,pixel_23626,pixel_23627,pixel_23628,pixel_23629,pixel_23630,pixel_23631,pixel_23632,pixel_23633,pixel_23634,pixel_23635,pixel_23636,pixel_23637,pixel_23638,pixel_23639,pixel_23640,pixel_23641,pixel_23642,pixel_23643,pixel_23644,pixel_23645,pixel_23646,pixel_23647,pixel_23648,pixel_23649,pixel_23650,pixel_23651,pixel_23652,pixel_23653,pixel_23654,pixel_23655,pixel_23656,pixel_23657,pixel_23658,pixel_23659,pixel_23660,pixel_23661,pixel_23662,pixel_23663,pixel_23664,pixel_23665,pixel_23666,pixel_23667,pixel_23668,pixel_23669,pixel_23670,pixel_23671,pixel_23672,pixel_23673,pixel_23674,pixel_23675,pixel_23676,pixel_23677,pixel_23678,pixel_23679,pixel_23680,pixel_23681,pixel_23682,pixel_23683,pixel_23684,pixel_23685,pixel_23686,pixel_23687,pixel_23688,pixel_23689,pixel_23690,pixel_23691,pixel_23692,pixel_23693,pixel_23694,pixel_23695,pixel_23696,pixel_23697,pixel_23698,pixel_23699,pixel_23700,pixel_23701,pixel_23702,pixel_23703,pixel_23704,pixel_23705,pixel_23706,pixel_23707,pixel_23708,pixel_23709,pixel_23710,pixel_23711,pixel_23712,pixel_23713,pixel_23714,pixel_23715,pixel_23716,pixel_23717,pixel_23718,pixel_23719,pixel_23720,pixel_23721,pixel_23722,pixel_23723,pixel_23724,pixel_23725,pixel_23726,pixel_23727,pixel_23728,pixel_23729,pixel_23730,pixel_23731,pixel_23732,pixel_23733,pixel_23734,pixel_23735,pixel_23736,pixel_23737,pixel_23738,pixel_23739,pixel_23740,pixel_23741,pixel_23742,pixel_23743,pixel_23744,pixel_23745,pixel_23746,pixel_23747,pixel_23748,pixel_23749,pixel_23750,pixel_23751,pixel_23752,pixel_23753,pixel_23754,pixel_23755,pixel_23756,pixel_23757,pixel_23758,pixel_23759,pixel_23760,pixel_23761,pixel_23762,pixel_23763,pixel_23764,pixel_23765,pixel_23766,pixel_23767,pixel_23768,pixel_23769,pixel_23770,pixel_23771,pixel_23772,pixel_23773,pixel_23774,pixel_23775,pixel_23776,pixel_23777,pixel_23778,pixel_23779,pixel_23780,pixel_23781,pixel_23782,pixel_23783,pixel_23784,pixel_23785,pixel_23786,pixel_23787,pixel_23788,pixel_23789,pixel_23790,pixel_23791,pixel_23792,pixel_23793,pixel_23794,pixel_23795,pixel_23796,pixel_23797,pixel_23798,pixel_23799,pixel_23800,pixel_23801,pixel_23802,pixel_23803,pixel_23804,pixel_23805,pixel_23806,pixel_23807,pixel_23808,pixel_23809,pixel_23810,pixel_23811,pixel_23812,pixel_23813,pixel_23814,pixel_23815,pixel_23816,pixel_23817,pixel_23818,pixel_23819,pixel_23820,pixel_23821,pixel_23822,pixel_23823,pixel_23824,pixel_23825,pixel_23826,pixel_23827,pixel_23828,pixel_23829,pixel_23830,pixel_23831,pixel_23832,pixel_23833,pixel_23834,pixel_23835,pixel_23836,pixel_23837,pixel_23838,pixel_23839,pixel_23840,pixel_23841,pixel_23842,pixel_23843,pixel_23844,pixel_23845,pixel_23846,pixel_23847,pixel_23848,pixel_23849,pixel_23850,pixel_23851,pixel_23852,pixel_23853,pixel_23854,pixel_23855,pixel_23856,pixel_23857,pixel_23858,pixel_23859,pixel_23860,pixel_23861,pixel_23862,pixel_23863,pixel_23864,pixel_23865,pixel_23866,pixel_23867,pixel_23868,pixel_23869,pixel_23870,pixel_23871,pixel_23872,pixel_23873,pixel_23874,pixel_23875,pixel_23876,pixel_23877,pixel_23878,pixel_23879,pixel_23880,pixel_23881,pixel_23882,pixel_23883,pixel_23884,pixel_23885,pixel_23886,pixel_23887,pixel_23888,pixel_23889,pixel_23890,pixel_23891,pixel_23892,pixel_23893,pixel_23894,pixel_23895,pixel_23896,pixel_23897,pixel_23898,pixel_23899,pixel_23900,pixel_23901,pixel_23902,pixel_23903,pixel_23904,pixel_23905,pixel_23906,pixel_23907,pixel_23908,pixel_23909,pixel_23910,pixel_23911,pixel_23912,pixel_23913,pixel_23914,pixel_23915,pixel_23916,pixel_23917,pixel_23918,pixel_23919,pixel_23920,pixel_23921,pixel_23922,pixel_23923,pixel_23924,pixel_23925,pixel_23926,pixel_23927,pixel_23928,pixel_23929,pixel_23930,pixel_23931,pixel_23932,pixel_23933,pixel_23934,pixel_23935,pixel_23936,pixel_23937,pixel_23938,pixel_23939,pixel_23940,pixel_23941,pixel_23942,pixel_23943,pixel_23944,pixel_23945,pixel_23946,pixel_23947,pixel_23948,pixel_23949,pixel_23950,pixel_23951,pixel_23952,pixel_23953,pixel_23954,pixel_23955,pixel_23956,pixel_23957,pixel_23958,pixel_23959,pixel_23960,pixel_23961,pixel_23962,pixel_23963,pixel_23964,pixel_23965,pixel_23966,pixel_23967,pixel_23968,pixel_23969,pixel_23970,pixel_23971,pixel_23972,pixel_23973,pixel_23974,pixel_23975,pixel_23976,pixel_23977,pixel_23978,pixel_23979,pixel_23980,pixel_23981,pixel_23982,pixel_23983,pixel_23984,pixel_23985,pixel_23986,pixel_23987,pixel_23988,pixel_23989,pixel_23990,pixel_23991,pixel_23992,pixel_23993,pixel_23994,pixel_23995,pixel_23996,pixel_23997,pixel_23998,pixel_23999,pixel_24000,pixel_24001,pixel_24002,pixel_24003,pixel_24004,pixel_24005,pixel_24006,pixel_24007,pixel_24008,pixel_24009,pixel_24010,pixel_24011,pixel_24012,pixel_24013,pixel_24014,pixel_24015,pixel_24016,pixel_24017,pixel_24018,pixel_24019,pixel_24020,pixel_24021,pixel_24022,pixel_24023,pixel_24024,pixel_24025,pixel_24026,pixel_24027,pixel_24028,pixel_24029,pixel_24030,pixel_24031,pixel_24032,pixel_24033,pixel_24034,pixel_24035,pixel_24036,pixel_24037,pixel_24038,pixel_24039,pixel_24040,pixel_24041,pixel_24042,pixel_24043,pixel_24044,pixel_24045,pixel_24046,pixel_24047,pixel_24048,pixel_24049,pixel_24050,pixel_24051,pixel_24052,pixel_24053,pixel_24054,pixel_24055,pixel_24056,pixel_24057,pixel_24058,pixel_24059,pixel_24060,pixel_24061,pixel_24062,pixel_24063,pixel_24064,pixel_24065,pixel_24066,pixel_24067,pixel_24068,pixel_24069,pixel_24070,pixel_24071,pixel_24072,pixel_24073,pixel_24074,pixel_24075,pixel_24076,pixel_24077,pixel_24078,pixel_24079,pixel_24080,pixel_24081,pixel_24082,pixel_24083,pixel_24084,pixel_24085,pixel_24086,pixel_24087,pixel_24088,pixel_24089,pixel_24090,pixel_24091,pixel_24092,pixel_24093,pixel_24094,pixel_24095,pixel_24096,pixel_24097,pixel_24098,pixel_24099,pixel_24100,pixel_24101,pixel_24102,pixel_24103,pixel_24104,pixel_24105,pixel_24106,pixel_24107,pixel_24108,pixel_24109,pixel_24110,pixel_24111,pixel_24112,pixel_24113,pixel_24114,pixel_24115,pixel_24116,pixel_24117,pixel_24118,pixel_24119,pixel_24120,pixel_24121,pixel_24122,pixel_24123,pixel_24124,pixel_24125,pixel_24126,pixel_24127,pixel_24128,pixel_24129,pixel_24130,pixel_24131,pixel_24132,pixel_24133,pixel_24134,pixel_24135,pixel_24136,pixel_24137,pixel_24138,pixel_24139,pixel_24140,pixel_24141,pixel_24142,pixel_24143,pixel_24144,pixel_24145,pixel_24146,pixel_24147,pixel_24148,pixel_24149,pixel_24150,pixel_24151,pixel_24152,pixel_24153,pixel_24154,pixel_24155,pixel_24156,pixel_24157,pixel_24158,pixel_24159,pixel_24160,pixel_24161,pixel_24162,pixel_24163,pixel_24164,pixel_24165,pixel_24166,pixel_24167,pixel_24168,pixel_24169,pixel_24170,pixel_24171,pixel_24172,pixel_24173,pixel_24174,pixel_24175,pixel_24176,pixel_24177,pixel_24178,pixel_24179,pixel_24180,pixel_24181,pixel_24182,pixel_24183,pixel_24184,pixel_24185,pixel_24186,pixel_24187,pixel_24188,pixel_24189,pixel_24190,pixel_24191,pixel_24192,pixel_24193,pixel_24194,pixel_24195,pixel_24196,pixel_24197,pixel_24198,pixel_24199,pixel_24200,pixel_24201,pixel_24202,pixel_24203,pixel_24204,pixel_24205,pixel_24206,pixel_24207,pixel_24208,pixel_24209,pixel_24210,pixel_24211,pixel_24212,pixel_24213,pixel_24214,pixel_24215,pixel_24216,pixel_24217,pixel_24218,pixel_24219,pixel_24220,pixel_24221,pixel_24222,pixel_24223,pixel_24224,pixel_24225,pixel_24226,pixel_24227,pixel_24228,pixel_24229,pixel_24230,pixel_24231,pixel_24232,pixel_24233,pixel_24234,pixel_24235,pixel_24236,pixel_24237,pixel_24238,pixel_24239,pixel_24240,pixel_24241,pixel_24242,pixel_24243,pixel_24244,pixel_24245,pixel_24246,pixel_24247,pixel_24248,pixel_24249,pixel_24250,pixel_24251,pixel_24252,pixel_24253,pixel_24254,pixel_24255,pixel_24256,pixel_24257,pixel_24258,pixel_24259,pixel_24260,pixel_24261,pixel_24262,pixel_24263,pixel_24264,pixel_24265,pixel_24266,pixel_24267,pixel_24268,pixel_24269,pixel_24270,pixel_24271,pixel_24272,pixel_24273,pixel_24274,pixel_24275,pixel_24276,pixel_24277,pixel_24278,pixel_24279,pixel_24280,pixel_24281,pixel_24282,pixel_24283,pixel_24284,pixel_24285,pixel_24286,pixel_24287,pixel_24288,pixel_24289,pixel_24290,pixel_24291,pixel_24292,pixel_24293,pixel_24294,pixel_24295,pixel_24296,pixel_24297,pixel_24298,pixel_24299,pixel_24300,pixel_24301,pixel_24302,pixel_24303,pixel_24304,pixel_24305,pixel_24306,pixel_24307,pixel_24308,pixel_24309,pixel_24310,pixel_24311,pixel_24312,pixel_24313,pixel_24314,pixel_24315,pixel_24316,pixel_24317,pixel_24318,pixel_24319,pixel_24320,pixel_24321,pixel_24322,pixel_24323,pixel_24324,pixel_24325,pixel_24326,pixel_24327,pixel_24328,pixel_24329,pixel_24330,pixel_24331,pixel_24332,pixel_24333,pixel_24334,pixel_24335,pixel_24336,pixel_24337,pixel_24338,pixel_24339,pixel_24340,pixel_24341,pixel_24342,pixel_24343,pixel_24344,pixel_24345,pixel_24346,pixel_24347,pixel_24348,pixel_24349,pixel_24350,pixel_24351,pixel_24352,pixel_24353,pixel_24354,pixel_24355,pixel_24356,pixel_24357,pixel_24358,pixel_24359,pixel_24360,pixel_24361,pixel_24362,pixel_24363,pixel_24364,pixel_24365,pixel_24366,pixel_24367,pixel_24368,pixel_24369,pixel_24370,pixel_24371,pixel_24372,pixel_24373,pixel_24374,pixel_24375,pixel_24376,pixel_24377,pixel_24378,pixel_24379,pixel_24380,pixel_24381,pixel_24382,pixel_24383,pixel_24384,pixel_24385,pixel_24386,pixel_24387,pixel_24388,pixel_24389,pixel_24390,pixel_24391,pixel_24392,pixel_24393,pixel_24394,pixel_24395,pixel_24396,pixel_24397,pixel_24398,pixel_24399,pixel_24400,pixel_24401,pixel_24402,pixel_24403,pixel_24404,pixel_24405,pixel_24406,pixel_24407,pixel_24408,pixel_24409,pixel_24410,pixel_24411,pixel_24412,pixel_24413,pixel_24414,pixel_24415,pixel_24416,pixel_24417,pixel_24418,pixel_24419,pixel_24420,pixel_24421,pixel_24422,pixel_24423,pixel_24424,pixel_24425,pixel_24426,pixel_24427,pixel_24428,pixel_24429,pixel_24430,pixel_24431,pixel_24432,pixel_24433,pixel_24434,pixel_24435,pixel_24436,pixel_24437,pixel_24438,pixel_24439,pixel_24440,pixel_24441,pixel_24442,pixel_24443,pixel_24444,pixel_24445,pixel_24446,pixel_24447,pixel_24448,pixel_24449,pixel_24450,pixel_24451,pixel_24452,pixel_24453,pixel_24454,pixel_24455,pixel_24456,pixel_24457,pixel_24458,pixel_24459,pixel_24460,pixel_24461,pixel_24462,pixel_24463,pixel_24464,pixel_24465,pixel_24466,pixel_24467,pixel_24468,pixel_24469,pixel_24470,pixel_24471,pixel_24472,pixel_24473,pixel_24474,pixel_24475,pixel_24476,pixel_24477,pixel_24478,pixel_24479,pixel_24480,pixel_24481,pixel_24482,pixel_24483,pixel_24484,pixel_24485,pixel_24486,pixel_24487,pixel_24488,pixel_24489,pixel_24490,pixel_24491,pixel_24492,pixel_24493,pixel_24494,pixel_24495,pixel_24496,pixel_24497,pixel_24498,pixel_24499,pixel_24500,pixel_24501,pixel_24502,pixel_24503,pixel_24504,pixel_24505,pixel_24506,pixel_24507,pixel_24508,pixel_24509,pixel_24510,pixel_24511,pixel_24512,pixel_24513,pixel_24514,pixel_24515,pixel_24516,pixel_24517,pixel_24518,pixel_24519,pixel_24520,pixel_24521,pixel_24522,pixel_24523,pixel_24524,pixel_24525,pixel_24526,pixel_24527,pixel_24528,pixel_24529,pixel_24530,pixel_24531,pixel_24532,pixel_24533,pixel_24534,pixel_24535,pixel_24536,pixel_24537,pixel_24538,pixel_24539,pixel_24540,pixel_24541,pixel_24542,pixel_24543,pixel_24544,pixel_24545,pixel_24546,pixel_24547,pixel_24548,pixel_24549,pixel_24550,pixel_24551,pixel_24552,pixel_24553,pixel_24554,pixel_24555,pixel_24556,pixel_24557,pixel_24558,pixel_24559,pixel_24560,pixel_24561,pixel_24562,pixel_24563,pixel_24564,pixel_24565,pixel_24566,pixel_24567,pixel_24568,pixel_24569,pixel_24570,pixel_24571,pixel_24572,pixel_24573,pixel_24574,pixel_24575,pixel_24576,pixel_24577,pixel_24578,pixel_24579,pixel_24580,pixel_24581,pixel_24582,pixel_24583,pixel_24584,pixel_24585,pixel_24586,pixel_24587,pixel_24588,pixel_24589,pixel_24590,pixel_24591,pixel_24592,pixel_24593,pixel_24594,pixel_24595,pixel_24596,pixel_24597,pixel_24598,pixel_24599,pixel_24600,pixel_24601,pixel_24602,pixel_24603,pixel_24604,pixel_24605,pixel_24606,pixel_24607,pixel_24608,pixel_24609,pixel_24610,pixel_24611,pixel_24612,pixel_24613,pixel_24614,pixel_24615,pixel_24616,pixel_24617,pixel_24618,pixel_24619,pixel_24620,pixel_24621,pixel_24622,pixel_24623,pixel_24624,pixel_24625,pixel_24626,pixel_24627,pixel_24628,pixel_24629,pixel_24630,pixel_24631,pixel_24632,pixel_24633,pixel_24634,pixel_24635,pixel_24636,pixel_24637,pixel_24638,pixel_24639,pixel_24640,pixel_24641,pixel_24642,pixel_24643,pixel_24644,pixel_24645,pixel_24646,pixel_24647,pixel_24648,pixel_24649,pixel_24650,pixel_24651,pixel_24652,pixel_24653,pixel_24654,pixel_24655,pixel_24656,pixel_24657,pixel_24658,pixel_24659,pixel_24660,pixel_24661,pixel_24662,pixel_24663,pixel_24664,pixel_24665,pixel_24666,pixel_24667,pixel_24668,pixel_24669,pixel_24670,pixel_24671,pixel_24672,pixel_24673,pixel_24674,pixel_24675,pixel_24676,pixel_24677,pixel_24678,pixel_24679,pixel_24680,pixel_24681,pixel_24682,pixel_24683,pixel_24684,pixel_24685,pixel_24686,pixel_24687,pixel_24688,pixel_24689,pixel_24690,pixel_24691,pixel_24692,pixel_24693,pixel_24694,pixel_24695,pixel_24696,pixel_24697,pixel_24698,pixel_24699,pixel_24700,pixel_24701,pixel_24702,pixel_24703,pixel_24704,pixel_24705,pixel_24706,pixel_24707,pixel_24708,pixel_24709,pixel_24710,pixel_24711,pixel_24712,pixel_24713,pixel_24714,pixel_24715,pixel_24716,pixel_24717,pixel_24718,pixel_24719,pixel_24720,pixel_24721,pixel_24722,pixel_24723,pixel_24724,pixel_24725,pixel_24726,pixel_24727,pixel_24728,pixel_24729,pixel_24730,pixel_24731,pixel_24732,pixel_24733,pixel_24734,pixel_24735,pixel_24736,pixel_24737,pixel_24738,pixel_24739,pixel_24740,pixel_24741,pixel_24742,pixel_24743,pixel_24744,pixel_24745,pixel_24746,pixel_24747,pixel_24748,pixel_24749,pixel_24750,pixel_24751,pixel_24752,pixel_24753,pixel_24754,pixel_24755,pixel_24756,pixel_24757,pixel_24758,pixel_24759,pixel_24760,pixel_24761,pixel_24762,pixel_24763,pixel_24764,pixel_24765,pixel_24766,pixel_24767,pixel_24768,pixel_24769,pixel_24770,pixel_24771,pixel_24772,pixel_24773,pixel_24774,pixel_24775,pixel_24776,pixel_24777,pixel_24778,pixel_24779,pixel_24780,pixel_24781,pixel_24782,pixel_24783,pixel_24784,pixel_24785,pixel_24786,pixel_24787,pixel_24788,pixel_24789,pixel_24790,pixel_24791,pixel_24792,pixel_24793,pixel_24794,pixel_24795,pixel_24796,pixel_24797,pixel_24798,pixel_24799,pixel_24800,pixel_24801,pixel_24802,pixel_24803,pixel_24804,pixel_24805,pixel_24806,pixel_24807,pixel_24808,pixel_24809,pixel_24810,pixel_24811,pixel_24812,pixel_24813,pixel_24814,pixel_24815,pixel_24816,pixel_24817,pixel_24818,pixel_24819,pixel_24820,pixel_24821,pixel_24822,pixel_24823,pixel_24824,pixel_24825,pixel_24826,pixel_24827,pixel_24828,pixel_24829,pixel_24830,pixel_24831,pixel_24832,pixel_24833,pixel_24834,pixel_24835,pixel_24836,pixel_24837,pixel_24838,pixel_24839,pixel_24840,pixel_24841,pixel_24842,pixel_24843,pixel_24844,pixel_24845,pixel_24846,pixel_24847,pixel_24848,pixel_24849,pixel_24850,pixel_24851,pixel_24852,pixel_24853,pixel_24854,pixel_24855,pixel_24856,pixel_24857,pixel_24858,pixel_24859,pixel_24860,pixel_24861,pixel_24862,pixel_24863,pixel_24864,pixel_24865,pixel_24866,pixel_24867,pixel_24868,pixel_24869,pixel_24870,pixel_24871,pixel_24872,pixel_24873,pixel_24874,pixel_24875,pixel_24876,pixel_24877,pixel_24878,pixel_24879,pixel_24880,pixel_24881,pixel_24882,pixel_24883,pixel_24884,pixel_24885,pixel_24886,pixel_24887,pixel_24888,pixel_24889,pixel_24890,pixel_24891,pixel_24892,pixel_24893,pixel_24894,pixel_24895,pixel_24896,pixel_24897,pixel_24898,pixel_24899,pixel_24900,pixel_24901,pixel_24902,pixel_24903,pixel_24904,pixel_24905,pixel_24906,pixel_24907,pixel_24908,pixel_24909,pixel_24910,pixel_24911,pixel_24912,pixel_24913,pixel_24914,pixel_24915,pixel_24916,pixel_24917,pixel_24918,pixel_24919,pixel_24920,pixel_24921,pixel_24922,pixel_24923,pixel_24924,pixel_24925,pixel_24926,pixel_24927,pixel_24928,pixel_24929,pixel_24930,pixel_24931,pixel_24932,pixel_24933,pixel_24934,pixel_24935,pixel_24936,pixel_24937,pixel_24938,pixel_24939,pixel_24940,pixel_24941,pixel_24942,pixel_24943,pixel_24944,pixel_24945,pixel_24946,pixel_24947,pixel_24948,pixel_24949,pixel_24950,pixel_24951,pixel_24952,pixel_24953,pixel_24954,pixel_24955,pixel_24956,pixel_24957,pixel_24958,pixel_24959,pixel_24960,pixel_24961,pixel_24962,pixel_24963,pixel_24964,pixel_24965,pixel_24966,pixel_24967,pixel_24968,pixel_24969,pixel_24970,pixel_24971,pixel_24972,pixel_24973,pixel_24974,pixel_24975,pixel_24976,pixel_24977,pixel_24978,pixel_24979,pixel_24980,pixel_24981,pixel_24982,pixel_24983,pixel_24984,pixel_24985,pixel_24986,pixel_24987,pixel_24988,pixel_24989,pixel_24990,pixel_24991,pixel_24992,pixel_24993,pixel_24994,pixel_24995,pixel_24996,pixel_24997,pixel_24998,pixel_24999,pixel_25000,pixel_25001,pixel_25002,pixel_25003,pixel_25004,pixel_25005,pixel_25006,pixel_25007,pixel_25008,pixel_25009,pixel_25010,pixel_25011,pixel_25012,pixel_25013,pixel_25014,pixel_25015,pixel_25016,pixel_25017,pixel_25018,pixel_25019,pixel_25020,pixel_25021,pixel_25022,pixel_25023,pixel_25024,pixel_25025,pixel_25026,pixel_25027,pixel_25028,pixel_25029,pixel_25030,pixel_25031,pixel_25032,pixel_25033,pixel_25034,pixel_25035,pixel_25036,pixel_25037,pixel_25038,pixel_25039,pixel_25040,pixel_25041,pixel_25042,pixel_25043,pixel_25044,pixel_25045,pixel_25046,pixel_25047,pixel_25048,pixel_25049,pixel_25050,pixel_25051,pixel_25052,pixel_25053,pixel_25054,pixel_25055,pixel_25056,pixel_25057,pixel_25058,pixel_25059,pixel_25060,pixel_25061,pixel_25062,pixel_25063,pixel_25064,pixel_25065,pixel_25066,pixel_25067,pixel_25068,pixel_25069,pixel_25070,pixel_25071,pixel_25072,pixel_25073,pixel_25074,pixel_25075,pixel_25076,pixel_25077,pixel_25078,pixel_25079,pixel_25080,pixel_25081,pixel_25082,pixel_25083,pixel_25084,pixel_25085,pixel_25086,pixel_25087,pixel_25088,pixel_25089,pixel_25090,pixel_25091,pixel_25092,pixel_25093,pixel_25094,pixel_25095,pixel_25096,pixel_25097,pixel_25098,pixel_25099,pixel_25100,pixel_25101,pixel_25102,pixel_25103,pixel_25104,pixel_25105,pixel_25106,pixel_25107,pixel_25108,pixel_25109,pixel_25110,pixel_25111,pixel_25112,pixel_25113,pixel_25114,pixel_25115,pixel_25116,pixel_25117,pixel_25118,pixel_25119,pixel_25120,pixel_25121,pixel_25122,pixel_25123,pixel_25124,pixel_25125,pixel_25126,pixel_25127,pixel_25128,pixel_25129,pixel_25130,pixel_25131,pixel_25132,pixel_25133,pixel_25134,pixel_25135,pixel_25136,pixel_25137,pixel_25138,pixel_25139,pixel_25140,pixel_25141,pixel_25142,pixel_25143,pixel_25144,pixel_25145,pixel_25146,pixel_25147,pixel_25148,pixel_25149,pixel_25150,pixel_25151,pixel_25152,pixel_25153,pixel_25154,pixel_25155,pixel_25156,pixel_25157,pixel_25158,pixel_25159,pixel_25160,pixel_25161,pixel_25162,pixel_25163,pixel_25164,pixel_25165,pixel_25166,pixel_25167,pixel_25168,pixel_25169,pixel_25170,pixel_25171,pixel_25172,pixel_25173,pixel_25174,pixel_25175,pixel_25176,pixel_25177,pixel_25178,pixel_25179,pixel_25180,pixel_25181,pixel_25182,pixel_25183,pixel_25184,pixel_25185,pixel_25186,pixel_25187,pixel_25188,pixel_25189,pixel_25190,pixel_25191,pixel_25192,pixel_25193,pixel_25194,pixel_25195,pixel_25196,pixel_25197,pixel_25198,pixel_25199,pixel_25200,pixel_25201,pixel_25202,pixel_25203,pixel_25204,pixel_25205,pixel_25206,pixel_25207,pixel_25208,pixel_25209,pixel_25210,pixel_25211,pixel_25212,pixel_25213,pixel_25214,pixel_25215,pixel_25216,pixel_25217,pixel_25218,pixel_25219,pixel_25220,pixel_25221,pixel_25222,pixel_25223,pixel_25224,pixel_25225,pixel_25226,pixel_25227,pixel_25228,pixel_25229,pixel_25230,pixel_25231,pixel_25232,pixel_25233,pixel_25234,pixel_25235,pixel_25236,pixel_25237,pixel_25238,pixel_25239,pixel_25240,pixel_25241,pixel_25242,pixel_25243,pixel_25244,pixel_25245,pixel_25246,pixel_25247,pixel_25248,pixel_25249,pixel_25250,pixel_25251,pixel_25252,pixel_25253,pixel_25254,pixel_25255,pixel_25256,pixel_25257,pixel_25258,pixel_25259,pixel_25260,pixel_25261,pixel_25262,pixel_25263,pixel_25264,pixel_25265,pixel_25266,pixel_25267,pixel_25268,pixel_25269,pixel_25270,pixel_25271,pixel_25272,pixel_25273,pixel_25274,pixel_25275,pixel_25276,pixel_25277,pixel_25278,pixel_25279,pixel_25280,pixel_25281,pixel_25282,pixel_25283,pixel_25284,pixel_25285,pixel_25286,pixel_25287,pixel_25288,pixel_25289,pixel_25290,pixel_25291,pixel_25292,pixel_25293,pixel_25294,pixel_25295,pixel_25296,pixel_25297,pixel_25298,pixel_25299,pixel_25300,pixel_25301,pixel_25302,pixel_25303,pixel_25304,pixel_25305,pixel_25306,pixel_25307,pixel_25308,pixel_25309,pixel_25310,pixel_25311,pixel_25312,pixel_25313,pixel_25314,pixel_25315,pixel_25316,pixel_25317,pixel_25318,pixel_25319,pixel_25320,pixel_25321,pixel_25322,pixel_25323,pixel_25324,pixel_25325,pixel_25326,pixel_25327,pixel_25328,pixel_25329,pixel_25330,pixel_25331,pixel_25332,pixel_25333,pixel_25334,pixel_25335,pixel_25336,pixel_25337,pixel_25338,pixel_25339,pixel_25340,pixel_25341,pixel_25342,pixel_25343,pixel_25344,pixel_25345,pixel_25346,pixel_25347,pixel_25348,pixel_25349,pixel_25350,pixel_25351,pixel_25352,pixel_25353,pixel_25354,pixel_25355,pixel_25356,pixel_25357,pixel_25358,pixel_25359,pixel_25360,pixel_25361,pixel_25362,pixel_25363,pixel_25364,pixel_25365,pixel_25366,pixel_25367,pixel_25368,pixel_25369,pixel_25370,pixel_25371,pixel_25372,pixel_25373,pixel_25374,pixel_25375,pixel_25376,pixel_25377,pixel_25378,pixel_25379,pixel_25380,pixel_25381,pixel_25382,pixel_25383,pixel_25384,pixel_25385,pixel_25386,pixel_25387,pixel_25388,pixel_25389,pixel_25390,pixel_25391,pixel_25392,pixel_25393,pixel_25394,pixel_25395,pixel_25396,pixel_25397,pixel_25398,pixel_25399,pixel_25400,pixel_25401,pixel_25402,pixel_25403,pixel_25404,pixel_25405,pixel_25406,pixel_25407,pixel_25408,pixel_25409,pixel_25410,pixel_25411,pixel_25412,pixel_25413,pixel_25414,pixel_25415,pixel_25416,pixel_25417,pixel_25418,pixel_25419,pixel_25420,pixel_25421,pixel_25422,pixel_25423,pixel_25424,pixel_25425,pixel_25426,pixel_25427,pixel_25428,pixel_25429,pixel_25430,pixel_25431,pixel_25432,pixel_25433,pixel_25434,pixel_25435,pixel_25436,pixel_25437,pixel_25438,pixel_25439,pixel_25440,pixel_25441,pixel_25442,pixel_25443,pixel_25444,pixel_25445,pixel_25446,pixel_25447,pixel_25448,pixel_25449,pixel_25450,pixel_25451,pixel_25452,pixel_25453,pixel_25454,pixel_25455,pixel_25456,pixel_25457,pixel_25458,pixel_25459,pixel_25460,pixel_25461,pixel_25462,pixel_25463,pixel_25464,pixel_25465,pixel_25466,pixel_25467,pixel_25468,pixel_25469,pixel_25470,pixel_25471,pixel_25472,pixel_25473,pixel_25474,pixel_25475,pixel_25476,pixel_25477,pixel_25478,pixel_25479,pixel_25480,pixel_25481,pixel_25482,pixel_25483,pixel_25484,pixel_25485,pixel_25486,pixel_25487,pixel_25488,pixel_25489,pixel_25490,pixel_25491,pixel_25492,pixel_25493,pixel_25494,pixel_25495,pixel_25496,pixel_25497,pixel_25498,pixel_25499,pixel_25500,pixel_25501,pixel_25502,pixel_25503,pixel_25504,pixel_25505,pixel_25506,pixel_25507,pixel_25508,pixel_25509,pixel_25510,pixel_25511,pixel_25512,pixel_25513,pixel_25514,pixel_25515,pixel_25516,pixel_25517,pixel_25518,pixel_25519,pixel_25520,pixel_25521,pixel_25522,pixel_25523,pixel_25524,pixel_25525,pixel_25526,pixel_25527,pixel_25528,pixel_25529,pixel_25530,pixel_25531,pixel_25532,pixel_25533,pixel_25534,pixel_25535,pixel_25536,pixel_25537,pixel_25538,pixel_25539,pixel_25540,pixel_25541,pixel_25542,pixel_25543,pixel_25544,pixel_25545,pixel_25546,pixel_25547,pixel_25548,pixel_25549,pixel_25550,pixel_25551,pixel_25552,pixel_25553,pixel_25554,pixel_25555,pixel_25556,pixel_25557,pixel_25558,pixel_25559,pixel_25560,pixel_25561,pixel_25562,pixel_25563,pixel_25564,pixel_25565,pixel_25566,pixel_25567,pixel_25568,pixel_25569,pixel_25570,pixel_25571,pixel_25572,pixel_25573,pixel_25574,pixel_25575,pixel_25576,pixel_25577,pixel_25578,pixel_25579,pixel_25580,pixel_25581,pixel_25582,pixel_25583,pixel_25584,pixel_25585,pixel_25586,pixel_25587,pixel_25588,pixel_25589,pixel_25590,pixel_25591,pixel_25592,pixel_25593,pixel_25594,pixel_25595,pixel_25596,pixel_25597,pixel_25598,pixel_25599,pixel_25600,pixel_25601,pixel_25602,pixel_25603,pixel_25604,pixel_25605,pixel_25606,pixel_25607,pixel_25608,pixel_25609,pixel_25610,pixel_25611,pixel_25612,pixel_25613,pixel_25614,pixel_25615,pixel_25616,pixel_25617,pixel_25618,pixel_25619,pixel_25620,pixel_25621,pixel_25622,pixel_25623,pixel_25624,pixel_25625,pixel_25626,pixel_25627,pixel_25628,pixel_25629,pixel_25630,pixel_25631,pixel_25632,pixel_25633,pixel_25634,pixel_25635,pixel_25636,pixel_25637,pixel_25638,pixel_25639,pixel_25640,pixel_25641,pixel_25642,pixel_25643,pixel_25644,pixel_25645,pixel_25646,pixel_25647,pixel_25648,pixel_25649,pixel_25650,pixel_25651,pixel_25652,pixel_25653,pixel_25654,pixel_25655,pixel_25656,pixel_25657,pixel_25658,pixel_25659,pixel_25660,pixel_25661,pixel_25662,pixel_25663,pixel_25664,pixel_25665,pixel_25666,pixel_25667,pixel_25668,pixel_25669,pixel_25670,pixel_25671,pixel_25672,pixel_25673,pixel_25674,pixel_25675,pixel_25676,pixel_25677,pixel_25678,pixel_25679,pixel_25680,pixel_25681,pixel_25682,pixel_25683,pixel_25684,pixel_25685,pixel_25686,pixel_25687,pixel_25688,pixel_25689,pixel_25690,pixel_25691,pixel_25692,pixel_25693,pixel_25694,pixel_25695,pixel_25696,pixel_25697,pixel_25698,pixel_25699,pixel_25700,pixel_25701,pixel_25702,pixel_25703,pixel_25704,pixel_25705,pixel_25706,pixel_25707,pixel_25708,pixel_25709,pixel_25710,pixel_25711,pixel_25712,pixel_25713,pixel_25714,pixel_25715,pixel_25716,pixel_25717,pixel_25718,pixel_25719,pixel_25720,pixel_25721,pixel_25722,pixel_25723,pixel_25724,pixel_25725,pixel_25726,pixel_25727,pixel_25728,pixel_25729,pixel_25730,pixel_25731,pixel_25732,pixel_25733,pixel_25734,pixel_25735,pixel_25736,pixel_25737,pixel_25738,pixel_25739,pixel_25740,pixel_25741,pixel_25742,pixel_25743,pixel_25744,pixel_25745,pixel_25746,pixel_25747,pixel_25748,pixel_25749,pixel_25750,pixel_25751,pixel_25752,pixel_25753,pixel_25754,pixel_25755,pixel_25756,pixel_25757,pixel_25758,pixel_25759,pixel_25760,pixel_25761,pixel_25762,pixel_25763,pixel_25764,pixel_25765,pixel_25766,pixel_25767,pixel_25768,pixel_25769,pixel_25770,pixel_25771,pixel_25772,pixel_25773,pixel_25774,pixel_25775,pixel_25776,pixel_25777,pixel_25778,pixel_25779,pixel_25780,pixel_25781,pixel_25782,pixel_25783,pixel_25784,pixel_25785,pixel_25786,pixel_25787,pixel_25788,pixel_25789,pixel_25790,pixel_25791,pixel_25792,pixel_25793,pixel_25794,pixel_25795,pixel_25796,pixel_25797,pixel_25798,pixel_25799,pixel_25800,pixel_25801,pixel_25802,pixel_25803,pixel_25804,pixel_25805,pixel_25806,pixel_25807,pixel_25808,pixel_25809,pixel_25810,pixel_25811,pixel_25812,pixel_25813,pixel_25814,pixel_25815,pixel_25816,pixel_25817,pixel_25818,pixel_25819,pixel_25820,pixel_25821,pixel_25822,pixel_25823,pixel_25824,pixel_25825,pixel_25826,pixel_25827,pixel_25828,pixel_25829,pixel_25830,pixel_25831,pixel_25832,pixel_25833,pixel_25834,pixel_25835,pixel_25836,pixel_25837,pixel_25838,pixel_25839,pixel_25840,pixel_25841,pixel_25842,pixel_25843,pixel_25844,pixel_25845,pixel_25846,pixel_25847,pixel_25848,pixel_25849,pixel_25850,pixel_25851,pixel_25852,pixel_25853,pixel_25854,pixel_25855,pixel_25856,pixel_25857,pixel_25858,pixel_25859,pixel_25860,pixel_25861,pixel_25862,pixel_25863,pixel_25864,pixel_25865,pixel_25866,pixel_25867,pixel_25868,pixel_25869,pixel_25870,pixel_25871,pixel_25872,pixel_25873,pixel_25874,pixel_25875,pixel_25876,pixel_25877,pixel_25878,pixel_25879,pixel_25880,pixel_25881,pixel_25882,pixel_25883,pixel_25884,pixel_25885,pixel_25886,pixel_25887,pixel_25888,pixel_25889,pixel_25890,pixel_25891,pixel_25892,pixel_25893,pixel_25894,pixel_25895,pixel_25896,pixel_25897,pixel_25898,pixel_25899,pixel_25900,pixel_25901,pixel_25902,pixel_25903,pixel_25904,pixel_25905,pixel_25906,pixel_25907,pixel_25908,pixel_25909,pixel_25910,pixel_25911,pixel_25912,pixel_25913,pixel_25914,pixel_25915,pixel_25916,pixel_25917,pixel_25918,pixel_25919,pixel_25920,pixel_25921,pixel_25922,pixel_25923,pixel_25924,pixel_25925,pixel_25926,pixel_25927,pixel_25928,pixel_25929,pixel_25930,pixel_25931,pixel_25932,pixel_25933,pixel_25934,pixel_25935,pixel_25936,pixel_25937,pixel_25938,pixel_25939,pixel_25940,pixel_25941,pixel_25942,pixel_25943,pixel_25944,pixel_25945,pixel_25946,pixel_25947,pixel_25948,pixel_25949,pixel_25950,pixel_25951,pixel_25952,pixel_25953,pixel_25954,pixel_25955,pixel_25956,pixel_25957,pixel_25958,pixel_25959,pixel_25960,pixel_25961,pixel_25962,pixel_25963,pixel_25964,pixel_25965,pixel_25966,pixel_25967,pixel_25968,pixel_25969,pixel_25970,pixel_25971,pixel_25972,pixel_25973,pixel_25974,pixel_25975,pixel_25976,pixel_25977,pixel_25978,pixel_25979,pixel_25980,pixel_25981,pixel_25982,pixel_25983,pixel_25984,pixel_25985,pixel_25986,pixel_25987,pixel_25988,pixel_25989,pixel_25990,pixel_25991,pixel_25992,pixel_25993,pixel_25994,pixel_25995,pixel_25996,pixel_25997,pixel_25998,pixel_25999,pixel_26000,pixel_26001,pixel_26002,pixel_26003,pixel_26004,pixel_26005,pixel_26006,pixel_26007,pixel_26008,pixel_26009,pixel_26010,pixel_26011,pixel_26012,pixel_26013,pixel_26014,pixel_26015,pixel_26016,pixel_26017,pixel_26018,pixel_26019,pixel_26020,pixel_26021,pixel_26022,pixel_26023,pixel_26024,pixel_26025,pixel_26026,pixel_26027,pixel_26028,pixel_26029,pixel_26030,pixel_26031,pixel_26032,pixel_26033,pixel_26034,pixel_26035,pixel_26036,pixel_26037,pixel_26038,pixel_26039,pixel_26040,pixel_26041,pixel_26042,pixel_26043,pixel_26044,pixel_26045,pixel_26046,pixel_26047,pixel_26048,pixel_26049,pixel_26050,pixel_26051,pixel_26052,pixel_26053,pixel_26054,pixel_26055,pixel_26056,pixel_26057,pixel_26058,pixel_26059,pixel_26060,pixel_26061,pixel_26062,pixel_26063,pixel_26064,pixel_26065,pixel_26066,pixel_26067,pixel_26068,pixel_26069,pixel_26070,pixel_26071,pixel_26072,pixel_26073,pixel_26074,pixel_26075,pixel_26076,pixel_26077,pixel_26078,pixel_26079,pixel_26080,pixel_26081,pixel_26082,pixel_26083,pixel_26084,pixel_26085,pixel_26086,pixel_26087,pixel_26088,pixel_26089,pixel_26090,pixel_26091,pixel_26092,pixel_26093,pixel_26094,pixel_26095,pixel_26096,pixel_26097,pixel_26098,pixel_26099,pixel_26100,pixel_26101,pixel_26102,pixel_26103,pixel_26104,pixel_26105,pixel_26106,pixel_26107,pixel_26108,pixel_26109,pixel_26110,pixel_26111,pixel_26112,pixel_26113,pixel_26114,pixel_26115,pixel_26116,pixel_26117,pixel_26118,pixel_26119,pixel_26120,pixel_26121,pixel_26122,pixel_26123,pixel_26124,pixel_26125,pixel_26126,pixel_26127,pixel_26128,pixel_26129,pixel_26130,pixel_26131,pixel_26132,pixel_26133,pixel_26134,pixel_26135,pixel_26136,pixel_26137,pixel_26138,pixel_26139,pixel_26140,pixel_26141,pixel_26142,pixel_26143,pixel_26144,pixel_26145,pixel_26146,pixel_26147,pixel_26148,pixel_26149,pixel_26150,pixel_26151,pixel_26152,pixel_26153,pixel_26154,pixel_26155,pixel_26156,pixel_26157,pixel_26158,pixel_26159,pixel_26160,pixel_26161,pixel_26162,pixel_26163,pixel_26164,pixel_26165,pixel_26166,pixel_26167,pixel_26168,pixel_26169,pixel_26170,pixel_26171,pixel_26172,pixel_26173,pixel_26174,pixel_26175,pixel_26176,pixel_26177,pixel_26178,pixel_26179,pixel_26180,pixel_26181,pixel_26182,pixel_26183,pixel_26184,pixel_26185,pixel_26186,pixel_26187,pixel_26188,pixel_26189,pixel_26190,pixel_26191,pixel_26192,pixel_26193,pixel_26194,pixel_26195,pixel_26196,pixel_26197,pixel_26198,pixel_26199,pixel_26200,pixel_26201,pixel_26202,pixel_26203,pixel_26204,pixel_26205,pixel_26206,pixel_26207,pixel_26208,pixel_26209,pixel_26210,pixel_26211,pixel_26212,pixel_26213,pixel_26214,pixel_26215,pixel_26216,pixel_26217,pixel_26218,pixel_26219,pixel_26220,pixel_26221,pixel_26222,pixel_26223,pixel_26224,pixel_26225,pixel_26226,pixel_26227,pixel_26228,pixel_26229,pixel_26230,pixel_26231,pixel_26232,pixel_26233,pixel_26234,pixel_26235,pixel_26236,pixel_26237,pixel_26238,pixel_26239,pixel_26240,pixel_26241,pixel_26242,pixel_26243,pixel_26244,pixel_26245,pixel_26246,pixel_26247,pixel_26248,pixel_26249,pixel_26250,pixel_26251,pixel_26252,pixel_26253,pixel_26254,pixel_26255,pixel_26256,pixel_26257,pixel_26258,pixel_26259,pixel_26260,pixel_26261,pixel_26262,pixel_26263,pixel_26264,pixel_26265,pixel_26266,pixel_26267,pixel_26268,pixel_26269,pixel_26270,pixel_26271,pixel_26272,pixel_26273,pixel_26274,pixel_26275,pixel_26276,pixel_26277,pixel_26278,pixel_26279,pixel_26280,pixel_26281,pixel_26282,pixel_26283,pixel_26284,pixel_26285,pixel_26286,pixel_26287,pixel_26288,pixel_26289,pixel_26290,pixel_26291,pixel_26292,pixel_26293,pixel_26294,pixel_26295,pixel_26296,pixel_26297,pixel_26298,pixel_26299,pixel_26300,pixel_26301,pixel_26302,pixel_26303,pixel_26304,pixel_26305,pixel_26306,pixel_26307,pixel_26308,pixel_26309,pixel_26310,pixel_26311,pixel_26312,pixel_26313,pixel_26314,pixel_26315,pixel_26316,pixel_26317,pixel_26318,pixel_26319,pixel_26320,pixel_26321,pixel_26322,pixel_26323,pixel_26324,pixel_26325,pixel_26326,pixel_26327,pixel_26328,pixel_26329,pixel_26330,pixel_26331,pixel_26332,pixel_26333,pixel_26334,pixel_26335,pixel_26336,pixel_26337,pixel_26338,pixel_26339,pixel_26340,pixel_26341,pixel_26342,pixel_26343,pixel_26344,pixel_26345,pixel_26346,pixel_26347,pixel_26348,pixel_26349,pixel_26350,pixel_26351,pixel_26352,pixel_26353,pixel_26354,pixel_26355,pixel_26356,pixel_26357,pixel_26358,pixel_26359,pixel_26360,pixel_26361,pixel_26362,pixel_26363,pixel_26364,pixel_26365,pixel_26366,pixel_26367,pixel_26368,pixel_26369,pixel_26370,pixel_26371,pixel_26372,pixel_26373,pixel_26374,pixel_26375,pixel_26376,pixel_26377,pixel_26378,pixel_26379,pixel_26380,pixel_26381,pixel_26382,pixel_26383,pixel_26384,pixel_26385,pixel_26386,pixel_26387,pixel_26388,pixel_26389,pixel_26390,pixel_26391,pixel_26392,pixel_26393,pixel_26394,pixel_26395,pixel_26396,pixel_26397,pixel_26398,pixel_26399,pixel_26400,pixel_26401,pixel_26402,pixel_26403,pixel_26404,pixel_26405,pixel_26406,pixel_26407,pixel_26408,pixel_26409,pixel_26410,pixel_26411,pixel_26412,pixel_26413,pixel_26414,pixel_26415,pixel_26416,pixel_26417,pixel_26418,pixel_26419,pixel_26420,pixel_26421,pixel_26422,pixel_26423,pixel_26424,pixel_26425,pixel_26426,pixel_26427,pixel_26428,pixel_26429,pixel_26430,pixel_26431,pixel_26432,pixel_26433,pixel_26434,pixel_26435,pixel_26436,pixel_26437,pixel_26438,pixel_26439,pixel_26440,pixel_26441,pixel_26442,pixel_26443,pixel_26444,pixel_26445,pixel_26446,pixel_26447,pixel_26448,pixel_26449,pixel_26450,pixel_26451,pixel_26452,pixel_26453,pixel_26454,pixel_26455,pixel_26456,pixel_26457,pixel_26458,pixel_26459,pixel_26460,pixel_26461,pixel_26462,pixel_26463,pixel_26464,pixel_26465,pixel_26466,pixel_26467,pixel_26468,pixel_26469,pixel_26470,pixel_26471,pixel_26472,pixel_26473,pixel_26474,pixel_26475,pixel_26476,pixel_26477,pixel_26478,pixel_26479,pixel_26480,pixel_26481,pixel_26482,pixel_26483,pixel_26484,pixel_26485,pixel_26486,pixel_26487,pixel_26488,pixel_26489,pixel_26490,pixel_26491,pixel_26492,pixel_26493,pixel_26494,pixel_26495,pixel_26496,pixel_26497,pixel_26498,pixel_26499,pixel_26500,pixel_26501,pixel_26502,pixel_26503,pixel_26504,pixel_26505,pixel_26506,pixel_26507,pixel_26508,pixel_26509,pixel_26510,pixel_26511,pixel_26512,pixel_26513,pixel_26514,pixel_26515,pixel_26516,pixel_26517,pixel_26518,pixel_26519,pixel_26520,pixel_26521,pixel_26522,pixel_26523,pixel_26524,pixel_26525,pixel_26526,pixel_26527,pixel_26528,pixel_26529,pixel_26530,pixel_26531,pixel_26532,pixel_26533,pixel_26534,pixel_26535,pixel_26536,pixel_26537,pixel_26538,pixel_26539,pixel_26540,pixel_26541,pixel_26542,pixel_26543,pixel_26544,pixel_26545,pixel_26546,pixel_26547,pixel_26548,pixel_26549,pixel_26550,pixel_26551,pixel_26552,pixel_26553,pixel_26554,pixel_26555,pixel_26556,pixel_26557,pixel_26558,pixel_26559,pixel_26560,pixel_26561,pixel_26562,pixel_26563,pixel_26564,pixel_26565,pixel_26566,pixel_26567,pixel_26568,pixel_26569,pixel_26570,pixel_26571,pixel_26572,pixel_26573,pixel_26574,pixel_26575,pixel_26576,pixel_26577,pixel_26578,pixel_26579,pixel_26580,pixel_26581,pixel_26582,pixel_26583,pixel_26584,pixel_26585,pixel_26586,pixel_26587,pixel_26588,pixel_26589,pixel_26590,pixel_26591,pixel_26592,pixel_26593,pixel_26594,pixel_26595,pixel_26596,pixel_26597,pixel_26598,pixel_26599,pixel_26600,pixel_26601,pixel_26602,pixel_26603,pixel_26604,pixel_26605,pixel_26606,pixel_26607,pixel_26608,pixel_26609,pixel_26610,pixel_26611,pixel_26612,pixel_26613,pixel_26614,pixel_26615,pixel_26616,pixel_26617,pixel_26618,pixel_26619,pixel_26620,pixel_26621,pixel_26622,pixel_26623,pixel_26624,pixel_26625,pixel_26626,pixel_26627,pixel_26628,pixel_26629,pixel_26630,pixel_26631,pixel_26632,pixel_26633,pixel_26634,pixel_26635,pixel_26636,pixel_26637,pixel_26638,pixel_26639,pixel_26640,pixel_26641,pixel_26642,pixel_26643,pixel_26644,pixel_26645,pixel_26646,pixel_26647,pixel_26648,pixel_26649,pixel_26650,pixel_26651,pixel_26652,pixel_26653,pixel_26654,pixel_26655,pixel_26656,pixel_26657,pixel_26658,pixel_26659,pixel_26660,pixel_26661,pixel_26662,pixel_26663,pixel_26664,pixel_26665,pixel_26666,pixel_26667,pixel_26668,pixel_26669,pixel_26670,pixel_26671,pixel_26672,pixel_26673,pixel_26674,pixel_26675,pixel_26676,pixel_26677,pixel_26678,pixel_26679,pixel_26680,pixel_26681,pixel_26682,pixel_26683,pixel_26684,pixel_26685,pixel_26686,pixel_26687,pixel_26688,pixel_26689,pixel_26690,pixel_26691,pixel_26692,pixel_26693,pixel_26694,pixel_26695,pixel_26696,pixel_26697,pixel_26698,pixel_26699,pixel_26700,pixel_26701,pixel_26702,pixel_26703,pixel_26704,pixel_26705,pixel_26706,pixel_26707,pixel_26708,pixel_26709,pixel_26710,pixel_26711,pixel_26712,pixel_26713,pixel_26714,pixel_26715,pixel_26716,pixel_26717,pixel_26718,pixel_26719,pixel_26720,pixel_26721,pixel_26722,pixel_26723,pixel_26724,pixel_26725,pixel_26726,pixel_26727,pixel_26728,pixel_26729,pixel_26730,pixel_26731,pixel_26732,pixel_26733,pixel_26734,pixel_26735,pixel_26736,pixel_26737,pixel_26738,pixel_26739,pixel_26740,pixel_26741,pixel_26742,pixel_26743,pixel_26744,pixel_26745,pixel_26746,pixel_26747,pixel_26748,pixel_26749,pixel_26750,pixel_26751,pixel_26752,pixel_26753,pixel_26754,pixel_26755,pixel_26756,pixel_26757,pixel_26758,pixel_26759,pixel_26760,pixel_26761,pixel_26762,pixel_26763,pixel_26764,pixel_26765,pixel_26766,pixel_26767,pixel_26768,pixel_26769,pixel_26770,pixel_26771,pixel_26772,pixel_26773,pixel_26774,pixel_26775,pixel_26776,pixel_26777,pixel_26778,pixel_26779,pixel_26780,pixel_26781,pixel_26782,pixel_26783,pixel_26784,pixel_26785,pixel_26786,pixel_26787,pixel_26788,pixel_26789,pixel_26790,pixel_26791,pixel_26792,pixel_26793,pixel_26794,pixel_26795,pixel_26796,pixel_26797,pixel_26798,pixel_26799,pixel_26800,pixel_26801,pixel_26802,pixel_26803,pixel_26804,pixel_26805,pixel_26806,pixel_26807,pixel_26808,pixel_26809,pixel_26810,pixel_26811,pixel_26812,pixel_26813,pixel_26814,pixel_26815,pixel_26816,pixel_26817,pixel_26818,pixel_26819,pixel_26820,pixel_26821,pixel_26822,pixel_26823,pixel_26824,pixel_26825,pixel_26826,pixel_26827,pixel_26828,pixel_26829,pixel_26830,pixel_26831,pixel_26832,pixel_26833,pixel_26834,pixel_26835,pixel_26836,pixel_26837,pixel_26838,pixel_26839,pixel_26840,pixel_26841,pixel_26842,pixel_26843,pixel_26844,pixel_26845,pixel_26846,pixel_26847,pixel_26848,pixel_26849,pixel_26850,pixel_26851,pixel_26852,pixel_26853,pixel_26854,pixel_26855,pixel_26856,pixel_26857,pixel_26858,pixel_26859,pixel_26860,pixel_26861,pixel_26862,pixel_26863,pixel_26864,pixel_26865,pixel_26866,pixel_26867,pixel_26868,pixel_26869,pixel_26870,pixel_26871,pixel_26872,pixel_26873,pixel_26874,pixel_26875,pixel_26876,pixel_26877,pixel_26878,pixel_26879,pixel_26880,pixel_26881,pixel_26882,pixel_26883,pixel_26884,pixel_26885,pixel_26886,pixel_26887,pixel_26888,pixel_26889,pixel_26890,pixel_26891,pixel_26892,pixel_26893,pixel_26894,pixel_26895,pixel_26896,pixel_26897,pixel_26898,pixel_26899,pixel_26900,pixel_26901,pixel_26902,pixel_26903,pixel_26904,pixel_26905,pixel_26906,pixel_26907,pixel_26908,pixel_26909,pixel_26910,pixel_26911,pixel_26912,pixel_26913,pixel_26914,pixel_26915,pixel_26916,pixel_26917,pixel_26918,pixel_26919,pixel_26920,pixel_26921,pixel_26922,pixel_26923,pixel_26924,pixel_26925,pixel_26926,pixel_26927,pixel_26928,pixel_26929,pixel_26930,pixel_26931,pixel_26932,pixel_26933,pixel_26934,pixel_26935,pixel_26936,pixel_26937,pixel_26938,pixel_26939,pixel_26940,pixel_26941,pixel_26942,pixel_26943,pixel_26944,pixel_26945,pixel_26946,pixel_26947,pixel_26948,pixel_26949,pixel_26950,pixel_26951,pixel_26952,pixel_26953,pixel_26954,pixel_26955,pixel_26956,pixel_26957,pixel_26958,pixel_26959,pixel_26960,pixel_26961,pixel_26962,pixel_26963,pixel_26964,pixel_26965,pixel_26966,pixel_26967,pixel_26968,pixel_26969,pixel_26970,pixel_26971,pixel_26972,pixel_26973,pixel_26974,pixel_26975,pixel_26976,pixel_26977,pixel_26978,pixel_26979,pixel_26980,pixel_26981,pixel_26982,pixel_26983,pixel_26984,pixel_26985,pixel_26986,pixel_26987,pixel_26988,pixel_26989,pixel_26990,pixel_26991,pixel_26992,pixel_26993,pixel_26994,pixel_26995,pixel_26996,pixel_26997,pixel_26998,pixel_26999,pixel_27000,pixel_27001,pixel_27002,pixel_27003,pixel_27004,pixel_27005,pixel_27006,pixel_27007,pixel_27008,pixel_27009,pixel_27010,pixel_27011,pixel_27012,pixel_27013,pixel_27014,pixel_27015,pixel_27016,pixel_27017,pixel_27018,pixel_27019,pixel_27020,pixel_27021,pixel_27022,pixel_27023,pixel_27024,pixel_27025,pixel_27026,pixel_27027,pixel_27028,pixel_27029,pixel_27030,pixel_27031,pixel_27032,pixel_27033,pixel_27034,pixel_27035,pixel_27036,pixel_27037,pixel_27038,pixel_27039,pixel_27040,pixel_27041,pixel_27042,pixel_27043,pixel_27044,pixel_27045,pixel_27046,pixel_27047,pixel_27048,pixel_27049,pixel_27050,pixel_27051,pixel_27052,pixel_27053,pixel_27054,pixel_27055,pixel_27056,pixel_27057,pixel_27058,pixel_27059,pixel_27060,pixel_27061,pixel_27062,pixel_27063,pixel_27064,pixel_27065,pixel_27066,pixel_27067,pixel_27068,pixel_27069,pixel_27070,pixel_27071,pixel_27072,pixel_27073,pixel_27074,pixel_27075,pixel_27076,pixel_27077,pixel_27078,pixel_27079,pixel_27080,pixel_27081,pixel_27082,pixel_27083,pixel_27084,pixel_27085,pixel_27086,pixel_27087,pixel_27088,pixel_27089,pixel_27090,pixel_27091,pixel_27092,pixel_27093,pixel_27094,pixel_27095,pixel_27096,pixel_27097,pixel_27098,pixel_27099,pixel_27100,pixel_27101,pixel_27102,pixel_27103,pixel_27104,pixel_27105,pixel_27106,pixel_27107,pixel_27108,pixel_27109,pixel_27110,pixel_27111,pixel_27112,pixel_27113,pixel_27114,pixel_27115,pixel_27116,pixel_27117,pixel_27118,pixel_27119,pixel_27120,pixel_27121,pixel_27122,pixel_27123,pixel_27124,pixel_27125,pixel_27126,pixel_27127,pixel_27128,pixel_27129,pixel_27130,pixel_27131,pixel_27132,pixel_27133,pixel_27134,pixel_27135,pixel_27136,pixel_27137,pixel_27138,pixel_27139,pixel_27140,pixel_27141,pixel_27142,pixel_27143,pixel_27144,pixel_27145,pixel_27146,pixel_27147,pixel_27148,pixel_27149,pixel_27150,pixel_27151,pixel_27152,pixel_27153,pixel_27154,pixel_27155,pixel_27156,pixel_27157,pixel_27158,pixel_27159,pixel_27160,pixel_27161,pixel_27162,pixel_27163,pixel_27164,pixel_27165,pixel_27166,pixel_27167,pixel_27168,pixel_27169,pixel_27170,pixel_27171,pixel_27172,pixel_27173,pixel_27174,pixel_27175,pixel_27176,pixel_27177,pixel_27178,pixel_27179,pixel_27180,pixel_27181,pixel_27182,pixel_27183,pixel_27184,pixel_27185,pixel_27186,pixel_27187,pixel_27188,pixel_27189,pixel_27190,pixel_27191,pixel_27192,pixel_27193,pixel_27194,pixel_27195,pixel_27196,pixel_27197,pixel_27198,pixel_27199,pixel_27200,pixel_27201,pixel_27202,pixel_27203,pixel_27204,pixel_27205,pixel_27206,pixel_27207,pixel_27208,pixel_27209,pixel_27210,pixel_27211,pixel_27212,pixel_27213,pixel_27214,pixel_27215,pixel_27216,pixel_27217,pixel_27218,pixel_27219,pixel_27220,pixel_27221,pixel_27222,pixel_27223,pixel_27224,pixel_27225,pixel_27226,pixel_27227,pixel_27228,pixel_27229,pixel_27230,pixel_27231,pixel_27232,pixel_27233,pixel_27234,pixel_27235,pixel_27236,pixel_27237,pixel_27238,pixel_27239,pixel_27240,pixel_27241,pixel_27242,pixel_27243,pixel_27244,pixel_27245,pixel_27246,pixel_27247,pixel_27248,pixel_27249,pixel_27250,pixel_27251,pixel_27252,pixel_27253,pixel_27254,pixel_27255,pixel_27256,pixel_27257,pixel_27258,pixel_27259,pixel_27260,pixel_27261,pixel_27262,pixel_27263,pixel_27264,pixel_27265,pixel_27266,pixel_27267,pixel_27268,pixel_27269,pixel_27270,pixel_27271,pixel_27272,pixel_27273,pixel_27274,pixel_27275,pixel_27276,pixel_27277,pixel_27278,pixel_27279,pixel_27280,pixel_27281,pixel_27282,pixel_27283,pixel_27284,pixel_27285,pixel_27286,pixel_27287,pixel_27288,pixel_27289,pixel_27290,pixel_27291,pixel_27292,pixel_27293,pixel_27294,pixel_27295,pixel_27296,pixel_27297,pixel_27298,pixel_27299,pixel_27300,pixel_27301,pixel_27302,pixel_27303,pixel_27304,pixel_27305,pixel_27306,pixel_27307,pixel_27308,pixel_27309,pixel_27310,pixel_27311,pixel_27312,pixel_27313,pixel_27314,pixel_27315,pixel_27316,pixel_27317,pixel_27318,pixel_27319,pixel_27320,pixel_27321,pixel_27322,pixel_27323,pixel_27324,pixel_27325,pixel_27326,pixel_27327,pixel_27328,pixel_27329,pixel_27330,pixel_27331,pixel_27332,pixel_27333,pixel_27334,pixel_27335,pixel_27336,pixel_27337,pixel_27338,pixel_27339,pixel_27340,pixel_27341,pixel_27342,pixel_27343,pixel_27344,pixel_27345,pixel_27346,pixel_27347,pixel_27348,pixel_27349,pixel_27350,pixel_27351,pixel_27352,pixel_27353,pixel_27354,pixel_27355,pixel_27356,pixel_27357,pixel_27358,pixel_27359,pixel_27360,pixel_27361,pixel_27362,pixel_27363,pixel_27364,pixel_27365,pixel_27366,pixel_27367,pixel_27368,pixel_27369,pixel_27370,pixel_27371,pixel_27372,pixel_27373,pixel_27374,pixel_27375,pixel_27376,pixel_27377,pixel_27378,pixel_27379,pixel_27380,pixel_27381,pixel_27382,pixel_27383,pixel_27384,pixel_27385,pixel_27386,pixel_27387,pixel_27388,pixel_27389,pixel_27390,pixel_27391,pixel_27392,pixel_27393,pixel_27394,pixel_27395,pixel_27396,pixel_27397,pixel_27398,pixel_27399,pixel_27400,pixel_27401,pixel_27402,pixel_27403,pixel_27404,pixel_27405,pixel_27406,pixel_27407,pixel_27408,pixel_27409,pixel_27410,pixel_27411,pixel_27412,pixel_27413,pixel_27414,pixel_27415,pixel_27416,pixel_27417,pixel_27418,pixel_27419,pixel_27420,pixel_27421,pixel_27422,pixel_27423,pixel_27424,pixel_27425,pixel_27426,pixel_27427,pixel_27428,pixel_27429,pixel_27430,pixel_27431,pixel_27432,pixel_27433,pixel_27434,pixel_27435,pixel_27436,pixel_27437,pixel_27438,pixel_27439,pixel_27440,pixel_27441,pixel_27442,pixel_27443,pixel_27444,pixel_27445,pixel_27446,pixel_27447,pixel_27448,pixel_27449,pixel_27450,pixel_27451,pixel_27452,pixel_27453,pixel_27454,pixel_27455,pixel_27456,pixel_27457,pixel_27458,pixel_27459,pixel_27460,pixel_27461,pixel_27462,pixel_27463,pixel_27464,pixel_27465,pixel_27466,pixel_27467,pixel_27468,pixel_27469,pixel_27470,pixel_27471,pixel_27472,pixel_27473,pixel_27474,pixel_27475,pixel_27476,pixel_27477,pixel_27478,pixel_27479,pixel_27480,pixel_27481,pixel_27482,pixel_27483,pixel_27484,pixel_27485,pixel_27486,pixel_27487,pixel_27488,pixel_27489,pixel_27490,pixel_27491,pixel_27492,pixel_27493,pixel_27494,pixel_27495,pixel_27496,pixel_27497,pixel_27498,pixel_27499,pixel_27500,pixel_27501,pixel_27502,pixel_27503,pixel_27504,pixel_27505,pixel_27506,pixel_27507,pixel_27508,pixel_27509,pixel_27510,pixel_27511,pixel_27512,pixel_27513,pixel_27514,pixel_27515,pixel_27516,pixel_27517,pixel_27518,pixel_27519,pixel_27520,pixel_27521,pixel_27522,pixel_27523,pixel_27524,pixel_27525,pixel_27526,pixel_27527,pixel_27528,pixel_27529,pixel_27530,pixel_27531,pixel_27532,pixel_27533,pixel_27534,pixel_27535,pixel_27536,pixel_27537,pixel_27538,pixel_27539,pixel_27540,pixel_27541,pixel_27542,pixel_27543,pixel_27544,pixel_27545,pixel_27546,pixel_27547,pixel_27548,pixel_27549,pixel_27550,pixel_27551,pixel_27552,pixel_27553,pixel_27554,pixel_27555,pixel_27556,pixel_27557,pixel_27558,pixel_27559,pixel_27560,pixel_27561,pixel_27562,pixel_27563,pixel_27564,pixel_27565,pixel_27566,pixel_27567,pixel_27568,pixel_27569,pixel_27570,pixel_27571,pixel_27572,pixel_27573,pixel_27574,pixel_27575,pixel_27576,pixel_27577,pixel_27578,pixel_27579,pixel_27580,pixel_27581,pixel_27582,pixel_27583,pixel_27584,pixel_27585,pixel_27586,pixel_27587,pixel_27588,pixel_27589,pixel_27590,pixel_27591,pixel_27592,pixel_27593,pixel_27594,pixel_27595,pixel_27596,pixel_27597,pixel_27598,pixel_27599,pixel_27600,pixel_27601,pixel_27602,pixel_27603,pixel_27604,pixel_27605,pixel_27606,pixel_27607,pixel_27608,pixel_27609,pixel_27610,pixel_27611,pixel_27612,pixel_27613,pixel_27614,pixel_27615,pixel_27616,pixel_27617,pixel_27618,pixel_27619,pixel_27620,pixel_27621,pixel_27622,pixel_27623,pixel_27624,pixel_27625,pixel_27626,pixel_27627,pixel_27628,pixel_27629,pixel_27630,pixel_27631,pixel_27632,pixel_27633,pixel_27634,pixel_27635,pixel_27636,pixel_27637,pixel_27638,pixel_27639,pixel_27640,pixel_27641,pixel_27642,pixel_27643,pixel_27644,pixel_27645,pixel_27646,pixel_27647,pixel_27648,pixel_27649,pixel_27650,pixel_27651,pixel_27652,pixel_27653,pixel_27654,pixel_27655,pixel_27656,pixel_27657,pixel_27658,pixel_27659,pixel_27660,pixel_27661,pixel_27662,pixel_27663,pixel_27664,pixel_27665,pixel_27666,pixel_27667,pixel_27668,pixel_27669,pixel_27670,pixel_27671,pixel_27672,pixel_27673,pixel_27674,pixel_27675,pixel_27676,pixel_27677,pixel_27678,pixel_27679,pixel_27680,pixel_27681,pixel_27682,pixel_27683,pixel_27684,pixel_27685,pixel_27686,pixel_27687,pixel_27688,pixel_27689,pixel_27690,pixel_27691,pixel_27692,pixel_27693,pixel_27694,pixel_27695,pixel_27696,pixel_27697,pixel_27698,pixel_27699,pixel_27700,pixel_27701,pixel_27702,pixel_27703,pixel_27704,pixel_27705,pixel_27706,pixel_27707,pixel_27708,pixel_27709,pixel_27710,pixel_27711,pixel_27712,pixel_27713,pixel_27714,pixel_27715,pixel_27716,pixel_27717,pixel_27718,pixel_27719,pixel_27720,pixel_27721,pixel_27722,pixel_27723,pixel_27724,pixel_27725,pixel_27726,pixel_27727,pixel_27728,pixel_27729,pixel_27730,pixel_27731,pixel_27732,pixel_27733,pixel_27734,pixel_27735,pixel_27736,pixel_27737,pixel_27738,pixel_27739,pixel_27740,pixel_27741,pixel_27742,pixel_27743,pixel_27744,pixel_27745,pixel_27746,pixel_27747,pixel_27748,pixel_27749,pixel_27750,pixel_27751,pixel_27752,pixel_27753,pixel_27754,pixel_27755,pixel_27756,pixel_27757,pixel_27758,pixel_27759,pixel_27760,pixel_27761,pixel_27762,pixel_27763,pixel_27764,pixel_27765,pixel_27766,pixel_27767,pixel_27768,pixel_27769,pixel_27770,pixel_27771,pixel_27772,pixel_27773,pixel_27774,pixel_27775,pixel_27776,pixel_27777,pixel_27778,pixel_27779,pixel_27780,pixel_27781,pixel_27782,pixel_27783,pixel_27784,pixel_27785,pixel_27786,pixel_27787,pixel_27788,pixel_27789,pixel_27790,pixel_27791,pixel_27792,pixel_27793,pixel_27794,pixel_27795,pixel_27796,pixel_27797,pixel_27798,pixel_27799,pixel_27800,pixel_27801,pixel_27802,pixel_27803,pixel_27804,pixel_27805,pixel_27806,pixel_27807,pixel_27808,pixel_27809,pixel_27810,pixel_27811,pixel_27812,pixel_27813,pixel_27814,pixel_27815,pixel_27816,pixel_27817,pixel_27818,pixel_27819,pixel_27820,pixel_27821,pixel_27822,pixel_27823,pixel_27824,pixel_27825,pixel_27826,pixel_27827,pixel_27828,pixel_27829,pixel_27830,pixel_27831,pixel_27832,pixel_27833,pixel_27834,pixel_27835,pixel_27836,pixel_27837,pixel_27838,pixel_27839,pixel_27840,pixel_27841,pixel_27842,pixel_27843,pixel_27844,pixel_27845,pixel_27846,pixel_27847,pixel_27848,pixel_27849,pixel_27850,pixel_27851,pixel_27852,pixel_27853,pixel_27854,pixel_27855,pixel_27856,pixel_27857,pixel_27858,pixel_27859,pixel_27860,pixel_27861,pixel_27862,pixel_27863,pixel_27864,pixel_27865,pixel_27866,pixel_27867,pixel_27868,pixel_27869,pixel_27870,pixel_27871,pixel_27872,pixel_27873,pixel_27874,pixel_27875,pixel_27876,pixel_27877,pixel_27878,pixel_27879,pixel_27880,pixel_27881,pixel_27882,pixel_27883,pixel_27884,pixel_27885,pixel_27886,pixel_27887,pixel_27888,pixel_27889,pixel_27890,pixel_27891,pixel_27892,pixel_27893,pixel_27894,pixel_27895,pixel_27896,pixel_27897,pixel_27898,pixel_27899,pixel_27900,pixel_27901,pixel_27902,pixel_27903,pixel_27904,pixel_27905,pixel_27906,pixel_27907,pixel_27908,pixel_27909,pixel_27910,pixel_27911,pixel_27912,pixel_27913,pixel_27914,pixel_27915,pixel_27916,pixel_27917,pixel_27918,pixel_27919,pixel_27920,pixel_27921,pixel_27922,pixel_27923,pixel_27924,pixel_27925,pixel_27926,pixel_27927,pixel_27928,pixel_27929,pixel_27930,pixel_27931,pixel_27932,pixel_27933,pixel_27934,pixel_27935,pixel_27936,pixel_27937,pixel_27938,pixel_27939,pixel_27940,pixel_27941,pixel_27942,pixel_27943,pixel_27944,pixel_27945,pixel_27946,pixel_27947,pixel_27948,pixel_27949,pixel_27950,pixel_27951,pixel_27952,pixel_27953,pixel_27954,pixel_27955,pixel_27956,pixel_27957,pixel_27958,pixel_27959,pixel_27960,pixel_27961,pixel_27962,pixel_27963,pixel_27964,pixel_27965,pixel_27966,pixel_27967,pixel_27968,pixel_27969,pixel_27970,pixel_27971,pixel_27972,pixel_27973,pixel_27974,pixel_27975,pixel_27976,pixel_27977,pixel_27978,pixel_27979,pixel_27980,pixel_27981,pixel_27982,pixel_27983,pixel_27984,pixel_27985,pixel_27986,pixel_27987,pixel_27988,pixel_27989,pixel_27990,pixel_27991,pixel_27992,pixel_27993,pixel_27994,pixel_27995,pixel_27996,pixel_27997,pixel_27998,pixel_27999,pixel_28000,pixel_28001,pixel_28002,pixel_28003,pixel_28004,pixel_28005,pixel_28006,pixel_28007,pixel_28008,pixel_28009,pixel_28010,pixel_28011,pixel_28012,pixel_28013,pixel_28014,pixel_28015,pixel_28016,pixel_28017,pixel_28018,pixel_28019,pixel_28020,pixel_28021,pixel_28022,pixel_28023,pixel_28024,pixel_28025,pixel_28026,pixel_28027,pixel_28028,pixel_28029,pixel_28030,pixel_28031,pixel_28032,pixel_28033,pixel_28034,pixel_28035,pixel_28036,pixel_28037,pixel_28038,pixel_28039,pixel_28040,pixel_28041,pixel_28042,pixel_28043,pixel_28044,pixel_28045,pixel_28046,pixel_28047,pixel_28048,pixel_28049,pixel_28050,pixel_28051,pixel_28052,pixel_28053,pixel_28054,pixel_28055,pixel_28056,pixel_28057,pixel_28058,pixel_28059,pixel_28060,pixel_28061,pixel_28062,pixel_28063,pixel_28064,pixel_28065,pixel_28066,pixel_28067,pixel_28068,pixel_28069,pixel_28070,pixel_28071,pixel_28072,pixel_28073,pixel_28074,pixel_28075,pixel_28076,pixel_28077,pixel_28078,pixel_28079,pixel_28080,pixel_28081,pixel_28082,pixel_28083,pixel_28084,pixel_28085,pixel_28086,pixel_28087,pixel_28088,pixel_28089,pixel_28090,pixel_28091,pixel_28092,pixel_28093,pixel_28094,pixel_28095,pixel_28096,pixel_28097,pixel_28098,pixel_28099,pixel_28100,pixel_28101,pixel_28102,pixel_28103,pixel_28104,pixel_28105,pixel_28106,pixel_28107,pixel_28108,pixel_28109,pixel_28110,pixel_28111,pixel_28112,pixel_28113,pixel_28114,pixel_28115,pixel_28116,pixel_28117,pixel_28118,pixel_28119,pixel_28120,pixel_28121,pixel_28122,pixel_28123,pixel_28124,pixel_28125,pixel_28126,pixel_28127,pixel_28128,pixel_28129,pixel_28130,pixel_28131,pixel_28132,pixel_28133,pixel_28134,pixel_28135,pixel_28136,pixel_28137,pixel_28138,pixel_28139,pixel_28140,pixel_28141,pixel_28142,pixel_28143,pixel_28144,pixel_28145,pixel_28146,pixel_28147,pixel_28148,pixel_28149,pixel_28150,pixel_28151,pixel_28152,pixel_28153,pixel_28154,pixel_28155,pixel_28156,pixel_28157,pixel_28158,pixel_28159,pixel_28160,pixel_28161,pixel_28162,pixel_28163,pixel_28164,pixel_28165,pixel_28166,pixel_28167,pixel_28168,pixel_28169,pixel_28170,pixel_28171,pixel_28172,pixel_28173,pixel_28174,pixel_28175,pixel_28176,pixel_28177,pixel_28178,pixel_28179,pixel_28180,pixel_28181,pixel_28182,pixel_28183,pixel_28184,pixel_28185,pixel_28186,pixel_28187,pixel_28188,pixel_28189,pixel_28190,pixel_28191,pixel_28192,pixel_28193,pixel_28194,pixel_28195,pixel_28196,pixel_28197,pixel_28198,pixel_28199,pixel_28200,pixel_28201,pixel_28202,pixel_28203,pixel_28204,pixel_28205,pixel_28206,pixel_28207,pixel_28208,pixel_28209,pixel_28210,pixel_28211,pixel_28212,pixel_28213,pixel_28214,pixel_28215,pixel_28216,pixel_28217,pixel_28218,pixel_28219,pixel_28220,pixel_28221,pixel_28222,pixel_28223,pixel_28224,pixel_28225,pixel_28226,pixel_28227,pixel_28228,pixel_28229,pixel_28230,pixel_28231,pixel_28232,pixel_28233,pixel_28234,pixel_28235,pixel_28236,pixel_28237,pixel_28238,pixel_28239,pixel_28240,pixel_28241,pixel_28242,pixel_28243,pixel_28244,pixel_28245,pixel_28246,pixel_28247,pixel_28248,pixel_28249,pixel_28250,pixel_28251,pixel_28252,pixel_28253,pixel_28254,pixel_28255,pixel_28256,pixel_28257,pixel_28258,pixel_28259,pixel_28260,pixel_28261,pixel_28262,pixel_28263,pixel_28264,pixel_28265,pixel_28266,pixel_28267,pixel_28268,pixel_28269,pixel_28270,pixel_28271,pixel_28272,pixel_28273,pixel_28274,pixel_28275,pixel_28276,pixel_28277,pixel_28278,pixel_28279,pixel_28280,pixel_28281,pixel_28282,pixel_28283,pixel_28284,pixel_28285,pixel_28286,pixel_28287,pixel_28288,pixel_28289,pixel_28290,pixel_28291,pixel_28292,pixel_28293,pixel_28294,pixel_28295,pixel_28296,pixel_28297,pixel_28298,pixel_28299,pixel_28300,pixel_28301,pixel_28302,pixel_28303,pixel_28304,pixel_28305,pixel_28306,pixel_28307,pixel_28308,pixel_28309,pixel_28310,pixel_28311,pixel_28312,pixel_28313,pixel_28314,pixel_28315,pixel_28316,pixel_28317,pixel_28318,pixel_28319,pixel_28320,pixel_28321,pixel_28322,pixel_28323,pixel_28324,pixel_28325,pixel_28326,pixel_28327,pixel_28328,pixel_28329,pixel_28330,pixel_28331,pixel_28332,pixel_28333,pixel_28334,pixel_28335,pixel_28336,pixel_28337,pixel_28338,pixel_28339,pixel_28340,pixel_28341,pixel_28342,pixel_28343,pixel_28344,pixel_28345,pixel_28346,pixel_28347,pixel_28348,pixel_28349,pixel_28350,pixel_28351,pixel_28352,pixel_28353,pixel_28354,pixel_28355,pixel_28356,pixel_28357,pixel_28358,pixel_28359,pixel_28360,pixel_28361,pixel_28362,pixel_28363,pixel_28364,pixel_28365,pixel_28366,pixel_28367,pixel_28368,pixel_28369,pixel_28370,pixel_28371,pixel_28372,pixel_28373,pixel_28374,pixel_28375,pixel_28376,pixel_28377,pixel_28378,pixel_28379,pixel_28380,pixel_28381,pixel_28382,pixel_28383,pixel_28384,pixel_28385,pixel_28386,pixel_28387,pixel_28388,pixel_28389,pixel_28390,pixel_28391,pixel_28392,pixel_28393,pixel_28394,pixel_28395,pixel_28396,pixel_28397,pixel_28398,pixel_28399,pixel_28400,pixel_28401,pixel_28402,pixel_28403,pixel_28404,pixel_28405,pixel_28406,pixel_28407,pixel_28408,pixel_28409,pixel_28410,pixel_28411,pixel_28412,pixel_28413,pixel_28414,pixel_28415,pixel_28416,pixel_28417,pixel_28418,pixel_28419,pixel_28420,pixel_28421,pixel_28422,pixel_28423,pixel_28424,pixel_28425,pixel_28426,pixel_28427,pixel_28428,pixel_28429,pixel_28430,pixel_28431,pixel_28432,pixel_28433,pixel_28434,pixel_28435,pixel_28436,pixel_28437,pixel_28438,pixel_28439,pixel_28440,pixel_28441,pixel_28442,pixel_28443,pixel_28444,pixel_28445,pixel_28446,pixel_28447,pixel_28448,pixel_28449,pixel_28450,pixel_28451,pixel_28452,pixel_28453,pixel_28454,pixel_28455,pixel_28456,pixel_28457,pixel_28458,pixel_28459,pixel_28460,pixel_28461,pixel_28462,pixel_28463,pixel_28464,pixel_28465,pixel_28466,pixel_28467,pixel_28468,pixel_28469,pixel_28470,pixel_28471,pixel_28472,pixel_28473,pixel_28474,pixel_28475,pixel_28476,pixel_28477,pixel_28478,pixel_28479,pixel_28480,pixel_28481,pixel_28482,pixel_28483,pixel_28484,pixel_28485,pixel_28486,pixel_28487,pixel_28488,pixel_28489,pixel_28490,pixel_28491,pixel_28492,pixel_28493,pixel_28494,pixel_28495,pixel_28496,pixel_28497,pixel_28498,pixel_28499,pixel_28500,pixel_28501,pixel_28502,pixel_28503,pixel_28504,pixel_28505,pixel_28506,pixel_28507,pixel_28508,pixel_28509,pixel_28510,pixel_28511,pixel_28512,pixel_28513,pixel_28514,pixel_28515,pixel_28516,pixel_28517,pixel_28518,pixel_28519,pixel_28520,pixel_28521,pixel_28522,pixel_28523,pixel_28524,pixel_28525,pixel_28526,pixel_28527,pixel_28528,pixel_28529,pixel_28530,pixel_28531,pixel_28532,pixel_28533,pixel_28534,pixel_28535,pixel_28536,pixel_28537,pixel_28538,pixel_28539,pixel_28540,pixel_28541,pixel_28542,pixel_28543,pixel_28544,pixel_28545,pixel_28546,pixel_28547,pixel_28548,pixel_28549,pixel_28550,pixel_28551,pixel_28552,pixel_28553,pixel_28554,pixel_28555,pixel_28556,pixel_28557,pixel_28558,pixel_28559,pixel_28560,pixel_28561,pixel_28562,pixel_28563,pixel_28564,pixel_28565,pixel_28566,pixel_28567,pixel_28568,pixel_28569,pixel_28570,pixel_28571,pixel_28572,pixel_28573,pixel_28574,pixel_28575,pixel_28576,pixel_28577,pixel_28578,pixel_28579,pixel_28580,pixel_28581,pixel_28582,pixel_28583,pixel_28584,pixel_28585,pixel_28586,pixel_28587,pixel_28588,pixel_28589,pixel_28590,pixel_28591,pixel_28592,pixel_28593,pixel_28594,pixel_28595,pixel_28596,pixel_28597,pixel_28598,pixel_28599,pixel_28600,pixel_28601,pixel_28602,pixel_28603,pixel_28604,pixel_28605,pixel_28606,pixel_28607,pixel_28608,pixel_28609,pixel_28610,pixel_28611,pixel_28612,pixel_28613,pixel_28614,pixel_28615,pixel_28616,pixel_28617,pixel_28618,pixel_28619,pixel_28620,pixel_28621,pixel_28622,pixel_28623,pixel_28624,pixel_28625,pixel_28626,pixel_28627,pixel_28628,pixel_28629,pixel_28630,pixel_28631,pixel_28632,pixel_28633,pixel_28634,pixel_28635,pixel_28636,pixel_28637,pixel_28638,pixel_28639,pixel_28640,pixel_28641,pixel_28642,pixel_28643,pixel_28644,pixel_28645,pixel_28646,pixel_28647,pixel_28648,pixel_28649,pixel_28650,pixel_28651,pixel_28652,pixel_28653,pixel_28654,pixel_28655,pixel_28656,pixel_28657,pixel_28658,pixel_28659,pixel_28660,pixel_28661,pixel_28662,pixel_28663,pixel_28664,pixel_28665,pixel_28666,pixel_28667,pixel_28668,pixel_28669,pixel_28670,pixel_28671,pixel_28672,pixel_28673,pixel_28674,pixel_28675,pixel_28676,pixel_28677,pixel_28678,pixel_28679,pixel_28680,pixel_28681,pixel_28682,pixel_28683,pixel_28684,pixel_28685,pixel_28686,pixel_28687,pixel_28688,pixel_28689,pixel_28690,pixel_28691,pixel_28692,pixel_28693,pixel_28694,pixel_28695,pixel_28696,pixel_28697,pixel_28698,pixel_28699,pixel_28700,pixel_28701,pixel_28702,pixel_28703,pixel_28704,pixel_28705,pixel_28706,pixel_28707,pixel_28708,pixel_28709,pixel_28710,pixel_28711,pixel_28712,pixel_28713,pixel_28714,pixel_28715,pixel_28716,pixel_28717,pixel_28718,pixel_28719,pixel_28720,pixel_28721,pixel_28722,pixel_28723,pixel_28724,pixel_28725,pixel_28726,pixel_28727,pixel_28728,pixel_28729,pixel_28730,pixel_28731,pixel_28732,pixel_28733,pixel_28734,pixel_28735,pixel_28736,pixel_28737,pixel_28738,pixel_28739,pixel_28740,pixel_28741,pixel_28742,pixel_28743,pixel_28744,pixel_28745,pixel_28746,pixel_28747,pixel_28748,pixel_28749,pixel_28750,pixel_28751,pixel_28752,pixel_28753,pixel_28754,pixel_28755,pixel_28756,pixel_28757,pixel_28758,pixel_28759,pixel_28760,pixel_28761,pixel_28762,pixel_28763,pixel_28764,pixel_28765,pixel_28766,pixel_28767,pixel_28768,pixel_28769,pixel_28770,pixel_28771,pixel_28772,pixel_28773,pixel_28774,pixel_28775,pixel_28776,pixel_28777,pixel_28778,pixel_28779,pixel_28780,pixel_28781,pixel_28782,pixel_28783,pixel_28784,pixel_28785,pixel_28786,pixel_28787,pixel_28788,pixel_28789,pixel_28790,pixel_28791,pixel_28792,pixel_28793,pixel_28794,pixel_28795,pixel_28796,pixel_28797,pixel_28798,pixel_28799,pixel_28800,pixel_28801,pixel_28802,pixel_28803,pixel_28804,pixel_28805,pixel_28806,pixel_28807,pixel_28808,pixel_28809,pixel_28810,pixel_28811,pixel_28812,pixel_28813,pixel_28814,pixel_28815,pixel_28816,pixel_28817,pixel_28818,pixel_28819,pixel_28820,pixel_28821,pixel_28822,pixel_28823,pixel_28824,pixel_28825,pixel_28826,pixel_28827,pixel_28828,pixel_28829,pixel_28830,pixel_28831,pixel_28832,pixel_28833,pixel_28834,pixel_28835,pixel_28836,pixel_28837,pixel_28838,pixel_28839,pixel_28840,pixel_28841,pixel_28842,pixel_28843,pixel_28844,pixel_28845,pixel_28846,pixel_28847,pixel_28848,pixel_28849,pixel_28850,pixel_28851,pixel_28852,pixel_28853,pixel_28854,pixel_28855,pixel_28856,pixel_28857,pixel_28858,pixel_28859,pixel_28860,pixel_28861,pixel_28862,pixel_28863,pixel_28864,pixel_28865,pixel_28866,pixel_28867,pixel_28868,pixel_28869,pixel_28870,pixel_28871,pixel_28872,pixel_28873,pixel_28874,pixel_28875,pixel_28876,pixel_28877,pixel_28878,pixel_28879,pixel_28880,pixel_28881,pixel_28882,pixel_28883,pixel_28884,pixel_28885,pixel_28886,pixel_28887,pixel_28888,pixel_28889,pixel_28890,pixel_28891,pixel_28892,pixel_28893,pixel_28894,pixel_28895,pixel_28896,pixel_28897,pixel_28898,pixel_28899,pixel_28900,pixel_28901,pixel_28902,pixel_28903,pixel_28904,pixel_28905,pixel_28906,pixel_28907,pixel_28908,pixel_28909,pixel_28910,pixel_28911,pixel_28912,pixel_28913,pixel_28914,pixel_28915,pixel_28916,pixel_28917,pixel_28918,pixel_28919,pixel_28920,pixel_28921,pixel_28922,pixel_28923,pixel_28924,pixel_28925,pixel_28926,pixel_28927,pixel_28928,pixel_28929,pixel_28930,pixel_28931,pixel_28932,pixel_28933,pixel_28934,pixel_28935,pixel_28936,pixel_28937,pixel_28938,pixel_28939,pixel_28940,pixel_28941,pixel_28942,pixel_28943,pixel_28944,pixel_28945,pixel_28946,pixel_28947,pixel_28948,pixel_28949,pixel_28950,pixel_28951,pixel_28952,pixel_28953,pixel_28954,pixel_28955,pixel_28956,pixel_28957,pixel_28958,pixel_28959,pixel_28960,pixel_28961,pixel_28962,pixel_28963,pixel_28964,pixel_28965,pixel_28966,pixel_28967,pixel_28968,pixel_28969,pixel_28970,pixel_28971,pixel_28972,pixel_28973,pixel_28974,pixel_28975,pixel_28976,pixel_28977,pixel_28978,pixel_28979,pixel_28980,pixel_28981,pixel_28982,pixel_28983,pixel_28984,pixel_28985,pixel_28986,pixel_28987,pixel_28988,pixel_28989,pixel_28990,pixel_28991,pixel_28992,pixel_28993,pixel_28994,pixel_28995,pixel_28996,pixel_28997,pixel_28998,pixel_28999,pixel_29000,pixel_29001,pixel_29002,pixel_29003,pixel_29004,pixel_29005,pixel_29006,pixel_29007,pixel_29008,pixel_29009,pixel_29010,pixel_29011,pixel_29012,pixel_29013,pixel_29014,pixel_29015,pixel_29016,pixel_29017,pixel_29018,pixel_29019,pixel_29020,pixel_29021,pixel_29022,pixel_29023,pixel_29024,pixel_29025,pixel_29026,pixel_29027,pixel_29028,pixel_29029,pixel_29030,pixel_29031,pixel_29032,pixel_29033,pixel_29034,pixel_29035,pixel_29036,pixel_29037,pixel_29038,pixel_29039,pixel_29040,pixel_29041,pixel_29042,pixel_29043,pixel_29044,pixel_29045,pixel_29046,pixel_29047,pixel_29048,pixel_29049,pixel_29050,pixel_29051,pixel_29052,pixel_29053,pixel_29054,pixel_29055,pixel_29056,pixel_29057,pixel_29058,pixel_29059,pixel_29060,pixel_29061,pixel_29062,pixel_29063,pixel_29064,pixel_29065,pixel_29066,pixel_29067,pixel_29068,pixel_29069,pixel_29070,pixel_29071,pixel_29072,pixel_29073,pixel_29074,pixel_29075,pixel_29076,pixel_29077,pixel_29078,pixel_29079,pixel_29080,pixel_29081,pixel_29082,pixel_29083,pixel_29084,pixel_29085,pixel_29086,pixel_29087,pixel_29088,pixel_29089,pixel_29090,pixel_29091,pixel_29092,pixel_29093,pixel_29094,pixel_29095,pixel_29096,pixel_29097,pixel_29098,pixel_29099,pixel_29100,pixel_29101,pixel_29102,pixel_29103,pixel_29104,pixel_29105,pixel_29106,pixel_29107,pixel_29108,pixel_29109,pixel_29110,pixel_29111,pixel_29112,pixel_29113,pixel_29114,pixel_29115,pixel_29116,pixel_29117,pixel_29118,pixel_29119,pixel_29120,pixel_29121,pixel_29122,pixel_29123,pixel_29124,pixel_29125,pixel_29126,pixel_29127,pixel_29128,pixel_29129,pixel_29130,pixel_29131,pixel_29132,pixel_29133,pixel_29134,pixel_29135,pixel_29136,pixel_29137,pixel_29138,pixel_29139,pixel_29140,pixel_29141,pixel_29142,pixel_29143,pixel_29144,pixel_29145,pixel_29146,pixel_29147,pixel_29148,pixel_29149,pixel_29150,pixel_29151,pixel_29152,pixel_29153,pixel_29154,pixel_29155,pixel_29156,pixel_29157,pixel_29158,pixel_29159,pixel_29160,pixel_29161,pixel_29162,pixel_29163,pixel_29164,pixel_29165,pixel_29166,pixel_29167,pixel_29168,pixel_29169,pixel_29170,pixel_29171,pixel_29172,pixel_29173,pixel_29174,pixel_29175,pixel_29176,pixel_29177,pixel_29178,pixel_29179,pixel_29180,pixel_29181,pixel_29182,pixel_29183,pixel_29184,pixel_29185,pixel_29186,pixel_29187,pixel_29188,pixel_29189,pixel_29190,pixel_29191,pixel_29192,pixel_29193,pixel_29194,pixel_29195,pixel_29196,pixel_29197,pixel_29198,pixel_29199,pixel_29200,pixel_29201,pixel_29202,pixel_29203,pixel_29204,pixel_29205,pixel_29206,pixel_29207,pixel_29208,pixel_29209,pixel_29210,pixel_29211,pixel_29212,pixel_29213,pixel_29214,pixel_29215,pixel_29216,pixel_29217,pixel_29218,pixel_29219,pixel_29220,pixel_29221,pixel_29222,pixel_29223,pixel_29224,pixel_29225,pixel_29226,pixel_29227,pixel_29228,pixel_29229,pixel_29230,pixel_29231,pixel_29232,pixel_29233,pixel_29234,pixel_29235,pixel_29236,pixel_29237,pixel_29238,pixel_29239,pixel_29240,pixel_29241,pixel_29242,pixel_29243,pixel_29244,pixel_29245,pixel_29246,pixel_29247,pixel_29248,pixel_29249,pixel_29250,pixel_29251,pixel_29252,pixel_29253,pixel_29254,pixel_29255,pixel_29256,pixel_29257,pixel_29258,pixel_29259,pixel_29260,pixel_29261,pixel_29262,pixel_29263,pixel_29264,pixel_29265,pixel_29266,pixel_29267,pixel_29268,pixel_29269,pixel_29270,pixel_29271,pixel_29272,pixel_29273,pixel_29274,pixel_29275,pixel_29276,pixel_29277,pixel_29278,pixel_29279,pixel_29280,pixel_29281,pixel_29282,pixel_29283,pixel_29284,pixel_29285,pixel_29286,pixel_29287,pixel_29288,pixel_29289,pixel_29290,pixel_29291,pixel_29292,pixel_29293,pixel_29294,pixel_29295,pixel_29296,pixel_29297,pixel_29298,pixel_29299,pixel_29300,pixel_29301,pixel_29302,pixel_29303,pixel_29304,pixel_29305,pixel_29306,pixel_29307,pixel_29308,pixel_29309,pixel_29310,pixel_29311,pixel_29312,pixel_29313,pixel_29314,pixel_29315,pixel_29316,pixel_29317,pixel_29318,pixel_29319,pixel_29320,pixel_29321,pixel_29322,pixel_29323,pixel_29324,pixel_29325,pixel_29326,pixel_29327,pixel_29328,pixel_29329,pixel_29330,pixel_29331,pixel_29332,pixel_29333,pixel_29334,pixel_29335,pixel_29336,pixel_29337,pixel_29338,pixel_29339,pixel_29340,pixel_29341,pixel_29342,pixel_29343,pixel_29344,pixel_29345,pixel_29346,pixel_29347,pixel_29348,pixel_29349,pixel_29350,pixel_29351,pixel_29352,pixel_29353,pixel_29354,pixel_29355,pixel_29356,pixel_29357,pixel_29358,pixel_29359,pixel_29360,pixel_29361,pixel_29362,pixel_29363,pixel_29364,pixel_29365,pixel_29366,pixel_29367,pixel_29368,pixel_29369,pixel_29370,pixel_29371,pixel_29372,pixel_29373,pixel_29374,pixel_29375,pixel_29376,pixel_29377,pixel_29378,pixel_29379,pixel_29380,pixel_29381,pixel_29382,pixel_29383,pixel_29384,pixel_29385,pixel_29386,pixel_29387,pixel_29388,pixel_29389,pixel_29390,pixel_29391,pixel_29392,pixel_29393,pixel_29394,pixel_29395,pixel_29396,pixel_29397,pixel_29398,pixel_29399,pixel_29400,pixel_29401,pixel_29402,pixel_29403,pixel_29404,pixel_29405,pixel_29406,pixel_29407,pixel_29408,pixel_29409,pixel_29410,pixel_29411,pixel_29412,pixel_29413,pixel_29414,pixel_29415,pixel_29416,pixel_29417,pixel_29418,pixel_29419,pixel_29420,pixel_29421,pixel_29422,pixel_29423,pixel_29424,pixel_29425,pixel_29426,pixel_29427,pixel_29428,pixel_29429,pixel_29430,pixel_29431,pixel_29432,pixel_29433,pixel_29434,pixel_29435,pixel_29436,pixel_29437,pixel_29438,pixel_29439,pixel_29440,pixel_29441,pixel_29442,pixel_29443,pixel_29444,pixel_29445,pixel_29446,pixel_29447,pixel_29448,pixel_29449,pixel_29450,pixel_29451,pixel_29452,pixel_29453,pixel_29454,pixel_29455,pixel_29456,pixel_29457,pixel_29458,pixel_29459,pixel_29460,pixel_29461,pixel_29462,pixel_29463,pixel_29464,pixel_29465,pixel_29466,pixel_29467,pixel_29468,pixel_29469,pixel_29470,pixel_29471,pixel_29472,pixel_29473,pixel_29474,pixel_29475,pixel_29476,pixel_29477,pixel_29478,pixel_29479,pixel_29480,pixel_29481,pixel_29482,pixel_29483,pixel_29484,pixel_29485,pixel_29486,pixel_29487,pixel_29488,pixel_29489,pixel_29490,pixel_29491,pixel_29492,pixel_29493,pixel_29494,pixel_29495,pixel_29496,pixel_29497,pixel_29498,pixel_29499,pixel_29500,pixel_29501,pixel_29502,pixel_29503,pixel_29504,pixel_29505,pixel_29506,pixel_29507,pixel_29508,pixel_29509,pixel_29510,pixel_29511,pixel_29512,pixel_29513,pixel_29514,pixel_29515,pixel_29516,pixel_29517,pixel_29518,pixel_29519,pixel_29520,pixel_29521,pixel_29522,pixel_29523,pixel_29524,pixel_29525,pixel_29526,pixel_29527,pixel_29528,pixel_29529,pixel_29530,pixel_29531,pixel_29532,pixel_29533,pixel_29534,pixel_29535,pixel_29536,pixel_29537,pixel_29538,pixel_29539,pixel_29540,pixel_29541,pixel_29542,pixel_29543,pixel_29544,pixel_29545,pixel_29546,pixel_29547,pixel_29548,pixel_29549,pixel_29550,pixel_29551,pixel_29552,pixel_29553,pixel_29554,pixel_29555,pixel_29556,pixel_29557,pixel_29558,pixel_29559,pixel_29560,pixel_29561,pixel_29562,pixel_29563,pixel_29564,pixel_29565,pixel_29566,pixel_29567,pixel_29568,pixel_29569,pixel_29570,pixel_29571,pixel_29572,pixel_29573,pixel_29574,pixel_29575,pixel_29576,pixel_29577,pixel_29578,pixel_29579,pixel_29580,pixel_29581,pixel_29582,pixel_29583,pixel_29584,pixel_29585,pixel_29586,pixel_29587,pixel_29588,pixel_29589,pixel_29590,pixel_29591,pixel_29592,pixel_29593,pixel_29594,pixel_29595,pixel_29596,pixel_29597,pixel_29598,pixel_29599,pixel_29600,pixel_29601,pixel_29602,pixel_29603,pixel_29604,pixel_29605,pixel_29606,pixel_29607,pixel_29608,pixel_29609,pixel_29610,pixel_29611,pixel_29612,pixel_29613,pixel_29614,pixel_29615,pixel_29616,pixel_29617,pixel_29618,pixel_29619,pixel_29620,pixel_29621,pixel_29622,pixel_29623,pixel_29624,pixel_29625,pixel_29626,pixel_29627,pixel_29628,pixel_29629,pixel_29630,pixel_29631,pixel_29632,pixel_29633,pixel_29634,pixel_29635,pixel_29636,pixel_29637,pixel_29638,pixel_29639,pixel_29640,pixel_29641,pixel_29642,pixel_29643,pixel_29644,pixel_29645,pixel_29646,pixel_29647,pixel_29648,pixel_29649,pixel_29650,pixel_29651,pixel_29652,pixel_29653,pixel_29654,pixel_29655,pixel_29656,pixel_29657,pixel_29658,pixel_29659,pixel_29660,pixel_29661,pixel_29662,pixel_29663,pixel_29664,pixel_29665,pixel_29666,pixel_29667,pixel_29668,pixel_29669,pixel_29670,pixel_29671,pixel_29672,pixel_29673,pixel_29674,pixel_29675,pixel_29676,pixel_29677,pixel_29678,pixel_29679,pixel_29680,pixel_29681,pixel_29682,pixel_29683,pixel_29684,pixel_29685,pixel_29686,pixel_29687,pixel_29688,pixel_29689,pixel_29690,pixel_29691,pixel_29692,pixel_29693,pixel_29694,pixel_29695,pixel_29696,pixel_29697,pixel_29698,pixel_29699,pixel_29700,pixel_29701,pixel_29702,pixel_29703,pixel_29704,pixel_29705,pixel_29706,pixel_29707,pixel_29708,pixel_29709,pixel_29710,pixel_29711,pixel_29712,pixel_29713,pixel_29714,pixel_29715,pixel_29716,pixel_29717,pixel_29718,pixel_29719,pixel_29720,pixel_29721,pixel_29722,pixel_29723,pixel_29724,pixel_29725,pixel_29726,pixel_29727,pixel_29728,pixel_29729,pixel_29730,pixel_29731,pixel_29732,pixel_29733,pixel_29734,pixel_29735,pixel_29736,pixel_29737,pixel_29738,pixel_29739,pixel_29740,pixel_29741,pixel_29742,pixel_29743,pixel_29744,pixel_29745,pixel_29746,pixel_29747,pixel_29748,pixel_29749,pixel_29750,pixel_29751,pixel_29752,pixel_29753,pixel_29754,pixel_29755,pixel_29756,pixel_29757,pixel_29758,pixel_29759,pixel_29760,pixel_29761,pixel_29762,pixel_29763,pixel_29764,pixel_29765,pixel_29766,pixel_29767,pixel_29768,pixel_29769,pixel_29770,pixel_29771,pixel_29772,pixel_29773,pixel_29774,pixel_29775,pixel_29776,pixel_29777,pixel_29778,pixel_29779,pixel_29780,pixel_29781,pixel_29782,pixel_29783,pixel_29784,pixel_29785,pixel_29786,pixel_29787,pixel_29788,pixel_29789,pixel_29790,pixel_29791,pixel_29792,pixel_29793,pixel_29794,pixel_29795,pixel_29796,pixel_29797,pixel_29798,pixel_29799,pixel_29800,pixel_29801,pixel_29802,pixel_29803,pixel_29804,pixel_29805,pixel_29806,pixel_29807,pixel_29808,pixel_29809,pixel_29810,pixel_29811,pixel_29812,pixel_29813,pixel_29814,pixel_29815,pixel_29816,pixel_29817,pixel_29818,pixel_29819,pixel_29820,pixel_29821,pixel_29822,pixel_29823,pixel_29824,pixel_29825,pixel_29826,pixel_29827,pixel_29828,pixel_29829,pixel_29830,pixel_29831,pixel_29832,pixel_29833,pixel_29834,pixel_29835,pixel_29836,pixel_29837,pixel_29838,pixel_29839,pixel_29840,pixel_29841,pixel_29842,pixel_29843,pixel_29844,pixel_29845,pixel_29846,pixel_29847,pixel_29848,pixel_29849,pixel_29850,pixel_29851,pixel_29852,pixel_29853,pixel_29854,pixel_29855,pixel_29856,pixel_29857,pixel_29858,pixel_29859,pixel_29860,pixel_29861,pixel_29862,pixel_29863,pixel_29864,pixel_29865,pixel_29866,pixel_29867,pixel_29868,pixel_29869,pixel_29870,pixel_29871,pixel_29872,pixel_29873,pixel_29874,pixel_29875,pixel_29876,pixel_29877,pixel_29878,pixel_29879,pixel_29880,pixel_29881,pixel_29882,pixel_29883,pixel_29884,pixel_29885,pixel_29886,pixel_29887,pixel_29888,pixel_29889,pixel_29890,pixel_29891,pixel_29892,pixel_29893,pixel_29894,pixel_29895,pixel_29896,pixel_29897,pixel_29898,pixel_29899,pixel_29900,pixel_29901,pixel_29902,pixel_29903,pixel_29904,pixel_29905,pixel_29906,pixel_29907,pixel_29908,pixel_29909,pixel_29910,pixel_29911,pixel_29912,pixel_29913,pixel_29914,pixel_29915,pixel_29916,pixel_29917,pixel_29918,pixel_29919,pixel_29920,pixel_29921,pixel_29922,pixel_29923,pixel_29924,pixel_29925,pixel_29926,pixel_29927,pixel_29928,pixel_29929,pixel_29930,pixel_29931,pixel_29932,pixel_29933,pixel_29934,pixel_29935,pixel_29936,pixel_29937,pixel_29938,pixel_29939,pixel_29940,pixel_29941,pixel_29942,pixel_29943,pixel_29944,pixel_29945,pixel_29946,pixel_29947,pixel_29948,pixel_29949,pixel_29950,pixel_29951,pixel_29952,pixel_29953,pixel_29954,pixel_29955,pixel_29956,pixel_29957,pixel_29958,pixel_29959,pixel_29960,pixel_29961,pixel_29962,pixel_29963,pixel_29964,pixel_29965,pixel_29966,pixel_29967,pixel_29968,pixel_29969,pixel_29970,pixel_29971,pixel_29972,pixel_29973,pixel_29974,pixel_29975,pixel_29976,pixel_29977,pixel_29978,pixel_29979,pixel_29980,pixel_29981,pixel_29982,pixel_29983,pixel_29984,pixel_29985,pixel_29986,pixel_29987,pixel_29988,pixel_29989,pixel_29990,pixel_29991,pixel_29992,pixel_29993,pixel_29994,pixel_29995,pixel_29996,pixel_29997,pixel_29998,pixel_29999,pixel_30000,pixel_30001,pixel_30002,pixel_30003,pixel_30004,pixel_30005,pixel_30006,pixel_30007,pixel_30008,pixel_30009,pixel_30010,pixel_30011,pixel_30012,pixel_30013,pixel_30014,pixel_30015,pixel_30016,pixel_30017,pixel_30018,pixel_30019,pixel_30020,pixel_30021,pixel_30022,pixel_30023,pixel_30024,pixel_30025,pixel_30026,pixel_30027,pixel_30028,pixel_30029,pixel_30030,pixel_30031,pixel_30032,pixel_30033,pixel_30034,pixel_30035,pixel_30036,pixel_30037,pixel_30038,pixel_30039,pixel_30040,pixel_30041,pixel_30042,pixel_30043,pixel_30044,pixel_30045,pixel_30046,pixel_30047,pixel_30048,pixel_30049,pixel_30050,pixel_30051,pixel_30052,pixel_30053,pixel_30054,pixel_30055,pixel_30056,pixel_30057,pixel_30058,pixel_30059,pixel_30060,pixel_30061,pixel_30062,pixel_30063,pixel_30064,pixel_30065,pixel_30066,pixel_30067,pixel_30068,pixel_30069,pixel_30070,pixel_30071,pixel_30072,pixel_30073,pixel_30074,pixel_30075,pixel_30076,pixel_30077,pixel_30078,pixel_30079,pixel_30080,pixel_30081,pixel_30082,pixel_30083,pixel_30084,pixel_30085,pixel_30086,pixel_30087,pixel_30088,pixel_30089,pixel_30090,pixel_30091,pixel_30092,pixel_30093,pixel_30094,pixel_30095,pixel_30096,pixel_30097,pixel_30098,pixel_30099,pixel_30100,pixel_30101,pixel_30102,pixel_30103,pixel_30104,pixel_30105,pixel_30106,pixel_30107,pixel_30108,pixel_30109,pixel_30110,pixel_30111,pixel_30112,pixel_30113,pixel_30114,pixel_30115,pixel_30116,pixel_30117,pixel_30118,pixel_30119,pixel_30120,pixel_30121,pixel_30122,pixel_30123,pixel_30124,pixel_30125,pixel_30126,pixel_30127,pixel_30128,pixel_30129,pixel_30130,pixel_30131,pixel_30132,pixel_30133,pixel_30134,pixel_30135,pixel_30136,pixel_30137,pixel_30138,pixel_30139,pixel_30140,pixel_30141,pixel_30142,pixel_30143,pixel_30144,pixel_30145,pixel_30146,pixel_30147,pixel_30148,pixel_30149,pixel_30150,pixel_30151,pixel_30152,pixel_30153,pixel_30154,pixel_30155,pixel_30156,pixel_30157,pixel_30158,pixel_30159,pixel_30160,pixel_30161,pixel_30162,pixel_30163,pixel_30164,pixel_30165,pixel_30166,pixel_30167,pixel_30168,pixel_30169,pixel_30170,pixel_30171,pixel_30172,pixel_30173,pixel_30174,pixel_30175,pixel_30176,pixel_30177,pixel_30178,pixel_30179,pixel_30180,pixel_30181,pixel_30182,pixel_30183,pixel_30184,pixel_30185,pixel_30186,pixel_30187,pixel_30188,pixel_30189,pixel_30190,pixel_30191,pixel_30192,pixel_30193,pixel_30194,pixel_30195,pixel_30196,pixel_30197,pixel_30198,pixel_30199,pixel_30200,pixel_30201,pixel_30202,pixel_30203,pixel_30204,pixel_30205,pixel_30206,pixel_30207,pixel_30208,pixel_30209,pixel_30210,pixel_30211,pixel_30212,pixel_30213,pixel_30214,pixel_30215,pixel_30216,pixel_30217,pixel_30218,pixel_30219,pixel_30220,pixel_30221,pixel_30222,pixel_30223,pixel_30224,pixel_30225,pixel_30226,pixel_30227,pixel_30228,pixel_30229,pixel_30230,pixel_30231,pixel_30232,pixel_30233,pixel_30234,pixel_30235,pixel_30236,pixel_30237,pixel_30238,pixel_30239,pixel_30240,pixel_30241,pixel_30242,pixel_30243,pixel_30244,pixel_30245,pixel_30246,pixel_30247,pixel_30248,pixel_30249,pixel_30250,pixel_30251,pixel_30252,pixel_30253,pixel_30254,pixel_30255,pixel_30256,pixel_30257,pixel_30258,pixel_30259,pixel_30260,pixel_30261,pixel_30262,pixel_30263,pixel_30264,pixel_30265,pixel_30266,pixel_30267,pixel_30268,pixel_30269,pixel_30270,pixel_30271,pixel_30272,pixel_30273,pixel_30274,pixel_30275,pixel_30276,pixel_30277,pixel_30278,pixel_30279,pixel_30280,pixel_30281,pixel_30282,pixel_30283,pixel_30284,pixel_30285,pixel_30286,pixel_30287,pixel_30288,pixel_30289,pixel_30290,pixel_30291,pixel_30292,pixel_30293,pixel_30294,pixel_30295,pixel_30296,pixel_30297,pixel_30298,pixel_30299,pixel_30300,pixel_30301,pixel_30302,pixel_30303,pixel_30304,pixel_30305,pixel_30306,pixel_30307,pixel_30308,pixel_30309,pixel_30310,pixel_30311,pixel_30312,pixel_30313,pixel_30314,pixel_30315,pixel_30316,pixel_30317,pixel_30318,pixel_30319,pixel_30320,pixel_30321,pixel_30322,pixel_30323,pixel_30324,pixel_30325,pixel_30326,pixel_30327,pixel_30328,pixel_30329,pixel_30330,pixel_30331,pixel_30332,pixel_30333,pixel_30334,pixel_30335,pixel_30336,pixel_30337,pixel_30338,pixel_30339,pixel_30340,pixel_30341,pixel_30342,pixel_30343,pixel_30344,pixel_30345,pixel_30346,pixel_30347,pixel_30348,pixel_30349,pixel_30350,pixel_30351,pixel_30352,pixel_30353,pixel_30354,pixel_30355,pixel_30356,pixel_30357,pixel_30358,pixel_30359,pixel_30360,pixel_30361,pixel_30362,pixel_30363,pixel_30364,pixel_30365,pixel_30366,pixel_30367,pixel_30368,pixel_30369,pixel_30370,pixel_30371,pixel_30372,pixel_30373,pixel_30374,pixel_30375,pixel_30376,pixel_30377,pixel_30378,pixel_30379,pixel_30380,pixel_30381,pixel_30382,pixel_30383,pixel_30384,pixel_30385,pixel_30386,pixel_30387,pixel_30388,pixel_30389,pixel_30390,pixel_30391,pixel_30392,pixel_30393,pixel_30394,pixel_30395,pixel_30396,pixel_30397,pixel_30398,pixel_30399,pixel_30400,pixel_30401,pixel_30402,pixel_30403,pixel_30404,pixel_30405,pixel_30406,pixel_30407,pixel_30408,pixel_30409,pixel_30410,pixel_30411,pixel_30412,pixel_30413,pixel_30414,pixel_30415,pixel_30416,pixel_30417,pixel_30418,pixel_30419,pixel_30420,pixel_30421,pixel_30422,pixel_30423,pixel_30424,pixel_30425,pixel_30426,pixel_30427,pixel_30428,pixel_30429,pixel_30430,pixel_30431,pixel_30432,pixel_30433,pixel_30434,pixel_30435,pixel_30436,pixel_30437,pixel_30438,pixel_30439,pixel_30440,pixel_30441,pixel_30442,pixel_30443,pixel_30444,pixel_30445,pixel_30446,pixel_30447,pixel_30448,pixel_30449,pixel_30450,pixel_30451,pixel_30452,pixel_30453,pixel_30454,pixel_30455,pixel_30456,pixel_30457,pixel_30458,pixel_30459,pixel_30460,pixel_30461,pixel_30462,pixel_30463,pixel_30464,pixel_30465,pixel_30466,pixel_30467,pixel_30468,pixel_30469,pixel_30470,pixel_30471,pixel_30472,pixel_30473,pixel_30474,pixel_30475,pixel_30476,pixel_30477,pixel_30478,pixel_30479,pixel_30480,pixel_30481,pixel_30482,pixel_30483,pixel_30484,pixel_30485,pixel_30486,pixel_30487,pixel_30488,pixel_30489,pixel_30490,pixel_30491,pixel_30492,pixel_30493,pixel_30494,pixel_30495,pixel_30496,pixel_30497,pixel_30498,pixel_30499,pixel_30500,pixel_30501,pixel_30502,pixel_30503,pixel_30504,pixel_30505,pixel_30506,pixel_30507,pixel_30508,pixel_30509,pixel_30510,pixel_30511,pixel_30512,pixel_30513,pixel_30514,pixel_30515,pixel_30516,pixel_30517,pixel_30518,pixel_30519,pixel_30520,pixel_30521,pixel_30522,pixel_30523,pixel_30524,pixel_30525,pixel_30526,pixel_30527,pixel_30528,pixel_30529,pixel_30530,pixel_30531,pixel_30532,pixel_30533,pixel_30534,pixel_30535,pixel_30536,pixel_30537,pixel_30538,pixel_30539,pixel_30540,pixel_30541,pixel_30542,pixel_30543,pixel_30544,pixel_30545,pixel_30546,pixel_30547,pixel_30548,pixel_30549,pixel_30550,pixel_30551,pixel_30552,pixel_30553,pixel_30554,pixel_30555,pixel_30556,pixel_30557,pixel_30558,pixel_30559,pixel_30560,pixel_30561,pixel_30562,pixel_30563,pixel_30564,pixel_30565,pixel_30566,pixel_30567,pixel_30568,pixel_30569,pixel_30570,pixel_30571,pixel_30572,pixel_30573,pixel_30574,pixel_30575,pixel_30576,pixel_30577,pixel_30578,pixel_30579,pixel_30580,pixel_30581,pixel_30582,pixel_30583,pixel_30584,pixel_30585,pixel_30586,pixel_30587,pixel_30588,pixel_30589,pixel_30590,pixel_30591,pixel_30592,pixel_30593,pixel_30594,pixel_30595,pixel_30596,pixel_30597,pixel_30598,pixel_30599,pixel_30600,pixel_30601,pixel_30602,pixel_30603,pixel_30604,pixel_30605,pixel_30606,pixel_30607,pixel_30608,pixel_30609,pixel_30610,pixel_30611,pixel_30612,pixel_30613,pixel_30614,pixel_30615,pixel_30616,pixel_30617,pixel_30618,pixel_30619,pixel_30620,pixel_30621,pixel_30622,pixel_30623,pixel_30624,pixel_30625,pixel_30626,pixel_30627,pixel_30628,pixel_30629,pixel_30630,pixel_30631,pixel_30632,pixel_30633,pixel_30634,pixel_30635,pixel_30636,pixel_30637,pixel_30638,pixel_30639,pixel_30640,pixel_30641,pixel_30642,pixel_30643,pixel_30644,pixel_30645,pixel_30646,pixel_30647,pixel_30648,pixel_30649,pixel_30650,pixel_30651,pixel_30652,pixel_30653,pixel_30654,pixel_30655,pixel_30656,pixel_30657,pixel_30658,pixel_30659,pixel_30660,pixel_30661,pixel_30662,pixel_30663,pixel_30664,pixel_30665,pixel_30666,pixel_30667,pixel_30668,pixel_30669,pixel_30670,pixel_30671,pixel_30672,pixel_30673,pixel_30674,pixel_30675,pixel_30676,pixel_30677,pixel_30678,pixel_30679,pixel_30680,pixel_30681,pixel_30682,pixel_30683,pixel_30684,pixel_30685,pixel_30686,pixel_30687,pixel_30688,pixel_30689,pixel_30690,pixel_30691,pixel_30692,pixel_30693,pixel_30694,pixel_30695,pixel_30696,pixel_30697,pixel_30698,pixel_30699,pixel_30700,pixel_30701,pixel_30702,pixel_30703,pixel_30704,pixel_30705,pixel_30706,pixel_30707,pixel_30708,pixel_30709,pixel_30710,pixel_30711,pixel_30712,pixel_30713,pixel_30714,pixel_30715,pixel_30716,pixel_30717,pixel_30718,pixel_30719,pixel_30720,pixel_30721,pixel_30722,pixel_30723,pixel_30724,pixel_30725,pixel_30726,pixel_30727,pixel_30728,pixel_30729,pixel_30730,pixel_30731,pixel_30732,pixel_30733,pixel_30734,pixel_30735,pixel_30736,pixel_30737,pixel_30738,pixel_30739,pixel_30740,pixel_30741,pixel_30742,pixel_30743,pixel_30744,pixel_30745,pixel_30746,pixel_30747,pixel_30748,pixel_30749,pixel_30750,pixel_30751,pixel_30752,pixel_30753,pixel_30754,pixel_30755,pixel_30756,pixel_30757,pixel_30758,pixel_30759,pixel_30760,pixel_30761,pixel_30762,pixel_30763,pixel_30764,pixel_30765,pixel_30766,pixel_30767,pixel_30768,pixel_30769,pixel_30770,pixel_30771,pixel_30772,pixel_30773,pixel_30774,pixel_30775,pixel_30776,pixel_30777,pixel_30778,pixel_30779,pixel_30780,pixel_30781,pixel_30782,pixel_30783,pixel_30784,pixel_30785,pixel_30786,pixel_30787,pixel_30788,pixel_30789,pixel_30790,pixel_30791,pixel_30792,pixel_30793,pixel_30794,pixel_30795,pixel_30796,pixel_30797,pixel_30798,pixel_30799,pixel_30800,pixel_30801,pixel_30802,pixel_30803,pixel_30804,pixel_30805,pixel_30806,pixel_30807,pixel_30808,pixel_30809,pixel_30810,pixel_30811,pixel_30812,pixel_30813,pixel_30814,pixel_30815,pixel_30816,pixel_30817,pixel_30818,pixel_30819,pixel_30820,pixel_30821,pixel_30822,pixel_30823,pixel_30824,pixel_30825,pixel_30826,pixel_30827,pixel_30828,pixel_30829,pixel_30830,pixel_30831,pixel_30832,pixel_30833,pixel_30834,pixel_30835,pixel_30836,pixel_30837,pixel_30838,pixel_30839,pixel_30840,pixel_30841,pixel_30842,pixel_30843,pixel_30844,pixel_30845,pixel_30846,pixel_30847,pixel_30848,pixel_30849,pixel_30850,pixel_30851,pixel_30852,pixel_30853,pixel_30854,pixel_30855,pixel_30856,pixel_30857,pixel_30858,pixel_30859,pixel_30860,pixel_30861,pixel_30862,pixel_30863,pixel_30864,pixel_30865,pixel_30866,pixel_30867,pixel_30868,pixel_30869,pixel_30870,pixel_30871,pixel_30872,pixel_30873,pixel_30874,pixel_30875,pixel_30876,pixel_30877,pixel_30878,pixel_30879,pixel_30880,pixel_30881,pixel_30882,pixel_30883,pixel_30884,pixel_30885,pixel_30886,pixel_30887,pixel_30888,pixel_30889,pixel_30890,pixel_30891,pixel_30892,pixel_30893,pixel_30894,pixel_30895,pixel_30896,pixel_30897,pixel_30898,pixel_30899,pixel_30900,pixel_30901,pixel_30902,pixel_30903,pixel_30904,pixel_30905,pixel_30906,pixel_30907,pixel_30908,pixel_30909,pixel_30910,pixel_30911,pixel_30912,pixel_30913,pixel_30914,pixel_30915,pixel_30916,pixel_30917,pixel_30918,pixel_30919,pixel_30920,pixel_30921,pixel_30922,pixel_30923,pixel_30924,pixel_30925,pixel_30926,pixel_30927,pixel_30928,pixel_30929,pixel_30930,pixel_30931,pixel_30932,pixel_30933,pixel_30934,pixel_30935,pixel_30936,pixel_30937,pixel_30938,pixel_30939,pixel_30940,pixel_30941,pixel_30942,pixel_30943,pixel_30944,pixel_30945,pixel_30946,pixel_30947,pixel_30948,pixel_30949,pixel_30950,pixel_30951,pixel_30952,pixel_30953,pixel_30954,pixel_30955,pixel_30956,pixel_30957,pixel_30958,pixel_30959,pixel_30960,pixel_30961,pixel_30962,pixel_30963,pixel_30964,pixel_30965,pixel_30966,pixel_30967,pixel_30968,pixel_30969,pixel_30970,pixel_30971,pixel_30972,pixel_30973,pixel_30974,pixel_30975,pixel_30976,pixel_30977,pixel_30978,pixel_30979,pixel_30980,pixel_30981,pixel_30982,pixel_30983,pixel_30984,pixel_30985,pixel_30986,pixel_30987,pixel_30988,pixel_30989,pixel_30990,pixel_30991,pixel_30992,pixel_30993,pixel_30994,pixel_30995,pixel_30996,pixel_30997,pixel_30998,pixel_30999,pixel_31000,pixel_31001,pixel_31002,pixel_31003,pixel_31004,pixel_31005,pixel_31006,pixel_31007,pixel_31008,pixel_31009,pixel_31010,pixel_31011,pixel_31012,pixel_31013,pixel_31014,pixel_31015,pixel_31016,pixel_31017,pixel_31018,pixel_31019,pixel_31020,pixel_31021,pixel_31022,pixel_31023,pixel_31024,pixel_31025,pixel_31026,pixel_31027,pixel_31028,pixel_31029,pixel_31030,pixel_31031,pixel_31032,pixel_31033,pixel_31034,pixel_31035,pixel_31036,pixel_31037,pixel_31038,pixel_31039,pixel_31040,pixel_31041,pixel_31042,pixel_31043,pixel_31044,pixel_31045,pixel_31046,pixel_31047,pixel_31048,pixel_31049,pixel_31050,pixel_31051,pixel_31052,pixel_31053,pixel_31054,pixel_31055,pixel_31056,pixel_31057,pixel_31058,pixel_31059,pixel_31060,pixel_31061,pixel_31062,pixel_31063,pixel_31064,pixel_31065,pixel_31066,pixel_31067,pixel_31068,pixel_31069,pixel_31070,pixel_31071,pixel_31072,pixel_31073,pixel_31074,pixel_31075,pixel_31076,pixel_31077,pixel_31078,pixel_31079,pixel_31080,pixel_31081,pixel_31082,pixel_31083,pixel_31084,pixel_31085,pixel_31086,pixel_31087,pixel_31088,pixel_31089,pixel_31090,pixel_31091,pixel_31092,pixel_31093,pixel_31094,pixel_31095,pixel_31096,pixel_31097,pixel_31098,pixel_31099,pixel_31100,pixel_31101,pixel_31102,pixel_31103,pixel_31104,pixel_31105,pixel_31106,pixel_31107,pixel_31108,pixel_31109,pixel_31110,pixel_31111,pixel_31112,pixel_31113,pixel_31114,pixel_31115,pixel_31116,pixel_31117,pixel_31118,pixel_31119,pixel_31120,pixel_31121,pixel_31122,pixel_31123,pixel_31124,pixel_31125,pixel_31126,pixel_31127,pixel_31128,pixel_31129,pixel_31130,pixel_31131,pixel_31132,pixel_31133,pixel_31134,pixel_31135,pixel_31136,pixel_31137,pixel_31138,pixel_31139,pixel_31140,pixel_31141,pixel_31142,pixel_31143,pixel_31144,pixel_31145,pixel_31146,pixel_31147,pixel_31148,pixel_31149,pixel_31150,pixel_31151,pixel_31152,pixel_31153,pixel_31154,pixel_31155,pixel_31156,pixel_31157,pixel_31158,pixel_31159,pixel_31160,pixel_31161,pixel_31162,pixel_31163,pixel_31164,pixel_31165,pixel_31166,pixel_31167,pixel_31168,pixel_31169,pixel_31170,pixel_31171,pixel_31172,pixel_31173,pixel_31174,pixel_31175,pixel_31176,pixel_31177,pixel_31178,pixel_31179,pixel_31180,pixel_31181,pixel_31182,pixel_31183,pixel_31184,pixel_31185,pixel_31186,pixel_31187,pixel_31188,pixel_31189,pixel_31190,pixel_31191,pixel_31192,pixel_31193,pixel_31194,pixel_31195,pixel_31196,pixel_31197,pixel_31198,pixel_31199,pixel_31200,pixel_31201,pixel_31202,pixel_31203,pixel_31204,pixel_31205,pixel_31206,pixel_31207,pixel_31208,pixel_31209,pixel_31210,pixel_31211,pixel_31212,pixel_31213,pixel_31214,pixel_31215,pixel_31216,pixel_31217,pixel_31218,pixel_31219,pixel_31220,pixel_31221,pixel_31222,pixel_31223,pixel_31224,pixel_31225,pixel_31226,pixel_31227,pixel_31228,pixel_31229,pixel_31230,pixel_31231,pixel_31232,pixel_31233,pixel_31234,pixel_31235,pixel_31236,pixel_31237,pixel_31238,pixel_31239,pixel_31240,pixel_31241,pixel_31242,pixel_31243,pixel_31244,pixel_31245,pixel_31246,pixel_31247,pixel_31248,pixel_31249,pixel_31250,pixel_31251,pixel_31252,pixel_31253,pixel_31254,pixel_31255,pixel_31256,pixel_31257,pixel_31258,pixel_31259,pixel_31260,pixel_31261,pixel_31262,pixel_31263,pixel_31264,pixel_31265,pixel_31266,pixel_31267,pixel_31268,pixel_31269,pixel_31270,pixel_31271,pixel_31272,pixel_31273,pixel_31274,pixel_31275,pixel_31276,pixel_31277,pixel_31278,pixel_31279,pixel_31280,pixel_31281,pixel_31282,pixel_31283,pixel_31284,pixel_31285,pixel_31286,pixel_31287,pixel_31288,pixel_31289,pixel_31290,pixel_31291,pixel_31292,pixel_31293,pixel_31294,pixel_31295,pixel_31296,pixel_31297,pixel_31298,pixel_31299,pixel_31300,pixel_31301,pixel_31302,pixel_31303,pixel_31304,pixel_31305,pixel_31306,pixel_31307,pixel_31308,pixel_31309,pixel_31310,pixel_31311,pixel_31312,pixel_31313,pixel_31314,pixel_31315,pixel_31316,pixel_31317,pixel_31318,pixel_31319,pixel_31320,pixel_31321,pixel_31322,pixel_31323,pixel_31324,pixel_31325,pixel_31326,pixel_31327,pixel_31328,pixel_31329,pixel_31330,pixel_31331,pixel_31332,pixel_31333,pixel_31334,pixel_31335,pixel_31336,pixel_31337,pixel_31338,pixel_31339,pixel_31340,pixel_31341,pixel_31342,pixel_31343,pixel_31344,pixel_31345,pixel_31346,pixel_31347,pixel_31348,pixel_31349,pixel_31350,pixel_31351,pixel_31352,pixel_31353,pixel_31354,pixel_31355,pixel_31356,pixel_31357,pixel_31358,pixel_31359,pixel_31360,pixel_31361,pixel_31362,pixel_31363,pixel_31364,pixel_31365,pixel_31366,pixel_31367,pixel_31368,pixel_31369,pixel_31370,pixel_31371,pixel_31372,pixel_31373,pixel_31374,pixel_31375,pixel_31376,pixel_31377,pixel_31378,pixel_31379,pixel_31380,pixel_31381,pixel_31382,pixel_31383,pixel_31384,pixel_31385,pixel_31386,pixel_31387,pixel_31388,pixel_31389,pixel_31390,pixel_31391,pixel_31392,pixel_31393,pixel_31394,pixel_31395,pixel_31396,pixel_31397,pixel_31398,pixel_31399,pixel_31400,pixel_31401,pixel_31402,pixel_31403,pixel_31404,pixel_31405,pixel_31406,pixel_31407,pixel_31408,pixel_31409,pixel_31410,pixel_31411,pixel_31412,pixel_31413,pixel_31414,pixel_31415,pixel_31416,pixel_31417,pixel_31418,pixel_31419,pixel_31420,pixel_31421,pixel_31422,pixel_31423,pixel_31424,pixel_31425,pixel_31426,pixel_31427,pixel_31428,pixel_31429,pixel_31430,pixel_31431,pixel_31432,pixel_31433,pixel_31434,pixel_31435,pixel_31436,pixel_31437,pixel_31438,pixel_31439,pixel_31440,pixel_31441,pixel_31442,pixel_31443,pixel_31444,pixel_31445,pixel_31446,pixel_31447,pixel_31448,pixel_31449,pixel_31450,pixel_31451,pixel_31452,pixel_31453,pixel_31454,pixel_31455,pixel_31456,pixel_31457,pixel_31458,pixel_31459,pixel_31460,pixel_31461,pixel_31462,pixel_31463,pixel_31464,pixel_31465,pixel_31466,pixel_31467,pixel_31468,pixel_31469,pixel_31470,pixel_31471,pixel_31472,pixel_31473,pixel_31474,pixel_31475,pixel_31476,pixel_31477,pixel_31478,pixel_31479,pixel_31480,pixel_31481,pixel_31482,pixel_31483,pixel_31484,pixel_31485,pixel_31486,pixel_31487,pixel_31488,pixel_31489,pixel_31490,pixel_31491,pixel_31492,pixel_31493,pixel_31494,pixel_31495,pixel_31496,pixel_31497,pixel_31498,pixel_31499,pixel_31500,pixel_31501,pixel_31502,pixel_31503,pixel_31504,pixel_31505,pixel_31506,pixel_31507,pixel_31508,pixel_31509,pixel_31510,pixel_31511,pixel_31512,pixel_31513,pixel_31514,pixel_31515,pixel_31516,pixel_31517,pixel_31518,pixel_31519,pixel_31520,pixel_31521,pixel_31522,pixel_31523,pixel_31524,pixel_31525,pixel_31526,pixel_31527,pixel_31528,pixel_31529,pixel_31530,pixel_31531,pixel_31532,pixel_31533,pixel_31534,pixel_31535,pixel_31536,pixel_31537,pixel_31538,pixel_31539,pixel_31540,pixel_31541,pixel_31542,pixel_31543,pixel_31544,pixel_31545,pixel_31546,pixel_31547,pixel_31548,pixel_31549,pixel_31550,pixel_31551,pixel_31552,pixel_31553,pixel_31554,pixel_31555,pixel_31556,pixel_31557,pixel_31558,pixel_31559,pixel_31560,pixel_31561,pixel_31562,pixel_31563,pixel_31564,pixel_31565,pixel_31566,pixel_31567,pixel_31568,pixel_31569,pixel_31570,pixel_31571,pixel_31572,pixel_31573,pixel_31574,pixel_31575,pixel_31576,pixel_31577,pixel_31578,pixel_31579,pixel_31580,pixel_31581,pixel_31582,pixel_31583,pixel_31584,pixel_31585,pixel_31586,pixel_31587,pixel_31588,pixel_31589,pixel_31590,pixel_31591,pixel_31592,pixel_31593,pixel_31594,pixel_31595,pixel_31596,pixel_31597,pixel_31598,pixel_31599,pixel_31600,pixel_31601,pixel_31602,pixel_31603,pixel_31604,pixel_31605,pixel_31606,pixel_31607,pixel_31608,pixel_31609,pixel_31610,pixel_31611,pixel_31612,pixel_31613,pixel_31614,pixel_31615,pixel_31616,pixel_31617,pixel_31618,pixel_31619,pixel_31620,pixel_31621,pixel_31622,pixel_31623,pixel_31624,pixel_31625,pixel_31626,pixel_31627,pixel_31628,pixel_31629,pixel_31630,pixel_31631,pixel_31632,pixel_31633,pixel_31634,pixel_31635,pixel_31636,pixel_31637,pixel_31638,pixel_31639,pixel_31640,pixel_31641,pixel_31642,pixel_31643,pixel_31644,pixel_31645,pixel_31646,pixel_31647,pixel_31648,pixel_31649,pixel_31650,pixel_31651,pixel_31652,pixel_31653,pixel_31654,pixel_31655,pixel_31656,pixel_31657,pixel_31658,pixel_31659,pixel_31660,pixel_31661,pixel_31662,pixel_31663,pixel_31664,pixel_31665,pixel_31666,pixel_31667,pixel_31668,pixel_31669,pixel_31670,pixel_31671,pixel_31672,pixel_31673,pixel_31674,pixel_31675,pixel_31676,pixel_31677,pixel_31678,pixel_31679,pixel_31680,pixel_31681,pixel_31682,pixel_31683,pixel_31684,pixel_31685,pixel_31686,pixel_31687,pixel_31688,pixel_31689,pixel_31690,pixel_31691,pixel_31692,pixel_31693,pixel_31694,pixel_31695,pixel_31696,pixel_31697,pixel_31698,pixel_31699,pixel_31700,pixel_31701,pixel_31702,pixel_31703,pixel_31704,pixel_31705,pixel_31706,pixel_31707,pixel_31708,pixel_31709,pixel_31710,pixel_31711,pixel_31712,pixel_31713,pixel_31714,pixel_31715,pixel_31716,pixel_31717,pixel_31718,pixel_31719,pixel_31720,pixel_31721,pixel_31722,pixel_31723,pixel_31724,pixel_31725,pixel_31726,pixel_31727,pixel_31728,pixel_31729,pixel_31730,pixel_31731,pixel_31732,pixel_31733,pixel_31734,pixel_31735,pixel_31736,pixel_31737,pixel_31738,pixel_31739,pixel_31740,pixel_31741,pixel_31742,pixel_31743,pixel_31744,pixel_31745,pixel_31746,pixel_31747,pixel_31748,pixel_31749,pixel_31750,pixel_31751,pixel_31752,pixel_31753,pixel_31754,pixel_31755,pixel_31756,pixel_31757,pixel_31758,pixel_31759,pixel_31760,pixel_31761,pixel_31762,pixel_31763,pixel_31764,pixel_31765,pixel_31766,pixel_31767,pixel_31768,pixel_31769,pixel_31770,pixel_31771,pixel_31772,pixel_31773,pixel_31774,pixel_31775,pixel_31776,pixel_31777,pixel_31778,pixel_31779,pixel_31780,pixel_31781,pixel_31782,pixel_31783,pixel_31784,pixel_31785,pixel_31786,pixel_31787,pixel_31788,pixel_31789,pixel_31790,pixel_31791,pixel_31792,pixel_31793,pixel_31794,pixel_31795,pixel_31796,pixel_31797,pixel_31798,pixel_31799,pixel_31800,pixel_31801,pixel_31802,pixel_31803,pixel_31804,pixel_31805,pixel_31806,pixel_31807,pixel_31808,pixel_31809,pixel_31810,pixel_31811,pixel_31812,pixel_31813,pixel_31814,pixel_31815,pixel_31816,pixel_31817,pixel_31818,pixel_31819,pixel_31820,pixel_31821,pixel_31822,pixel_31823,pixel_31824,pixel_31825,pixel_31826,pixel_31827,pixel_31828,pixel_31829,pixel_31830,pixel_31831,pixel_31832,pixel_31833,pixel_31834,pixel_31835,pixel_31836,pixel_31837,pixel_31838,pixel_31839,pixel_31840,pixel_31841,pixel_31842,pixel_31843,pixel_31844,pixel_31845,pixel_31846,pixel_31847,pixel_31848,pixel_31849,pixel_31850,pixel_31851,pixel_31852,pixel_31853,pixel_31854,pixel_31855,pixel_31856,pixel_31857,pixel_31858,pixel_31859,pixel_31860,pixel_31861,pixel_31862,pixel_31863,pixel_31864,pixel_31865,pixel_31866,pixel_31867,pixel_31868,pixel_31869,pixel_31870,pixel_31871,pixel_31872,pixel_31873,pixel_31874,pixel_31875,pixel_31876,pixel_31877,pixel_31878,pixel_31879,pixel_31880,pixel_31881,pixel_31882,pixel_31883,pixel_31884,pixel_31885,pixel_31886,pixel_31887,pixel_31888,pixel_31889,pixel_31890,pixel_31891,pixel_31892,pixel_31893,pixel_31894,pixel_31895,pixel_31896,pixel_31897,pixel_31898,pixel_31899,pixel_31900,pixel_31901,pixel_31902,pixel_31903,pixel_31904,pixel_31905,pixel_31906,pixel_31907,pixel_31908,pixel_31909,pixel_31910,pixel_31911,pixel_31912,pixel_31913,pixel_31914,pixel_31915,pixel_31916,pixel_31917,pixel_31918,pixel_31919,pixel_31920,pixel_31921,pixel_31922,pixel_31923,pixel_31924,pixel_31925,pixel_31926,pixel_31927,pixel_31928,pixel_31929,pixel_31930,pixel_31931,pixel_31932,pixel_31933,pixel_31934,pixel_31935,pixel_31936,pixel_31937,pixel_31938,pixel_31939,pixel_31940,pixel_31941,pixel_31942,pixel_31943,pixel_31944,pixel_31945,pixel_31946,pixel_31947,pixel_31948,pixel_31949,pixel_31950,pixel_31951,pixel_31952,pixel_31953,pixel_31954,pixel_31955,pixel_31956,pixel_31957,pixel_31958,pixel_31959,pixel_31960,pixel_31961,pixel_31962,pixel_31963,pixel_31964,pixel_31965,pixel_31966,pixel_31967,pixel_31968,pixel_31969,pixel_31970,pixel_31971,pixel_31972,pixel_31973,pixel_31974,pixel_31975,pixel_31976,pixel_31977,pixel_31978,pixel_31979,pixel_31980,pixel_31981,pixel_31982,pixel_31983,pixel_31984,pixel_31985,pixel_31986,pixel_31987,pixel_31988,pixel_31989,pixel_31990,pixel_31991,pixel_31992,pixel_31993,pixel_31994,pixel_31995,pixel_31996,pixel_31997,pixel_31998,pixel_31999,pixel_32000,pixel_32001,pixel_32002,pixel_32003,pixel_32004,pixel_32005,pixel_32006,pixel_32007,pixel_32008,pixel_32009,pixel_32010,pixel_32011,pixel_32012,pixel_32013,pixel_32014,pixel_32015,pixel_32016,pixel_32017,pixel_32018,pixel_32019,pixel_32020,pixel_32021,pixel_32022,pixel_32023,pixel_32024,pixel_32025,pixel_32026,pixel_32027,pixel_32028,pixel_32029,pixel_32030,pixel_32031,pixel_32032,pixel_32033,pixel_32034,pixel_32035,pixel_32036,pixel_32037,pixel_32038,pixel_32039,pixel_32040,pixel_32041,pixel_32042,pixel_32043,pixel_32044,pixel_32045,pixel_32046,pixel_32047,pixel_32048,pixel_32049,pixel_32050,pixel_32051,pixel_32052,pixel_32053,pixel_32054,pixel_32055,pixel_32056,pixel_32057,pixel_32058,pixel_32059,pixel_32060,pixel_32061,pixel_32062,pixel_32063,pixel_32064,pixel_32065,pixel_32066,pixel_32067,pixel_32068,pixel_32069,pixel_32070,pixel_32071,pixel_32072,pixel_32073,pixel_32074,pixel_32075,pixel_32076,pixel_32077,pixel_32078,pixel_32079,pixel_32080,pixel_32081,pixel_32082,pixel_32083,pixel_32084,pixel_32085,pixel_32086,pixel_32087,pixel_32088,pixel_32089,pixel_32090,pixel_32091,pixel_32092,pixel_32093,pixel_32094,pixel_32095,pixel_32096,pixel_32097,pixel_32098,pixel_32099,pixel_32100,pixel_32101,pixel_32102,pixel_32103,pixel_32104,pixel_32105,pixel_32106,pixel_32107,pixel_32108,pixel_32109,pixel_32110,pixel_32111,pixel_32112,pixel_32113,pixel_32114,pixel_32115,pixel_32116,pixel_32117,pixel_32118,pixel_32119,pixel_32120,pixel_32121,pixel_32122,pixel_32123,pixel_32124,pixel_32125,pixel_32126,pixel_32127,pixel_32128,pixel_32129,pixel_32130,pixel_32131,pixel_32132,pixel_32133,pixel_32134,pixel_32135,pixel_32136,pixel_32137,pixel_32138,pixel_32139,pixel_32140,pixel_32141,pixel_32142,pixel_32143,pixel_32144,pixel_32145,pixel_32146,pixel_32147,pixel_32148,pixel_32149,pixel_32150,pixel_32151,pixel_32152,pixel_32153,pixel_32154,pixel_32155,pixel_32156,pixel_32157,pixel_32158,pixel_32159,pixel_32160,pixel_32161,pixel_32162,pixel_32163,pixel_32164,pixel_32165,pixel_32166,pixel_32167,pixel_32168,pixel_32169,pixel_32170,pixel_32171,pixel_32172,pixel_32173,pixel_32174,pixel_32175,pixel_32176,pixel_32177,pixel_32178,pixel_32179,pixel_32180,pixel_32181,pixel_32182,pixel_32183,pixel_32184,pixel_32185,pixel_32186,pixel_32187,pixel_32188,pixel_32189,pixel_32190,pixel_32191,pixel_32192,pixel_32193,pixel_32194,pixel_32195,pixel_32196,pixel_32197,pixel_32198,pixel_32199,pixel_32200,pixel_32201,pixel_32202,pixel_32203,pixel_32204,pixel_32205,pixel_32206,pixel_32207,pixel_32208,pixel_32209,pixel_32210,pixel_32211,pixel_32212,pixel_32213,pixel_32214,pixel_32215,pixel_32216,pixel_32217,pixel_32218,pixel_32219,pixel_32220,pixel_32221,pixel_32222,pixel_32223,pixel_32224,pixel_32225,pixel_32226,pixel_32227,pixel_32228,pixel_32229,pixel_32230,pixel_32231,pixel_32232,pixel_32233,pixel_32234,pixel_32235,pixel_32236,pixel_32237,pixel_32238,pixel_32239,pixel_32240,pixel_32241,pixel_32242,pixel_32243,pixel_32244,pixel_32245,pixel_32246,pixel_32247,pixel_32248,pixel_32249,pixel_32250,pixel_32251,pixel_32252,pixel_32253,pixel_32254,pixel_32255,pixel_32256,pixel_32257,pixel_32258,pixel_32259,pixel_32260,pixel_32261,pixel_32262,pixel_32263,pixel_32264,pixel_32265,pixel_32266,pixel_32267,pixel_32268,pixel_32269,pixel_32270,pixel_32271,pixel_32272,pixel_32273,pixel_32274,pixel_32275,pixel_32276,pixel_32277,pixel_32278,pixel_32279,pixel_32280,pixel_32281,pixel_32282,pixel_32283,pixel_32284,pixel_32285,pixel_32286,pixel_32287,pixel_32288,pixel_32289,pixel_32290,pixel_32291,pixel_32292,pixel_32293,pixel_32294,pixel_32295,pixel_32296,pixel_32297,pixel_32298,pixel_32299,pixel_32300,pixel_32301,pixel_32302,pixel_32303,pixel_32304,pixel_32305,pixel_32306,pixel_32307,pixel_32308,pixel_32309,pixel_32310,pixel_32311,pixel_32312,pixel_32313,pixel_32314,pixel_32315,pixel_32316,pixel_32317,pixel_32318,pixel_32319,pixel_32320,pixel_32321,pixel_32322,pixel_32323,pixel_32324,pixel_32325,pixel_32326,pixel_32327,pixel_32328,pixel_32329,pixel_32330,pixel_32331,pixel_32332,pixel_32333,pixel_32334,pixel_32335,pixel_32336,pixel_32337,pixel_32338,pixel_32339,pixel_32340,pixel_32341,pixel_32342,pixel_32343,pixel_32344,pixel_32345,pixel_32346,pixel_32347,pixel_32348,pixel_32349,pixel_32350,pixel_32351,pixel_32352,pixel_32353,pixel_32354,pixel_32355,pixel_32356,pixel_32357,pixel_32358,pixel_32359,pixel_32360,pixel_32361,pixel_32362,pixel_32363,pixel_32364,pixel_32365,pixel_32366,pixel_32367,pixel_32368,pixel_32369,pixel_32370,pixel_32371,pixel_32372,pixel_32373,pixel_32374,pixel_32375,pixel_32376,pixel_32377,pixel_32378,pixel_32379,pixel_32380,pixel_32381,pixel_32382,pixel_32383,pixel_32384,pixel_32385,pixel_32386,pixel_32387,pixel_32388,pixel_32389,pixel_32390,pixel_32391,pixel_32392,pixel_32393,pixel_32394,pixel_32395,pixel_32396,pixel_32397,pixel_32398,pixel_32399,pixel_32400,pixel_32401,pixel_32402,pixel_32403,pixel_32404,pixel_32405,pixel_32406,pixel_32407,pixel_32408,pixel_32409,pixel_32410,pixel_32411,pixel_32412,pixel_32413,pixel_32414,pixel_32415,pixel_32416,pixel_32417,pixel_32418,pixel_32419,pixel_32420,pixel_32421,pixel_32422,pixel_32423,pixel_32424,pixel_32425,pixel_32426,pixel_32427,pixel_32428,pixel_32429,pixel_32430,pixel_32431,pixel_32432,pixel_32433,pixel_32434,pixel_32435,pixel_32436,pixel_32437,pixel_32438,pixel_32439,pixel_32440,pixel_32441,pixel_32442,pixel_32443,pixel_32444,pixel_32445,pixel_32446,pixel_32447,pixel_32448,pixel_32449,pixel_32450,pixel_32451,pixel_32452,pixel_32453,pixel_32454,pixel_32455,pixel_32456,pixel_32457,pixel_32458,pixel_32459,pixel_32460,pixel_32461,pixel_32462,pixel_32463,pixel_32464,pixel_32465,pixel_32466,pixel_32467,pixel_32468,pixel_32469,pixel_32470,pixel_32471,pixel_32472,pixel_32473,pixel_32474,pixel_32475,pixel_32476,pixel_32477,pixel_32478,pixel_32479,pixel_32480,pixel_32481,pixel_32482,pixel_32483,pixel_32484,pixel_32485,pixel_32486,pixel_32487,pixel_32488,pixel_32489,pixel_32490,pixel_32491,pixel_32492,pixel_32493,pixel_32494,pixel_32495,pixel_32496,pixel_32497,pixel_32498,pixel_32499,pixel_32500,pixel_32501,pixel_32502,pixel_32503,pixel_32504,pixel_32505,pixel_32506,pixel_32507,pixel_32508,pixel_32509,pixel_32510,pixel_32511,pixel_32512,pixel_32513,pixel_32514,pixel_32515,pixel_32516,pixel_32517,pixel_32518,pixel_32519,pixel_32520,pixel_32521,pixel_32522,pixel_32523,pixel_32524,pixel_32525,pixel_32526,pixel_32527,pixel_32528,pixel_32529,pixel_32530,pixel_32531,pixel_32532,pixel_32533,pixel_32534,pixel_32535,pixel_32536,pixel_32537,pixel_32538,pixel_32539,pixel_32540,pixel_32541,pixel_32542,pixel_32543,pixel_32544,pixel_32545,pixel_32546,pixel_32547,pixel_32548,pixel_32549,pixel_32550,pixel_32551,pixel_32552,pixel_32553,pixel_32554,pixel_32555,pixel_32556,pixel_32557,pixel_32558,pixel_32559,pixel_32560,pixel_32561,pixel_32562,pixel_32563,pixel_32564,pixel_32565,pixel_32566,pixel_32567,pixel_32568,pixel_32569,pixel_32570,pixel_32571,pixel_32572,pixel_32573,pixel_32574,pixel_32575,pixel_32576,pixel_32577,pixel_32578,pixel_32579,pixel_32580,pixel_32581,pixel_32582,pixel_32583,pixel_32584,pixel_32585,pixel_32586,pixel_32587,pixel_32588,pixel_32589,pixel_32590,pixel_32591,pixel_32592,pixel_32593,pixel_32594,pixel_32595,pixel_32596,pixel_32597,pixel_32598,pixel_32599,pixel_32600,pixel_32601,pixel_32602,pixel_32603,pixel_32604,pixel_32605,pixel_32606,pixel_32607,pixel_32608,pixel_32609,pixel_32610,pixel_32611,pixel_32612,pixel_32613,pixel_32614,pixel_32615,pixel_32616,pixel_32617,pixel_32618,pixel_32619,pixel_32620,pixel_32621,pixel_32622,pixel_32623,pixel_32624,pixel_32625,pixel_32626,pixel_32627,pixel_32628,pixel_32629,pixel_32630,pixel_32631,pixel_32632,pixel_32633,pixel_32634,pixel_32635,pixel_32636,pixel_32637,pixel_32638,pixel_32639,pixel_32640,pixel_32641,pixel_32642,pixel_32643,pixel_32644,pixel_32645,pixel_32646,pixel_32647,pixel_32648,pixel_32649,pixel_32650,pixel_32651,pixel_32652,pixel_32653,pixel_32654,pixel_32655,pixel_32656,pixel_32657,pixel_32658,pixel_32659,pixel_32660,pixel_32661,pixel_32662,pixel_32663,pixel_32664,pixel_32665,pixel_32666,pixel_32667,pixel_32668,pixel_32669,pixel_32670,pixel_32671,pixel_32672,pixel_32673,pixel_32674,pixel_32675,pixel_32676,pixel_32677,pixel_32678,pixel_32679,pixel_32680,pixel_32681,pixel_32682,pixel_32683,pixel_32684,pixel_32685,pixel_32686,pixel_32687,pixel_32688,pixel_32689,pixel_32690,pixel_32691,pixel_32692,pixel_32693,pixel_32694,pixel_32695,pixel_32696,pixel_32697,pixel_32698,pixel_32699,pixel_32700,pixel_32701,pixel_32702,pixel_32703,pixel_32704,pixel_32705,pixel_32706,pixel_32707,pixel_32708,pixel_32709,pixel_32710,pixel_32711,pixel_32712,pixel_32713,pixel_32714,pixel_32715,pixel_32716,pixel_32717,pixel_32718,pixel_32719,pixel_32720,pixel_32721,pixel_32722,pixel_32723,pixel_32724,pixel_32725,pixel_32726,pixel_32727,pixel_32728,pixel_32729,pixel_32730,pixel_32731,pixel_32732,pixel_32733,pixel_32734,pixel_32735,pixel_32736,pixel_32737,pixel_32738,pixel_32739,pixel_32740,pixel_32741,pixel_32742,pixel_32743,pixel_32744,pixel_32745,pixel_32746,pixel_32747,pixel_32748,pixel_32749,pixel_32750,pixel_32751,pixel_32752,pixel_32753,pixel_32754,pixel_32755,pixel_32756,pixel_32757,pixel_32758,pixel_32759,pixel_32760,pixel_32761,pixel_32762,pixel_32763,pixel_32764,pixel_32765,pixel_32766,pixel_32767,pixel_32768,pixel_32769,pixel_32770,pixel_32771,pixel_32772,pixel_32773,pixel_32774,pixel_32775,pixel_32776,pixel_32777,pixel_32778,pixel_32779,pixel_32780,pixel_32781,pixel_32782,pixel_32783,pixel_32784,pixel_32785,pixel_32786,pixel_32787,pixel_32788,pixel_32789,pixel_32790,pixel_32791,pixel_32792,pixel_32793,pixel_32794,pixel_32795,pixel_32796,pixel_32797,pixel_32798,pixel_32799,pixel_32800,pixel_32801,pixel_32802,pixel_32803,pixel_32804,pixel_32805,pixel_32806,pixel_32807,pixel_32808,pixel_32809,pixel_32810,pixel_32811,pixel_32812,pixel_32813,pixel_32814,pixel_32815,pixel_32816,pixel_32817,pixel_32818,pixel_32819,pixel_32820,pixel_32821,pixel_32822,pixel_32823,pixel_32824,pixel_32825,pixel_32826,pixel_32827,pixel_32828,pixel_32829,pixel_32830,pixel_32831,pixel_32832,pixel_32833,pixel_32834,pixel_32835,pixel_32836,pixel_32837,pixel_32838,pixel_32839,pixel_32840,pixel_32841,pixel_32842,pixel_32843,pixel_32844,pixel_32845,pixel_32846,pixel_32847,pixel_32848,pixel_32849,pixel_32850,pixel_32851,pixel_32852,pixel_32853,pixel_32854,pixel_32855,pixel_32856,pixel_32857,pixel_32858,pixel_32859,pixel_32860,pixel_32861,pixel_32862,pixel_32863,pixel_32864,pixel_32865,pixel_32866,pixel_32867,pixel_32868,pixel_32869,pixel_32870,pixel_32871,pixel_32872,pixel_32873,pixel_32874,pixel_32875,pixel_32876,pixel_32877,pixel_32878,pixel_32879,pixel_32880,pixel_32881,pixel_32882,pixel_32883,pixel_32884,pixel_32885,pixel_32886,pixel_32887,pixel_32888,pixel_32889,pixel_32890,pixel_32891,pixel_32892,pixel_32893,pixel_32894,pixel_32895,pixel_32896,pixel_32897,pixel_32898,pixel_32899,pixel_32900,pixel_32901,pixel_32902,pixel_32903,pixel_32904,pixel_32905,pixel_32906,pixel_32907,pixel_32908,pixel_32909,pixel_32910,pixel_32911,pixel_32912,pixel_32913,pixel_32914,pixel_32915,pixel_32916,pixel_32917,pixel_32918,pixel_32919,pixel_32920,pixel_32921,pixel_32922,pixel_32923,pixel_32924,pixel_32925,pixel_32926,pixel_32927,pixel_32928,pixel_32929,pixel_32930,pixel_32931,pixel_32932,pixel_32933,pixel_32934,pixel_32935,pixel_32936,pixel_32937,pixel_32938,pixel_32939,pixel_32940,pixel_32941,pixel_32942,pixel_32943,pixel_32944,pixel_32945,pixel_32946,pixel_32947,pixel_32948,pixel_32949,pixel_32950,pixel_32951,pixel_32952,pixel_32953,pixel_32954,pixel_32955,pixel_32956,pixel_32957,pixel_32958,pixel_32959,pixel_32960,pixel_32961,pixel_32962,pixel_32963,pixel_32964,pixel_32965,pixel_32966,pixel_32967,pixel_32968,pixel_32969,pixel_32970,pixel_32971,pixel_32972,pixel_32973,pixel_32974,pixel_32975,pixel_32976,pixel_32977,pixel_32978,pixel_32979,pixel_32980,pixel_32981,pixel_32982,pixel_32983,pixel_32984,pixel_32985,pixel_32986,pixel_32987,pixel_32988,pixel_32989,pixel_32990,pixel_32991,pixel_32992,pixel_32993,pixel_32994,pixel_32995,pixel_32996,pixel_32997,pixel_32998,pixel_32999,pixel_33000,pixel_33001,pixel_33002,pixel_33003,pixel_33004,pixel_33005,pixel_33006,pixel_33007,pixel_33008,pixel_33009,pixel_33010,pixel_33011,pixel_33012,pixel_33013,pixel_33014,pixel_33015,pixel_33016,pixel_33017,pixel_33018,pixel_33019,pixel_33020,pixel_33021,pixel_33022,pixel_33023,pixel_33024,pixel_33025,pixel_33026,pixel_33027,pixel_33028,pixel_33029,pixel_33030,pixel_33031,pixel_33032,pixel_33033,pixel_33034,pixel_33035,pixel_33036,pixel_33037,pixel_33038,pixel_33039,pixel_33040,pixel_33041,pixel_33042,pixel_33043,pixel_33044,pixel_33045,pixel_33046,pixel_33047,pixel_33048,pixel_33049,pixel_33050,pixel_33051,pixel_33052,pixel_33053,pixel_33054,pixel_33055,pixel_33056,pixel_33057,pixel_33058,pixel_33059,pixel_33060,pixel_33061,pixel_33062,pixel_33063,pixel_33064,pixel_33065,pixel_33066,pixel_33067,pixel_33068,pixel_33069,pixel_33070,pixel_33071,pixel_33072,pixel_33073,pixel_33074,pixel_33075,pixel_33076,pixel_33077,pixel_33078,pixel_33079,pixel_33080,pixel_33081,pixel_33082,pixel_33083,pixel_33084,pixel_33085,pixel_33086,pixel_33087,pixel_33088,pixel_33089,pixel_33090,pixel_33091,pixel_33092,pixel_33093,pixel_33094,pixel_33095,pixel_33096,pixel_33097,pixel_33098,pixel_33099,pixel_33100,pixel_33101,pixel_33102,pixel_33103,pixel_33104,pixel_33105,pixel_33106,pixel_33107,pixel_33108,pixel_33109,pixel_33110,pixel_33111,pixel_33112,pixel_33113,pixel_33114,pixel_33115,pixel_33116,pixel_33117,pixel_33118,pixel_33119,pixel_33120,pixel_33121,pixel_33122,pixel_33123,pixel_33124,pixel_33125,pixel_33126,pixel_33127,pixel_33128,pixel_33129,pixel_33130,pixel_33131,pixel_33132,pixel_33133,pixel_33134,pixel_33135,pixel_33136,pixel_33137,pixel_33138,pixel_33139,pixel_33140,pixel_33141,pixel_33142,pixel_33143,pixel_33144,pixel_33145,pixel_33146,pixel_33147,pixel_33148,pixel_33149,pixel_33150,pixel_33151,pixel_33152,pixel_33153,pixel_33154,pixel_33155,pixel_33156,pixel_33157,pixel_33158,pixel_33159,pixel_33160,pixel_33161,pixel_33162,pixel_33163,pixel_33164,pixel_33165,pixel_33166,pixel_33167,pixel_33168,pixel_33169,pixel_33170,pixel_33171,pixel_33172,pixel_33173,pixel_33174,pixel_33175,pixel_33176,pixel_33177,pixel_33178,pixel_33179,pixel_33180,pixel_33181,pixel_33182,pixel_33183,pixel_33184,pixel_33185,pixel_33186,pixel_33187,pixel_33188,pixel_33189,pixel_33190,pixel_33191,pixel_33192,pixel_33193,pixel_33194,pixel_33195,pixel_33196,pixel_33197,pixel_33198,pixel_33199,pixel_33200,pixel_33201,pixel_33202,pixel_33203,pixel_33204,pixel_33205,pixel_33206,pixel_33207,pixel_33208,pixel_33209,pixel_33210,pixel_33211,pixel_33212,pixel_33213,pixel_33214,pixel_33215,pixel_33216,pixel_33217,pixel_33218,pixel_33219,pixel_33220,pixel_33221,pixel_33222,pixel_33223,pixel_33224,pixel_33225,pixel_33226,pixel_33227,pixel_33228,pixel_33229,pixel_33230,pixel_33231,pixel_33232,pixel_33233,pixel_33234,pixel_33235,pixel_33236,pixel_33237,pixel_33238,pixel_33239,pixel_33240,pixel_33241,pixel_33242,pixel_33243,pixel_33244,pixel_33245,pixel_33246,pixel_33247,pixel_33248,pixel_33249,pixel_33250,pixel_33251,pixel_33252,pixel_33253,pixel_33254,pixel_33255,pixel_33256,pixel_33257,pixel_33258,pixel_33259,pixel_33260,pixel_33261,pixel_33262,pixel_33263,pixel_33264,pixel_33265,pixel_33266,pixel_33267,pixel_33268,pixel_33269,pixel_33270,pixel_33271,pixel_33272,pixel_33273,pixel_33274,pixel_33275,pixel_33276,pixel_33277,pixel_33278,pixel_33279,pixel_33280,pixel_33281,pixel_33282,pixel_33283,pixel_33284,pixel_33285,pixel_33286,pixel_33287,pixel_33288,pixel_33289,pixel_33290,pixel_33291,pixel_33292,pixel_33293,pixel_33294,pixel_33295,pixel_33296,pixel_33297,pixel_33298,pixel_33299,pixel_33300,pixel_33301,pixel_33302,pixel_33303,pixel_33304,pixel_33305,pixel_33306,pixel_33307,pixel_33308,pixel_33309,pixel_33310,pixel_33311,pixel_33312,pixel_33313,pixel_33314,pixel_33315,pixel_33316,pixel_33317,pixel_33318,pixel_33319,pixel_33320,pixel_33321,pixel_33322,pixel_33323,pixel_33324,pixel_33325,pixel_33326,pixel_33327,pixel_33328,pixel_33329,pixel_33330,pixel_33331,pixel_33332,pixel_33333,pixel_33334,pixel_33335,pixel_33336,pixel_33337,pixel_33338,pixel_33339,pixel_33340,pixel_33341,pixel_33342,pixel_33343,pixel_33344,pixel_33345,pixel_33346,pixel_33347,pixel_33348,pixel_33349,pixel_33350,pixel_33351,pixel_33352,pixel_33353,pixel_33354,pixel_33355,pixel_33356,pixel_33357,pixel_33358,pixel_33359,pixel_33360,pixel_33361,pixel_33362,pixel_33363,pixel_33364,pixel_33365,pixel_33366,pixel_33367,pixel_33368,pixel_33369,pixel_33370,pixel_33371,pixel_33372,pixel_33373,pixel_33374,pixel_33375,pixel_33376,pixel_33377,pixel_33378,pixel_33379,pixel_33380,pixel_33381,pixel_33382,pixel_33383,pixel_33384,pixel_33385,pixel_33386,pixel_33387,pixel_33388,pixel_33389,pixel_33390,pixel_33391,pixel_33392,pixel_33393,pixel_33394,pixel_33395,pixel_33396,pixel_33397,pixel_33398,pixel_33399,pixel_33400,pixel_33401,pixel_33402,pixel_33403,pixel_33404,pixel_33405,pixel_33406,pixel_33407,pixel_33408,pixel_33409,pixel_33410,pixel_33411,pixel_33412,pixel_33413,pixel_33414,pixel_33415,pixel_33416,pixel_33417,pixel_33418,pixel_33419,pixel_33420,pixel_33421,pixel_33422,pixel_33423,pixel_33424,pixel_33425,pixel_33426,pixel_33427,pixel_33428,pixel_33429,pixel_33430,pixel_33431,pixel_33432,pixel_33433,pixel_33434,pixel_33435,pixel_33436,pixel_33437,pixel_33438,pixel_33439,pixel_33440,pixel_33441,pixel_33442,pixel_33443,pixel_33444,pixel_33445,pixel_33446,pixel_33447,pixel_33448,pixel_33449,pixel_33450,pixel_33451,pixel_33452,pixel_33453,pixel_33454,pixel_33455,pixel_33456,pixel_33457,pixel_33458,pixel_33459,pixel_33460,pixel_33461,pixel_33462,pixel_33463,pixel_33464,pixel_33465,pixel_33466,pixel_33467,pixel_33468,pixel_33469,pixel_33470,pixel_33471,pixel_33472,pixel_33473,pixel_33474,pixel_33475,pixel_33476,pixel_33477,pixel_33478,pixel_33479,pixel_33480,pixel_33481,pixel_33482,pixel_33483,pixel_33484,pixel_33485,pixel_33486,pixel_33487,pixel_33488,pixel_33489,pixel_33490,pixel_33491,pixel_33492,pixel_33493,pixel_33494,pixel_33495,pixel_33496,pixel_33497,pixel_33498,pixel_33499,pixel_33500,pixel_33501,pixel_33502,pixel_33503,pixel_33504,pixel_33505,pixel_33506,pixel_33507,pixel_33508,pixel_33509,pixel_33510,pixel_33511,pixel_33512,pixel_33513,pixel_33514,pixel_33515,pixel_33516,pixel_33517,pixel_33518,pixel_33519,pixel_33520,pixel_33521,pixel_33522,pixel_33523,pixel_33524,pixel_33525,pixel_33526,pixel_33527,pixel_33528,pixel_33529,pixel_33530,pixel_33531,pixel_33532,pixel_33533,pixel_33534,pixel_33535,pixel_33536,pixel_33537,pixel_33538,pixel_33539,pixel_33540,pixel_33541,pixel_33542,pixel_33543,pixel_33544,pixel_33545,pixel_33546,pixel_33547,pixel_33548,pixel_33549,pixel_33550,pixel_33551,pixel_33552,pixel_33553,pixel_33554,pixel_33555,pixel_33556,pixel_33557,pixel_33558,pixel_33559,pixel_33560,pixel_33561,pixel_33562,pixel_33563,pixel_33564,pixel_33565,pixel_33566,pixel_33567,pixel_33568,pixel_33569,pixel_33570,pixel_33571,pixel_33572,pixel_33573,pixel_33574,pixel_33575,pixel_33576,pixel_33577,pixel_33578,pixel_33579,pixel_33580,pixel_33581,pixel_33582,pixel_33583,pixel_33584,pixel_33585,pixel_33586,pixel_33587,pixel_33588,pixel_33589,pixel_33590,pixel_33591,pixel_33592,pixel_33593,pixel_33594,pixel_33595,pixel_33596,pixel_33597,pixel_33598,pixel_33599,pixel_33600,pixel_33601,pixel_33602,pixel_33603,pixel_33604,pixel_33605,pixel_33606,pixel_33607,pixel_33608,pixel_33609,pixel_33610,pixel_33611,pixel_33612,pixel_33613,pixel_33614,pixel_33615,pixel_33616,pixel_33617,pixel_33618,pixel_33619,pixel_33620,pixel_33621,pixel_33622,pixel_33623,pixel_33624,pixel_33625,pixel_33626,pixel_33627,pixel_33628,pixel_33629,pixel_33630,pixel_33631,pixel_33632,pixel_33633,pixel_33634,pixel_33635,pixel_33636,pixel_33637,pixel_33638,pixel_33639,pixel_33640,pixel_33641,pixel_33642,pixel_33643,pixel_33644,pixel_33645,pixel_33646,pixel_33647,pixel_33648,pixel_33649,pixel_33650,pixel_33651,pixel_33652,pixel_33653,pixel_33654,pixel_33655,pixel_33656,pixel_33657,pixel_33658,pixel_33659,pixel_33660,pixel_33661,pixel_33662,pixel_33663,pixel_33664,pixel_33665,pixel_33666,pixel_33667,pixel_33668,pixel_33669,pixel_33670,pixel_33671,pixel_33672,pixel_33673,pixel_33674,pixel_33675,pixel_33676,pixel_33677,pixel_33678,pixel_33679,pixel_33680,pixel_33681,pixel_33682,pixel_33683,pixel_33684,pixel_33685,pixel_33686,pixel_33687,pixel_33688,pixel_33689,pixel_33690,pixel_33691,pixel_33692,pixel_33693,pixel_33694,pixel_33695,pixel_33696,pixel_33697,pixel_33698,pixel_33699,pixel_33700,pixel_33701,pixel_33702,pixel_33703,pixel_33704,pixel_33705,pixel_33706,pixel_33707,pixel_33708,pixel_33709,pixel_33710,pixel_33711,pixel_33712,pixel_33713,pixel_33714,pixel_33715,pixel_33716,pixel_33717,pixel_33718,pixel_33719,pixel_33720,pixel_33721,pixel_33722,pixel_33723,pixel_33724,pixel_33725,pixel_33726,pixel_33727,pixel_33728,pixel_33729,pixel_33730,pixel_33731,pixel_33732,pixel_33733,pixel_33734,pixel_33735,pixel_33736,pixel_33737,pixel_33738,pixel_33739,pixel_33740,pixel_33741,pixel_33742,pixel_33743,pixel_33744,pixel_33745,pixel_33746,pixel_33747,pixel_33748,pixel_33749,pixel_33750,pixel_33751,pixel_33752,pixel_33753,pixel_33754,pixel_33755,pixel_33756,pixel_33757,pixel_33758,pixel_33759,pixel_33760,pixel_33761,pixel_33762,pixel_33763,pixel_33764,pixel_33765,pixel_33766,pixel_33767,pixel_33768,pixel_33769,pixel_33770,pixel_33771,pixel_33772,pixel_33773,pixel_33774,pixel_33775,pixel_33776,pixel_33777,pixel_33778,pixel_33779,pixel_33780,pixel_33781,pixel_33782,pixel_33783,pixel_33784,pixel_33785,pixel_33786,pixel_33787,pixel_33788,pixel_33789,pixel_33790,pixel_33791,pixel_33792,pixel_33793,pixel_33794,pixel_33795,pixel_33796,pixel_33797,pixel_33798,pixel_33799,pixel_33800,pixel_33801,pixel_33802,pixel_33803,pixel_33804,pixel_33805,pixel_33806,pixel_33807,pixel_33808,pixel_33809,pixel_33810,pixel_33811,pixel_33812,pixel_33813,pixel_33814,pixel_33815,pixel_33816,pixel_33817,pixel_33818,pixel_33819,pixel_33820,pixel_33821,pixel_33822,pixel_33823,pixel_33824,pixel_33825,pixel_33826,pixel_33827,pixel_33828,pixel_33829,pixel_33830,pixel_33831,pixel_33832,pixel_33833,pixel_33834,pixel_33835,pixel_33836,pixel_33837,pixel_33838,pixel_33839,pixel_33840,pixel_33841,pixel_33842,pixel_33843,pixel_33844,pixel_33845,pixel_33846,pixel_33847,pixel_33848,pixel_33849,pixel_33850,pixel_33851,pixel_33852,pixel_33853,pixel_33854,pixel_33855,pixel_33856,pixel_33857,pixel_33858,pixel_33859,pixel_33860,pixel_33861,pixel_33862,pixel_33863,pixel_33864,pixel_33865,pixel_33866,pixel_33867,pixel_33868,pixel_33869,pixel_33870,pixel_33871,pixel_33872,pixel_33873,pixel_33874,pixel_33875,pixel_33876,pixel_33877,pixel_33878,pixel_33879,pixel_33880,pixel_33881,pixel_33882,pixel_33883,pixel_33884,pixel_33885,pixel_33886,pixel_33887,pixel_33888,pixel_33889,pixel_33890,pixel_33891,pixel_33892,pixel_33893,pixel_33894,pixel_33895,pixel_33896,pixel_33897,pixel_33898,pixel_33899,pixel_33900,pixel_33901,pixel_33902,pixel_33903,pixel_33904,pixel_33905,pixel_33906,pixel_33907,pixel_33908,pixel_33909,pixel_33910,pixel_33911,pixel_33912,pixel_33913,pixel_33914,pixel_33915,pixel_33916,pixel_33917,pixel_33918,pixel_33919,pixel_33920,pixel_33921,pixel_33922,pixel_33923,pixel_33924,pixel_33925,pixel_33926,pixel_33927,pixel_33928,pixel_33929,pixel_33930,pixel_33931,pixel_33932,pixel_33933,pixel_33934,pixel_33935,pixel_33936,pixel_33937,pixel_33938,pixel_33939,pixel_33940,pixel_33941,pixel_33942,pixel_33943,pixel_33944,pixel_33945,pixel_33946,pixel_33947,pixel_33948,pixel_33949,pixel_33950,pixel_33951,pixel_33952,pixel_33953,pixel_33954,pixel_33955,pixel_33956,pixel_33957,pixel_33958,pixel_33959,pixel_33960,pixel_33961,pixel_33962,pixel_33963,pixel_33964,pixel_33965,pixel_33966,pixel_33967,pixel_33968,pixel_33969,pixel_33970,pixel_33971,pixel_33972,pixel_33973,pixel_33974,pixel_33975,pixel_33976,pixel_33977,pixel_33978,pixel_33979,pixel_33980,pixel_33981,pixel_33982,pixel_33983,pixel_33984,pixel_33985,pixel_33986,pixel_33987,pixel_33988,pixel_33989,pixel_33990,pixel_33991,pixel_33992,pixel_33993,pixel_33994,pixel_33995,pixel_33996,pixel_33997,pixel_33998,pixel_33999,pixel_34000,pixel_34001,pixel_34002,pixel_34003,pixel_34004,pixel_34005,pixel_34006,pixel_34007,pixel_34008,pixel_34009,pixel_34010,pixel_34011,pixel_34012,pixel_34013,pixel_34014,pixel_34015,pixel_34016,pixel_34017,pixel_34018,pixel_34019,pixel_34020,pixel_34021,pixel_34022,pixel_34023,pixel_34024,pixel_34025,pixel_34026,pixel_34027,pixel_34028,pixel_34029,pixel_34030,pixel_34031,pixel_34032,pixel_34033,pixel_34034,pixel_34035,pixel_34036,pixel_34037,pixel_34038,pixel_34039,pixel_34040,pixel_34041,pixel_34042,pixel_34043,pixel_34044,pixel_34045,pixel_34046,pixel_34047,pixel_34048,pixel_34049,pixel_34050,pixel_34051,pixel_34052,pixel_34053,pixel_34054,pixel_34055,pixel_34056,pixel_34057,pixel_34058,pixel_34059,pixel_34060,pixel_34061,pixel_34062,pixel_34063,pixel_34064,pixel_34065,pixel_34066,pixel_34067,pixel_34068,pixel_34069,pixel_34070,pixel_34071,pixel_34072,pixel_34073,pixel_34074,pixel_34075,pixel_34076,pixel_34077,pixel_34078,pixel_34079,pixel_34080,pixel_34081,pixel_34082,pixel_34083,pixel_34084,pixel_34085,pixel_34086,pixel_34087,pixel_34088,pixel_34089,pixel_34090,pixel_34091,pixel_34092,pixel_34093,pixel_34094,pixel_34095,pixel_34096,pixel_34097,pixel_34098,pixel_34099,pixel_34100,pixel_34101,pixel_34102,pixel_34103,pixel_34104,pixel_34105,pixel_34106,pixel_34107,pixel_34108,pixel_34109,pixel_34110,pixel_34111,pixel_34112,pixel_34113,pixel_34114,pixel_34115,pixel_34116,pixel_34117,pixel_34118,pixel_34119,pixel_34120,pixel_34121,pixel_34122,pixel_34123,pixel_34124,pixel_34125,pixel_34126,pixel_34127,pixel_34128,pixel_34129,pixel_34130,pixel_34131,pixel_34132,pixel_34133,pixel_34134,pixel_34135,pixel_34136,pixel_34137,pixel_34138,pixel_34139,pixel_34140,pixel_34141,pixel_34142,pixel_34143,pixel_34144,pixel_34145,pixel_34146,pixel_34147,pixel_34148,pixel_34149,pixel_34150,pixel_34151,pixel_34152,pixel_34153,pixel_34154,pixel_34155,pixel_34156,pixel_34157,pixel_34158,pixel_34159,pixel_34160,pixel_34161,pixel_34162,pixel_34163,pixel_34164,pixel_34165,pixel_34166,pixel_34167,pixel_34168,pixel_34169,pixel_34170,pixel_34171,pixel_34172,pixel_34173,pixel_34174,pixel_34175,pixel_34176,pixel_34177,pixel_34178,pixel_34179,pixel_34180,pixel_34181,pixel_34182,pixel_34183,pixel_34184,pixel_34185,pixel_34186,pixel_34187,pixel_34188,pixel_34189,pixel_34190,pixel_34191,pixel_34192,pixel_34193,pixel_34194,pixel_34195,pixel_34196,pixel_34197,pixel_34198,pixel_34199,pixel_34200,pixel_34201,pixel_34202,pixel_34203,pixel_34204,pixel_34205,pixel_34206,pixel_34207,pixel_34208,pixel_34209,pixel_34210,pixel_34211,pixel_34212,pixel_34213,pixel_34214,pixel_34215,pixel_34216,pixel_34217,pixel_34218,pixel_34219,pixel_34220,pixel_34221,pixel_34222,pixel_34223,pixel_34224,pixel_34225,pixel_34226,pixel_34227,pixel_34228,pixel_34229,pixel_34230,pixel_34231,pixel_34232,pixel_34233,pixel_34234,pixel_34235,pixel_34236,pixel_34237,pixel_34238,pixel_34239,pixel_34240,pixel_34241,pixel_34242,pixel_34243,pixel_34244,pixel_34245,pixel_34246,pixel_34247,pixel_34248,pixel_34249,pixel_34250,pixel_34251,pixel_34252,pixel_34253,pixel_34254,pixel_34255,pixel_34256,pixel_34257,pixel_34258,pixel_34259,pixel_34260,pixel_34261,pixel_34262,pixel_34263,pixel_34264,pixel_34265,pixel_34266,pixel_34267,pixel_34268,pixel_34269,pixel_34270,pixel_34271,pixel_34272,pixel_34273,pixel_34274,pixel_34275,pixel_34276,pixel_34277,pixel_34278,pixel_34279,pixel_34280,pixel_34281,pixel_34282,pixel_34283,pixel_34284,pixel_34285,pixel_34286,pixel_34287,pixel_34288,pixel_34289,pixel_34290,pixel_34291,pixel_34292,pixel_34293,pixel_34294,pixel_34295,pixel_34296,pixel_34297,pixel_34298,pixel_34299,pixel_34300,pixel_34301,pixel_34302,pixel_34303,pixel_34304,pixel_34305,pixel_34306,pixel_34307,pixel_34308,pixel_34309,pixel_34310,pixel_34311,pixel_34312,pixel_34313,pixel_34314,pixel_34315,pixel_34316,pixel_34317,pixel_34318,pixel_34319,pixel_34320,pixel_34321,pixel_34322,pixel_34323,pixel_34324,pixel_34325,pixel_34326,pixel_34327,pixel_34328,pixel_34329,pixel_34330,pixel_34331,pixel_34332,pixel_34333,pixel_34334,pixel_34335,pixel_34336,pixel_34337,pixel_34338,pixel_34339,pixel_34340,pixel_34341,pixel_34342,pixel_34343,pixel_34344,pixel_34345,pixel_34346,pixel_34347,pixel_34348,pixel_34349,pixel_34350,pixel_34351,pixel_34352,pixel_34353,pixel_34354,pixel_34355,pixel_34356,pixel_34357,pixel_34358,pixel_34359,pixel_34360,pixel_34361,pixel_34362,pixel_34363,pixel_34364,pixel_34365,pixel_34366,pixel_34367,pixel_34368,pixel_34369,pixel_34370,pixel_34371,pixel_34372,pixel_34373,pixel_34374,pixel_34375,pixel_34376,pixel_34377,pixel_34378,pixel_34379,pixel_34380,pixel_34381,pixel_34382,pixel_34383,pixel_34384,pixel_34385,pixel_34386,pixel_34387,pixel_34388,pixel_34389,pixel_34390,pixel_34391,pixel_34392,pixel_34393,pixel_34394,pixel_34395,pixel_34396,pixel_34397,pixel_34398,pixel_34399,pixel_34400,pixel_34401,pixel_34402,pixel_34403,pixel_34404,pixel_34405,pixel_34406,pixel_34407,pixel_34408,pixel_34409,pixel_34410,pixel_34411,pixel_34412,pixel_34413,pixel_34414,pixel_34415,pixel_34416,pixel_34417,pixel_34418,pixel_34419,pixel_34420,pixel_34421,pixel_34422,pixel_34423,pixel_34424,pixel_34425,pixel_34426,pixel_34427,pixel_34428,pixel_34429,pixel_34430,pixel_34431,pixel_34432,pixel_34433,pixel_34434,pixel_34435,pixel_34436,pixel_34437,pixel_34438,pixel_34439,pixel_34440,pixel_34441,pixel_34442,pixel_34443,pixel_34444,pixel_34445,pixel_34446,pixel_34447,pixel_34448,pixel_34449,pixel_34450,pixel_34451,pixel_34452,pixel_34453,pixel_34454,pixel_34455,pixel_34456,pixel_34457,pixel_34458,pixel_34459,pixel_34460,pixel_34461,pixel_34462,pixel_34463,pixel_34464,pixel_34465,pixel_34466,pixel_34467,pixel_34468,pixel_34469,pixel_34470,pixel_34471,pixel_34472,pixel_34473,pixel_34474,pixel_34475,pixel_34476,pixel_34477,pixel_34478,pixel_34479,pixel_34480,pixel_34481,pixel_34482,pixel_34483,pixel_34484,pixel_34485,pixel_34486,pixel_34487,pixel_34488,pixel_34489,pixel_34490,pixel_34491,pixel_34492,pixel_34493,pixel_34494,pixel_34495,pixel_34496,pixel_34497,pixel_34498,pixel_34499,pixel_34500,pixel_34501,pixel_34502,pixel_34503,pixel_34504,pixel_34505,pixel_34506,pixel_34507,pixel_34508,pixel_34509,pixel_34510,pixel_34511,pixel_34512,pixel_34513,pixel_34514,pixel_34515,pixel_34516,pixel_34517,pixel_34518,pixel_34519,pixel_34520,pixel_34521,pixel_34522,pixel_34523,pixel_34524,pixel_34525,pixel_34526,pixel_34527,pixel_34528,pixel_34529,pixel_34530,pixel_34531,pixel_34532,pixel_34533,pixel_34534,pixel_34535,pixel_34536,pixel_34537,pixel_34538,pixel_34539,pixel_34540,pixel_34541,pixel_34542,pixel_34543,pixel_34544,pixel_34545,pixel_34546,pixel_34547,pixel_34548,pixel_34549,pixel_34550,pixel_34551,pixel_34552,pixel_34553,pixel_34554,pixel_34555,pixel_34556,pixel_34557,pixel_34558,pixel_34559,pixel_34560,pixel_34561,pixel_34562,pixel_34563,pixel_34564,pixel_34565,pixel_34566,pixel_34567,pixel_34568,pixel_34569,pixel_34570,pixel_34571,pixel_34572,pixel_34573,pixel_34574,pixel_34575,pixel_34576,pixel_34577,pixel_34578,pixel_34579,pixel_34580,pixel_34581,pixel_34582,pixel_34583,pixel_34584,pixel_34585,pixel_34586,pixel_34587,pixel_34588,pixel_34589,pixel_34590,pixel_34591,pixel_34592,pixel_34593,pixel_34594,pixel_34595,pixel_34596,pixel_34597,pixel_34598,pixel_34599,pixel_34600,pixel_34601,pixel_34602,pixel_34603,pixel_34604,pixel_34605,pixel_34606,pixel_34607,pixel_34608,pixel_34609,pixel_34610,pixel_34611,pixel_34612,pixel_34613,pixel_34614,pixel_34615,pixel_34616,pixel_34617,pixel_34618,pixel_34619,pixel_34620,pixel_34621,pixel_34622,pixel_34623,pixel_34624,pixel_34625,pixel_34626,pixel_34627,pixel_34628,pixel_34629,pixel_34630,pixel_34631,pixel_34632,pixel_34633,pixel_34634,pixel_34635,pixel_34636,pixel_34637,pixel_34638,pixel_34639,pixel_34640,pixel_34641,pixel_34642,pixel_34643,pixel_34644,pixel_34645,pixel_34646,pixel_34647,pixel_34648,pixel_34649,pixel_34650,pixel_34651,pixel_34652,pixel_34653,pixel_34654,pixel_34655,pixel_34656,pixel_34657,pixel_34658,pixel_34659,pixel_34660,pixel_34661,pixel_34662,pixel_34663,pixel_34664,pixel_34665,pixel_34666,pixel_34667,pixel_34668,pixel_34669,pixel_34670,pixel_34671,pixel_34672,pixel_34673,pixel_34674,pixel_34675,pixel_34676,pixel_34677,pixel_34678,pixel_34679,pixel_34680,pixel_34681,pixel_34682,pixel_34683,pixel_34684,pixel_34685,pixel_34686,pixel_34687,pixel_34688,pixel_34689,pixel_34690,pixel_34691,pixel_34692,pixel_34693,pixel_34694,pixel_34695,pixel_34696,pixel_34697,pixel_34698,pixel_34699,pixel_34700,pixel_34701,pixel_34702,pixel_34703,pixel_34704,pixel_34705,pixel_34706,pixel_34707,pixel_34708,pixel_34709,pixel_34710,pixel_34711,pixel_34712,pixel_34713,pixel_34714,pixel_34715,pixel_34716,pixel_34717,pixel_34718,pixel_34719,pixel_34720,pixel_34721,pixel_34722,pixel_34723,pixel_34724,pixel_34725,pixel_34726,pixel_34727,pixel_34728,pixel_34729,pixel_34730,pixel_34731,pixel_34732,pixel_34733,pixel_34734,pixel_34735,pixel_34736,pixel_34737,pixel_34738,pixel_34739,pixel_34740,pixel_34741,pixel_34742,pixel_34743,pixel_34744,pixel_34745,pixel_34746,pixel_34747,pixel_34748,pixel_34749,pixel_34750,pixel_34751,pixel_34752,pixel_34753,pixel_34754,pixel_34755,pixel_34756,pixel_34757,pixel_34758,pixel_34759,pixel_34760,pixel_34761,pixel_34762,pixel_34763,pixel_34764,pixel_34765,pixel_34766,pixel_34767,pixel_34768,pixel_34769,pixel_34770,pixel_34771,pixel_34772,pixel_34773,pixel_34774,pixel_34775,pixel_34776,pixel_34777,pixel_34778,pixel_34779,pixel_34780,pixel_34781,pixel_34782,pixel_34783,pixel_34784,pixel_34785,pixel_34786,pixel_34787,pixel_34788,pixel_34789,pixel_34790,pixel_34791,pixel_34792,pixel_34793,pixel_34794,pixel_34795,pixel_34796,pixel_34797,pixel_34798,pixel_34799,pixel_34800,pixel_34801,pixel_34802,pixel_34803,pixel_34804,pixel_34805,pixel_34806,pixel_34807,pixel_34808,pixel_34809,pixel_34810,pixel_34811,pixel_34812,pixel_34813,pixel_34814,pixel_34815,pixel_34816,pixel_34817,pixel_34818,pixel_34819,pixel_34820,pixel_34821,pixel_34822,pixel_34823,pixel_34824,pixel_34825,pixel_34826,pixel_34827,pixel_34828,pixel_34829,pixel_34830,pixel_34831,pixel_34832,pixel_34833,pixel_34834,pixel_34835,pixel_34836,pixel_34837,pixel_34838,pixel_34839,pixel_34840,pixel_34841,pixel_34842,pixel_34843,pixel_34844,pixel_34845,pixel_34846,pixel_34847,pixel_34848,pixel_34849,pixel_34850,pixel_34851,pixel_34852,pixel_34853,pixel_34854,pixel_34855,pixel_34856,pixel_34857,pixel_34858,pixel_34859,pixel_34860,pixel_34861,pixel_34862,pixel_34863,pixel_34864,pixel_34865,pixel_34866,pixel_34867,pixel_34868,pixel_34869,pixel_34870,pixel_34871,pixel_34872,pixel_34873,pixel_34874,pixel_34875,pixel_34876,pixel_34877,pixel_34878,pixel_34879,pixel_34880,pixel_34881,pixel_34882,pixel_34883,pixel_34884,pixel_34885,pixel_34886,pixel_34887,pixel_34888,pixel_34889,pixel_34890,pixel_34891,pixel_34892,pixel_34893,pixel_34894,pixel_34895,pixel_34896,pixel_34897,pixel_34898,pixel_34899,pixel_34900,pixel_34901,pixel_34902,pixel_34903,pixel_34904,pixel_34905,pixel_34906,pixel_34907,pixel_34908,pixel_34909,pixel_34910,pixel_34911,pixel_34912,pixel_34913,pixel_34914,pixel_34915,pixel_34916,pixel_34917,pixel_34918,pixel_34919,pixel_34920,pixel_34921,pixel_34922,pixel_34923,pixel_34924,pixel_34925,pixel_34926,pixel_34927,pixel_34928,pixel_34929,pixel_34930,pixel_34931,pixel_34932,pixel_34933,pixel_34934,pixel_34935,pixel_34936,pixel_34937,pixel_34938,pixel_34939,pixel_34940,pixel_34941,pixel_34942,pixel_34943,pixel_34944,pixel_34945,pixel_34946,pixel_34947,pixel_34948,pixel_34949,pixel_34950,pixel_34951,pixel_34952,pixel_34953,pixel_34954,pixel_34955,pixel_34956,pixel_34957,pixel_34958,pixel_34959,pixel_34960,pixel_34961,pixel_34962,pixel_34963,pixel_34964,pixel_34965,pixel_34966,pixel_34967,pixel_34968,pixel_34969,pixel_34970,pixel_34971,pixel_34972,pixel_34973,pixel_34974,pixel_34975,pixel_34976,pixel_34977,pixel_34978,pixel_34979,pixel_34980,pixel_34981,pixel_34982,pixel_34983,pixel_34984,pixel_34985,pixel_34986,pixel_34987,pixel_34988,pixel_34989,pixel_34990,pixel_34991,pixel_34992,pixel_34993,pixel_34994,pixel_34995,pixel_34996,pixel_34997,pixel_34998,pixel_34999,pixel_35000,pixel_35001,pixel_35002,pixel_35003,pixel_35004,pixel_35005,pixel_35006,pixel_35007,pixel_35008,pixel_35009,pixel_35010,pixel_35011,pixel_35012,pixel_35013,pixel_35014,pixel_35015,pixel_35016,pixel_35017,pixel_35018,pixel_35019,pixel_35020,pixel_35021,pixel_35022,pixel_35023,pixel_35024,pixel_35025,pixel_35026,pixel_35027,pixel_35028,pixel_35029,pixel_35030,pixel_35031,pixel_35032,pixel_35033,pixel_35034,pixel_35035,pixel_35036,pixel_35037,pixel_35038,pixel_35039,pixel_35040,pixel_35041,pixel_35042,pixel_35043,pixel_35044,pixel_35045,pixel_35046,pixel_35047,pixel_35048,pixel_35049,pixel_35050,pixel_35051,pixel_35052,pixel_35053,pixel_35054,pixel_35055,pixel_35056,pixel_35057,pixel_35058,pixel_35059,pixel_35060,pixel_35061,pixel_35062,pixel_35063,pixel_35064,pixel_35065,pixel_35066,pixel_35067,pixel_35068,pixel_35069,pixel_35070,pixel_35071,pixel_35072,pixel_35073,pixel_35074,pixel_35075,pixel_35076,pixel_35077,pixel_35078,pixel_35079,pixel_35080,pixel_35081,pixel_35082,pixel_35083,pixel_35084,pixel_35085,pixel_35086,pixel_35087,pixel_35088,pixel_35089,pixel_35090,pixel_35091,pixel_35092,pixel_35093,pixel_35094,pixel_35095,pixel_35096,pixel_35097,pixel_35098,pixel_35099,pixel_35100,pixel_35101,pixel_35102,pixel_35103,pixel_35104,pixel_35105,pixel_35106,pixel_35107,pixel_35108,pixel_35109,pixel_35110,pixel_35111,pixel_35112,pixel_35113,pixel_35114,pixel_35115,pixel_35116,pixel_35117,pixel_35118,pixel_35119,pixel_35120,pixel_35121,pixel_35122,pixel_35123,pixel_35124,pixel_35125,pixel_35126,pixel_35127,pixel_35128,pixel_35129,pixel_35130,pixel_35131,pixel_35132,pixel_35133,pixel_35134,pixel_35135,pixel_35136,pixel_35137,pixel_35138,pixel_35139,pixel_35140,pixel_35141,pixel_35142,pixel_35143,pixel_35144,pixel_35145,pixel_35146,pixel_35147,pixel_35148,pixel_35149,pixel_35150,pixel_35151,pixel_35152,pixel_35153,pixel_35154,pixel_35155,pixel_35156,pixel_35157,pixel_35158,pixel_35159,pixel_35160,pixel_35161,pixel_35162,pixel_35163,pixel_35164,pixel_35165,pixel_35166,pixel_35167,pixel_35168,pixel_35169,pixel_35170,pixel_35171,pixel_35172,pixel_35173,pixel_35174,pixel_35175,pixel_35176,pixel_35177,pixel_35178,pixel_35179,pixel_35180,pixel_35181,pixel_35182,pixel_35183,pixel_35184,pixel_35185,pixel_35186,pixel_35187,pixel_35188,pixel_35189,pixel_35190,pixel_35191,pixel_35192,pixel_35193,pixel_35194,pixel_35195,pixel_35196,pixel_35197,pixel_35198,pixel_35199,pixel_35200,pixel_35201,pixel_35202,pixel_35203,pixel_35204,pixel_35205,pixel_35206,pixel_35207,pixel_35208,pixel_35209,pixel_35210,pixel_35211,pixel_35212,pixel_35213,pixel_35214,pixel_35215,pixel_35216,pixel_35217,pixel_35218,pixel_35219,pixel_35220,pixel_35221,pixel_35222,pixel_35223,pixel_35224,pixel_35225,pixel_35226,pixel_35227,pixel_35228,pixel_35229,pixel_35230,pixel_35231,pixel_35232,pixel_35233,pixel_35234,pixel_35235,pixel_35236,pixel_35237,pixel_35238,pixel_35239,pixel_35240,pixel_35241,pixel_35242,pixel_35243,pixel_35244,pixel_35245,pixel_35246,pixel_35247,pixel_35248,pixel_35249,pixel_35250,pixel_35251,pixel_35252,pixel_35253,pixel_35254,pixel_35255,pixel_35256,pixel_35257,pixel_35258,pixel_35259,pixel_35260,pixel_35261,pixel_35262,pixel_35263,pixel_35264,pixel_35265,pixel_35266,pixel_35267,pixel_35268,pixel_35269,pixel_35270,pixel_35271,pixel_35272,pixel_35273,pixel_35274,pixel_35275,pixel_35276,pixel_35277,pixel_35278,pixel_35279,pixel_35280,pixel_35281,pixel_35282,pixel_35283,pixel_35284,pixel_35285,pixel_35286,pixel_35287,pixel_35288,pixel_35289,pixel_35290,pixel_35291,pixel_35292,pixel_35293,pixel_35294,pixel_35295,pixel_35296,pixel_35297,pixel_35298,pixel_35299,pixel_35300,pixel_35301,pixel_35302,pixel_35303,pixel_35304,pixel_35305,pixel_35306,pixel_35307,pixel_35308,pixel_35309,pixel_35310,pixel_35311,pixel_35312,pixel_35313,pixel_35314,pixel_35315,pixel_35316,pixel_35317,pixel_35318,pixel_35319,pixel_35320,pixel_35321,pixel_35322,pixel_35323,pixel_35324,pixel_35325,pixel_35326,pixel_35327,pixel_35328,pixel_35329,pixel_35330,pixel_35331,pixel_35332,pixel_35333,pixel_35334,pixel_35335,pixel_35336,pixel_35337,pixel_35338,pixel_35339,pixel_35340,pixel_35341,pixel_35342,pixel_35343,pixel_35344,pixel_35345,pixel_35346,pixel_35347,pixel_35348,pixel_35349,pixel_35350,pixel_35351,pixel_35352,pixel_35353,pixel_35354,pixel_35355,pixel_35356,pixel_35357,pixel_35358,pixel_35359,pixel_35360,pixel_35361,pixel_35362,pixel_35363,pixel_35364,pixel_35365,pixel_35366,pixel_35367,pixel_35368,pixel_35369,pixel_35370,pixel_35371,pixel_35372,pixel_35373,pixel_35374,pixel_35375,pixel_35376,pixel_35377,pixel_35378,pixel_35379,pixel_35380,pixel_35381,pixel_35382,pixel_35383,pixel_35384,pixel_35385,pixel_35386,pixel_35387,pixel_35388,pixel_35389,pixel_35390,pixel_35391,pixel_35392,pixel_35393,pixel_35394,pixel_35395,pixel_35396,pixel_35397,pixel_35398,pixel_35399,pixel_35400,pixel_35401,pixel_35402,pixel_35403,pixel_35404,pixel_35405,pixel_35406,pixel_35407,pixel_35408,pixel_35409,pixel_35410,pixel_35411,pixel_35412,pixel_35413,pixel_35414,pixel_35415,pixel_35416,pixel_35417,pixel_35418,pixel_35419,pixel_35420,pixel_35421,pixel_35422,pixel_35423,pixel_35424,pixel_35425,pixel_35426,pixel_35427,pixel_35428,pixel_35429,pixel_35430,pixel_35431,pixel_35432,pixel_35433,pixel_35434,pixel_35435,pixel_35436,pixel_35437,pixel_35438,pixel_35439,pixel_35440,pixel_35441,pixel_35442,pixel_35443,pixel_35444,pixel_35445,pixel_35446,pixel_35447,pixel_35448,pixel_35449,pixel_35450,pixel_35451,pixel_35452,pixel_35453,pixel_35454,pixel_35455,pixel_35456,pixel_35457,pixel_35458,pixel_35459,pixel_35460,pixel_35461,pixel_35462,pixel_35463,pixel_35464,pixel_35465,pixel_35466,pixel_35467,pixel_35468,pixel_35469,pixel_35470,pixel_35471,pixel_35472,pixel_35473,pixel_35474,pixel_35475,pixel_35476,pixel_35477,pixel_35478,pixel_35479,pixel_35480,pixel_35481,pixel_35482,pixel_35483,pixel_35484,pixel_35485,pixel_35486,pixel_35487,pixel_35488,pixel_35489,pixel_35490,pixel_35491,pixel_35492,pixel_35493,pixel_35494,pixel_35495,pixel_35496,pixel_35497,pixel_35498,pixel_35499,pixel_35500,pixel_35501,pixel_35502,pixel_35503,pixel_35504,pixel_35505,pixel_35506,pixel_35507,pixel_35508,pixel_35509,pixel_35510,pixel_35511,pixel_35512,pixel_35513,pixel_35514,pixel_35515,pixel_35516,pixel_35517,pixel_35518,pixel_35519,pixel_35520,pixel_35521,pixel_35522,pixel_35523,pixel_35524,pixel_35525,pixel_35526,pixel_35527,pixel_35528,pixel_35529,pixel_35530,pixel_35531,pixel_35532,pixel_35533,pixel_35534,pixel_35535,pixel_35536,pixel_35537,pixel_35538,pixel_35539,pixel_35540,pixel_35541,pixel_35542,pixel_35543,pixel_35544,pixel_35545,pixel_35546,pixel_35547,pixel_35548,pixel_35549,pixel_35550,pixel_35551,pixel_35552,pixel_35553,pixel_35554,pixel_35555,pixel_35556,pixel_35557,pixel_35558,pixel_35559,pixel_35560,pixel_35561,pixel_35562,pixel_35563,pixel_35564,pixel_35565,pixel_35566,pixel_35567,pixel_35568,pixel_35569,pixel_35570,pixel_35571,pixel_35572,pixel_35573,pixel_35574,pixel_35575,pixel_35576,pixel_35577,pixel_35578,pixel_35579,pixel_35580,pixel_35581,pixel_35582,pixel_35583,pixel_35584,pixel_35585,pixel_35586,pixel_35587,pixel_35588,pixel_35589,pixel_35590,pixel_35591,pixel_35592,pixel_35593,pixel_35594,pixel_35595,pixel_35596,pixel_35597,pixel_35598,pixel_35599,pixel_35600,pixel_35601,pixel_35602,pixel_35603,pixel_35604,pixel_35605,pixel_35606,pixel_35607,pixel_35608,pixel_35609,pixel_35610,pixel_35611,pixel_35612,pixel_35613,pixel_35614,pixel_35615,pixel_35616,pixel_35617,pixel_35618,pixel_35619,pixel_35620,pixel_35621,pixel_35622,pixel_35623,pixel_35624,pixel_35625,pixel_35626,pixel_35627,pixel_35628,pixel_35629,pixel_35630,pixel_35631,pixel_35632,pixel_35633,pixel_35634,pixel_35635,pixel_35636,pixel_35637,pixel_35638,pixel_35639,pixel_35640,pixel_35641,pixel_35642,pixel_35643,pixel_35644,pixel_35645,pixel_35646,pixel_35647,pixel_35648,pixel_35649,pixel_35650,pixel_35651,pixel_35652,pixel_35653,pixel_35654,pixel_35655,pixel_35656,pixel_35657,pixel_35658,pixel_35659,pixel_35660,pixel_35661,pixel_35662,pixel_35663,pixel_35664,pixel_35665,pixel_35666,pixel_35667,pixel_35668,pixel_35669,pixel_35670,pixel_35671,pixel_35672,pixel_35673,pixel_35674,pixel_35675,pixel_35676,pixel_35677,pixel_35678,pixel_35679,pixel_35680,pixel_35681,pixel_35682,pixel_35683,pixel_35684,pixel_35685,pixel_35686,pixel_35687,pixel_35688,pixel_35689,pixel_35690,pixel_35691,pixel_35692,pixel_35693,pixel_35694,pixel_35695,pixel_35696,pixel_35697,pixel_35698,pixel_35699,pixel_35700,pixel_35701,pixel_35702,pixel_35703,pixel_35704,pixel_35705,pixel_35706,pixel_35707,pixel_35708,pixel_35709,pixel_35710,pixel_35711,pixel_35712,pixel_35713,pixel_35714,pixel_35715,pixel_35716,pixel_35717,pixel_35718,pixel_35719,pixel_35720,pixel_35721,pixel_35722,pixel_35723,pixel_35724,pixel_35725,pixel_35726,pixel_35727,pixel_35728,pixel_35729,pixel_35730,pixel_35731,pixel_35732,pixel_35733,pixel_35734,pixel_35735,pixel_35736,pixel_35737,pixel_35738,pixel_35739,pixel_35740,pixel_35741,pixel_35742,pixel_35743,pixel_35744,pixel_35745,pixel_35746,pixel_35747,pixel_35748,pixel_35749,pixel_35750,pixel_35751,pixel_35752,pixel_35753,pixel_35754,pixel_35755,pixel_35756,pixel_35757,pixel_35758,pixel_35759,pixel_35760,pixel_35761,pixel_35762,pixel_35763,pixel_35764,pixel_35765,pixel_35766,pixel_35767,pixel_35768,pixel_35769,pixel_35770,pixel_35771,pixel_35772,pixel_35773,pixel_35774,pixel_35775,pixel_35776,pixel_35777,pixel_35778,pixel_35779,pixel_35780,pixel_35781,pixel_35782,pixel_35783,pixel_35784,pixel_35785,pixel_35786,pixel_35787,pixel_35788,pixel_35789,pixel_35790,pixel_35791,pixel_35792,pixel_35793,pixel_35794,pixel_35795,pixel_35796,pixel_35797,pixel_35798,pixel_35799,pixel_35800,pixel_35801,pixel_35802,pixel_35803,pixel_35804,pixel_35805,pixel_35806,pixel_35807,pixel_35808,pixel_35809,pixel_35810,pixel_35811,pixel_35812,pixel_35813,pixel_35814,pixel_35815,pixel_35816,pixel_35817,pixel_35818,pixel_35819,pixel_35820,pixel_35821,pixel_35822,pixel_35823,pixel_35824,pixel_35825,pixel_35826,pixel_35827,pixel_35828,pixel_35829,pixel_35830,pixel_35831,pixel_35832,pixel_35833,pixel_35834,pixel_35835,pixel_35836,pixel_35837,pixel_35838,pixel_35839,pixel_35840,pixel_35841,pixel_35842,pixel_35843,pixel_35844,pixel_35845,pixel_35846,pixel_35847,pixel_35848,pixel_35849,pixel_35850,pixel_35851,pixel_35852,pixel_35853,pixel_35854,pixel_35855,pixel_35856,pixel_35857,pixel_35858,pixel_35859,pixel_35860,pixel_35861,pixel_35862,pixel_35863,pixel_35864,pixel_35865,pixel_35866,pixel_35867,pixel_35868,pixel_35869,pixel_35870,pixel_35871,pixel_35872,pixel_35873,pixel_35874,pixel_35875,pixel_35876,pixel_35877,pixel_35878,pixel_35879,pixel_35880,pixel_35881,pixel_35882,pixel_35883,pixel_35884,pixel_35885,pixel_35886,pixel_35887,pixel_35888,pixel_35889,pixel_35890,pixel_35891,pixel_35892,pixel_35893,pixel_35894,pixel_35895,pixel_35896,pixel_35897,pixel_35898,pixel_35899,pixel_35900,pixel_35901,pixel_35902,pixel_35903,pixel_35904,pixel_35905,pixel_35906,pixel_35907,pixel_35908,pixel_35909,pixel_35910,pixel_35911,pixel_35912,pixel_35913,pixel_35914,pixel_35915,pixel_35916,pixel_35917,pixel_35918,pixel_35919,pixel_35920,pixel_35921,pixel_35922,pixel_35923,pixel_35924,pixel_35925,pixel_35926,pixel_35927,pixel_35928,pixel_35929,pixel_35930,pixel_35931,pixel_35932,pixel_35933,pixel_35934,pixel_35935,pixel_35936,pixel_35937,pixel_35938,pixel_35939,pixel_35940,pixel_35941,pixel_35942,pixel_35943,pixel_35944,pixel_35945,pixel_35946,pixel_35947,pixel_35948,pixel_35949,pixel_35950,pixel_35951,pixel_35952,pixel_35953,pixel_35954,pixel_35955,pixel_35956,pixel_35957,pixel_35958,pixel_35959,pixel_35960,pixel_35961,pixel_35962,pixel_35963,pixel_35964,pixel_35965,pixel_35966,pixel_35967,pixel_35968,pixel_35969,pixel_35970,pixel_35971,pixel_35972,pixel_35973,pixel_35974,pixel_35975,pixel_35976,pixel_35977,pixel_35978,pixel_35979,pixel_35980,pixel_35981,pixel_35982,pixel_35983,pixel_35984,pixel_35985,pixel_35986,pixel_35987,pixel_35988,pixel_35989,pixel_35990,pixel_35991,pixel_35992,pixel_35993,pixel_35994,pixel_35995,pixel_35996,pixel_35997,pixel_35998,pixel_35999,pixel_36000,pixel_36001,pixel_36002,pixel_36003,pixel_36004,pixel_36005,pixel_36006,pixel_36007,pixel_36008,pixel_36009,pixel_36010,pixel_36011,pixel_36012,pixel_36013,pixel_36014,pixel_36015,pixel_36016,pixel_36017,pixel_36018,pixel_36019,pixel_36020,pixel_36021,pixel_36022,pixel_36023,pixel_36024,pixel_36025,pixel_36026,pixel_36027,pixel_36028,pixel_36029,pixel_36030,pixel_36031,pixel_36032,pixel_36033,pixel_36034,pixel_36035,pixel_36036,pixel_36037,pixel_36038,pixel_36039,pixel_36040,pixel_36041,pixel_36042,pixel_36043,pixel_36044,pixel_36045,pixel_36046,pixel_36047,pixel_36048,pixel_36049,pixel_36050,pixel_36051,pixel_36052,pixel_36053,pixel_36054,pixel_36055,pixel_36056,pixel_36057,pixel_36058,pixel_36059,pixel_36060,pixel_36061,pixel_36062,pixel_36063,pixel_36064,pixel_36065,pixel_36066,pixel_36067,pixel_36068,pixel_36069,pixel_36070,pixel_36071,pixel_36072,pixel_36073,pixel_36074,pixel_36075,pixel_36076,pixel_36077,pixel_36078,pixel_36079,pixel_36080,pixel_36081,pixel_36082,pixel_36083,pixel_36084,pixel_36085,pixel_36086,pixel_36087,pixel_36088,pixel_36089,pixel_36090,pixel_36091,pixel_36092,pixel_36093,pixel_36094,pixel_36095,pixel_36096,pixel_36097,pixel_36098,pixel_36099,pixel_36100,pixel_36101,pixel_36102,pixel_36103,pixel_36104,pixel_36105,pixel_36106,pixel_36107,pixel_36108,pixel_36109,pixel_36110,pixel_36111,pixel_36112,pixel_36113,pixel_36114,pixel_36115,pixel_36116,pixel_36117,pixel_36118,pixel_36119,pixel_36120,pixel_36121,pixel_36122,pixel_36123,pixel_36124,pixel_36125,pixel_36126,pixel_36127,pixel_36128,pixel_36129,pixel_36130,pixel_36131,pixel_36132,pixel_36133,pixel_36134,pixel_36135,pixel_36136,pixel_36137,pixel_36138,pixel_36139,pixel_36140,pixel_36141,pixel_36142,pixel_36143,pixel_36144,pixel_36145,pixel_36146,pixel_36147,pixel_36148,pixel_36149,pixel_36150,pixel_36151,pixel_36152,pixel_36153,pixel_36154,pixel_36155,pixel_36156,pixel_36157,pixel_36158,pixel_36159,pixel_36160,pixel_36161,pixel_36162,pixel_36163,pixel_36164,pixel_36165,pixel_36166,pixel_36167,pixel_36168,pixel_36169,pixel_36170,pixel_36171,pixel_36172,pixel_36173,pixel_36174,pixel_36175,pixel_36176,pixel_36177,pixel_36178,pixel_36179,pixel_36180,pixel_36181,pixel_36182,pixel_36183,pixel_36184,pixel_36185,pixel_36186,pixel_36187,pixel_36188,pixel_36189,pixel_36190,pixel_36191,pixel_36192,pixel_36193,pixel_36194,pixel_36195,pixel_36196,pixel_36197,pixel_36198,pixel_36199,pixel_36200,pixel_36201,pixel_36202,pixel_36203,pixel_36204,pixel_36205,pixel_36206,pixel_36207,pixel_36208,pixel_36209,pixel_36210,pixel_36211,pixel_36212,pixel_36213,pixel_36214,pixel_36215,pixel_36216,pixel_36217,pixel_36218,pixel_36219,pixel_36220,pixel_36221,pixel_36222,pixel_36223,pixel_36224,pixel_36225,pixel_36226,pixel_36227,pixel_36228,pixel_36229,pixel_36230,pixel_36231,pixel_36232,pixel_36233,pixel_36234,pixel_36235,pixel_36236,pixel_36237,pixel_36238,pixel_36239,pixel_36240,pixel_36241,pixel_36242,pixel_36243,pixel_36244,pixel_36245,pixel_36246,pixel_36247,pixel_36248,pixel_36249,pixel_36250,pixel_36251,pixel_36252,pixel_36253,pixel_36254,pixel_36255,pixel_36256,pixel_36257,pixel_36258,pixel_36259,pixel_36260,pixel_36261,pixel_36262,pixel_36263,pixel_36264,pixel_36265,pixel_36266,pixel_36267,pixel_36268,pixel_36269,pixel_36270,pixel_36271,pixel_36272,pixel_36273,pixel_36274,pixel_36275,pixel_36276,pixel_36277,pixel_36278,pixel_36279,pixel_36280,pixel_36281,pixel_36282,pixel_36283,pixel_36284,pixel_36285,pixel_36286,pixel_36287,pixel_36288,pixel_36289,pixel_36290,pixel_36291,pixel_36292,pixel_36293,pixel_36294,pixel_36295,pixel_36296,pixel_36297,pixel_36298,pixel_36299,pixel_36300,pixel_36301,pixel_36302,pixel_36303,pixel_36304,pixel_36305,pixel_36306,pixel_36307,pixel_36308,pixel_36309,pixel_36310,pixel_36311,pixel_36312,pixel_36313,pixel_36314,pixel_36315,pixel_36316,pixel_36317,pixel_36318,pixel_36319,pixel_36320,pixel_36321,pixel_36322,pixel_36323,pixel_36324,pixel_36325,pixel_36326,pixel_36327,pixel_36328,pixel_36329,pixel_36330,pixel_36331,pixel_36332,pixel_36333,pixel_36334,pixel_36335,pixel_36336,pixel_36337,pixel_36338,pixel_36339,pixel_36340,pixel_36341,pixel_36342,pixel_36343,pixel_36344,pixel_36345,pixel_36346,pixel_36347,pixel_36348,pixel_36349,pixel_36350,pixel_36351,pixel_36352,pixel_36353,pixel_36354,pixel_36355,pixel_36356,pixel_36357,pixel_36358,pixel_36359,pixel_36360,pixel_36361,pixel_36362,pixel_36363,pixel_36364,pixel_36365,pixel_36366,pixel_36367,pixel_36368,pixel_36369,pixel_36370,pixel_36371,pixel_36372,pixel_36373,pixel_36374,pixel_36375,pixel_36376,pixel_36377,pixel_36378,pixel_36379,pixel_36380,pixel_36381,pixel_36382,pixel_36383,pixel_36384,pixel_36385,pixel_36386,pixel_36387,pixel_36388,pixel_36389,pixel_36390,pixel_36391,pixel_36392,pixel_36393,pixel_36394,pixel_36395,pixel_36396,pixel_36397,pixel_36398,pixel_36399,pixel_36400,pixel_36401,pixel_36402,pixel_36403,pixel_36404,pixel_36405,pixel_36406,pixel_36407,pixel_36408,pixel_36409,pixel_36410,pixel_36411,pixel_36412,pixel_36413,pixel_36414,pixel_36415,pixel_36416,pixel_36417,pixel_36418,pixel_36419,pixel_36420,pixel_36421,pixel_36422,pixel_36423,pixel_36424,pixel_36425,pixel_36426,pixel_36427,pixel_36428,pixel_36429,pixel_36430,pixel_36431,pixel_36432,pixel_36433,pixel_36434,pixel_36435,pixel_36436,pixel_36437,pixel_36438,pixel_36439,pixel_36440,pixel_36441,pixel_36442,pixel_36443,pixel_36444,pixel_36445,pixel_36446,pixel_36447,pixel_36448,pixel_36449,pixel_36450,pixel_36451,pixel_36452,pixel_36453,pixel_36454,pixel_36455,pixel_36456,pixel_36457,pixel_36458,pixel_36459,pixel_36460,pixel_36461,pixel_36462,pixel_36463,pixel_36464,pixel_36465,pixel_36466,pixel_36467,pixel_36468,pixel_36469,pixel_36470,pixel_36471,pixel_36472,pixel_36473,pixel_36474,pixel_36475,pixel_36476,pixel_36477,pixel_36478,pixel_36479,pixel_36480,pixel_36481,pixel_36482,pixel_36483,pixel_36484,pixel_36485,pixel_36486,pixel_36487,pixel_36488,pixel_36489,pixel_36490,pixel_36491,pixel_36492,pixel_36493,pixel_36494,pixel_36495,pixel_36496,pixel_36497,pixel_36498,pixel_36499,pixel_36500,pixel_36501,pixel_36502,pixel_36503,pixel_36504,pixel_36505,pixel_36506,pixel_36507,pixel_36508,pixel_36509,pixel_36510,pixel_36511,pixel_36512,pixel_36513,pixel_36514,pixel_36515,pixel_36516,pixel_36517,pixel_36518,pixel_36519,pixel_36520,pixel_36521,pixel_36522,pixel_36523,pixel_36524,pixel_36525,pixel_36526,pixel_36527,pixel_36528,pixel_36529,pixel_36530,pixel_36531,pixel_36532,pixel_36533,pixel_36534,pixel_36535,pixel_36536,pixel_36537,pixel_36538,pixel_36539,pixel_36540,pixel_36541,pixel_36542,pixel_36543,pixel_36544,pixel_36545,pixel_36546,pixel_36547,pixel_36548,pixel_36549,pixel_36550,pixel_36551,pixel_36552,pixel_36553,pixel_36554,pixel_36555,pixel_36556,pixel_36557,pixel_36558,pixel_36559,pixel_36560,pixel_36561,pixel_36562,pixel_36563,pixel_36564,pixel_36565,pixel_36566,pixel_36567,pixel_36568,pixel_36569,pixel_36570,pixel_36571,pixel_36572,pixel_36573,pixel_36574,pixel_36575,pixel_36576,pixel_36577,pixel_36578,pixel_36579,pixel_36580,pixel_36581,pixel_36582,pixel_36583,pixel_36584,pixel_36585,pixel_36586,pixel_36587,pixel_36588,pixel_36589,pixel_36590,pixel_36591,pixel_36592,pixel_36593,pixel_36594,pixel_36595,pixel_36596,pixel_36597,pixel_36598,pixel_36599,pixel_36600,pixel_36601,pixel_36602,pixel_36603,pixel_36604,pixel_36605,pixel_36606,pixel_36607,pixel_36608,pixel_36609,pixel_36610,pixel_36611,pixel_36612,pixel_36613,pixel_36614,pixel_36615,pixel_36616,pixel_36617,pixel_36618,pixel_36619,pixel_36620,pixel_36621,pixel_36622,pixel_36623,pixel_36624,pixel_36625,pixel_36626,pixel_36627,pixel_36628,pixel_36629,pixel_36630,pixel_36631,pixel_36632,pixel_36633,pixel_36634,pixel_36635,pixel_36636,pixel_36637,pixel_36638,pixel_36639,pixel_36640,pixel_36641,pixel_36642,pixel_36643,pixel_36644,pixel_36645,pixel_36646,pixel_36647,pixel_36648,pixel_36649,pixel_36650,pixel_36651,pixel_36652,pixel_36653,pixel_36654,pixel_36655,pixel_36656,pixel_36657,pixel_36658,pixel_36659,pixel_36660,pixel_36661,pixel_36662,pixel_36663,pixel_36664,pixel_36665,pixel_36666,pixel_36667,pixel_36668,pixel_36669,pixel_36670,pixel_36671,pixel_36672,pixel_36673,pixel_36674,pixel_36675,pixel_36676,pixel_36677,pixel_36678,pixel_36679,pixel_36680,pixel_36681,pixel_36682,pixel_36683,pixel_36684,pixel_36685,pixel_36686,pixel_36687,pixel_36688,pixel_36689,pixel_36690,pixel_36691,pixel_36692,pixel_36693,pixel_36694,pixel_36695,pixel_36696,pixel_36697,pixel_36698,pixel_36699,pixel_36700,pixel_36701,pixel_36702,pixel_36703,pixel_36704,pixel_36705,pixel_36706,pixel_36707,pixel_36708,pixel_36709,pixel_36710,pixel_36711,pixel_36712,pixel_36713,pixel_36714,pixel_36715,pixel_36716,pixel_36717,pixel_36718,pixel_36719,pixel_36720,pixel_36721,pixel_36722,pixel_36723,pixel_36724,pixel_36725,pixel_36726,pixel_36727,pixel_36728,pixel_36729,pixel_36730,pixel_36731,pixel_36732,pixel_36733,pixel_36734,pixel_36735,pixel_36736,pixel_36737,pixel_36738,pixel_36739,pixel_36740,pixel_36741,pixel_36742,pixel_36743,pixel_36744,pixel_36745,pixel_36746,pixel_36747,pixel_36748,pixel_36749,pixel_36750,pixel_36751,pixel_36752,pixel_36753,pixel_36754,pixel_36755,pixel_36756,pixel_36757,pixel_36758,pixel_36759,pixel_36760,pixel_36761,pixel_36762,pixel_36763,pixel_36764,pixel_36765,pixel_36766,pixel_36767,pixel_36768,pixel_36769,pixel_36770,pixel_36771,pixel_36772,pixel_36773,pixel_36774,pixel_36775,pixel_36776,pixel_36777,pixel_36778,pixel_36779,pixel_36780,pixel_36781,pixel_36782,pixel_36783,pixel_36784,pixel_36785,pixel_36786,pixel_36787,pixel_36788,pixel_36789,pixel_36790,pixel_36791,pixel_36792,pixel_36793,pixel_36794,pixel_36795,pixel_36796,pixel_36797,pixel_36798,pixel_36799,pixel_36800,pixel_36801,pixel_36802,pixel_36803,pixel_36804,pixel_36805,pixel_36806,pixel_36807,pixel_36808,pixel_36809,pixel_36810,pixel_36811,pixel_36812,pixel_36813,pixel_36814,pixel_36815,pixel_36816,pixel_36817,pixel_36818,pixel_36819,pixel_36820,pixel_36821,pixel_36822,pixel_36823,pixel_36824,pixel_36825,pixel_36826,pixel_36827,pixel_36828,pixel_36829,pixel_36830,pixel_36831,pixel_36832,pixel_36833,pixel_36834,pixel_36835,pixel_36836,pixel_36837,pixel_36838,pixel_36839,pixel_36840,pixel_36841,pixel_36842,pixel_36843,pixel_36844,pixel_36845,pixel_36846,pixel_36847,pixel_36848,pixel_36849,pixel_36850,pixel_36851,pixel_36852,pixel_36853,pixel_36854,pixel_36855,pixel_36856,pixel_36857,pixel_36858,pixel_36859,pixel_36860,pixel_36861,pixel_36862,pixel_36863,pixel_36864,pixel_36865,pixel_36866,pixel_36867,pixel_36868,pixel_36869,pixel_36870,pixel_36871,pixel_36872,pixel_36873,pixel_36874,pixel_36875,pixel_36876,pixel_36877,pixel_36878,pixel_36879,pixel_36880,pixel_36881,pixel_36882,pixel_36883,pixel_36884,pixel_36885,pixel_36886,pixel_36887,pixel_36888,pixel_36889,pixel_36890,pixel_36891,pixel_36892,pixel_36893,pixel_36894,pixel_36895,pixel_36896,pixel_36897,pixel_36898,pixel_36899,pixel_36900,pixel_36901,pixel_36902,pixel_36903,pixel_36904,pixel_36905,pixel_36906,pixel_36907,pixel_36908,pixel_36909,pixel_36910,pixel_36911,pixel_36912,pixel_36913,pixel_36914,pixel_36915,pixel_36916,pixel_36917,pixel_36918,pixel_36919,pixel_36920,pixel_36921,pixel_36922,pixel_36923,pixel_36924,pixel_36925,pixel_36926,pixel_36927,pixel_36928,pixel_36929,pixel_36930,pixel_36931,pixel_36932,pixel_36933,pixel_36934,pixel_36935,pixel_36936,pixel_36937,pixel_36938,pixel_36939,pixel_36940,pixel_36941,pixel_36942,pixel_36943,pixel_36944,pixel_36945,pixel_36946,pixel_36947,pixel_36948,pixel_36949,pixel_36950,pixel_36951,pixel_36952,pixel_36953,pixel_36954,pixel_36955,pixel_36956,pixel_36957,pixel_36958,pixel_36959,pixel_36960,pixel_36961,pixel_36962,pixel_36963,pixel_36964,pixel_36965,pixel_36966,pixel_36967,pixel_36968,pixel_36969,pixel_36970,pixel_36971,pixel_36972,pixel_36973,pixel_36974,pixel_36975,pixel_36976,pixel_36977,pixel_36978,pixel_36979,pixel_36980,pixel_36981,pixel_36982,pixel_36983,pixel_36984,pixel_36985,pixel_36986,pixel_36987,pixel_36988,pixel_36989,pixel_36990,pixel_36991,pixel_36992,pixel_36993,pixel_36994,pixel_36995,pixel_36996,pixel_36997,pixel_36998,pixel_36999,pixel_37000,pixel_37001,pixel_37002,pixel_37003,pixel_37004,pixel_37005,pixel_37006,pixel_37007,pixel_37008,pixel_37009,pixel_37010,pixel_37011,pixel_37012,pixel_37013,pixel_37014,pixel_37015,pixel_37016,pixel_37017,pixel_37018,pixel_37019,pixel_37020,pixel_37021,pixel_37022,pixel_37023,pixel_37024,pixel_37025,pixel_37026,pixel_37027,pixel_37028,pixel_37029,pixel_37030,pixel_37031,pixel_37032,pixel_37033,pixel_37034,pixel_37035,pixel_37036,pixel_37037,pixel_37038,pixel_37039,pixel_37040,pixel_37041,pixel_37042,pixel_37043,pixel_37044,pixel_37045,pixel_37046,pixel_37047,pixel_37048,pixel_37049,pixel_37050,pixel_37051,pixel_37052,pixel_37053,pixel_37054,pixel_37055,pixel_37056,pixel_37057,pixel_37058,pixel_37059,pixel_37060,pixel_37061,pixel_37062,pixel_37063,pixel_37064,pixel_37065,pixel_37066,pixel_37067,pixel_37068,pixel_37069,pixel_37070,pixel_37071,pixel_37072,pixel_37073,pixel_37074,pixel_37075,pixel_37076,pixel_37077,pixel_37078,pixel_37079,pixel_37080,pixel_37081,pixel_37082,pixel_37083,pixel_37084,pixel_37085,pixel_37086,pixel_37087,pixel_37088,pixel_37089,pixel_37090,pixel_37091,pixel_37092,pixel_37093,pixel_37094,pixel_37095,pixel_37096,pixel_37097,pixel_37098,pixel_37099,pixel_37100,pixel_37101,pixel_37102,pixel_37103,pixel_37104,pixel_37105,pixel_37106,pixel_37107,pixel_37108,pixel_37109,pixel_37110,pixel_37111,pixel_37112,pixel_37113,pixel_37114,pixel_37115,pixel_37116,pixel_37117,pixel_37118,pixel_37119,pixel_37120,pixel_37121,pixel_37122,pixel_37123,pixel_37124,pixel_37125,pixel_37126,pixel_37127,pixel_37128,pixel_37129,pixel_37130,pixel_37131,pixel_37132,pixel_37133,pixel_37134,pixel_37135,pixel_37136,pixel_37137,pixel_37138,pixel_37139,pixel_37140,pixel_37141,pixel_37142,pixel_37143,pixel_37144,pixel_37145,pixel_37146,pixel_37147,pixel_37148,pixel_37149,pixel_37150,pixel_37151,pixel_37152,pixel_37153,pixel_37154,pixel_37155,pixel_37156,pixel_37157,pixel_37158,pixel_37159,pixel_37160,pixel_37161,pixel_37162,pixel_37163,pixel_37164,pixel_37165,pixel_37166,pixel_37167,pixel_37168,pixel_37169,pixel_37170,pixel_37171,pixel_37172,pixel_37173,pixel_37174,pixel_37175,pixel_37176,pixel_37177,pixel_37178,pixel_37179,pixel_37180,pixel_37181,pixel_37182,pixel_37183,pixel_37184,pixel_37185,pixel_37186,pixel_37187,pixel_37188,pixel_37189,pixel_37190,pixel_37191,pixel_37192,pixel_37193,pixel_37194,pixel_37195,pixel_37196,pixel_37197,pixel_37198,pixel_37199,pixel_37200,pixel_37201,pixel_37202,pixel_37203,pixel_37204,pixel_37205,pixel_37206,pixel_37207,pixel_37208,pixel_37209,pixel_37210,pixel_37211,pixel_37212,pixel_37213,pixel_37214,pixel_37215,pixel_37216,pixel_37217,pixel_37218,pixel_37219,pixel_37220,pixel_37221,pixel_37222,pixel_37223,pixel_37224,pixel_37225,pixel_37226,pixel_37227,pixel_37228,pixel_37229,pixel_37230,pixel_37231,pixel_37232,pixel_37233,pixel_37234,pixel_37235,pixel_37236,pixel_37237,pixel_37238,pixel_37239,pixel_37240,pixel_37241,pixel_37242,pixel_37243,pixel_37244,pixel_37245,pixel_37246,pixel_37247,pixel_37248,pixel_37249,pixel_37250,pixel_37251,pixel_37252,pixel_37253,pixel_37254,pixel_37255,pixel_37256,pixel_37257,pixel_37258,pixel_37259,pixel_37260,pixel_37261,pixel_37262,pixel_37263,pixel_37264,pixel_37265,pixel_37266,pixel_37267,pixel_37268,pixel_37269,pixel_37270,pixel_37271,pixel_37272,pixel_37273,pixel_37274,pixel_37275,pixel_37276,pixel_37277,pixel_37278,pixel_37279,pixel_37280,pixel_37281,pixel_37282,pixel_37283,pixel_37284,pixel_37285,pixel_37286,pixel_37287,pixel_37288,pixel_37289,pixel_37290,pixel_37291,pixel_37292,pixel_37293,pixel_37294,pixel_37295,pixel_37296,pixel_37297,pixel_37298,pixel_37299,pixel_37300,pixel_37301,pixel_37302,pixel_37303,pixel_37304,pixel_37305,pixel_37306,pixel_37307,pixel_37308,pixel_37309,pixel_37310,pixel_37311,pixel_37312,pixel_37313,pixel_37314,pixel_37315,pixel_37316,pixel_37317,pixel_37318,pixel_37319,pixel_37320,pixel_37321,pixel_37322,pixel_37323,pixel_37324,pixel_37325,pixel_37326,pixel_37327,pixel_37328,pixel_37329,pixel_37330,pixel_37331,pixel_37332,pixel_37333,pixel_37334,pixel_37335,pixel_37336,pixel_37337,pixel_37338,pixel_37339,pixel_37340,pixel_37341,pixel_37342,pixel_37343,pixel_37344,pixel_37345,pixel_37346,pixel_37347,pixel_37348,pixel_37349,pixel_37350,pixel_37351,pixel_37352,pixel_37353,pixel_37354,pixel_37355,pixel_37356,pixel_37357,pixel_37358,pixel_37359,pixel_37360,pixel_37361,pixel_37362,pixel_37363,pixel_37364,pixel_37365,pixel_37366,pixel_37367,pixel_37368,pixel_37369,pixel_37370,pixel_37371,pixel_37372,pixel_37373,pixel_37374,pixel_37375,pixel_37376,pixel_37377,pixel_37378,pixel_37379,pixel_37380,pixel_37381,pixel_37382,pixel_37383,pixel_37384,pixel_37385,pixel_37386,pixel_37387,pixel_37388,pixel_37389,pixel_37390,pixel_37391,pixel_37392,pixel_37393,pixel_37394,pixel_37395,pixel_37396,pixel_37397,pixel_37398,pixel_37399,pixel_37400,pixel_37401,pixel_37402,pixel_37403,pixel_37404,pixel_37405,pixel_37406,pixel_37407,pixel_37408,pixel_37409,pixel_37410,pixel_37411,pixel_37412,pixel_37413,pixel_37414,pixel_37415,pixel_37416,pixel_37417,pixel_37418,pixel_37419,pixel_37420,pixel_37421,pixel_37422,pixel_37423,pixel_37424,pixel_37425,pixel_37426,pixel_37427,pixel_37428,pixel_37429,pixel_37430,pixel_37431,pixel_37432,pixel_37433,pixel_37434,pixel_37435,pixel_37436,pixel_37437,pixel_37438,pixel_37439,pixel_37440,pixel_37441,pixel_37442,pixel_37443,pixel_37444,pixel_37445,pixel_37446,pixel_37447,pixel_37448,pixel_37449,pixel_37450,pixel_37451,pixel_37452,pixel_37453,pixel_37454,pixel_37455,pixel_37456,pixel_37457,pixel_37458,pixel_37459,pixel_37460,pixel_37461,pixel_37462,pixel_37463,pixel_37464,pixel_37465,pixel_37466,pixel_37467,pixel_37468,pixel_37469,pixel_37470,pixel_37471,pixel_37472,pixel_37473,pixel_37474,pixel_37475,pixel_37476,pixel_37477,pixel_37478,pixel_37479,pixel_37480,pixel_37481,pixel_37482,pixel_37483,pixel_37484,pixel_37485,pixel_37486,pixel_37487,pixel_37488,pixel_37489,pixel_37490,pixel_37491,pixel_37492,pixel_37493,pixel_37494,pixel_37495,pixel_37496,pixel_37497,pixel_37498,pixel_37499,pixel_37500,pixel_37501,pixel_37502,pixel_37503,pixel_37504,pixel_37505,pixel_37506,pixel_37507,pixel_37508,pixel_37509,pixel_37510,pixel_37511,pixel_37512,pixel_37513,pixel_37514,pixel_37515,pixel_37516,pixel_37517,pixel_37518,pixel_37519,pixel_37520,pixel_37521,pixel_37522,pixel_37523,pixel_37524,pixel_37525,pixel_37526,pixel_37527,pixel_37528,pixel_37529,pixel_37530,pixel_37531,pixel_37532,pixel_37533,pixel_37534,pixel_37535,pixel_37536,pixel_37537,pixel_37538,pixel_37539,pixel_37540,pixel_37541,pixel_37542,pixel_37543,pixel_37544,pixel_37545,pixel_37546,pixel_37547,pixel_37548,pixel_37549,pixel_37550,pixel_37551,pixel_37552,pixel_37553,pixel_37554,pixel_37555,pixel_37556,pixel_37557,pixel_37558,pixel_37559,pixel_37560,pixel_37561,pixel_37562,pixel_37563,pixel_37564,pixel_37565,pixel_37566,pixel_37567,pixel_37568,pixel_37569,pixel_37570,pixel_37571,pixel_37572,pixel_37573,pixel_37574,pixel_37575,pixel_37576,pixel_37577,pixel_37578,pixel_37579,pixel_37580,pixel_37581,pixel_37582,pixel_37583,pixel_37584,pixel_37585,pixel_37586,pixel_37587,pixel_37588,pixel_37589,pixel_37590,pixel_37591,pixel_37592,pixel_37593,pixel_37594,pixel_37595,pixel_37596,pixel_37597,pixel_37598,pixel_37599,pixel_37600,pixel_37601,pixel_37602,pixel_37603,pixel_37604,pixel_37605,pixel_37606,pixel_37607,pixel_37608,pixel_37609,pixel_37610,pixel_37611,pixel_37612,pixel_37613,pixel_37614,pixel_37615,pixel_37616,pixel_37617,pixel_37618,pixel_37619,pixel_37620,pixel_37621,pixel_37622,pixel_37623,pixel_37624,pixel_37625,pixel_37626,pixel_37627,pixel_37628,pixel_37629,pixel_37630,pixel_37631,pixel_37632,pixel_37633,pixel_37634,pixel_37635,pixel_37636,pixel_37637,pixel_37638,pixel_37639,pixel_37640,pixel_37641,pixel_37642,pixel_37643,pixel_37644,pixel_37645,pixel_37646,pixel_37647,pixel_37648,pixel_37649,pixel_37650,pixel_37651,pixel_37652,pixel_37653,pixel_37654,pixel_37655,pixel_37656,pixel_37657,pixel_37658,pixel_37659,pixel_37660,pixel_37661,pixel_37662,pixel_37663,pixel_37664,pixel_37665,pixel_37666,pixel_37667,pixel_37668,pixel_37669,pixel_37670,pixel_37671,pixel_37672,pixel_37673,pixel_37674,pixel_37675,pixel_37676,pixel_37677,pixel_37678,pixel_37679,pixel_37680,pixel_37681,pixel_37682,pixel_37683,pixel_37684,pixel_37685,pixel_37686,pixel_37687,pixel_37688,pixel_37689,pixel_37690,pixel_37691,pixel_37692,pixel_37693,pixel_37694,pixel_37695,pixel_37696,pixel_37697,pixel_37698,pixel_37699,pixel_37700,pixel_37701,pixel_37702,pixel_37703,pixel_37704,pixel_37705,pixel_37706,pixel_37707,pixel_37708,pixel_37709,pixel_37710,pixel_37711,pixel_37712,pixel_37713,pixel_37714,pixel_37715,pixel_37716,pixel_37717,pixel_37718,pixel_37719,pixel_37720,pixel_37721,pixel_37722,pixel_37723,pixel_37724,pixel_37725,pixel_37726,pixel_37727,pixel_37728,pixel_37729,pixel_37730,pixel_37731,pixel_37732,pixel_37733,pixel_37734,pixel_37735,pixel_37736,pixel_37737,pixel_37738,pixel_37739,pixel_37740,pixel_37741,pixel_37742,pixel_37743,pixel_37744,pixel_37745,pixel_37746,pixel_37747,pixel_37748,pixel_37749,pixel_37750,pixel_37751,pixel_37752,pixel_37753,pixel_37754,pixel_37755,pixel_37756,pixel_37757,pixel_37758,pixel_37759,pixel_37760,pixel_37761,pixel_37762,pixel_37763,pixel_37764,pixel_37765,pixel_37766,pixel_37767,pixel_37768,pixel_37769,pixel_37770,pixel_37771,pixel_37772,pixel_37773,pixel_37774,pixel_37775,pixel_37776,pixel_37777,pixel_37778,pixel_37779,pixel_37780,pixel_37781,pixel_37782,pixel_37783,pixel_37784,pixel_37785,pixel_37786,pixel_37787,pixel_37788,pixel_37789,pixel_37790,pixel_37791,pixel_37792,pixel_37793,pixel_37794,pixel_37795,pixel_37796,pixel_37797,pixel_37798,pixel_37799,pixel_37800,pixel_37801,pixel_37802,pixel_37803,pixel_37804,pixel_37805,pixel_37806,pixel_37807,pixel_37808,pixel_37809,pixel_37810,pixel_37811,pixel_37812,pixel_37813,pixel_37814,pixel_37815,pixel_37816,pixel_37817,pixel_37818,pixel_37819,pixel_37820,pixel_37821,pixel_37822,pixel_37823,pixel_37824,pixel_37825,pixel_37826,pixel_37827,pixel_37828,pixel_37829,pixel_37830,pixel_37831,pixel_37832,pixel_37833,pixel_37834,pixel_37835,pixel_37836,pixel_37837,pixel_37838,pixel_37839,pixel_37840,pixel_37841,pixel_37842,pixel_37843,pixel_37844,pixel_37845,pixel_37846,pixel_37847,pixel_37848,pixel_37849,pixel_37850,pixel_37851,pixel_37852,pixel_37853,pixel_37854,pixel_37855,pixel_37856,pixel_37857,pixel_37858,pixel_37859,pixel_37860,pixel_37861,pixel_37862,pixel_37863,pixel_37864,pixel_37865,pixel_37866,pixel_37867,pixel_37868,pixel_37869,pixel_37870,pixel_37871,pixel_37872,pixel_37873,pixel_37874,pixel_37875,pixel_37876,pixel_37877,pixel_37878,pixel_37879,pixel_37880,pixel_37881,pixel_37882,pixel_37883,pixel_37884,pixel_37885,pixel_37886,pixel_37887,pixel_37888,pixel_37889,pixel_37890,pixel_37891,pixel_37892,pixel_37893,pixel_37894,pixel_37895,pixel_37896,pixel_37897,pixel_37898,pixel_37899,pixel_37900,pixel_37901,pixel_37902,pixel_37903,pixel_37904,pixel_37905,pixel_37906,pixel_37907,pixel_37908,pixel_37909,pixel_37910,pixel_37911,pixel_37912,pixel_37913,pixel_37914,pixel_37915,pixel_37916,pixel_37917,pixel_37918,pixel_37919,pixel_37920,pixel_37921,pixel_37922,pixel_37923,pixel_37924,pixel_37925,pixel_37926,pixel_37927,pixel_37928,pixel_37929,pixel_37930,pixel_37931,pixel_37932,pixel_37933,pixel_37934,pixel_37935,pixel_37936,pixel_37937,pixel_37938,pixel_37939,pixel_37940,pixel_37941,pixel_37942,pixel_37943,pixel_37944,pixel_37945,pixel_37946,pixel_37947,pixel_37948,pixel_37949,pixel_37950,pixel_37951,pixel_37952,pixel_37953,pixel_37954,pixel_37955,pixel_37956,pixel_37957,pixel_37958,pixel_37959,pixel_37960,pixel_37961,pixel_37962,pixel_37963,pixel_37964,pixel_37965,pixel_37966,pixel_37967,pixel_37968,pixel_37969,pixel_37970,pixel_37971,pixel_37972,pixel_37973,pixel_37974,pixel_37975,pixel_37976,pixel_37977,pixel_37978,pixel_37979,pixel_37980,pixel_37981,pixel_37982,pixel_37983,pixel_37984,pixel_37985,pixel_37986,pixel_37987,pixel_37988,pixel_37989,pixel_37990,pixel_37991,pixel_37992,pixel_37993,pixel_37994,pixel_37995,pixel_37996,pixel_37997,pixel_37998,pixel_37999,pixel_38000,pixel_38001,pixel_38002,pixel_38003,pixel_38004,pixel_38005,pixel_38006,pixel_38007,pixel_38008,pixel_38009,pixel_38010,pixel_38011,pixel_38012,pixel_38013,pixel_38014,pixel_38015,pixel_38016,pixel_38017,pixel_38018,pixel_38019,pixel_38020,pixel_38021,pixel_38022,pixel_38023,pixel_38024,pixel_38025,pixel_38026,pixel_38027,pixel_38028,pixel_38029,pixel_38030,pixel_38031,pixel_38032,pixel_38033,pixel_38034,pixel_38035,pixel_38036,pixel_38037,pixel_38038,pixel_38039,pixel_38040,pixel_38041,pixel_38042,pixel_38043,pixel_38044,pixel_38045,pixel_38046,pixel_38047,pixel_38048,pixel_38049,pixel_38050,pixel_38051,pixel_38052,pixel_38053,pixel_38054,pixel_38055,pixel_38056,pixel_38057,pixel_38058,pixel_38059,pixel_38060,pixel_38061,pixel_38062,pixel_38063,pixel_38064,pixel_38065,pixel_38066,pixel_38067,pixel_38068,pixel_38069,pixel_38070,pixel_38071,pixel_38072,pixel_38073,pixel_38074,pixel_38075,pixel_38076,pixel_38077,pixel_38078,pixel_38079,pixel_38080,pixel_38081,pixel_38082,pixel_38083,pixel_38084,pixel_38085,pixel_38086,pixel_38087,pixel_38088,pixel_38089,pixel_38090,pixel_38091,pixel_38092,pixel_38093,pixel_38094,pixel_38095,pixel_38096,pixel_38097,pixel_38098,pixel_38099,pixel_38100,pixel_38101,pixel_38102,pixel_38103,pixel_38104,pixel_38105,pixel_38106,pixel_38107,pixel_38108,pixel_38109,pixel_38110,pixel_38111,pixel_38112,pixel_38113,pixel_38114,pixel_38115,pixel_38116,pixel_38117,pixel_38118,pixel_38119,pixel_38120,pixel_38121,pixel_38122,pixel_38123,pixel_38124,pixel_38125,pixel_38126,pixel_38127,pixel_38128,pixel_38129,pixel_38130,pixel_38131,pixel_38132,pixel_38133,pixel_38134,pixel_38135,pixel_38136,pixel_38137,pixel_38138,pixel_38139,pixel_38140,pixel_38141,pixel_38142,pixel_38143,pixel_38144,pixel_38145,pixel_38146,pixel_38147,pixel_38148,pixel_38149,pixel_38150,pixel_38151,pixel_38152,pixel_38153,pixel_38154,pixel_38155,pixel_38156,pixel_38157,pixel_38158,pixel_38159,pixel_38160,pixel_38161,pixel_38162,pixel_38163,pixel_38164,pixel_38165,pixel_38166,pixel_38167,pixel_38168,pixel_38169,pixel_38170,pixel_38171,pixel_38172,pixel_38173,pixel_38174,pixel_38175,pixel_38176,pixel_38177,pixel_38178,pixel_38179,pixel_38180,pixel_38181,pixel_38182,pixel_38183,pixel_38184,pixel_38185,pixel_38186,pixel_38187,pixel_38188,pixel_38189,pixel_38190,pixel_38191,pixel_38192,pixel_38193,pixel_38194,pixel_38195,pixel_38196,pixel_38197,pixel_38198,pixel_38199,pixel_38200,pixel_38201,pixel_38202,pixel_38203,pixel_38204,pixel_38205,pixel_38206,pixel_38207,pixel_38208,pixel_38209,pixel_38210,pixel_38211,pixel_38212,pixel_38213,pixel_38214,pixel_38215,pixel_38216,pixel_38217,pixel_38218,pixel_38219,pixel_38220,pixel_38221,pixel_38222,pixel_38223,pixel_38224,pixel_38225,pixel_38226,pixel_38227,pixel_38228,pixel_38229,pixel_38230,pixel_38231,pixel_38232,pixel_38233,pixel_38234,pixel_38235,pixel_38236,pixel_38237,pixel_38238,pixel_38239,pixel_38240,pixel_38241,pixel_38242,pixel_38243,pixel_38244,pixel_38245,pixel_38246,pixel_38247,pixel_38248,pixel_38249,pixel_38250,pixel_38251,pixel_38252,pixel_38253,pixel_38254,pixel_38255,pixel_38256,pixel_38257,pixel_38258,pixel_38259,pixel_38260,pixel_38261,pixel_38262,pixel_38263,pixel_38264,pixel_38265,pixel_38266,pixel_38267,pixel_38268,pixel_38269,pixel_38270,pixel_38271,pixel_38272,pixel_38273,pixel_38274,pixel_38275,pixel_38276,pixel_38277,pixel_38278,pixel_38279,pixel_38280,pixel_38281,pixel_38282,pixel_38283,pixel_38284,pixel_38285,pixel_38286,pixel_38287,pixel_38288,pixel_38289,pixel_38290,pixel_38291,pixel_38292,pixel_38293,pixel_38294,pixel_38295,pixel_38296,pixel_38297,pixel_38298,pixel_38299,pixel_38300,pixel_38301,pixel_38302,pixel_38303,pixel_38304,pixel_38305,pixel_38306,pixel_38307,pixel_38308,pixel_38309,pixel_38310,pixel_38311,pixel_38312,pixel_38313,pixel_38314,pixel_38315,pixel_38316,pixel_38317,pixel_38318,pixel_38319,pixel_38320,pixel_38321,pixel_38322,pixel_38323,pixel_38324,pixel_38325,pixel_38326,pixel_38327,pixel_38328,pixel_38329,pixel_38330,pixel_38331,pixel_38332,pixel_38333,pixel_38334,pixel_38335,pixel_38336,pixel_38337,pixel_38338,pixel_38339,pixel_38340,pixel_38341,pixel_38342,pixel_38343,pixel_38344,pixel_38345,pixel_38346,pixel_38347,pixel_38348,pixel_38349,pixel_38350,pixel_38351,pixel_38352,pixel_38353,pixel_38354,pixel_38355,pixel_38356,pixel_38357,pixel_38358,pixel_38359,pixel_38360,pixel_38361,pixel_38362,pixel_38363,pixel_38364,pixel_38365,pixel_38366,pixel_38367,pixel_38368,pixel_38369,pixel_38370,pixel_38371,pixel_38372,pixel_38373,pixel_38374,pixel_38375,pixel_38376,pixel_38377,pixel_38378,pixel_38379,pixel_38380,pixel_38381,pixel_38382,pixel_38383,pixel_38384,pixel_38385,pixel_38386,pixel_38387,pixel_38388,pixel_38389,pixel_38390,pixel_38391,pixel_38392,pixel_38393,pixel_38394,pixel_38395,pixel_38396,pixel_38397,pixel_38398,pixel_38399,pixel_38400,pixel_38401,pixel_38402,pixel_38403,pixel_38404,pixel_38405,pixel_38406,pixel_38407,pixel_38408,pixel_38409,pixel_38410,pixel_38411,pixel_38412,pixel_38413,pixel_38414,pixel_38415,pixel_38416,pixel_38417,pixel_38418,pixel_38419,pixel_38420,pixel_38421,pixel_38422,pixel_38423,pixel_38424,pixel_38425,pixel_38426,pixel_38427,pixel_38428,pixel_38429,pixel_38430,pixel_38431,pixel_38432,pixel_38433,pixel_38434,pixel_38435,pixel_38436,pixel_38437,pixel_38438,pixel_38439,pixel_38440,pixel_38441,pixel_38442,pixel_38443,pixel_38444,pixel_38445,pixel_38446,pixel_38447,pixel_38448,pixel_38449,pixel_38450,pixel_38451,pixel_38452,pixel_38453,pixel_38454,pixel_38455,pixel_38456,pixel_38457,pixel_38458,pixel_38459,pixel_38460,pixel_38461,pixel_38462,pixel_38463,pixel_38464,pixel_38465,pixel_38466,pixel_38467,pixel_38468,pixel_38469,pixel_38470,pixel_38471,pixel_38472,pixel_38473,pixel_38474,pixel_38475,pixel_38476,pixel_38477,pixel_38478,pixel_38479,pixel_38480,pixel_38481,pixel_38482,pixel_38483,pixel_38484,pixel_38485,pixel_38486,pixel_38487,pixel_38488,pixel_38489,pixel_38490,pixel_38491,pixel_38492,pixel_38493,pixel_38494,pixel_38495,pixel_38496,pixel_38497,pixel_38498,pixel_38499,pixel_38500,pixel_38501,pixel_38502,pixel_38503,pixel_38504,pixel_38505,pixel_38506,pixel_38507,pixel_38508,pixel_38509,pixel_38510,pixel_38511,pixel_38512,pixel_38513,pixel_38514,pixel_38515,pixel_38516,pixel_38517,pixel_38518,pixel_38519,pixel_38520,pixel_38521,pixel_38522,pixel_38523,pixel_38524,pixel_38525,pixel_38526,pixel_38527,pixel_38528,pixel_38529,pixel_38530,pixel_38531,pixel_38532,pixel_38533,pixel_38534,pixel_38535,pixel_38536,pixel_38537,pixel_38538,pixel_38539,pixel_38540,pixel_38541,pixel_38542,pixel_38543,pixel_38544,pixel_38545,pixel_38546,pixel_38547,pixel_38548,pixel_38549,pixel_38550,pixel_38551,pixel_38552,pixel_38553,pixel_38554,pixel_38555,pixel_38556,pixel_38557,pixel_38558,pixel_38559,pixel_38560,pixel_38561,pixel_38562,pixel_38563,pixel_38564,pixel_38565,pixel_38566,pixel_38567,pixel_38568,pixel_38569,pixel_38570,pixel_38571,pixel_38572,pixel_38573,pixel_38574,pixel_38575,pixel_38576,pixel_38577,pixel_38578,pixel_38579,pixel_38580,pixel_38581,pixel_38582,pixel_38583,pixel_38584,pixel_38585,pixel_38586,pixel_38587,pixel_38588,pixel_38589,pixel_38590,pixel_38591,pixel_38592,pixel_38593,pixel_38594,pixel_38595,pixel_38596,pixel_38597,pixel_38598,pixel_38599,pixel_38600,pixel_38601,pixel_38602,pixel_38603,pixel_38604,pixel_38605,pixel_38606,pixel_38607,pixel_38608,pixel_38609,pixel_38610,pixel_38611,pixel_38612,pixel_38613,pixel_38614,pixel_38615,pixel_38616,pixel_38617,pixel_38618,pixel_38619,pixel_38620,pixel_38621,pixel_38622,pixel_38623,pixel_38624,pixel_38625,pixel_38626,pixel_38627,pixel_38628,pixel_38629,pixel_38630,pixel_38631,pixel_38632,pixel_38633,pixel_38634,pixel_38635,pixel_38636,pixel_38637,pixel_38638,pixel_38639,pixel_38640,pixel_38641,pixel_38642,pixel_38643,pixel_38644,pixel_38645,pixel_38646,pixel_38647,pixel_38648,pixel_38649,pixel_38650,pixel_38651,pixel_38652,pixel_38653,pixel_38654,pixel_38655,pixel_38656,pixel_38657,pixel_38658,pixel_38659,pixel_38660,pixel_38661,pixel_38662,pixel_38663,pixel_38664,pixel_38665,pixel_38666,pixel_38667,pixel_38668,pixel_38669,pixel_38670,pixel_38671,pixel_38672,pixel_38673,pixel_38674,pixel_38675,pixel_38676,pixel_38677,pixel_38678,pixel_38679,pixel_38680,pixel_38681,pixel_38682,pixel_38683,pixel_38684,pixel_38685,pixel_38686,pixel_38687,pixel_38688,pixel_38689,pixel_38690,pixel_38691,pixel_38692,pixel_38693,pixel_38694,pixel_38695,pixel_38696,pixel_38697,pixel_38698,pixel_38699,pixel_38700,pixel_38701,pixel_38702,pixel_38703,pixel_38704,pixel_38705,pixel_38706,pixel_38707,pixel_38708,pixel_38709,pixel_38710,pixel_38711,pixel_38712,pixel_38713,pixel_38714,pixel_38715,pixel_38716,pixel_38717,pixel_38718,pixel_38719,pixel_38720,pixel_38721,pixel_38722,pixel_38723,pixel_38724,pixel_38725,pixel_38726,pixel_38727,pixel_38728,pixel_38729,pixel_38730,pixel_38731,pixel_38732,pixel_38733,pixel_38734,pixel_38735,pixel_38736,pixel_38737,pixel_38738,pixel_38739,pixel_38740,pixel_38741,pixel_38742,pixel_38743,pixel_38744,pixel_38745,pixel_38746,pixel_38747,pixel_38748,pixel_38749,pixel_38750,pixel_38751,pixel_38752,pixel_38753,pixel_38754,pixel_38755,pixel_38756,pixel_38757,pixel_38758,pixel_38759,pixel_38760,pixel_38761,pixel_38762,pixel_38763,pixel_38764,pixel_38765,pixel_38766,pixel_38767,pixel_38768,pixel_38769,pixel_38770,pixel_38771,pixel_38772,pixel_38773,pixel_38774,pixel_38775,pixel_38776,pixel_38777,pixel_38778,pixel_38779,pixel_38780,pixel_38781,pixel_38782,pixel_38783,pixel_38784,pixel_38785,pixel_38786,pixel_38787,pixel_38788,pixel_38789,pixel_38790,pixel_38791,pixel_38792,pixel_38793,pixel_38794,pixel_38795,pixel_38796,pixel_38797,pixel_38798,pixel_38799,pixel_38800,pixel_38801,pixel_38802,pixel_38803,pixel_38804,pixel_38805,pixel_38806,pixel_38807,pixel_38808,pixel_38809,pixel_38810,pixel_38811,pixel_38812,pixel_38813,pixel_38814,pixel_38815,pixel_38816,pixel_38817,pixel_38818,pixel_38819,pixel_38820,pixel_38821,pixel_38822,pixel_38823,pixel_38824,pixel_38825,pixel_38826,pixel_38827,pixel_38828,pixel_38829,pixel_38830,pixel_38831,pixel_38832,pixel_38833,pixel_38834,pixel_38835,pixel_38836,pixel_38837,pixel_38838,pixel_38839,pixel_38840,pixel_38841,pixel_38842,pixel_38843,pixel_38844,pixel_38845,pixel_38846,pixel_38847,pixel_38848,pixel_38849,pixel_38850,pixel_38851,pixel_38852,pixel_38853,pixel_38854,pixel_38855,pixel_38856,pixel_38857,pixel_38858,pixel_38859,pixel_38860,pixel_38861,pixel_38862,pixel_38863,pixel_38864,pixel_38865,pixel_38866,pixel_38867,pixel_38868,pixel_38869,pixel_38870,pixel_38871,pixel_38872,pixel_38873,pixel_38874,pixel_38875,pixel_38876,pixel_38877,pixel_38878,pixel_38879,pixel_38880,pixel_38881,pixel_38882,pixel_38883,pixel_38884,pixel_38885,pixel_38886,pixel_38887,pixel_38888,pixel_38889,pixel_38890,pixel_38891,pixel_38892,pixel_38893,pixel_38894,pixel_38895,pixel_38896,pixel_38897,pixel_38898,pixel_38899,pixel_38900,pixel_38901,pixel_38902,pixel_38903,pixel_38904,pixel_38905,pixel_38906,pixel_38907,pixel_38908,pixel_38909,pixel_38910,pixel_38911,pixel_38912,pixel_38913,pixel_38914,pixel_38915,pixel_38916,pixel_38917,pixel_38918,pixel_38919,pixel_38920,pixel_38921,pixel_38922,pixel_38923,pixel_38924,pixel_38925,pixel_38926,pixel_38927,pixel_38928,pixel_38929,pixel_38930,pixel_38931,pixel_38932,pixel_38933,pixel_38934,pixel_38935,pixel_38936,pixel_38937,pixel_38938,pixel_38939,pixel_38940,pixel_38941,pixel_38942,pixel_38943,pixel_38944,pixel_38945,pixel_38946,pixel_38947,pixel_38948,pixel_38949,pixel_38950,pixel_38951,pixel_38952,pixel_38953,pixel_38954,pixel_38955,pixel_38956,pixel_38957,pixel_38958,pixel_38959,pixel_38960,pixel_38961,pixel_38962,pixel_38963,pixel_38964,pixel_38965,pixel_38966,pixel_38967,pixel_38968,pixel_38969,pixel_38970,pixel_38971,pixel_38972,pixel_38973,pixel_38974,pixel_38975,pixel_38976,pixel_38977,pixel_38978,pixel_38979,pixel_38980,pixel_38981,pixel_38982,pixel_38983,pixel_38984,pixel_38985,pixel_38986,pixel_38987,pixel_38988,pixel_38989,pixel_38990,pixel_38991,pixel_38992,pixel_38993,pixel_38994,pixel_38995,pixel_38996,pixel_38997,pixel_38998,pixel_38999,pixel_39000,pixel_39001,pixel_39002,pixel_39003,pixel_39004,pixel_39005,pixel_39006,pixel_39007,pixel_39008,pixel_39009,pixel_39010,pixel_39011,pixel_39012,pixel_39013,pixel_39014,pixel_39015,pixel_39016,pixel_39017,pixel_39018,pixel_39019,pixel_39020,pixel_39021,pixel_39022,pixel_39023,pixel_39024,pixel_39025,pixel_39026,pixel_39027,pixel_39028,pixel_39029,pixel_39030,pixel_39031,pixel_39032,pixel_39033,pixel_39034,pixel_39035,pixel_39036,pixel_39037,pixel_39038,pixel_39039,pixel_39040,pixel_39041,pixel_39042,pixel_39043,pixel_39044,pixel_39045,pixel_39046,pixel_39047,pixel_39048,pixel_39049,pixel_39050,pixel_39051,pixel_39052,pixel_39053,pixel_39054,pixel_39055,pixel_39056,pixel_39057,pixel_39058,pixel_39059,pixel_39060,pixel_39061,pixel_39062,pixel_39063,pixel_39064,pixel_39065,pixel_39066,pixel_39067,pixel_39068,pixel_39069,pixel_39070,pixel_39071,pixel_39072,pixel_39073,pixel_39074,pixel_39075,pixel_39076,pixel_39077,pixel_39078,pixel_39079,pixel_39080,pixel_39081,pixel_39082,pixel_39083,pixel_39084,pixel_39085,pixel_39086,pixel_39087,pixel_39088,pixel_39089,pixel_39090,pixel_39091,pixel_39092,pixel_39093,pixel_39094,pixel_39095,pixel_39096,pixel_39097,pixel_39098,pixel_39099,pixel_39100,pixel_39101,pixel_39102,pixel_39103,pixel_39104,pixel_39105,pixel_39106,pixel_39107,pixel_39108,pixel_39109,pixel_39110,pixel_39111,pixel_39112,pixel_39113,pixel_39114,pixel_39115,pixel_39116,pixel_39117,pixel_39118,pixel_39119,pixel_39120,pixel_39121,pixel_39122,pixel_39123,pixel_39124,pixel_39125,pixel_39126,pixel_39127,pixel_39128,pixel_39129,pixel_39130,pixel_39131,pixel_39132,pixel_39133,pixel_39134,pixel_39135,pixel_39136,pixel_39137,pixel_39138,pixel_39139,pixel_39140,pixel_39141,pixel_39142,pixel_39143,pixel_39144,pixel_39145,pixel_39146,pixel_39147,pixel_39148,pixel_39149,pixel_39150,pixel_39151,pixel_39152,pixel_39153,pixel_39154,pixel_39155,pixel_39156,pixel_39157,pixel_39158,pixel_39159,pixel_39160,pixel_39161,pixel_39162,pixel_39163,pixel_39164,pixel_39165,pixel_39166,pixel_39167,pixel_39168,pixel_39169,pixel_39170,pixel_39171,pixel_39172,pixel_39173,pixel_39174,pixel_39175,pixel_39176,pixel_39177,pixel_39178,pixel_39179,pixel_39180,pixel_39181,pixel_39182,pixel_39183,pixel_39184,pixel_39185,pixel_39186,pixel_39187,pixel_39188,pixel_39189,pixel_39190,pixel_39191,pixel_39192,pixel_39193,pixel_39194,pixel_39195,pixel_39196,pixel_39197,pixel_39198,pixel_39199,pixel_39200,pixel_39201,pixel_39202,pixel_39203,pixel_39204,pixel_39205,pixel_39206,pixel_39207,pixel_39208,pixel_39209,pixel_39210,pixel_39211,pixel_39212,pixel_39213,pixel_39214,pixel_39215,pixel_39216,pixel_39217,pixel_39218,pixel_39219,pixel_39220,pixel_39221,pixel_39222,pixel_39223,pixel_39224,pixel_39225,pixel_39226,pixel_39227,pixel_39228,pixel_39229,pixel_39230,pixel_39231,pixel_39232,pixel_39233,pixel_39234,pixel_39235,pixel_39236,pixel_39237,pixel_39238,pixel_39239,pixel_39240,pixel_39241,pixel_39242,pixel_39243,pixel_39244,pixel_39245,pixel_39246,pixel_39247,pixel_39248,pixel_39249,pixel_39250,pixel_39251,pixel_39252,pixel_39253,pixel_39254,pixel_39255,pixel_39256,pixel_39257,pixel_39258,pixel_39259,pixel_39260,pixel_39261,pixel_39262,pixel_39263,pixel_39264,pixel_39265,pixel_39266,pixel_39267,pixel_39268,pixel_39269,pixel_39270,pixel_39271,pixel_39272,pixel_39273,pixel_39274,pixel_39275,pixel_39276,pixel_39277,pixel_39278,pixel_39279,pixel_39280,pixel_39281,pixel_39282,pixel_39283,pixel_39284,pixel_39285,pixel_39286,pixel_39287,pixel_39288,pixel_39289,pixel_39290,pixel_39291,pixel_39292,pixel_39293,pixel_39294,pixel_39295,pixel_39296,pixel_39297,pixel_39298,pixel_39299,pixel_39300,pixel_39301,pixel_39302,pixel_39303,pixel_39304,pixel_39305,pixel_39306,pixel_39307,pixel_39308,pixel_39309,pixel_39310,pixel_39311,pixel_39312,pixel_39313,pixel_39314,pixel_39315,pixel_39316,pixel_39317,pixel_39318,pixel_39319,pixel_39320,pixel_39321,pixel_39322,pixel_39323,pixel_39324,pixel_39325,pixel_39326,pixel_39327,pixel_39328,pixel_39329,pixel_39330,pixel_39331,pixel_39332,pixel_39333,pixel_39334,pixel_39335,pixel_39336,pixel_39337,pixel_39338,pixel_39339,pixel_39340,pixel_39341,pixel_39342,pixel_39343,pixel_39344,pixel_39345,pixel_39346,pixel_39347,pixel_39348,pixel_39349,pixel_39350,pixel_39351,pixel_39352,pixel_39353,pixel_39354,pixel_39355,pixel_39356,pixel_39357,pixel_39358,pixel_39359,pixel_39360,pixel_39361,pixel_39362,pixel_39363,pixel_39364,pixel_39365,pixel_39366,pixel_39367,pixel_39368,pixel_39369,pixel_39370,pixel_39371,pixel_39372,pixel_39373,pixel_39374,pixel_39375,pixel_39376,pixel_39377,pixel_39378,pixel_39379,pixel_39380,pixel_39381,pixel_39382,pixel_39383,pixel_39384,pixel_39385,pixel_39386,pixel_39387,pixel_39388,pixel_39389,pixel_39390,pixel_39391,pixel_39392,pixel_39393,pixel_39394,pixel_39395,pixel_39396,pixel_39397,pixel_39398,pixel_39399,pixel_39400,pixel_39401,pixel_39402,pixel_39403,pixel_39404,pixel_39405,pixel_39406,pixel_39407,pixel_39408,pixel_39409,pixel_39410,pixel_39411,pixel_39412,pixel_39413,pixel_39414,pixel_39415,pixel_39416,pixel_39417,pixel_39418,pixel_39419,pixel_39420,pixel_39421,pixel_39422,pixel_39423,pixel_39424,pixel_39425,pixel_39426,pixel_39427,pixel_39428,pixel_39429,pixel_39430,pixel_39431,pixel_39432,pixel_39433,pixel_39434,pixel_39435,pixel_39436,pixel_39437,pixel_39438,pixel_39439,pixel_39440,pixel_39441,pixel_39442,pixel_39443,pixel_39444,pixel_39445,pixel_39446,pixel_39447,pixel_39448,pixel_39449,pixel_39450,pixel_39451,pixel_39452,pixel_39453,pixel_39454,pixel_39455,pixel_39456,pixel_39457,pixel_39458,pixel_39459,pixel_39460,pixel_39461,pixel_39462,pixel_39463,pixel_39464,pixel_39465,pixel_39466,pixel_39467,pixel_39468,pixel_39469,pixel_39470,pixel_39471,pixel_39472,pixel_39473,pixel_39474,pixel_39475,pixel_39476,pixel_39477,pixel_39478,pixel_39479,pixel_39480,pixel_39481,pixel_39482,pixel_39483,pixel_39484,pixel_39485,pixel_39486,pixel_39487,pixel_39488,pixel_39489,pixel_39490,pixel_39491,pixel_39492,pixel_39493,pixel_39494,pixel_39495,pixel_39496,pixel_39497,pixel_39498,pixel_39499,pixel_39500,pixel_39501,pixel_39502,pixel_39503,pixel_39504,pixel_39505,pixel_39506,pixel_39507,pixel_39508,pixel_39509,pixel_39510,pixel_39511,pixel_39512,pixel_39513,pixel_39514,pixel_39515,pixel_39516,pixel_39517,pixel_39518,pixel_39519,pixel_39520,pixel_39521,pixel_39522,pixel_39523,pixel_39524,pixel_39525,pixel_39526,pixel_39527,pixel_39528,pixel_39529,pixel_39530,pixel_39531,pixel_39532,pixel_39533,pixel_39534,pixel_39535,pixel_39536,pixel_39537,pixel_39538,pixel_39539,pixel_39540,pixel_39541,pixel_39542,pixel_39543,pixel_39544,pixel_39545,pixel_39546,pixel_39547,pixel_39548,pixel_39549,pixel_39550,pixel_39551,pixel_39552,pixel_39553,pixel_39554,pixel_39555,pixel_39556,pixel_39557,pixel_39558,pixel_39559,pixel_39560,pixel_39561,pixel_39562,pixel_39563,pixel_39564,pixel_39565,pixel_39566,pixel_39567,pixel_39568,pixel_39569,pixel_39570,pixel_39571,pixel_39572,pixel_39573,pixel_39574,pixel_39575,pixel_39576,pixel_39577,pixel_39578,pixel_39579,pixel_39580,pixel_39581,pixel_39582,pixel_39583,pixel_39584,pixel_39585,pixel_39586,pixel_39587,pixel_39588,pixel_39589,pixel_39590,pixel_39591,pixel_39592,pixel_39593,pixel_39594,pixel_39595,pixel_39596,pixel_39597,pixel_39598,pixel_39599,pixel_39600,pixel_39601,pixel_39602,pixel_39603,pixel_39604,pixel_39605,pixel_39606,pixel_39607,pixel_39608,pixel_39609,pixel_39610,pixel_39611,pixel_39612,pixel_39613,pixel_39614,pixel_39615,pixel_39616,pixel_39617,pixel_39618,pixel_39619,pixel_39620,pixel_39621,pixel_39622,pixel_39623,pixel_39624,pixel_39625,pixel_39626,pixel_39627,pixel_39628,pixel_39629,pixel_39630,pixel_39631,pixel_39632,pixel_39633,pixel_39634,pixel_39635,pixel_39636,pixel_39637,pixel_39638,pixel_39639,pixel_39640,pixel_39641,pixel_39642,pixel_39643,pixel_39644,pixel_39645,pixel_39646,pixel_39647,pixel_39648,pixel_39649,pixel_39650,pixel_39651,pixel_39652,pixel_39653,pixel_39654,pixel_39655,pixel_39656,pixel_39657,pixel_39658,pixel_39659,pixel_39660,pixel_39661,pixel_39662,pixel_39663,pixel_39664,pixel_39665,pixel_39666,pixel_39667,pixel_39668,pixel_39669,pixel_39670,pixel_39671,pixel_39672,pixel_39673,pixel_39674,pixel_39675,pixel_39676,pixel_39677,pixel_39678,pixel_39679,pixel_39680,pixel_39681,pixel_39682,pixel_39683,pixel_39684,pixel_39685,pixel_39686,pixel_39687,pixel_39688,pixel_39689,pixel_39690,pixel_39691,pixel_39692,pixel_39693,pixel_39694,pixel_39695,pixel_39696,pixel_39697,pixel_39698,pixel_39699,pixel_39700,pixel_39701,pixel_39702,pixel_39703,pixel_39704,pixel_39705,pixel_39706,pixel_39707,pixel_39708,pixel_39709,pixel_39710,pixel_39711,pixel_39712,pixel_39713,pixel_39714,pixel_39715,pixel_39716,pixel_39717,pixel_39718,pixel_39719,pixel_39720,pixel_39721,pixel_39722,pixel_39723,pixel_39724,pixel_39725,pixel_39726,pixel_39727,pixel_39728,pixel_39729,pixel_39730,pixel_39731,pixel_39732,pixel_39733,pixel_39734,pixel_39735,pixel_39736,pixel_39737,pixel_39738,pixel_39739,pixel_39740,pixel_39741,pixel_39742,pixel_39743,pixel_39744,pixel_39745,pixel_39746,pixel_39747,pixel_39748,pixel_39749,pixel_39750,pixel_39751,pixel_39752,pixel_39753,pixel_39754,pixel_39755,pixel_39756,pixel_39757,pixel_39758,pixel_39759,pixel_39760,pixel_39761,pixel_39762,pixel_39763,pixel_39764,pixel_39765,pixel_39766,pixel_39767,pixel_39768,pixel_39769,pixel_39770,pixel_39771,pixel_39772,pixel_39773,pixel_39774,pixel_39775,pixel_39776,pixel_39777,pixel_39778,pixel_39779,pixel_39780,pixel_39781,pixel_39782,pixel_39783,pixel_39784,pixel_39785,pixel_39786,pixel_39787,pixel_39788,pixel_39789,pixel_39790,pixel_39791,pixel_39792,pixel_39793,pixel_39794,pixel_39795,pixel_39796,pixel_39797,pixel_39798,pixel_39799,pixel_39800,pixel_39801,pixel_39802,pixel_39803,pixel_39804,pixel_39805,pixel_39806,pixel_39807,pixel_39808,pixel_39809,pixel_39810,pixel_39811,pixel_39812,pixel_39813,pixel_39814,pixel_39815,pixel_39816,pixel_39817,pixel_39818,pixel_39819,pixel_39820,pixel_39821,pixel_39822,pixel_39823,pixel_39824,pixel_39825,pixel_39826,pixel_39827,pixel_39828,pixel_39829,pixel_39830,pixel_39831,pixel_39832,pixel_39833,pixel_39834,pixel_39835,pixel_39836,pixel_39837,pixel_39838,pixel_39839,pixel_39840,pixel_39841,pixel_39842,pixel_39843,pixel_39844,pixel_39845,pixel_39846,pixel_39847,pixel_39848,pixel_39849,pixel_39850,pixel_39851,pixel_39852,pixel_39853,pixel_39854,pixel_39855,pixel_39856,pixel_39857,pixel_39858,pixel_39859,pixel_39860,pixel_39861,pixel_39862,pixel_39863,pixel_39864,pixel_39865,pixel_39866,pixel_39867,pixel_39868,pixel_39869,pixel_39870,pixel_39871,pixel_39872,pixel_39873,pixel_39874,pixel_39875,pixel_39876,pixel_39877,pixel_39878,pixel_39879,pixel_39880,pixel_39881,pixel_39882,pixel_39883,pixel_39884,pixel_39885,pixel_39886,pixel_39887,pixel_39888,pixel_39889,pixel_39890,pixel_39891,pixel_39892,pixel_39893,pixel_39894,pixel_39895,pixel_39896,pixel_39897,pixel_39898,pixel_39899,pixel_39900,pixel_39901,pixel_39902,pixel_39903,pixel_39904,pixel_39905,pixel_39906,pixel_39907,pixel_39908,pixel_39909,pixel_39910,pixel_39911,pixel_39912,pixel_39913,pixel_39914,pixel_39915,pixel_39916,pixel_39917,pixel_39918,pixel_39919,pixel_39920,pixel_39921,pixel_39922,pixel_39923,pixel_39924,pixel_39925,pixel_39926,pixel_39927,pixel_39928,pixel_39929,pixel_39930,pixel_39931,pixel_39932,pixel_39933,pixel_39934,pixel_39935,pixel_39936,pixel_39937,pixel_39938,pixel_39939,pixel_39940,pixel_39941,pixel_39942,pixel_39943,pixel_39944,pixel_39945,pixel_39946,pixel_39947,pixel_39948,pixel_39949,pixel_39950,pixel_39951,pixel_39952,pixel_39953,pixel_39954,pixel_39955,pixel_39956,pixel_39957,pixel_39958,pixel_39959,pixel_39960,pixel_39961,pixel_39962,pixel_39963,pixel_39964,pixel_39965,pixel_39966,pixel_39967,pixel_39968,pixel_39969,pixel_39970,pixel_39971,pixel_39972,pixel_39973,pixel_39974,pixel_39975,pixel_39976,pixel_39977,pixel_39978,pixel_39979,pixel_39980,pixel_39981,pixel_39982,pixel_39983,pixel_39984,pixel_39985,pixel_39986,pixel_39987,pixel_39988,pixel_39989,pixel_39990,pixel_39991,pixel_39992,pixel_39993,pixel_39994,pixel_39995,pixel_39996,pixel_39997,pixel_39998,pixel_39999,pixel_40000,pixel_40001,pixel_40002,pixel_40003,pixel_40004,pixel_40005,pixel_40006,pixel_40007,pixel_40008,pixel_40009,pixel_40010,pixel_40011,pixel_40012,pixel_40013,pixel_40014,pixel_40015,pixel_40016,pixel_40017,pixel_40018,pixel_40019,pixel_40020,pixel_40021,pixel_40022,pixel_40023,pixel_40024,pixel_40025,pixel_40026,pixel_40027,pixel_40028,pixel_40029,pixel_40030,pixel_40031,pixel_40032,pixel_40033,pixel_40034,pixel_40035,pixel_40036,pixel_40037,pixel_40038,pixel_40039,pixel_40040,pixel_40041,pixel_40042,pixel_40043,pixel_40044,pixel_40045,pixel_40046,pixel_40047,pixel_40048,pixel_40049,pixel_40050,pixel_40051,pixel_40052,pixel_40053,pixel_40054,pixel_40055,pixel_40056,pixel_40057,pixel_40058,pixel_40059,pixel_40060,pixel_40061,pixel_40062,pixel_40063,pixel_40064,pixel_40065,pixel_40066,pixel_40067,pixel_40068,pixel_40069,pixel_40070,pixel_40071,pixel_40072,pixel_40073,pixel_40074,pixel_40075,pixel_40076,pixel_40077,pixel_40078,pixel_40079,pixel_40080,pixel_40081,pixel_40082,pixel_40083,pixel_40084,pixel_40085,pixel_40086,pixel_40087,pixel_40088,pixel_40089,pixel_40090,pixel_40091,pixel_40092,pixel_40093,pixel_40094,pixel_40095,pixel_40096,pixel_40097,pixel_40098,pixel_40099,pixel_40100,pixel_40101,pixel_40102,pixel_40103,pixel_40104,pixel_40105,pixel_40106,pixel_40107,pixel_40108,pixel_40109,pixel_40110,pixel_40111,pixel_40112,pixel_40113,pixel_40114,pixel_40115,pixel_40116,pixel_40117,pixel_40118,pixel_40119,pixel_40120,pixel_40121,pixel_40122,pixel_40123,pixel_40124,pixel_40125,pixel_40126,pixel_40127,pixel_40128,pixel_40129,pixel_40130,pixel_40131,pixel_40132,pixel_40133,pixel_40134,pixel_40135,pixel_40136,pixel_40137,pixel_40138,pixel_40139,pixel_40140,pixel_40141,pixel_40142,pixel_40143,pixel_40144,pixel_40145,pixel_40146,pixel_40147,pixel_40148,pixel_40149,pixel_40150,pixel_40151,pixel_40152,pixel_40153,pixel_40154,pixel_40155,pixel_40156,pixel_40157,pixel_40158,pixel_40159,pixel_40160,pixel_40161,pixel_40162,pixel_40163,pixel_40164,pixel_40165,pixel_40166,pixel_40167,pixel_40168,pixel_40169,pixel_40170,pixel_40171,pixel_40172,pixel_40173,pixel_40174,pixel_40175,pixel_40176,pixel_40177,pixel_40178,pixel_40179,pixel_40180,pixel_40181,pixel_40182,pixel_40183,pixel_40184,pixel_40185,pixel_40186,pixel_40187,pixel_40188,pixel_40189,pixel_40190,pixel_40191,pixel_40192,pixel_40193,pixel_40194,pixel_40195,pixel_40196,pixel_40197,pixel_40198,pixel_40199,pixel_40200,pixel_40201,pixel_40202,pixel_40203,pixel_40204,pixel_40205,pixel_40206,pixel_40207,pixel_40208,pixel_40209,pixel_40210,pixel_40211,pixel_40212,pixel_40213,pixel_40214,pixel_40215,pixel_40216,pixel_40217,pixel_40218,pixel_40219,pixel_40220,pixel_40221,pixel_40222,pixel_40223,pixel_40224,pixel_40225,pixel_40226,pixel_40227,pixel_40228,pixel_40229,pixel_40230,pixel_40231,pixel_40232,pixel_40233,pixel_40234,pixel_40235,pixel_40236,pixel_40237,pixel_40238,pixel_40239,pixel_40240,pixel_40241,pixel_40242,pixel_40243,pixel_40244,pixel_40245,pixel_40246,pixel_40247,pixel_40248,pixel_40249,pixel_40250,pixel_40251,pixel_40252,pixel_40253,pixel_40254,pixel_40255,pixel_40256,pixel_40257,pixel_40258,pixel_40259,pixel_40260,pixel_40261,pixel_40262,pixel_40263,pixel_40264,pixel_40265,pixel_40266,pixel_40267,pixel_40268,pixel_40269,pixel_40270,pixel_40271,pixel_40272,pixel_40273,pixel_40274,pixel_40275,pixel_40276,pixel_40277,pixel_40278,pixel_40279,pixel_40280,pixel_40281,pixel_40282,pixel_40283,pixel_40284,pixel_40285,pixel_40286,pixel_40287,pixel_40288,pixel_40289,pixel_40290,pixel_40291,pixel_40292,pixel_40293,pixel_40294,pixel_40295,pixel_40296,pixel_40297,pixel_40298,pixel_40299,pixel_40300,pixel_40301,pixel_40302,pixel_40303,pixel_40304,pixel_40305,pixel_40306,pixel_40307,pixel_40308,pixel_40309,pixel_40310,pixel_40311,pixel_40312,pixel_40313,pixel_40314,pixel_40315,pixel_40316,pixel_40317,pixel_40318,pixel_40319,pixel_40320,pixel_40321,pixel_40322,pixel_40323,pixel_40324,pixel_40325,pixel_40326,pixel_40327,pixel_40328,pixel_40329,pixel_40330,pixel_40331,pixel_40332,pixel_40333,pixel_40334,pixel_40335,pixel_40336,pixel_40337,pixel_40338,pixel_40339,pixel_40340,pixel_40341,pixel_40342,pixel_40343,pixel_40344,pixel_40345,pixel_40346,pixel_40347,pixel_40348,pixel_40349,pixel_40350,pixel_40351,pixel_40352,pixel_40353,pixel_40354,pixel_40355,pixel_40356,pixel_40357,pixel_40358,pixel_40359,pixel_40360,pixel_40361,pixel_40362,pixel_40363,pixel_40364,pixel_40365,pixel_40366,pixel_40367,pixel_40368,pixel_40369,pixel_40370,pixel_40371,pixel_40372,pixel_40373,pixel_40374,pixel_40375,pixel_40376,pixel_40377,pixel_40378,pixel_40379,pixel_40380,pixel_40381,pixel_40382,pixel_40383,pixel_40384,pixel_40385,pixel_40386,pixel_40387,pixel_40388,pixel_40389,pixel_40390,pixel_40391,pixel_40392,pixel_40393,pixel_40394,pixel_40395,pixel_40396,pixel_40397,pixel_40398,pixel_40399,pixel_40400,pixel_40401,pixel_40402,pixel_40403,pixel_40404,pixel_40405,pixel_40406,pixel_40407,pixel_40408,pixel_40409,pixel_40410,pixel_40411,pixel_40412,pixel_40413,pixel_40414,pixel_40415,pixel_40416,pixel_40417,pixel_40418,pixel_40419,pixel_40420,pixel_40421,pixel_40422,pixel_40423,pixel_40424,pixel_40425,pixel_40426,pixel_40427,pixel_40428,pixel_40429,pixel_40430,pixel_40431,pixel_40432,pixel_40433,pixel_40434,pixel_40435,pixel_40436,pixel_40437,pixel_40438,pixel_40439,pixel_40440,pixel_40441,pixel_40442,pixel_40443,pixel_40444,pixel_40445,pixel_40446,pixel_40447,pixel_40448,pixel_40449,pixel_40450,pixel_40451,pixel_40452,pixel_40453,pixel_40454,pixel_40455,pixel_40456,pixel_40457,pixel_40458,pixel_40459,pixel_40460,pixel_40461,pixel_40462,pixel_40463,pixel_40464,pixel_40465,pixel_40466,pixel_40467,pixel_40468,pixel_40469,pixel_40470,pixel_40471,pixel_40472,pixel_40473,pixel_40474,pixel_40475,pixel_40476,pixel_40477,pixel_40478,pixel_40479,pixel_40480,pixel_40481,pixel_40482,pixel_40483,pixel_40484,pixel_40485,pixel_40486,pixel_40487,pixel_40488,pixel_40489,pixel_40490,pixel_40491,pixel_40492,pixel_40493,pixel_40494,pixel_40495,pixel_40496,pixel_40497,pixel_40498,pixel_40499,pixel_40500,pixel_40501,pixel_40502,pixel_40503,pixel_40504,pixel_40505,pixel_40506,pixel_40507,pixel_40508,pixel_40509,pixel_40510,pixel_40511,pixel_40512,pixel_40513,pixel_40514,pixel_40515,pixel_40516,pixel_40517,pixel_40518,pixel_40519,pixel_40520,pixel_40521,pixel_40522,pixel_40523,pixel_40524,pixel_40525,pixel_40526,pixel_40527,pixel_40528,pixel_40529,pixel_40530,pixel_40531,pixel_40532,pixel_40533,pixel_40534,pixel_40535,pixel_40536,pixel_40537,pixel_40538,pixel_40539,pixel_40540,pixel_40541,pixel_40542,pixel_40543,pixel_40544,pixel_40545,pixel_40546,pixel_40547,pixel_40548,pixel_40549,pixel_40550,pixel_40551,pixel_40552,pixel_40553,pixel_40554,pixel_40555,pixel_40556,pixel_40557,pixel_40558,pixel_40559,pixel_40560,pixel_40561,pixel_40562,pixel_40563,pixel_40564,pixel_40565,pixel_40566,pixel_40567,pixel_40568,pixel_40569,pixel_40570,pixel_40571,pixel_40572,pixel_40573,pixel_40574,pixel_40575,pixel_40576,pixel_40577,pixel_40578,pixel_40579,pixel_40580,pixel_40581,pixel_40582,pixel_40583,pixel_40584,pixel_40585,pixel_40586,pixel_40587,pixel_40588,pixel_40589,pixel_40590,pixel_40591,pixel_40592,pixel_40593,pixel_40594,pixel_40595,pixel_40596,pixel_40597,pixel_40598,pixel_40599,pixel_40600,pixel_40601,pixel_40602,pixel_40603,pixel_40604,pixel_40605,pixel_40606,pixel_40607,pixel_40608,pixel_40609,pixel_40610,pixel_40611,pixel_40612,pixel_40613,pixel_40614,pixel_40615,pixel_40616,pixel_40617,pixel_40618,pixel_40619,pixel_40620,pixel_40621,pixel_40622,pixel_40623,pixel_40624,pixel_40625,pixel_40626,pixel_40627,pixel_40628,pixel_40629,pixel_40630,pixel_40631,pixel_40632,pixel_40633,pixel_40634,pixel_40635,pixel_40636,pixel_40637,pixel_40638,pixel_40639,pixel_40640,pixel_40641,pixel_40642,pixel_40643,pixel_40644,pixel_40645,pixel_40646,pixel_40647,pixel_40648,pixel_40649,pixel_40650,pixel_40651,pixel_40652,pixel_40653,pixel_40654,pixel_40655,pixel_40656,pixel_40657,pixel_40658,pixel_40659,pixel_40660,pixel_40661,pixel_40662,pixel_40663,pixel_40664,pixel_40665,pixel_40666,pixel_40667,pixel_40668,pixel_40669,pixel_40670,pixel_40671,pixel_40672,pixel_40673,pixel_40674,pixel_40675,pixel_40676,pixel_40677,pixel_40678,pixel_40679,pixel_40680,pixel_40681,pixel_40682,pixel_40683,pixel_40684,pixel_40685,pixel_40686,pixel_40687,pixel_40688,pixel_40689,pixel_40690,pixel_40691,pixel_40692,pixel_40693,pixel_40694,pixel_40695,pixel_40696,pixel_40697,pixel_40698,pixel_40699,pixel_40700,pixel_40701,pixel_40702,pixel_40703,pixel_40704,pixel_40705,pixel_40706,pixel_40707,pixel_40708,pixel_40709,pixel_40710,pixel_40711,pixel_40712,pixel_40713,pixel_40714,pixel_40715,pixel_40716,pixel_40717,pixel_40718,pixel_40719,pixel_40720,pixel_40721,pixel_40722,pixel_40723,pixel_40724,pixel_40725,pixel_40726,pixel_40727,pixel_40728,pixel_40729,pixel_40730,pixel_40731,pixel_40732,pixel_40733,pixel_40734,pixel_40735,pixel_40736,pixel_40737,pixel_40738,pixel_40739,pixel_40740,pixel_40741,pixel_40742,pixel_40743,pixel_40744,pixel_40745,pixel_40746,pixel_40747,pixel_40748,pixel_40749,pixel_40750,pixel_40751,pixel_40752,pixel_40753,pixel_40754,pixel_40755,pixel_40756,pixel_40757,pixel_40758,pixel_40759,pixel_40760,pixel_40761,pixel_40762,pixel_40763,pixel_40764,pixel_40765,pixel_40766,pixel_40767,pixel_40768,pixel_40769,pixel_40770,pixel_40771,pixel_40772,pixel_40773,pixel_40774,pixel_40775,pixel_40776,pixel_40777,pixel_40778,pixel_40779,pixel_40780,pixel_40781,pixel_40782,pixel_40783,pixel_40784,pixel_40785,pixel_40786,pixel_40787,pixel_40788,pixel_40789,pixel_40790,pixel_40791,pixel_40792,pixel_40793,pixel_40794,pixel_40795,pixel_40796,pixel_40797,pixel_40798,pixel_40799,pixel_40800,pixel_40801,pixel_40802,pixel_40803,pixel_40804,pixel_40805,pixel_40806,pixel_40807,pixel_40808,pixel_40809,pixel_40810,pixel_40811,pixel_40812,pixel_40813,pixel_40814,pixel_40815,pixel_40816,pixel_40817,pixel_40818,pixel_40819,pixel_40820,pixel_40821,pixel_40822,pixel_40823,pixel_40824,pixel_40825,pixel_40826,pixel_40827,pixel_40828,pixel_40829,pixel_40830,pixel_40831,pixel_40832,pixel_40833,pixel_40834,pixel_40835,pixel_40836,pixel_40837,pixel_40838,pixel_40839,pixel_40840,pixel_40841,pixel_40842,pixel_40843,pixel_40844,pixel_40845,pixel_40846,pixel_40847,pixel_40848,pixel_40849,pixel_40850,pixel_40851,pixel_40852,pixel_40853,pixel_40854,pixel_40855,pixel_40856,pixel_40857,pixel_40858,pixel_40859,pixel_40860,pixel_40861,pixel_40862,pixel_40863,pixel_40864,pixel_40865,pixel_40866,pixel_40867,pixel_40868,pixel_40869,pixel_40870,pixel_40871,pixel_40872,pixel_40873,pixel_40874,pixel_40875,pixel_40876,pixel_40877,pixel_40878,pixel_40879,pixel_40880,pixel_40881,pixel_40882,pixel_40883,pixel_40884,pixel_40885,pixel_40886,pixel_40887,pixel_40888,pixel_40889,pixel_40890,pixel_40891,pixel_40892,pixel_40893,pixel_40894,pixel_40895,pixel_40896,pixel_40897,pixel_40898,pixel_40899,pixel_40900,pixel_40901,pixel_40902,pixel_40903,pixel_40904,pixel_40905,pixel_40906,pixel_40907,pixel_40908,pixel_40909,pixel_40910,pixel_40911,pixel_40912,pixel_40913,pixel_40914,pixel_40915,pixel_40916,pixel_40917,pixel_40918,pixel_40919,pixel_40920,pixel_40921,pixel_40922,pixel_40923,pixel_40924,pixel_40925,pixel_40926,pixel_40927,pixel_40928,pixel_40929,pixel_40930,pixel_40931,pixel_40932,pixel_40933,pixel_40934,pixel_40935,pixel_40936,pixel_40937,pixel_40938,pixel_40939,pixel_40940,pixel_40941,pixel_40942,pixel_40943,pixel_40944,pixel_40945,pixel_40946,pixel_40947,pixel_40948,pixel_40949,pixel_40950,pixel_40951,pixel_40952,pixel_40953,pixel_40954,pixel_40955,pixel_40956,pixel_40957,pixel_40958,pixel_40959,pixel_40960,pixel_40961,pixel_40962,pixel_40963,pixel_40964,pixel_40965,pixel_40966,pixel_40967,pixel_40968,pixel_40969,pixel_40970,pixel_40971,pixel_40972,pixel_40973,pixel_40974,pixel_40975,pixel_40976,pixel_40977,pixel_40978,pixel_40979,pixel_40980,pixel_40981,pixel_40982,pixel_40983,pixel_40984,pixel_40985,pixel_40986,pixel_40987,pixel_40988,pixel_40989,pixel_40990,pixel_40991,pixel_40992,pixel_40993,pixel_40994,pixel_40995,pixel_40996,pixel_40997,pixel_40998,pixel_40999,pixel_41000,pixel_41001,pixel_41002,pixel_41003,pixel_41004,pixel_41005,pixel_41006,pixel_41007,pixel_41008,pixel_41009,pixel_41010,pixel_41011,pixel_41012,pixel_41013,pixel_41014,pixel_41015,pixel_41016,pixel_41017,pixel_41018,pixel_41019,pixel_41020,pixel_41021,pixel_41022,pixel_41023,pixel_41024,pixel_41025,pixel_41026,pixel_41027,pixel_41028,pixel_41029,pixel_41030,pixel_41031,pixel_41032,pixel_41033,pixel_41034,pixel_41035,pixel_41036,pixel_41037,pixel_41038,pixel_41039,pixel_41040,pixel_41041,pixel_41042,pixel_41043,pixel_41044,pixel_41045,pixel_41046,pixel_41047,pixel_41048,pixel_41049,pixel_41050,pixel_41051,pixel_41052,pixel_41053,pixel_41054,pixel_41055,pixel_41056,pixel_41057,pixel_41058,pixel_41059,pixel_41060,pixel_41061,pixel_41062,pixel_41063,pixel_41064,pixel_41065,pixel_41066,pixel_41067,pixel_41068,pixel_41069,pixel_41070,pixel_41071,pixel_41072,pixel_41073,pixel_41074,pixel_41075,pixel_41076,pixel_41077,pixel_41078,pixel_41079,pixel_41080,pixel_41081,pixel_41082,pixel_41083,pixel_41084,pixel_41085,pixel_41086,pixel_41087,pixel_41088,pixel_41089,pixel_41090,pixel_41091,pixel_41092,pixel_41093,pixel_41094,pixel_41095,pixel_41096,pixel_41097,pixel_41098,pixel_41099,pixel_41100,pixel_41101,pixel_41102,pixel_41103,pixel_41104,pixel_41105,pixel_41106,pixel_41107,pixel_41108,pixel_41109,pixel_41110,pixel_41111,pixel_41112,pixel_41113,pixel_41114,pixel_41115,pixel_41116,pixel_41117,pixel_41118,pixel_41119,pixel_41120,pixel_41121,pixel_41122,pixel_41123,pixel_41124,pixel_41125,pixel_41126,pixel_41127,pixel_41128,pixel_41129,pixel_41130,pixel_41131,pixel_41132,pixel_41133,pixel_41134,pixel_41135,pixel_41136,pixel_41137,pixel_41138,pixel_41139,pixel_41140,pixel_41141,pixel_41142,pixel_41143,pixel_41144,pixel_41145,pixel_41146,pixel_41147,pixel_41148,pixel_41149,pixel_41150,pixel_41151,pixel_41152,pixel_41153,pixel_41154,pixel_41155,pixel_41156,pixel_41157,pixel_41158,pixel_41159,pixel_41160,pixel_41161,pixel_41162,pixel_41163,pixel_41164,pixel_41165,pixel_41166,pixel_41167,pixel_41168,pixel_41169,pixel_41170,pixel_41171,pixel_41172,pixel_41173,pixel_41174,pixel_41175,pixel_41176,pixel_41177,pixel_41178,pixel_41179,pixel_41180,pixel_41181,pixel_41182,pixel_41183,pixel_41184,pixel_41185,pixel_41186,pixel_41187,pixel_41188,pixel_41189,pixel_41190,pixel_41191,pixel_41192,pixel_41193,pixel_41194,pixel_41195,pixel_41196,pixel_41197,pixel_41198,pixel_41199,pixel_41200,pixel_41201,pixel_41202,pixel_41203,pixel_41204,pixel_41205,pixel_41206,pixel_41207,pixel_41208,pixel_41209,pixel_41210,pixel_41211,pixel_41212,pixel_41213,pixel_41214,pixel_41215,pixel_41216,pixel_41217,pixel_41218,pixel_41219,pixel_41220,pixel_41221,pixel_41222,pixel_41223,pixel_41224,pixel_41225,pixel_41226,pixel_41227,pixel_41228,pixel_41229,pixel_41230,pixel_41231,pixel_41232,pixel_41233,pixel_41234,pixel_41235,pixel_41236,pixel_41237,pixel_41238,pixel_41239,pixel_41240,pixel_41241,pixel_41242,pixel_41243,pixel_41244,pixel_41245,pixel_41246,pixel_41247,pixel_41248,pixel_41249,pixel_41250,pixel_41251,pixel_41252,pixel_41253,pixel_41254,pixel_41255,pixel_41256,pixel_41257,pixel_41258,pixel_41259,pixel_41260,pixel_41261,pixel_41262,pixel_41263,pixel_41264,pixel_41265,pixel_41266,pixel_41267,pixel_41268,pixel_41269,pixel_41270,pixel_41271,pixel_41272,pixel_41273,pixel_41274,pixel_41275,pixel_41276,pixel_41277,pixel_41278,pixel_41279,pixel_41280,pixel_41281,pixel_41282,pixel_41283,pixel_41284,pixel_41285,pixel_41286,pixel_41287,pixel_41288,pixel_41289,pixel_41290,pixel_41291,pixel_41292,pixel_41293,pixel_41294,pixel_41295,pixel_41296,pixel_41297,pixel_41298,pixel_41299,pixel_41300,pixel_41301,pixel_41302,pixel_41303,pixel_41304,pixel_41305,pixel_41306,pixel_41307,pixel_41308,pixel_41309,pixel_41310,pixel_41311,pixel_41312,pixel_41313,pixel_41314,pixel_41315,pixel_41316,pixel_41317,pixel_41318,pixel_41319,pixel_41320,pixel_41321,pixel_41322,pixel_41323,pixel_41324,pixel_41325,pixel_41326,pixel_41327,pixel_41328,pixel_41329,pixel_41330,pixel_41331,pixel_41332,pixel_41333,pixel_41334,pixel_41335,pixel_41336,pixel_41337,pixel_41338,pixel_41339,pixel_41340,pixel_41341,pixel_41342,pixel_41343,pixel_41344,pixel_41345,pixel_41346,pixel_41347,pixel_41348,pixel_41349,pixel_41350,pixel_41351,pixel_41352,pixel_41353,pixel_41354,pixel_41355,pixel_41356,pixel_41357,pixel_41358,pixel_41359,pixel_41360,pixel_41361,pixel_41362,pixel_41363,pixel_41364,pixel_41365,pixel_41366,pixel_41367,pixel_41368,pixel_41369,pixel_41370,pixel_41371,pixel_41372,pixel_41373,pixel_41374,pixel_41375,pixel_41376,pixel_41377,pixel_41378,pixel_41379,pixel_41380,pixel_41381,pixel_41382,pixel_41383,pixel_41384,pixel_41385,pixel_41386,pixel_41387,pixel_41388,pixel_41389,pixel_41390,pixel_41391,pixel_41392,pixel_41393,pixel_41394,pixel_41395,pixel_41396,pixel_41397,pixel_41398,pixel_41399,pixel_41400,pixel_41401,pixel_41402,pixel_41403,pixel_41404,pixel_41405,pixel_41406,pixel_41407,pixel_41408,pixel_41409,pixel_41410,pixel_41411,pixel_41412,pixel_41413,pixel_41414,pixel_41415,pixel_41416,pixel_41417,pixel_41418,pixel_41419,pixel_41420,pixel_41421,pixel_41422,pixel_41423,pixel_41424,pixel_41425,pixel_41426,pixel_41427,pixel_41428,pixel_41429,pixel_41430,pixel_41431,pixel_41432,pixel_41433,pixel_41434,pixel_41435,pixel_41436,pixel_41437,pixel_41438,pixel_41439,pixel_41440,pixel_41441,pixel_41442,pixel_41443,pixel_41444,pixel_41445,pixel_41446,pixel_41447,pixel_41448,pixel_41449,pixel_41450,pixel_41451,pixel_41452,pixel_41453,pixel_41454,pixel_41455,pixel_41456,pixel_41457,pixel_41458,pixel_41459,pixel_41460,pixel_41461,pixel_41462,pixel_41463,pixel_41464,pixel_41465,pixel_41466,pixel_41467,pixel_41468,pixel_41469,pixel_41470,pixel_41471,pixel_41472,pixel_41473,pixel_41474,pixel_41475,pixel_41476,pixel_41477,pixel_41478,pixel_41479,pixel_41480,pixel_41481,pixel_41482,pixel_41483,pixel_41484,pixel_41485,pixel_41486,pixel_41487,pixel_41488,pixel_41489,pixel_41490,pixel_41491,pixel_41492,pixel_41493,pixel_41494,pixel_41495,pixel_41496,pixel_41497,pixel_41498,pixel_41499,pixel_41500,pixel_41501,pixel_41502,pixel_41503,pixel_41504,pixel_41505,pixel_41506,pixel_41507,pixel_41508,pixel_41509,pixel_41510,pixel_41511,pixel_41512,pixel_41513,pixel_41514,pixel_41515,pixel_41516,pixel_41517,pixel_41518,pixel_41519,pixel_41520,pixel_41521,pixel_41522,pixel_41523,pixel_41524,pixel_41525,pixel_41526,pixel_41527,pixel_41528,pixel_41529,pixel_41530,pixel_41531,pixel_41532,pixel_41533,pixel_41534,pixel_41535,pixel_41536,pixel_41537,pixel_41538,pixel_41539,pixel_41540,pixel_41541,pixel_41542,pixel_41543,pixel_41544,pixel_41545,pixel_41546,pixel_41547,pixel_41548,pixel_41549,pixel_41550,pixel_41551,pixel_41552,pixel_41553,pixel_41554,pixel_41555,pixel_41556,pixel_41557,pixel_41558,pixel_41559,pixel_41560,pixel_41561,pixel_41562,pixel_41563,pixel_41564,pixel_41565,pixel_41566,pixel_41567,pixel_41568,pixel_41569,pixel_41570,pixel_41571,pixel_41572,pixel_41573,pixel_41574,pixel_41575,pixel_41576,pixel_41577,pixel_41578,pixel_41579,pixel_41580,pixel_41581,pixel_41582,pixel_41583,pixel_41584,pixel_41585,pixel_41586,pixel_41587,pixel_41588,pixel_41589,pixel_41590,pixel_41591,pixel_41592,pixel_41593,pixel_41594,pixel_41595,pixel_41596,pixel_41597,pixel_41598,pixel_41599,pixel_41600,pixel_41601,pixel_41602,pixel_41603,pixel_41604,pixel_41605,pixel_41606,pixel_41607,pixel_41608,pixel_41609,pixel_41610,pixel_41611,pixel_41612,pixel_41613,pixel_41614,pixel_41615,pixel_41616,pixel_41617,pixel_41618,pixel_41619,pixel_41620,pixel_41621,pixel_41622,pixel_41623,pixel_41624,pixel_41625,pixel_41626,pixel_41627,pixel_41628,pixel_41629,pixel_41630,pixel_41631,pixel_41632,pixel_41633,pixel_41634,pixel_41635,pixel_41636,pixel_41637,pixel_41638,pixel_41639,pixel_41640,pixel_41641,pixel_41642,pixel_41643,pixel_41644,pixel_41645,pixel_41646,pixel_41647,pixel_41648,pixel_41649,pixel_41650,pixel_41651,pixel_41652,pixel_41653,pixel_41654,pixel_41655,pixel_41656,pixel_41657,pixel_41658,pixel_41659,pixel_41660,pixel_41661,pixel_41662,pixel_41663,pixel_41664,pixel_41665,pixel_41666,pixel_41667,pixel_41668,pixel_41669,pixel_41670,pixel_41671,pixel_41672,pixel_41673,pixel_41674,pixel_41675,pixel_41676,pixel_41677,pixel_41678,pixel_41679,pixel_41680,pixel_41681,pixel_41682,pixel_41683,pixel_41684,pixel_41685,pixel_41686,pixel_41687,pixel_41688,pixel_41689,pixel_41690,pixel_41691,pixel_41692,pixel_41693,pixel_41694,pixel_41695,pixel_41696,pixel_41697,pixel_41698,pixel_41699,pixel_41700,pixel_41701,pixel_41702,pixel_41703,pixel_41704,pixel_41705,pixel_41706,pixel_41707,pixel_41708,pixel_41709,pixel_41710,pixel_41711,pixel_41712,pixel_41713,pixel_41714,pixel_41715,pixel_41716,pixel_41717,pixel_41718,pixel_41719,pixel_41720,pixel_41721,pixel_41722,pixel_41723,pixel_41724,pixel_41725,pixel_41726,pixel_41727,pixel_41728,pixel_41729,pixel_41730,pixel_41731,pixel_41732,pixel_41733,pixel_41734,pixel_41735,pixel_41736,pixel_41737,pixel_41738,pixel_41739,pixel_41740,pixel_41741,pixel_41742,pixel_41743,pixel_41744,pixel_41745,pixel_41746,pixel_41747,pixel_41748,pixel_41749,pixel_41750,pixel_41751,pixel_41752,pixel_41753,pixel_41754,pixel_41755,pixel_41756,pixel_41757,pixel_41758,pixel_41759,pixel_41760,pixel_41761,pixel_41762,pixel_41763,pixel_41764,pixel_41765,pixel_41766,pixel_41767,pixel_41768,pixel_41769,pixel_41770,pixel_41771,pixel_41772,pixel_41773,pixel_41774,pixel_41775,pixel_41776,pixel_41777,pixel_41778,pixel_41779,pixel_41780,pixel_41781,pixel_41782,pixel_41783,pixel_41784,pixel_41785,pixel_41786,pixel_41787,pixel_41788,pixel_41789,pixel_41790,pixel_41791,pixel_41792,pixel_41793,pixel_41794,pixel_41795,pixel_41796,pixel_41797,pixel_41798,pixel_41799,pixel_41800,pixel_41801,pixel_41802,pixel_41803,pixel_41804,pixel_41805,pixel_41806,pixel_41807,pixel_41808,pixel_41809,pixel_41810,pixel_41811,pixel_41812,pixel_41813,pixel_41814,pixel_41815,pixel_41816,pixel_41817,pixel_41818,pixel_41819,pixel_41820,pixel_41821,pixel_41822,pixel_41823,pixel_41824,pixel_41825,pixel_41826,pixel_41827,pixel_41828,pixel_41829,pixel_41830,pixel_41831,pixel_41832,pixel_41833,pixel_41834,pixel_41835,pixel_41836,pixel_41837,pixel_41838,pixel_41839,pixel_41840,pixel_41841,pixel_41842,pixel_41843,pixel_41844,pixel_41845,pixel_41846,pixel_41847,pixel_41848,pixel_41849,pixel_41850,pixel_41851,pixel_41852,pixel_41853,pixel_41854,pixel_41855,pixel_41856,pixel_41857,pixel_41858,pixel_41859,pixel_41860,pixel_41861,pixel_41862,pixel_41863,pixel_41864,pixel_41865,pixel_41866,pixel_41867,pixel_41868,pixel_41869,pixel_41870,pixel_41871,pixel_41872,pixel_41873,pixel_41874,pixel_41875,pixel_41876,pixel_41877,pixel_41878,pixel_41879,pixel_41880,pixel_41881,pixel_41882,pixel_41883,pixel_41884,pixel_41885,pixel_41886,pixel_41887,pixel_41888,pixel_41889,pixel_41890,pixel_41891,pixel_41892,pixel_41893,pixel_41894,pixel_41895,pixel_41896,pixel_41897,pixel_41898,pixel_41899,pixel_41900,pixel_41901,pixel_41902,pixel_41903,pixel_41904,pixel_41905,pixel_41906,pixel_41907,pixel_41908,pixel_41909,pixel_41910,pixel_41911,pixel_41912,pixel_41913,pixel_41914,pixel_41915,pixel_41916,pixel_41917,pixel_41918,pixel_41919,pixel_41920,pixel_41921,pixel_41922,pixel_41923,pixel_41924,pixel_41925,pixel_41926,pixel_41927,pixel_41928,pixel_41929,pixel_41930,pixel_41931,pixel_41932,pixel_41933,pixel_41934,pixel_41935,pixel_41936,pixel_41937,pixel_41938,pixel_41939,pixel_41940,pixel_41941,pixel_41942,pixel_41943,pixel_41944,pixel_41945,pixel_41946,pixel_41947,pixel_41948,pixel_41949,pixel_41950,pixel_41951,pixel_41952,pixel_41953,pixel_41954,pixel_41955,pixel_41956,pixel_41957,pixel_41958,pixel_41959,pixel_41960,pixel_41961,pixel_41962,pixel_41963,pixel_41964,pixel_41965,pixel_41966,pixel_41967,pixel_41968,pixel_41969,pixel_41970,pixel_41971,pixel_41972,pixel_41973,pixel_41974,pixel_41975,pixel_41976,pixel_41977,pixel_41978,pixel_41979,pixel_41980,pixel_41981,pixel_41982,pixel_41983,pixel_41984,pixel_41985,pixel_41986,pixel_41987,pixel_41988,pixel_41989,pixel_41990,pixel_41991,pixel_41992,pixel_41993,pixel_41994,pixel_41995,pixel_41996,pixel_41997,pixel_41998,pixel_41999,pixel_42000,pixel_42001,pixel_42002,pixel_42003,pixel_42004,pixel_42005,pixel_42006,pixel_42007,pixel_42008,pixel_42009,pixel_42010,pixel_42011,pixel_42012,pixel_42013,pixel_42014,pixel_42015,pixel_42016,pixel_42017,pixel_42018,pixel_42019,pixel_42020,pixel_42021,pixel_42022,pixel_42023,pixel_42024,pixel_42025,pixel_42026,pixel_42027,pixel_42028,pixel_42029,pixel_42030,pixel_42031,pixel_42032,pixel_42033,pixel_42034,pixel_42035,pixel_42036,pixel_42037,pixel_42038,pixel_42039,pixel_42040,pixel_42041,pixel_42042,pixel_42043,pixel_42044,pixel_42045,pixel_42046,pixel_42047,pixel_42048,pixel_42049,pixel_42050,pixel_42051,pixel_42052,pixel_42053,pixel_42054,pixel_42055,pixel_42056,pixel_42057,pixel_42058,pixel_42059,pixel_42060,pixel_42061,pixel_42062,pixel_42063,pixel_42064,pixel_42065,pixel_42066,pixel_42067,pixel_42068,pixel_42069,pixel_42070,pixel_42071,pixel_42072,pixel_42073,pixel_42074,pixel_42075,pixel_42076,pixel_42077,pixel_42078,pixel_42079,pixel_42080,pixel_42081,pixel_42082,pixel_42083,pixel_42084,pixel_42085,pixel_42086,pixel_42087,pixel_42088,pixel_42089,pixel_42090,pixel_42091,pixel_42092,pixel_42093,pixel_42094,pixel_42095,pixel_42096,pixel_42097,pixel_42098,pixel_42099,pixel_42100,pixel_42101,pixel_42102,pixel_42103,pixel_42104,pixel_42105,pixel_42106,pixel_42107,pixel_42108,pixel_42109,pixel_42110,pixel_42111,pixel_42112,pixel_42113,pixel_42114,pixel_42115,pixel_42116,pixel_42117,pixel_42118,pixel_42119,pixel_42120,pixel_42121,pixel_42122,pixel_42123,pixel_42124,pixel_42125,pixel_42126,pixel_42127,pixel_42128,pixel_42129,pixel_42130,pixel_42131,pixel_42132,pixel_42133,pixel_42134,pixel_42135,pixel_42136,pixel_42137,pixel_42138,pixel_42139,pixel_42140,pixel_42141,pixel_42142,pixel_42143,pixel_42144,pixel_42145,pixel_42146,pixel_42147,pixel_42148,pixel_42149,pixel_42150,pixel_42151,pixel_42152,pixel_42153,pixel_42154,pixel_42155,pixel_42156,pixel_42157,pixel_42158,pixel_42159,pixel_42160,pixel_42161,pixel_42162,pixel_42163,pixel_42164,pixel_42165,pixel_42166,pixel_42167,pixel_42168,pixel_42169,pixel_42170,pixel_42171,pixel_42172,pixel_42173,pixel_42174,pixel_42175,pixel_42176,pixel_42177,pixel_42178,pixel_42179,pixel_42180,pixel_42181,pixel_42182,pixel_42183,pixel_42184,pixel_42185,pixel_42186,pixel_42187,pixel_42188,pixel_42189,pixel_42190,pixel_42191,pixel_42192,pixel_42193,pixel_42194,pixel_42195,pixel_42196,pixel_42197,pixel_42198,pixel_42199,pixel_42200,pixel_42201,pixel_42202,pixel_42203,pixel_42204,pixel_42205,pixel_42206,pixel_42207,pixel_42208,pixel_42209,pixel_42210,pixel_42211,pixel_42212,pixel_42213,pixel_42214,pixel_42215,pixel_42216,pixel_42217,pixel_42218,pixel_42219,pixel_42220,pixel_42221,pixel_42222,pixel_42223,pixel_42224,pixel_42225,pixel_42226,pixel_42227,pixel_42228,pixel_42229,pixel_42230,pixel_42231,pixel_42232,pixel_42233,pixel_42234,pixel_42235,pixel_42236,pixel_42237,pixel_42238,pixel_42239,pixel_42240,pixel_42241,pixel_42242,pixel_42243,pixel_42244,pixel_42245,pixel_42246,pixel_42247,pixel_42248,pixel_42249,pixel_42250,pixel_42251,pixel_42252,pixel_42253,pixel_42254,pixel_42255,pixel_42256,pixel_42257,pixel_42258,pixel_42259,pixel_42260,pixel_42261,pixel_42262,pixel_42263,pixel_42264,pixel_42265,pixel_42266,pixel_42267,pixel_42268,pixel_42269,pixel_42270,pixel_42271,pixel_42272,pixel_42273,pixel_42274,pixel_42275,pixel_42276,pixel_42277,pixel_42278,pixel_42279,pixel_42280,pixel_42281,pixel_42282,pixel_42283,pixel_42284,pixel_42285,pixel_42286,pixel_42287,pixel_42288,pixel_42289,pixel_42290,pixel_42291,pixel_42292,pixel_42293,pixel_42294,pixel_42295,pixel_42296,pixel_42297,pixel_42298,pixel_42299,pixel_42300,pixel_42301,pixel_42302,pixel_42303,pixel_42304,pixel_42305,pixel_42306,pixel_42307,pixel_42308,pixel_42309,pixel_42310,pixel_42311,pixel_42312,pixel_42313,pixel_42314,pixel_42315,pixel_42316,pixel_42317,pixel_42318,pixel_42319,pixel_42320,pixel_42321,pixel_42322,pixel_42323,pixel_42324,pixel_42325,pixel_42326,pixel_42327,pixel_42328,pixel_42329,pixel_42330,pixel_42331,pixel_42332,pixel_42333,pixel_42334,pixel_42335,pixel_42336,pixel_42337,pixel_42338,pixel_42339,pixel_42340,pixel_42341,pixel_42342,pixel_42343,pixel_42344,pixel_42345,pixel_42346,pixel_42347,pixel_42348,pixel_42349,pixel_42350,pixel_42351,pixel_42352,pixel_42353,pixel_42354,pixel_42355,pixel_42356,pixel_42357,pixel_42358,pixel_42359,pixel_42360,pixel_42361,pixel_42362,pixel_42363,pixel_42364,pixel_42365,pixel_42366,pixel_42367,pixel_42368,pixel_42369,pixel_42370,pixel_42371,pixel_42372,pixel_42373,pixel_42374,pixel_42375,pixel_42376,pixel_42377,pixel_42378,pixel_42379,pixel_42380,pixel_42381,pixel_42382,pixel_42383,pixel_42384,pixel_42385,pixel_42386,pixel_42387,pixel_42388,pixel_42389,pixel_42390,pixel_42391,pixel_42392,pixel_42393,pixel_42394,pixel_42395,pixel_42396,pixel_42397,pixel_42398,pixel_42399,pixel_42400,pixel_42401,pixel_42402,pixel_42403,pixel_42404,pixel_42405,pixel_42406,pixel_42407,pixel_42408,pixel_42409,pixel_42410,pixel_42411,pixel_42412,pixel_42413,pixel_42414,pixel_42415,pixel_42416,pixel_42417,pixel_42418,pixel_42419,pixel_42420,pixel_42421,pixel_42422,pixel_42423,pixel_42424,pixel_42425,pixel_42426,pixel_42427,pixel_42428,pixel_42429,pixel_42430,pixel_42431,pixel_42432,pixel_42433,pixel_42434,pixel_42435,pixel_42436,pixel_42437,pixel_42438,pixel_42439,pixel_42440,pixel_42441,pixel_42442,pixel_42443,pixel_42444,pixel_42445,pixel_42446,pixel_42447,pixel_42448,pixel_42449,pixel_42450,pixel_42451,pixel_42452,pixel_42453,pixel_42454,pixel_42455,pixel_42456,pixel_42457,pixel_42458,pixel_42459,pixel_42460,pixel_42461,pixel_42462,pixel_42463,pixel_42464,pixel_42465,pixel_42466,pixel_42467,pixel_42468,pixel_42469,pixel_42470,pixel_42471,pixel_42472,pixel_42473,pixel_42474,pixel_42475,pixel_42476,pixel_42477,pixel_42478,pixel_42479,pixel_42480,pixel_42481,pixel_42482,pixel_42483,pixel_42484,pixel_42485,pixel_42486,pixel_42487,pixel_42488,pixel_42489,pixel_42490,pixel_42491,pixel_42492,pixel_42493,pixel_42494,pixel_42495,pixel_42496,pixel_42497,pixel_42498,pixel_42499,pixel_42500,pixel_42501,pixel_42502,pixel_42503,pixel_42504,pixel_42505,pixel_42506,pixel_42507,pixel_42508,pixel_42509,pixel_42510,pixel_42511,pixel_42512,pixel_42513,pixel_42514,pixel_42515,pixel_42516,pixel_42517,pixel_42518,pixel_42519,pixel_42520,pixel_42521,pixel_42522,pixel_42523,pixel_42524,pixel_42525,pixel_42526,pixel_42527,pixel_42528,pixel_42529,pixel_42530,pixel_42531,pixel_42532,pixel_42533,pixel_42534,pixel_42535,pixel_42536,pixel_42537,pixel_42538,pixel_42539,pixel_42540,pixel_42541,pixel_42542,pixel_42543,pixel_42544,pixel_42545,pixel_42546,pixel_42547,pixel_42548,pixel_42549,pixel_42550,pixel_42551,pixel_42552,pixel_42553,pixel_42554,pixel_42555,pixel_42556,pixel_42557,pixel_42558,pixel_42559,pixel_42560,pixel_42561,pixel_42562,pixel_42563,pixel_42564,pixel_42565,pixel_42566,pixel_42567,pixel_42568,pixel_42569,pixel_42570,pixel_42571,pixel_42572,pixel_42573,pixel_42574,pixel_42575,pixel_42576,pixel_42577,pixel_42578,pixel_42579,pixel_42580,pixel_42581,pixel_42582,pixel_42583,pixel_42584,pixel_42585,pixel_42586,pixel_42587,pixel_42588,pixel_42589,pixel_42590,pixel_42591,pixel_42592,pixel_42593,pixel_42594,pixel_42595,pixel_42596,pixel_42597,pixel_42598,pixel_42599,pixel_42600,pixel_42601,pixel_42602,pixel_42603,pixel_42604,pixel_42605,pixel_42606,pixel_42607,pixel_42608,pixel_42609,pixel_42610,pixel_42611,pixel_42612,pixel_42613,pixel_42614,pixel_42615,pixel_42616,pixel_42617,pixel_42618,pixel_42619,pixel_42620,pixel_42621,pixel_42622,pixel_42623,pixel_42624,pixel_42625,pixel_42626,pixel_42627,pixel_42628,pixel_42629,pixel_42630,pixel_42631,pixel_42632,pixel_42633,pixel_42634,pixel_42635,pixel_42636,pixel_42637,pixel_42638,pixel_42639,pixel_42640,pixel_42641,pixel_42642,pixel_42643,pixel_42644,pixel_42645,pixel_42646,pixel_42647,pixel_42648,pixel_42649,pixel_42650,pixel_42651,pixel_42652,pixel_42653,pixel_42654,pixel_42655,pixel_42656,pixel_42657,pixel_42658,pixel_42659,pixel_42660,pixel_42661,pixel_42662,pixel_42663,pixel_42664,pixel_42665,pixel_42666,pixel_42667,pixel_42668,pixel_42669,pixel_42670,pixel_42671,pixel_42672,pixel_42673,pixel_42674,pixel_42675,pixel_42676,pixel_42677,pixel_42678,pixel_42679,pixel_42680,pixel_42681,pixel_42682,pixel_42683,pixel_42684,pixel_42685,pixel_42686,pixel_42687,pixel_42688,pixel_42689,pixel_42690,pixel_42691,pixel_42692,pixel_42693,pixel_42694,pixel_42695,pixel_42696,pixel_42697,pixel_42698,pixel_42699,pixel_42700,pixel_42701,pixel_42702,pixel_42703,pixel_42704,pixel_42705,pixel_42706,pixel_42707,pixel_42708,pixel_42709,pixel_42710,pixel_42711,pixel_42712,pixel_42713,pixel_42714,pixel_42715,pixel_42716,pixel_42717,pixel_42718,pixel_42719,pixel_42720,pixel_42721,pixel_42722,pixel_42723,pixel_42724,pixel_42725,pixel_42726,pixel_42727,pixel_42728,pixel_42729,pixel_42730,pixel_42731,pixel_42732,pixel_42733,pixel_42734,pixel_42735,pixel_42736,pixel_42737,pixel_42738,pixel_42739,pixel_42740,pixel_42741,pixel_42742,pixel_42743,pixel_42744,pixel_42745,pixel_42746,pixel_42747,pixel_42748,pixel_42749,pixel_42750,pixel_42751,pixel_42752,pixel_42753,pixel_42754,pixel_42755,pixel_42756,pixel_42757,pixel_42758,pixel_42759,pixel_42760,pixel_42761,pixel_42762,pixel_42763,pixel_42764,pixel_42765,pixel_42766,pixel_42767,pixel_42768,pixel_42769,pixel_42770,pixel_42771,pixel_42772,pixel_42773,pixel_42774,pixel_42775,pixel_42776,pixel_42777,pixel_42778,pixel_42779,pixel_42780,pixel_42781,pixel_42782,pixel_42783,pixel_42784,pixel_42785,pixel_42786,pixel_42787,pixel_42788,pixel_42789,pixel_42790,pixel_42791,pixel_42792,pixel_42793,pixel_42794,pixel_42795,pixel_42796,pixel_42797,pixel_42798,pixel_42799,pixel_42800,pixel_42801,pixel_42802,pixel_42803,pixel_42804,pixel_42805,pixel_42806,pixel_42807,pixel_42808,pixel_42809,pixel_42810,pixel_42811,pixel_42812,pixel_42813,pixel_42814,pixel_42815,pixel_42816,pixel_42817,pixel_42818,pixel_42819,pixel_42820,pixel_42821,pixel_42822,pixel_42823,pixel_42824,pixel_42825,pixel_42826,pixel_42827,pixel_42828,pixel_42829,pixel_42830,pixel_42831,pixel_42832,pixel_42833,pixel_42834,pixel_42835,pixel_42836,pixel_42837,pixel_42838,pixel_42839,pixel_42840,pixel_42841,pixel_42842,pixel_42843,pixel_42844,pixel_42845,pixel_42846,pixel_42847,pixel_42848,pixel_42849,pixel_42850,pixel_42851,pixel_42852,pixel_42853,pixel_42854,pixel_42855,pixel_42856,pixel_42857,pixel_42858,pixel_42859,pixel_42860,pixel_42861,pixel_42862,pixel_42863,pixel_42864,pixel_42865,pixel_42866,pixel_42867,pixel_42868,pixel_42869,pixel_42870,pixel_42871,pixel_42872,pixel_42873,pixel_42874,pixel_42875,pixel_42876,pixel_42877,pixel_42878,pixel_42879,pixel_42880,pixel_42881,pixel_42882,pixel_42883,pixel_42884,pixel_42885,pixel_42886,pixel_42887,pixel_42888,pixel_42889,pixel_42890,pixel_42891,pixel_42892,pixel_42893,pixel_42894,pixel_42895,pixel_42896,pixel_42897,pixel_42898,pixel_42899,pixel_42900,pixel_42901,pixel_42902,pixel_42903,pixel_42904,pixel_42905,pixel_42906,pixel_42907,pixel_42908,pixel_42909,pixel_42910,pixel_42911,pixel_42912,pixel_42913,pixel_42914,pixel_42915,pixel_42916,pixel_42917,pixel_42918,pixel_42919,pixel_42920,pixel_42921,pixel_42922,pixel_42923,pixel_42924,pixel_42925,pixel_42926,pixel_42927,pixel_42928,pixel_42929,pixel_42930,pixel_42931,pixel_42932,pixel_42933,pixel_42934,pixel_42935,pixel_42936,pixel_42937,pixel_42938,pixel_42939,pixel_42940,pixel_42941,pixel_42942,pixel_42943,pixel_42944,pixel_42945,pixel_42946,pixel_42947,pixel_42948,pixel_42949,pixel_42950,pixel_42951,pixel_42952,pixel_42953,pixel_42954,pixel_42955,pixel_42956,pixel_42957,pixel_42958,pixel_42959,pixel_42960,pixel_42961,pixel_42962,pixel_42963,pixel_42964,pixel_42965,pixel_42966,pixel_42967,pixel_42968,pixel_42969,pixel_42970,pixel_42971,pixel_42972,pixel_42973,pixel_42974,pixel_42975,pixel_42976,pixel_42977,pixel_42978,pixel_42979,pixel_42980,pixel_42981,pixel_42982,pixel_42983,pixel_42984,pixel_42985,pixel_42986,pixel_42987,pixel_42988,pixel_42989,pixel_42990,pixel_42991,pixel_42992,pixel_42993,pixel_42994,pixel_42995,pixel_42996,pixel_42997,pixel_42998,pixel_42999,pixel_43000,pixel_43001,pixel_43002,pixel_43003,pixel_43004,pixel_43005,pixel_43006,pixel_43007,pixel_43008,pixel_43009,pixel_43010,pixel_43011,pixel_43012,pixel_43013,pixel_43014,pixel_43015,pixel_43016,pixel_43017,pixel_43018,pixel_43019,pixel_43020,pixel_43021,pixel_43022,pixel_43023,pixel_43024,pixel_43025,pixel_43026,pixel_43027,pixel_43028,pixel_43029,pixel_43030,pixel_43031,pixel_43032,pixel_43033,pixel_43034,pixel_43035,pixel_43036,pixel_43037,pixel_43038,pixel_43039,pixel_43040,pixel_43041,pixel_43042,pixel_43043,pixel_43044,pixel_43045,pixel_43046,pixel_43047,pixel_43048,pixel_43049,pixel_43050,pixel_43051,pixel_43052,pixel_43053,pixel_43054,pixel_43055,pixel_43056,pixel_43057,pixel_43058,pixel_43059,pixel_43060,pixel_43061,pixel_43062,pixel_43063,pixel_43064,pixel_43065,pixel_43066,pixel_43067,pixel_43068,pixel_43069,pixel_43070,pixel_43071,pixel_43072,pixel_43073,pixel_43074,pixel_43075,pixel_43076,pixel_43077,pixel_43078,pixel_43079,pixel_43080,pixel_43081,pixel_43082,pixel_43083,pixel_43084,pixel_43085,pixel_43086,pixel_43087,pixel_43088,pixel_43089,pixel_43090,pixel_43091,pixel_43092,pixel_43093,pixel_43094,pixel_43095,pixel_43096,pixel_43097,pixel_43098,pixel_43099,pixel_43100,pixel_43101,pixel_43102,pixel_43103,pixel_43104,pixel_43105,pixel_43106,pixel_43107,pixel_43108,pixel_43109,pixel_43110,pixel_43111,pixel_43112,pixel_43113,pixel_43114,pixel_43115,pixel_43116,pixel_43117,pixel_43118,pixel_43119,pixel_43120,pixel_43121,pixel_43122,pixel_43123,pixel_43124,pixel_43125,pixel_43126,pixel_43127,pixel_43128,pixel_43129,pixel_43130,pixel_43131,pixel_43132,pixel_43133,pixel_43134,pixel_43135,pixel_43136,pixel_43137,pixel_43138,pixel_43139,pixel_43140,pixel_43141,pixel_43142,pixel_43143,pixel_43144,pixel_43145,pixel_43146,pixel_43147,pixel_43148,pixel_43149,pixel_43150,pixel_43151,pixel_43152,pixel_43153,pixel_43154,pixel_43155,pixel_43156,pixel_43157,pixel_43158,pixel_43159,pixel_43160,pixel_43161,pixel_43162,pixel_43163,pixel_43164,pixel_43165,pixel_43166,pixel_43167,pixel_43168,pixel_43169,pixel_43170,pixel_43171,pixel_43172,pixel_43173,pixel_43174,pixel_43175,pixel_43176,pixel_43177,pixel_43178,pixel_43179,pixel_43180,pixel_43181,pixel_43182,pixel_43183,pixel_43184,pixel_43185,pixel_43186,pixel_43187,pixel_43188,pixel_43189,pixel_43190,pixel_43191,pixel_43192,pixel_43193,pixel_43194,pixel_43195,pixel_43196,pixel_43197,pixel_43198,pixel_43199,pixel_43200,pixel_43201,pixel_43202,pixel_43203,pixel_43204,pixel_43205,pixel_43206,pixel_43207,pixel_43208,pixel_43209,pixel_43210,pixel_43211,pixel_43212,pixel_43213,pixel_43214,pixel_43215,pixel_43216,pixel_43217,pixel_43218,pixel_43219,pixel_43220,pixel_43221,pixel_43222,pixel_43223,pixel_43224,pixel_43225,pixel_43226,pixel_43227,pixel_43228,pixel_43229,pixel_43230,pixel_43231,pixel_43232,pixel_43233,pixel_43234,pixel_43235,pixel_43236,pixel_43237,pixel_43238,pixel_43239,pixel_43240,pixel_43241,pixel_43242,pixel_43243,pixel_43244,pixel_43245,pixel_43246,pixel_43247,pixel_43248,pixel_43249,pixel_43250,pixel_43251,pixel_43252,pixel_43253,pixel_43254,pixel_43255,pixel_43256,pixel_43257,pixel_43258,pixel_43259,pixel_43260,pixel_43261,pixel_43262,pixel_43263,pixel_43264,pixel_43265,pixel_43266,pixel_43267,pixel_43268,pixel_43269,pixel_43270,pixel_43271,pixel_43272,pixel_43273,pixel_43274,pixel_43275,pixel_43276,pixel_43277,pixel_43278,pixel_43279,pixel_43280,pixel_43281,pixel_43282,pixel_43283,pixel_43284,pixel_43285,pixel_43286,pixel_43287,pixel_43288,pixel_43289,pixel_43290,pixel_43291,pixel_43292,pixel_43293,pixel_43294,pixel_43295,pixel_43296,pixel_43297,pixel_43298,pixel_43299,pixel_43300,pixel_43301,pixel_43302,pixel_43303,pixel_43304,pixel_43305,pixel_43306,pixel_43307,pixel_43308,pixel_43309,pixel_43310,pixel_43311,pixel_43312,pixel_43313,pixel_43314,pixel_43315,pixel_43316,pixel_43317,pixel_43318,pixel_43319,pixel_43320,pixel_43321,pixel_43322,pixel_43323,pixel_43324,pixel_43325,pixel_43326,pixel_43327,pixel_43328,pixel_43329,pixel_43330,pixel_43331,pixel_43332,pixel_43333,pixel_43334,pixel_43335,pixel_43336,pixel_43337,pixel_43338,pixel_43339,pixel_43340,pixel_43341,pixel_43342,pixel_43343,pixel_43344,pixel_43345,pixel_43346,pixel_43347,pixel_43348,pixel_43349,pixel_43350,pixel_43351,pixel_43352,pixel_43353,pixel_43354,pixel_43355,pixel_43356,pixel_43357,pixel_43358,pixel_43359,pixel_43360,pixel_43361,pixel_43362,pixel_43363,pixel_43364,pixel_43365,pixel_43366,pixel_43367,pixel_43368,pixel_43369,pixel_43370,pixel_43371,pixel_43372,pixel_43373,pixel_43374,pixel_43375,pixel_43376,pixel_43377,pixel_43378,pixel_43379,pixel_43380,pixel_43381,pixel_43382,pixel_43383,pixel_43384,pixel_43385,pixel_43386,pixel_43387,pixel_43388,pixel_43389,pixel_43390,pixel_43391,pixel_43392,pixel_43393,pixel_43394,pixel_43395,pixel_43396,pixel_43397,pixel_43398,pixel_43399,pixel_43400,pixel_43401,pixel_43402,pixel_43403,pixel_43404,pixel_43405,pixel_43406,pixel_43407,pixel_43408,pixel_43409,pixel_43410,pixel_43411,pixel_43412,pixel_43413,pixel_43414,pixel_43415,pixel_43416,pixel_43417,pixel_43418,pixel_43419,pixel_43420,pixel_43421,pixel_43422,pixel_43423,pixel_43424,pixel_43425,pixel_43426,pixel_43427,pixel_43428,pixel_43429,pixel_43430,pixel_43431,pixel_43432,pixel_43433,pixel_43434,pixel_43435,pixel_43436,pixel_43437,pixel_43438,pixel_43439,pixel_43440,pixel_43441,pixel_43442,pixel_43443,pixel_43444,pixel_43445,pixel_43446,pixel_43447,pixel_43448,pixel_43449,pixel_43450,pixel_43451,pixel_43452,pixel_43453,pixel_43454,pixel_43455,pixel_43456,pixel_43457,pixel_43458,pixel_43459,pixel_43460,pixel_43461,pixel_43462,pixel_43463,pixel_43464,pixel_43465,pixel_43466,pixel_43467,pixel_43468,pixel_43469,pixel_43470,pixel_43471,pixel_43472,pixel_43473,pixel_43474,pixel_43475,pixel_43476,pixel_43477,pixel_43478,pixel_43479,pixel_43480,pixel_43481,pixel_43482,pixel_43483,pixel_43484,pixel_43485,pixel_43486,pixel_43487,pixel_43488,pixel_43489,pixel_43490,pixel_43491,pixel_43492,pixel_43493,pixel_43494,pixel_43495,pixel_43496,pixel_43497,pixel_43498,pixel_43499,pixel_43500,pixel_43501,pixel_43502,pixel_43503,pixel_43504,pixel_43505,pixel_43506,pixel_43507,pixel_43508,pixel_43509,pixel_43510,pixel_43511,pixel_43512,pixel_43513,pixel_43514,pixel_43515,pixel_43516,pixel_43517,pixel_43518,pixel_43519,pixel_43520,pixel_43521,pixel_43522,pixel_43523,pixel_43524,pixel_43525,pixel_43526,pixel_43527,pixel_43528,pixel_43529,pixel_43530,pixel_43531,pixel_43532,pixel_43533,pixel_43534,pixel_43535,pixel_43536,pixel_43537,pixel_43538,pixel_43539,pixel_43540,pixel_43541,pixel_43542,pixel_43543,pixel_43544,pixel_43545,pixel_43546,pixel_43547,pixel_43548,pixel_43549,pixel_43550,pixel_43551,pixel_43552,pixel_43553,pixel_43554,pixel_43555,pixel_43556,pixel_43557,pixel_43558,pixel_43559,pixel_43560,pixel_43561,pixel_43562,pixel_43563,pixel_43564,pixel_43565,pixel_43566,pixel_43567,pixel_43568,pixel_43569,pixel_43570,pixel_43571,pixel_43572,pixel_43573,pixel_43574,pixel_43575,pixel_43576,pixel_43577,pixel_43578,pixel_43579,pixel_43580,pixel_43581,pixel_43582,pixel_43583,pixel_43584,pixel_43585,pixel_43586,pixel_43587,pixel_43588,pixel_43589,pixel_43590,pixel_43591,pixel_43592,pixel_43593,pixel_43594,pixel_43595,pixel_43596,pixel_43597,pixel_43598,pixel_43599,pixel_43600,pixel_43601,pixel_43602,pixel_43603,pixel_43604,pixel_43605,pixel_43606,pixel_43607,pixel_43608,pixel_43609,pixel_43610,pixel_43611,pixel_43612,pixel_43613,pixel_43614,pixel_43615,pixel_43616,pixel_43617,pixel_43618,pixel_43619,pixel_43620,pixel_43621,pixel_43622,pixel_43623,pixel_43624,pixel_43625,pixel_43626,pixel_43627,pixel_43628,pixel_43629,pixel_43630,pixel_43631,pixel_43632,pixel_43633,pixel_43634,pixel_43635,pixel_43636,pixel_43637,pixel_43638,pixel_43639,pixel_43640,pixel_43641,pixel_43642,pixel_43643,pixel_43644,pixel_43645,pixel_43646,pixel_43647,pixel_43648,pixel_43649,pixel_43650,pixel_43651,pixel_43652,pixel_43653,pixel_43654,pixel_43655,pixel_43656,pixel_43657,pixel_43658,pixel_43659,pixel_43660,pixel_43661,pixel_43662,pixel_43663,pixel_43664,pixel_43665,pixel_43666,pixel_43667,pixel_43668,pixel_43669,pixel_43670,pixel_43671,pixel_43672,pixel_43673,pixel_43674,pixel_43675,pixel_43676,pixel_43677,pixel_43678,pixel_43679,pixel_43680,pixel_43681,pixel_43682,pixel_43683,pixel_43684,pixel_43685,pixel_43686,pixel_43687,pixel_43688,pixel_43689,pixel_43690,pixel_43691,pixel_43692,pixel_43693,pixel_43694,pixel_43695,pixel_43696,pixel_43697,pixel_43698,pixel_43699,pixel_43700,pixel_43701,pixel_43702,pixel_43703,pixel_43704,pixel_43705,pixel_43706,pixel_43707,pixel_43708,pixel_43709,pixel_43710,pixel_43711,pixel_43712,pixel_43713,pixel_43714,pixel_43715,pixel_43716,pixel_43717,pixel_43718,pixel_43719,pixel_43720,pixel_43721,pixel_43722,pixel_43723,pixel_43724,pixel_43725,pixel_43726,pixel_43727,pixel_43728,pixel_43729,pixel_43730,pixel_43731,pixel_43732,pixel_43733,pixel_43734,pixel_43735,pixel_43736,pixel_43737,pixel_43738,pixel_43739,pixel_43740,pixel_43741,pixel_43742,pixel_43743,pixel_43744,pixel_43745,pixel_43746,pixel_43747,pixel_43748,pixel_43749,pixel_43750,pixel_43751,pixel_43752,pixel_43753,pixel_43754,pixel_43755,pixel_43756,pixel_43757,pixel_43758,pixel_43759,pixel_43760,pixel_43761,pixel_43762,pixel_43763,pixel_43764,pixel_43765,pixel_43766,pixel_43767,pixel_43768,pixel_43769,pixel_43770,pixel_43771,pixel_43772,pixel_43773,pixel_43774,pixel_43775,pixel_43776,pixel_43777,pixel_43778,pixel_43779,pixel_43780,pixel_43781,pixel_43782,pixel_43783,pixel_43784,pixel_43785,pixel_43786,pixel_43787,pixel_43788,pixel_43789,pixel_43790,pixel_43791,pixel_43792,pixel_43793,pixel_43794,pixel_43795,pixel_43796,pixel_43797,pixel_43798,pixel_43799,pixel_43800,pixel_43801,pixel_43802,pixel_43803,pixel_43804,pixel_43805,pixel_43806,pixel_43807,pixel_43808,pixel_43809,pixel_43810,pixel_43811,pixel_43812,pixel_43813,pixel_43814,pixel_43815,pixel_43816,pixel_43817,pixel_43818,pixel_43819,pixel_43820,pixel_43821,pixel_43822,pixel_43823,pixel_43824,pixel_43825,pixel_43826,pixel_43827,pixel_43828,pixel_43829,pixel_43830,pixel_43831,pixel_43832,pixel_43833,pixel_43834,pixel_43835,pixel_43836,pixel_43837,pixel_43838,pixel_43839,pixel_43840,pixel_43841,pixel_43842,pixel_43843,pixel_43844,pixel_43845,pixel_43846,pixel_43847,pixel_43848,pixel_43849,pixel_43850,pixel_43851,pixel_43852,pixel_43853,pixel_43854,pixel_43855,pixel_43856,pixel_43857,pixel_43858,pixel_43859,pixel_43860,pixel_43861,pixel_43862,pixel_43863,pixel_43864,pixel_43865,pixel_43866,pixel_43867,pixel_43868,pixel_43869,pixel_43870,pixel_43871,pixel_43872,pixel_43873,pixel_43874,pixel_43875,pixel_43876,pixel_43877,pixel_43878,pixel_43879,pixel_43880,pixel_43881,pixel_43882,pixel_43883,pixel_43884,pixel_43885,pixel_43886,pixel_43887,pixel_43888,pixel_43889,pixel_43890,pixel_43891,pixel_43892,pixel_43893,pixel_43894,pixel_43895,pixel_43896,pixel_43897,pixel_43898,pixel_43899,pixel_43900,pixel_43901,pixel_43902,pixel_43903,pixel_43904,pixel_43905,pixel_43906,pixel_43907,pixel_43908,pixel_43909,pixel_43910,pixel_43911,pixel_43912,pixel_43913,pixel_43914,pixel_43915,pixel_43916,pixel_43917,pixel_43918,pixel_43919,pixel_43920,pixel_43921,pixel_43922,pixel_43923,pixel_43924,pixel_43925,pixel_43926,pixel_43927,pixel_43928,pixel_43929,pixel_43930,pixel_43931,pixel_43932,pixel_43933,pixel_43934,pixel_43935,pixel_43936,pixel_43937,pixel_43938,pixel_43939,pixel_43940,pixel_43941,pixel_43942,pixel_43943,pixel_43944,pixel_43945,pixel_43946,pixel_43947,pixel_43948,pixel_43949,pixel_43950,pixel_43951,pixel_43952,pixel_43953,pixel_43954,pixel_43955,pixel_43956,pixel_43957,pixel_43958,pixel_43959,pixel_43960,pixel_43961,pixel_43962,pixel_43963,pixel_43964,pixel_43965,pixel_43966,pixel_43967,pixel_43968,pixel_43969,pixel_43970,pixel_43971,pixel_43972,pixel_43973,pixel_43974,pixel_43975,pixel_43976,pixel_43977,pixel_43978,pixel_43979,pixel_43980,pixel_43981,pixel_43982,pixel_43983,pixel_43984,pixel_43985,pixel_43986,pixel_43987,pixel_43988,pixel_43989,pixel_43990,pixel_43991,pixel_43992,pixel_43993,pixel_43994,pixel_43995,pixel_43996,pixel_43997,pixel_43998,pixel_43999,pixel_44000,pixel_44001,pixel_44002,pixel_44003,pixel_44004,pixel_44005,pixel_44006,pixel_44007,pixel_44008,pixel_44009,pixel_44010,pixel_44011,pixel_44012,pixel_44013,pixel_44014,pixel_44015,pixel_44016,pixel_44017,pixel_44018,pixel_44019,pixel_44020,pixel_44021,pixel_44022,pixel_44023,pixel_44024,pixel_44025,pixel_44026,pixel_44027,pixel_44028,pixel_44029,pixel_44030,pixel_44031,pixel_44032,pixel_44033,pixel_44034,pixel_44035,pixel_44036,pixel_44037,pixel_44038,pixel_44039,pixel_44040,pixel_44041,pixel_44042,pixel_44043,pixel_44044,pixel_44045,pixel_44046,pixel_44047,pixel_44048,pixel_44049,pixel_44050,pixel_44051,pixel_44052,pixel_44053,pixel_44054,pixel_44055,pixel_44056,pixel_44057,pixel_44058,pixel_44059,pixel_44060,pixel_44061,pixel_44062,pixel_44063,pixel_44064,pixel_44065,pixel_44066,pixel_44067,pixel_44068,pixel_44069,pixel_44070,pixel_44071,pixel_44072,pixel_44073,pixel_44074,pixel_44075,pixel_44076,pixel_44077,pixel_44078,pixel_44079,pixel_44080,pixel_44081,pixel_44082,pixel_44083,pixel_44084,pixel_44085,pixel_44086,pixel_44087,pixel_44088,pixel_44089,pixel_44090,pixel_44091,pixel_44092,pixel_44093,pixel_44094,pixel_44095,pixel_44096,pixel_44097,pixel_44098,pixel_44099,pixel_44100,pixel_44101,pixel_44102,pixel_44103,pixel_44104,pixel_44105,pixel_44106,pixel_44107,pixel_44108,pixel_44109,pixel_44110,pixel_44111,pixel_44112,pixel_44113,pixel_44114,pixel_44115,pixel_44116,pixel_44117,pixel_44118,pixel_44119,pixel_44120,pixel_44121,pixel_44122,pixel_44123,pixel_44124,pixel_44125,pixel_44126,pixel_44127,pixel_44128,pixel_44129,pixel_44130,pixel_44131,pixel_44132,pixel_44133,pixel_44134,pixel_44135,pixel_44136,pixel_44137,pixel_44138,pixel_44139,pixel_44140,pixel_44141,pixel_44142,pixel_44143,pixel_44144,pixel_44145,pixel_44146,pixel_44147,pixel_44148,pixel_44149,pixel_44150,pixel_44151,pixel_44152,pixel_44153,pixel_44154,pixel_44155,pixel_44156,pixel_44157,pixel_44158,pixel_44159,pixel_44160,pixel_44161,pixel_44162,pixel_44163,pixel_44164,pixel_44165,pixel_44166,pixel_44167,pixel_44168,pixel_44169,pixel_44170,pixel_44171,pixel_44172,pixel_44173,pixel_44174,pixel_44175,pixel_44176,pixel_44177,pixel_44178,pixel_44179,pixel_44180,pixel_44181,pixel_44182,pixel_44183,pixel_44184,pixel_44185,pixel_44186,pixel_44187,pixel_44188,pixel_44189,pixel_44190,pixel_44191,pixel_44192,pixel_44193,pixel_44194,pixel_44195,pixel_44196,pixel_44197,pixel_44198,pixel_44199,pixel_44200,pixel_44201,pixel_44202,pixel_44203,pixel_44204,pixel_44205,pixel_44206,pixel_44207,pixel_44208,pixel_44209,pixel_44210,pixel_44211,pixel_44212,pixel_44213,pixel_44214,pixel_44215,pixel_44216,pixel_44217,pixel_44218,pixel_44219,pixel_44220,pixel_44221,pixel_44222,pixel_44223,pixel_44224,pixel_44225,pixel_44226,pixel_44227,pixel_44228,pixel_44229,pixel_44230,pixel_44231,pixel_44232,pixel_44233,pixel_44234,pixel_44235,pixel_44236,pixel_44237,pixel_44238,pixel_44239,pixel_44240,pixel_44241,pixel_44242,pixel_44243,pixel_44244,pixel_44245,pixel_44246,pixel_44247,pixel_44248,pixel_44249,pixel_44250,pixel_44251,pixel_44252,pixel_44253,pixel_44254,pixel_44255,pixel_44256,pixel_44257,pixel_44258,pixel_44259,pixel_44260,pixel_44261,pixel_44262,pixel_44263,pixel_44264,pixel_44265,pixel_44266,pixel_44267,pixel_44268,pixel_44269,pixel_44270,pixel_44271,pixel_44272,pixel_44273,pixel_44274,pixel_44275,pixel_44276,pixel_44277,pixel_44278,pixel_44279,pixel_44280,pixel_44281,pixel_44282,pixel_44283,pixel_44284,pixel_44285,pixel_44286,pixel_44287,pixel_44288,pixel_44289,pixel_44290,pixel_44291,pixel_44292,pixel_44293,pixel_44294,pixel_44295,pixel_44296,pixel_44297,pixel_44298,pixel_44299,pixel_44300,pixel_44301,pixel_44302,pixel_44303,pixel_44304,pixel_44305,pixel_44306,pixel_44307,pixel_44308,pixel_44309,pixel_44310,pixel_44311,pixel_44312,pixel_44313,pixel_44314,pixel_44315,pixel_44316,pixel_44317,pixel_44318,pixel_44319,pixel_44320,pixel_44321,pixel_44322,pixel_44323,pixel_44324,pixel_44325,pixel_44326,pixel_44327,pixel_44328,pixel_44329,pixel_44330,pixel_44331,pixel_44332,pixel_44333,pixel_44334,pixel_44335,pixel_44336,pixel_44337,pixel_44338,pixel_44339,pixel_44340,pixel_44341,pixel_44342,pixel_44343,pixel_44344,pixel_44345,pixel_44346,pixel_44347,pixel_44348,pixel_44349,pixel_44350,pixel_44351,pixel_44352,pixel_44353,pixel_44354,pixel_44355,pixel_44356,pixel_44357,pixel_44358,pixel_44359,pixel_44360,pixel_44361,pixel_44362,pixel_44363,pixel_44364,pixel_44365,pixel_44366,pixel_44367,pixel_44368,pixel_44369,pixel_44370,pixel_44371,pixel_44372,pixel_44373,pixel_44374,pixel_44375,pixel_44376,pixel_44377,pixel_44378,pixel_44379,pixel_44380,pixel_44381,pixel_44382,pixel_44383,pixel_44384,pixel_44385,pixel_44386,pixel_44387,pixel_44388,pixel_44389,pixel_44390,pixel_44391,pixel_44392,pixel_44393,pixel_44394,pixel_44395,pixel_44396,pixel_44397,pixel_44398,pixel_44399,pixel_44400,pixel_44401,pixel_44402,pixel_44403,pixel_44404,pixel_44405,pixel_44406,pixel_44407,pixel_44408,pixel_44409,pixel_44410,pixel_44411,pixel_44412,pixel_44413,pixel_44414,pixel_44415,pixel_44416,pixel_44417,pixel_44418,pixel_44419,pixel_44420,pixel_44421,pixel_44422,pixel_44423,pixel_44424,pixel_44425,pixel_44426,pixel_44427,pixel_44428,pixel_44429,pixel_44430,pixel_44431,pixel_44432,pixel_44433,pixel_44434,pixel_44435,pixel_44436,pixel_44437,pixel_44438,pixel_44439,pixel_44440,pixel_44441,pixel_44442,pixel_44443,pixel_44444,pixel_44445,pixel_44446,pixel_44447,pixel_44448,pixel_44449,pixel_44450,pixel_44451,pixel_44452,pixel_44453,pixel_44454,pixel_44455,pixel_44456,pixel_44457,pixel_44458,pixel_44459,pixel_44460,pixel_44461,pixel_44462,pixel_44463,pixel_44464,pixel_44465,pixel_44466,pixel_44467,pixel_44468,pixel_44469,pixel_44470,pixel_44471,pixel_44472,pixel_44473,pixel_44474,pixel_44475,pixel_44476,pixel_44477,pixel_44478,pixel_44479,pixel_44480,pixel_44481,pixel_44482,pixel_44483,pixel_44484,pixel_44485,pixel_44486,pixel_44487,pixel_44488,pixel_44489,pixel_44490,pixel_44491,pixel_44492,pixel_44493,pixel_44494,pixel_44495,pixel_44496,pixel_44497,pixel_44498,pixel_44499,pixel_44500,pixel_44501,pixel_44502,pixel_44503,pixel_44504,pixel_44505,pixel_44506,pixel_44507,pixel_44508,pixel_44509,pixel_44510,pixel_44511,pixel_44512,pixel_44513,pixel_44514,pixel_44515,pixel_44516,pixel_44517,pixel_44518,pixel_44519,pixel_44520,pixel_44521,pixel_44522,pixel_44523,pixel_44524,pixel_44525,pixel_44526,pixel_44527,pixel_44528,pixel_44529,pixel_44530,pixel_44531,pixel_44532,pixel_44533,pixel_44534,pixel_44535,pixel_44536,pixel_44537,pixel_44538,pixel_44539,pixel_44540,pixel_44541,pixel_44542,pixel_44543,pixel_44544,pixel_44545,pixel_44546,pixel_44547,pixel_44548,pixel_44549,pixel_44550,pixel_44551,pixel_44552,pixel_44553,pixel_44554,pixel_44555,pixel_44556,pixel_44557,pixel_44558,pixel_44559,pixel_44560,pixel_44561,pixel_44562,pixel_44563,pixel_44564,pixel_44565,pixel_44566,pixel_44567,pixel_44568,pixel_44569,pixel_44570,pixel_44571,pixel_44572,pixel_44573,pixel_44574,pixel_44575,pixel_44576,pixel_44577,pixel_44578,pixel_44579,pixel_44580,pixel_44581,pixel_44582,pixel_44583,pixel_44584,pixel_44585,pixel_44586,pixel_44587,pixel_44588,pixel_44589,pixel_44590,pixel_44591,pixel_44592,pixel_44593,pixel_44594,pixel_44595,pixel_44596,pixel_44597,pixel_44598,pixel_44599,pixel_44600,pixel_44601,pixel_44602,pixel_44603,pixel_44604,pixel_44605,pixel_44606,pixel_44607,pixel_44608,pixel_44609,pixel_44610,pixel_44611,pixel_44612,pixel_44613,pixel_44614,pixel_44615,pixel_44616,pixel_44617,pixel_44618,pixel_44619,pixel_44620,pixel_44621,pixel_44622,pixel_44623,pixel_44624,pixel_44625,pixel_44626,pixel_44627,pixel_44628,pixel_44629,pixel_44630,pixel_44631,pixel_44632,pixel_44633,pixel_44634,pixel_44635,pixel_44636,pixel_44637,pixel_44638,pixel_44639,pixel_44640,pixel_44641,pixel_44642,pixel_44643,pixel_44644,pixel_44645,pixel_44646,pixel_44647,pixel_44648,pixel_44649,pixel_44650,pixel_44651,pixel_44652,pixel_44653,pixel_44654,pixel_44655,pixel_44656,pixel_44657,pixel_44658,pixel_44659,pixel_44660,pixel_44661,pixel_44662,pixel_44663,pixel_44664,pixel_44665,pixel_44666,pixel_44667,pixel_44668,pixel_44669,pixel_44670,pixel_44671,pixel_44672,pixel_44673,pixel_44674,pixel_44675,pixel_44676,pixel_44677,pixel_44678,pixel_44679,pixel_44680,pixel_44681,pixel_44682,pixel_44683,pixel_44684,pixel_44685,pixel_44686,pixel_44687,pixel_44688,pixel_44689,pixel_44690,pixel_44691,pixel_44692,pixel_44693,pixel_44694,pixel_44695,pixel_44696,pixel_44697,pixel_44698,pixel_44699,pixel_44700,pixel_44701,pixel_44702,pixel_44703,pixel_44704,pixel_44705,pixel_44706,pixel_44707,pixel_44708,pixel_44709,pixel_44710,pixel_44711,pixel_44712,pixel_44713,pixel_44714,pixel_44715,pixel_44716,pixel_44717,pixel_44718,pixel_44719,pixel_44720,pixel_44721,pixel_44722,pixel_44723,pixel_44724,pixel_44725,pixel_44726,pixel_44727,pixel_44728,pixel_44729,pixel_44730,pixel_44731,pixel_44732,pixel_44733,pixel_44734,pixel_44735,pixel_44736,pixel_44737,pixel_44738,pixel_44739,pixel_44740,pixel_44741,pixel_44742,pixel_44743,pixel_44744,pixel_44745,pixel_44746,pixel_44747,pixel_44748,pixel_44749,pixel_44750,pixel_44751,pixel_44752,pixel_44753,pixel_44754,pixel_44755,pixel_44756,pixel_44757,pixel_44758,pixel_44759,pixel_44760,pixel_44761,pixel_44762,pixel_44763,pixel_44764,pixel_44765,pixel_44766,pixel_44767,pixel_44768,pixel_44769,pixel_44770,pixel_44771,pixel_44772,pixel_44773,pixel_44774,pixel_44775,pixel_44776,pixel_44777,pixel_44778,pixel_44779,pixel_44780,pixel_44781,pixel_44782,pixel_44783,pixel_44784,pixel_44785,pixel_44786,pixel_44787,pixel_44788,pixel_44789,pixel_44790,pixel_44791,pixel_44792,pixel_44793,pixel_44794,pixel_44795,pixel_44796,pixel_44797,pixel_44798,pixel_44799,pixel_44800,pixel_44801,pixel_44802,pixel_44803,pixel_44804,pixel_44805,pixel_44806,pixel_44807,pixel_44808,pixel_44809,pixel_44810,pixel_44811,pixel_44812,pixel_44813,pixel_44814,pixel_44815,pixel_44816,pixel_44817,pixel_44818,pixel_44819,pixel_44820,pixel_44821,pixel_44822,pixel_44823,pixel_44824,pixel_44825,pixel_44826,pixel_44827,pixel_44828,pixel_44829,pixel_44830,pixel_44831,pixel_44832,pixel_44833,pixel_44834,pixel_44835,pixel_44836,pixel_44837,pixel_44838,pixel_44839,pixel_44840,pixel_44841,pixel_44842,pixel_44843,pixel_44844,pixel_44845,pixel_44846,pixel_44847,pixel_44848,pixel_44849,pixel_44850,pixel_44851,pixel_44852,pixel_44853,pixel_44854,pixel_44855,pixel_44856,pixel_44857,pixel_44858,pixel_44859,pixel_44860,pixel_44861,pixel_44862,pixel_44863,pixel_44864,pixel_44865,pixel_44866,pixel_44867,pixel_44868,pixel_44869,pixel_44870,pixel_44871,pixel_44872,pixel_44873,pixel_44874,pixel_44875,pixel_44876,pixel_44877,pixel_44878,pixel_44879,pixel_44880,pixel_44881,pixel_44882,pixel_44883,pixel_44884,pixel_44885,pixel_44886,pixel_44887,pixel_44888,pixel_44889,pixel_44890,pixel_44891,pixel_44892,pixel_44893,pixel_44894,pixel_44895,pixel_44896,pixel_44897,pixel_44898,pixel_44899,pixel_44900,pixel_44901,pixel_44902,pixel_44903,pixel_44904,pixel_44905,pixel_44906,pixel_44907,pixel_44908,pixel_44909,pixel_44910,pixel_44911,pixel_44912,pixel_44913,pixel_44914,pixel_44915,pixel_44916,pixel_44917,pixel_44918,pixel_44919,pixel_44920,pixel_44921,pixel_44922,pixel_44923,pixel_44924,pixel_44925,pixel_44926,pixel_44927,pixel_44928,pixel_44929,pixel_44930,pixel_44931,pixel_44932,pixel_44933,pixel_44934,pixel_44935,pixel_44936,pixel_44937,pixel_44938,pixel_44939,pixel_44940,pixel_44941,pixel_44942,pixel_44943,pixel_44944,pixel_44945,pixel_44946,pixel_44947,pixel_44948,pixel_44949,pixel_44950,pixel_44951,pixel_44952,pixel_44953,pixel_44954,pixel_44955,pixel_44956,pixel_44957,pixel_44958,pixel_44959,pixel_44960,pixel_44961,pixel_44962,pixel_44963,pixel_44964,pixel_44965,pixel_44966,pixel_44967,pixel_44968,pixel_44969,pixel_44970,pixel_44971,pixel_44972,pixel_44973,pixel_44974,pixel_44975,pixel_44976,pixel_44977,pixel_44978,pixel_44979,pixel_44980,pixel_44981,pixel_44982,pixel_44983,pixel_44984,pixel_44985,pixel_44986,pixel_44987,pixel_44988,pixel_44989,pixel_44990,pixel_44991,pixel_44992,pixel_44993,pixel_44994,pixel_44995,pixel_44996,pixel_44997,pixel_44998,pixel_44999,pixel_45000,pixel_45001,pixel_45002,pixel_45003,pixel_45004,pixel_45005,pixel_45006,pixel_45007,pixel_45008,pixel_45009,pixel_45010,pixel_45011,pixel_45012,pixel_45013,pixel_45014,pixel_45015,pixel_45016,pixel_45017,pixel_45018,pixel_45019,pixel_45020,pixel_45021,pixel_45022,pixel_45023,pixel_45024,pixel_45025,pixel_45026,pixel_45027,pixel_45028,pixel_45029,pixel_45030,pixel_45031,pixel_45032,pixel_45033,pixel_45034,pixel_45035,pixel_45036,pixel_45037,pixel_45038,pixel_45039,pixel_45040,pixel_45041,pixel_45042,pixel_45043,pixel_45044,pixel_45045,pixel_45046,pixel_45047,pixel_45048,pixel_45049,pixel_45050,pixel_45051,pixel_45052,pixel_45053,pixel_45054,pixel_45055,pixel_45056,pixel_45057,pixel_45058,pixel_45059,pixel_45060,pixel_45061,pixel_45062,pixel_45063,pixel_45064,pixel_45065,pixel_45066,pixel_45067,pixel_45068,pixel_45069,pixel_45070,pixel_45071,pixel_45072,pixel_45073,pixel_45074,pixel_45075,pixel_45076,pixel_45077,pixel_45078,pixel_45079,pixel_45080,pixel_45081,pixel_45082,pixel_45083,pixel_45084,pixel_45085,pixel_45086,pixel_45087,pixel_45088,pixel_45089,pixel_45090,pixel_45091,pixel_45092,pixel_45093,pixel_45094,pixel_45095,pixel_45096,pixel_45097,pixel_45098,pixel_45099,pixel_45100,pixel_45101,pixel_45102,pixel_45103,pixel_45104,pixel_45105,pixel_45106,pixel_45107,pixel_45108,pixel_45109,pixel_45110,pixel_45111,pixel_45112,pixel_45113,pixel_45114,pixel_45115,pixel_45116,pixel_45117,pixel_45118,pixel_45119,pixel_45120,pixel_45121,pixel_45122,pixel_45123,pixel_45124,pixel_45125,pixel_45126,pixel_45127,pixel_45128,pixel_45129,pixel_45130,pixel_45131,pixel_45132,pixel_45133,pixel_45134,pixel_45135,pixel_45136,pixel_45137,pixel_45138,pixel_45139,pixel_45140,pixel_45141,pixel_45142,pixel_45143,pixel_45144,pixel_45145,pixel_45146,pixel_45147,pixel_45148,pixel_45149,pixel_45150,pixel_45151,pixel_45152,pixel_45153,pixel_45154,pixel_45155,pixel_45156,pixel_45157,pixel_45158,pixel_45159,pixel_45160,pixel_45161,pixel_45162,pixel_45163,pixel_45164,pixel_45165,pixel_45166,pixel_45167,pixel_45168,pixel_45169,pixel_45170,pixel_45171,pixel_45172,pixel_45173,pixel_45174,pixel_45175,pixel_45176,pixel_45177,pixel_45178,pixel_45179,pixel_45180,pixel_45181,pixel_45182,pixel_45183,pixel_45184,pixel_45185,pixel_45186,pixel_45187,pixel_45188,pixel_45189,pixel_45190,pixel_45191,pixel_45192,pixel_45193,pixel_45194,pixel_45195,pixel_45196,pixel_45197,pixel_45198,pixel_45199,pixel_45200,pixel_45201,pixel_45202,pixel_45203,pixel_45204,pixel_45205,pixel_45206,pixel_45207,pixel_45208,pixel_45209,pixel_45210,pixel_45211,pixel_45212,pixel_45213,pixel_45214,pixel_45215,pixel_45216,pixel_45217,pixel_45218,pixel_45219,pixel_45220,pixel_45221,pixel_45222,pixel_45223,pixel_45224,pixel_45225,pixel_45226,pixel_45227,pixel_45228,pixel_45229,pixel_45230,pixel_45231,pixel_45232,pixel_45233,pixel_45234,pixel_45235,pixel_45236,pixel_45237,pixel_45238,pixel_45239,pixel_45240,pixel_45241,pixel_45242,pixel_45243,pixel_45244,pixel_45245,pixel_45246,pixel_45247,pixel_45248,pixel_45249,pixel_45250,pixel_45251,pixel_45252,pixel_45253,pixel_45254,pixel_45255,pixel_45256,pixel_45257,pixel_45258,pixel_45259,pixel_45260,pixel_45261,pixel_45262,pixel_45263,pixel_45264,pixel_45265,pixel_45266,pixel_45267,pixel_45268,pixel_45269,pixel_45270,pixel_45271,pixel_45272,pixel_45273,pixel_45274,pixel_45275,pixel_45276,pixel_45277,pixel_45278,pixel_45279,pixel_45280,pixel_45281,pixel_45282,pixel_45283,pixel_45284,pixel_45285,pixel_45286,pixel_45287,pixel_45288,pixel_45289,pixel_45290,pixel_45291,pixel_45292,pixel_45293,pixel_45294,pixel_45295,pixel_45296,pixel_45297,pixel_45298,pixel_45299,pixel_45300,pixel_45301,pixel_45302,pixel_45303,pixel_45304,pixel_45305,pixel_45306,pixel_45307,pixel_45308,pixel_45309,pixel_45310,pixel_45311,pixel_45312,pixel_45313,pixel_45314,pixel_45315,pixel_45316,pixel_45317,pixel_45318,pixel_45319,pixel_45320,pixel_45321,pixel_45322,pixel_45323,pixel_45324,pixel_45325,pixel_45326,pixel_45327,pixel_45328,pixel_45329,pixel_45330,pixel_45331,pixel_45332,pixel_45333,pixel_45334,pixel_45335,pixel_45336,pixel_45337,pixel_45338,pixel_45339,pixel_45340,pixel_45341,pixel_45342,pixel_45343,pixel_45344,pixel_45345,pixel_45346,pixel_45347,pixel_45348,pixel_45349,pixel_45350,pixel_45351,pixel_45352,pixel_45353,pixel_45354,pixel_45355,pixel_45356,pixel_45357,pixel_45358,pixel_45359,pixel_45360,pixel_45361,pixel_45362,pixel_45363,pixel_45364,pixel_45365,pixel_45366,pixel_45367,pixel_45368,pixel_45369,pixel_45370,pixel_45371,pixel_45372,pixel_45373,pixel_45374,pixel_45375,pixel_45376,pixel_45377,pixel_45378,pixel_45379,pixel_45380,pixel_45381,pixel_45382,pixel_45383,pixel_45384,pixel_45385,pixel_45386,pixel_45387,pixel_45388,pixel_45389,pixel_45390,pixel_45391,pixel_45392,pixel_45393,pixel_45394,pixel_45395,pixel_45396,pixel_45397,pixel_45398,pixel_45399,pixel_45400,pixel_45401,pixel_45402,pixel_45403,pixel_45404,pixel_45405,pixel_45406,pixel_45407,pixel_45408,pixel_45409,pixel_45410,pixel_45411,pixel_45412,pixel_45413,pixel_45414,pixel_45415,pixel_45416,pixel_45417,pixel_45418,pixel_45419,pixel_45420,pixel_45421,pixel_45422,pixel_45423,pixel_45424,pixel_45425,pixel_45426,pixel_45427,pixel_45428,pixel_45429,pixel_45430,pixel_45431,pixel_45432,pixel_45433,pixel_45434,pixel_45435,pixel_45436,pixel_45437,pixel_45438,pixel_45439,pixel_45440,pixel_45441,pixel_45442,pixel_45443,pixel_45444,pixel_45445,pixel_45446,pixel_45447,pixel_45448,pixel_45449,pixel_45450,pixel_45451,pixel_45452,pixel_45453,pixel_45454,pixel_45455,pixel_45456,pixel_45457,pixel_45458,pixel_45459,pixel_45460,pixel_45461,pixel_45462,pixel_45463,pixel_45464,pixel_45465,pixel_45466,pixel_45467,pixel_45468,pixel_45469,pixel_45470,pixel_45471,pixel_45472,pixel_45473,pixel_45474,pixel_45475,pixel_45476,pixel_45477,pixel_45478,pixel_45479,pixel_45480,pixel_45481,pixel_45482,pixel_45483,pixel_45484,pixel_45485,pixel_45486,pixel_45487,pixel_45488,pixel_45489,pixel_45490,pixel_45491,pixel_45492,pixel_45493,pixel_45494,pixel_45495,pixel_45496,pixel_45497,pixel_45498,pixel_45499,pixel_45500,pixel_45501,pixel_45502,pixel_45503,pixel_45504,pixel_45505,pixel_45506,pixel_45507,pixel_45508,pixel_45509,pixel_45510,pixel_45511,pixel_45512,pixel_45513,pixel_45514,pixel_45515,pixel_45516,pixel_45517,pixel_45518,pixel_45519,pixel_45520,pixel_45521,pixel_45522,pixel_45523,pixel_45524,pixel_45525,pixel_45526,pixel_45527,pixel_45528,pixel_45529,pixel_45530,pixel_45531,pixel_45532,pixel_45533,pixel_45534,pixel_45535,pixel_45536,pixel_45537,pixel_45538,pixel_45539,pixel_45540,pixel_45541,pixel_45542,pixel_45543,pixel_45544,pixel_45545,pixel_45546,pixel_45547,pixel_45548,pixel_45549,pixel_45550,pixel_45551,pixel_45552,pixel_45553,pixel_45554,pixel_45555,pixel_45556,pixel_45557,pixel_45558,pixel_45559,pixel_45560,pixel_45561,pixel_45562,pixel_45563,pixel_45564,pixel_45565,pixel_45566,pixel_45567,pixel_45568,pixel_45569,pixel_45570,pixel_45571,pixel_45572,pixel_45573,pixel_45574,pixel_45575,pixel_45576,pixel_45577,pixel_45578,pixel_45579,pixel_45580,pixel_45581,pixel_45582,pixel_45583,pixel_45584,pixel_45585,pixel_45586,pixel_45587,pixel_45588,pixel_45589,pixel_45590,pixel_45591,pixel_45592,pixel_45593,pixel_45594,pixel_45595,pixel_45596,pixel_45597,pixel_45598,pixel_45599,pixel_45600,pixel_45601,pixel_45602,pixel_45603,pixel_45604,pixel_45605,pixel_45606,pixel_45607,pixel_45608,pixel_45609,pixel_45610,pixel_45611,pixel_45612,pixel_45613,pixel_45614,pixel_45615,pixel_45616,pixel_45617,pixel_45618,pixel_45619,pixel_45620,pixel_45621,pixel_45622,pixel_45623,pixel_45624,pixel_45625,pixel_45626,pixel_45627,pixel_45628,pixel_45629,pixel_45630,pixel_45631,pixel_45632,pixel_45633,pixel_45634,pixel_45635,pixel_45636,pixel_45637,pixel_45638,pixel_45639,pixel_45640,pixel_45641,pixel_45642,pixel_45643,pixel_45644,pixel_45645,pixel_45646,pixel_45647,pixel_45648,pixel_45649,pixel_45650,pixel_45651,pixel_45652,pixel_45653,pixel_45654,pixel_45655,pixel_45656,pixel_45657,pixel_45658,pixel_45659,pixel_45660,pixel_45661,pixel_45662,pixel_45663,pixel_45664,pixel_45665,pixel_45666,pixel_45667,pixel_45668,pixel_45669,pixel_45670,pixel_45671,pixel_45672,pixel_45673,pixel_45674,pixel_45675,pixel_45676,pixel_45677,pixel_45678,pixel_45679,pixel_45680,pixel_45681,pixel_45682,pixel_45683,pixel_45684,pixel_45685,pixel_45686,pixel_45687,pixel_45688,pixel_45689,pixel_45690,pixel_45691,pixel_45692,pixel_45693,pixel_45694,pixel_45695,pixel_45696,pixel_45697,pixel_45698,pixel_45699,pixel_45700,pixel_45701,pixel_45702,pixel_45703,pixel_45704,pixel_45705,pixel_45706,pixel_45707,pixel_45708,pixel_45709,pixel_45710,pixel_45711,pixel_45712,pixel_45713,pixel_45714,pixel_45715,pixel_45716,pixel_45717,pixel_45718,pixel_45719,pixel_45720,pixel_45721,pixel_45722,pixel_45723,pixel_45724,pixel_45725,pixel_45726,pixel_45727,pixel_45728,pixel_45729,pixel_45730,pixel_45731,pixel_45732,pixel_45733,pixel_45734,pixel_45735,pixel_45736,pixel_45737,pixel_45738,pixel_45739,pixel_45740,pixel_45741,pixel_45742,pixel_45743,pixel_45744,pixel_45745,pixel_45746,pixel_45747,pixel_45748,pixel_45749,pixel_45750,pixel_45751,pixel_45752,pixel_45753,pixel_45754,pixel_45755,pixel_45756,pixel_45757,pixel_45758,pixel_45759,pixel_45760,pixel_45761,pixel_45762,pixel_45763,pixel_45764,pixel_45765,pixel_45766,pixel_45767,pixel_45768,pixel_45769,pixel_45770,pixel_45771,pixel_45772,pixel_45773,pixel_45774,pixel_45775,pixel_45776,pixel_45777,pixel_45778,pixel_45779,pixel_45780,pixel_45781,pixel_45782,pixel_45783,pixel_45784,pixel_45785,pixel_45786,pixel_45787,pixel_45788,pixel_45789,pixel_45790,pixel_45791,pixel_45792,pixel_45793,pixel_45794,pixel_45795,pixel_45796,pixel_45797,pixel_45798,pixel_45799,pixel_45800,pixel_45801,pixel_45802,pixel_45803,pixel_45804,pixel_45805,pixel_45806,pixel_45807,pixel_45808,pixel_45809,pixel_45810,pixel_45811,pixel_45812,pixel_45813,pixel_45814,pixel_45815,pixel_45816,pixel_45817,pixel_45818,pixel_45819,pixel_45820,pixel_45821,pixel_45822,pixel_45823,pixel_45824,pixel_45825,pixel_45826,pixel_45827,pixel_45828,pixel_45829,pixel_45830,pixel_45831,pixel_45832,pixel_45833,pixel_45834,pixel_45835,pixel_45836,pixel_45837,pixel_45838,pixel_45839,pixel_45840,pixel_45841,pixel_45842,pixel_45843,pixel_45844,pixel_45845,pixel_45846,pixel_45847,pixel_45848,pixel_45849,pixel_45850,pixel_45851,pixel_45852,pixel_45853,pixel_45854,pixel_45855,pixel_45856,pixel_45857,pixel_45858,pixel_45859,pixel_45860,pixel_45861,pixel_45862,pixel_45863,pixel_45864,pixel_45865,pixel_45866,pixel_45867,pixel_45868,pixel_45869,pixel_45870,pixel_45871,pixel_45872,pixel_45873,pixel_45874,pixel_45875,pixel_45876,pixel_45877,pixel_45878,pixel_45879,pixel_45880,pixel_45881,pixel_45882,pixel_45883,pixel_45884,pixel_45885,pixel_45886,pixel_45887,pixel_45888,pixel_45889,pixel_45890,pixel_45891,pixel_45892,pixel_45893,pixel_45894,pixel_45895,pixel_45896,pixel_45897,pixel_45898,pixel_45899,pixel_45900,pixel_45901,pixel_45902,pixel_45903,pixel_45904,pixel_45905,pixel_45906,pixel_45907,pixel_45908,pixel_45909,pixel_45910,pixel_45911,pixel_45912,pixel_45913,pixel_45914,pixel_45915,pixel_45916,pixel_45917,pixel_45918,pixel_45919,pixel_45920,pixel_45921,pixel_45922,pixel_45923,pixel_45924,pixel_45925,pixel_45926,pixel_45927,pixel_45928,pixel_45929,pixel_45930,pixel_45931,pixel_45932,pixel_45933,pixel_45934,pixel_45935,pixel_45936,pixel_45937,pixel_45938,pixel_45939,pixel_45940,pixel_45941,pixel_45942,pixel_45943,pixel_45944,pixel_45945,pixel_45946,pixel_45947,pixel_45948,pixel_45949,pixel_45950,pixel_45951,pixel_45952,pixel_45953,pixel_45954,pixel_45955,pixel_45956,pixel_45957,pixel_45958,pixel_45959,pixel_45960,pixel_45961,pixel_45962,pixel_45963,pixel_45964,pixel_45965,pixel_45966,pixel_45967,pixel_45968,pixel_45969,pixel_45970,pixel_45971,pixel_45972,pixel_45973,pixel_45974,pixel_45975,pixel_45976,pixel_45977,pixel_45978,pixel_45979,pixel_45980,pixel_45981,pixel_45982,pixel_45983,pixel_45984,pixel_45985,pixel_45986,pixel_45987,pixel_45988,pixel_45989,pixel_45990,pixel_45991,pixel_45992,pixel_45993,pixel_45994,pixel_45995,pixel_45996,pixel_45997,pixel_45998,pixel_45999,pixel_46000,pixel_46001,pixel_46002,pixel_46003,pixel_46004,pixel_46005,pixel_46006,pixel_46007,pixel_46008,pixel_46009,pixel_46010,pixel_46011,pixel_46012,pixel_46013,pixel_46014,pixel_46015,pixel_46016,pixel_46017,pixel_46018,pixel_46019,pixel_46020,pixel_46021,pixel_46022,pixel_46023,pixel_46024,pixel_46025,pixel_46026,pixel_46027,pixel_46028,pixel_46029,pixel_46030,pixel_46031,pixel_46032,pixel_46033,pixel_46034,pixel_46035,pixel_46036,pixel_46037,pixel_46038,pixel_46039,pixel_46040,pixel_46041,pixel_46042,pixel_46043,pixel_46044,pixel_46045,pixel_46046,pixel_46047,pixel_46048,pixel_46049,pixel_46050,pixel_46051,pixel_46052,pixel_46053,pixel_46054,pixel_46055,pixel_46056,pixel_46057,pixel_46058,pixel_46059,pixel_46060,pixel_46061,pixel_46062,pixel_46063,pixel_46064,pixel_46065,pixel_46066,pixel_46067,pixel_46068,pixel_46069,pixel_46070,pixel_46071,pixel_46072,pixel_46073,pixel_46074,pixel_46075,pixel_46076,pixel_46077,pixel_46078,pixel_46079,pixel_46080,pixel_46081,pixel_46082,pixel_46083,pixel_46084,pixel_46085,pixel_46086,pixel_46087,pixel_46088,pixel_46089,pixel_46090,pixel_46091,pixel_46092,pixel_46093,pixel_46094,pixel_46095,pixel_46096,pixel_46097,pixel_46098,pixel_46099,pixel_46100,pixel_46101,pixel_46102,pixel_46103,pixel_46104,pixel_46105,pixel_46106,pixel_46107,pixel_46108,pixel_46109,pixel_46110,pixel_46111,pixel_46112,pixel_46113,pixel_46114,pixel_46115,pixel_46116,pixel_46117,pixel_46118,pixel_46119,pixel_46120,pixel_46121,pixel_46122,pixel_46123,pixel_46124,pixel_46125,pixel_46126,pixel_46127,pixel_46128,pixel_46129,pixel_46130,pixel_46131,pixel_46132,pixel_46133,pixel_46134,pixel_46135,pixel_46136,pixel_46137,pixel_46138,pixel_46139,pixel_46140,pixel_46141,pixel_46142,pixel_46143,pixel_46144,pixel_46145,pixel_46146,pixel_46147,pixel_46148,pixel_46149,pixel_46150,pixel_46151,pixel_46152,pixel_46153,pixel_46154,pixel_46155,pixel_46156,pixel_46157,pixel_46158,pixel_46159,pixel_46160,pixel_46161,pixel_46162,pixel_46163,pixel_46164,pixel_46165,pixel_46166,pixel_46167,pixel_46168,pixel_46169,pixel_46170,pixel_46171,pixel_46172,pixel_46173,pixel_46174,pixel_46175,pixel_46176,pixel_46177,pixel_46178,pixel_46179,pixel_46180,pixel_46181,pixel_46182,pixel_46183,pixel_46184,pixel_46185,pixel_46186,pixel_46187,pixel_46188,pixel_46189,pixel_46190,pixel_46191,pixel_46192,pixel_46193,pixel_46194,pixel_46195,pixel_46196,pixel_46197,pixel_46198,pixel_46199,pixel_46200,pixel_46201,pixel_46202,pixel_46203,pixel_46204,pixel_46205,pixel_46206,pixel_46207,pixel_46208,pixel_46209,pixel_46210,pixel_46211,pixel_46212,pixel_46213,pixel_46214,pixel_46215,pixel_46216,pixel_46217,pixel_46218,pixel_46219,pixel_46220,pixel_46221,pixel_46222,pixel_46223,pixel_46224,pixel_46225,pixel_46226,pixel_46227,pixel_46228,pixel_46229,pixel_46230,pixel_46231,pixel_46232,pixel_46233,pixel_46234,pixel_46235,pixel_46236,pixel_46237,pixel_46238,pixel_46239,pixel_46240,pixel_46241,pixel_46242,pixel_46243,pixel_46244,pixel_46245,pixel_46246,pixel_46247,pixel_46248,pixel_46249,pixel_46250,pixel_46251,pixel_46252,pixel_46253,pixel_46254,pixel_46255,pixel_46256,pixel_46257,pixel_46258,pixel_46259,pixel_46260,pixel_46261,pixel_46262,pixel_46263,pixel_46264,pixel_46265,pixel_46266,pixel_46267,pixel_46268,pixel_46269,pixel_46270,pixel_46271,pixel_46272,pixel_46273,pixel_46274,pixel_46275,pixel_46276,pixel_46277,pixel_46278,pixel_46279,pixel_46280,pixel_46281,pixel_46282,pixel_46283,pixel_46284,pixel_46285,pixel_46286,pixel_46287,pixel_46288,pixel_46289,pixel_46290,pixel_46291,pixel_46292,pixel_46293,pixel_46294,pixel_46295,pixel_46296,pixel_46297,pixel_46298,pixel_46299,pixel_46300,pixel_46301,pixel_46302,pixel_46303,pixel_46304,pixel_46305,pixel_46306,pixel_46307,pixel_46308,pixel_46309,pixel_46310,pixel_46311,pixel_46312,pixel_46313,pixel_46314,pixel_46315,pixel_46316,pixel_46317,pixel_46318,pixel_46319,pixel_46320,pixel_46321,pixel_46322,pixel_46323,pixel_46324,pixel_46325,pixel_46326,pixel_46327,pixel_46328,pixel_46329,pixel_46330,pixel_46331,pixel_46332,pixel_46333,pixel_46334,pixel_46335,pixel_46336,pixel_46337,pixel_46338,pixel_46339,pixel_46340,pixel_46341,pixel_46342,pixel_46343,pixel_46344,pixel_46345,pixel_46346,pixel_46347,pixel_46348,pixel_46349,pixel_46350,pixel_46351,pixel_46352,pixel_46353,pixel_46354,pixel_46355,pixel_46356,pixel_46357,pixel_46358,pixel_46359,pixel_46360,pixel_46361,pixel_46362,pixel_46363,pixel_46364,pixel_46365,pixel_46366,pixel_46367,pixel_46368,pixel_46369,pixel_46370,pixel_46371,pixel_46372,pixel_46373,pixel_46374,pixel_46375,pixel_46376,pixel_46377,pixel_46378,pixel_46379,pixel_46380,pixel_46381,pixel_46382,pixel_46383,pixel_46384,pixel_46385,pixel_46386,pixel_46387,pixel_46388,pixel_46389,pixel_46390,pixel_46391,pixel_46392,pixel_46393,pixel_46394,pixel_46395,pixel_46396,pixel_46397,pixel_46398,pixel_46399,pixel_46400,pixel_46401,pixel_46402,pixel_46403,pixel_46404,pixel_46405,pixel_46406,pixel_46407,pixel_46408,pixel_46409,pixel_46410,pixel_46411,pixel_46412,pixel_46413,pixel_46414,pixel_46415,pixel_46416,pixel_46417,pixel_46418,pixel_46419,pixel_46420,pixel_46421,pixel_46422,pixel_46423,pixel_46424,pixel_46425,pixel_46426,pixel_46427,pixel_46428,pixel_46429,pixel_46430,pixel_46431,pixel_46432,pixel_46433,pixel_46434,pixel_46435,pixel_46436,pixel_46437,pixel_46438,pixel_46439,pixel_46440,pixel_46441,pixel_46442,pixel_46443,pixel_46444,pixel_46445,pixel_46446,pixel_46447,pixel_46448,pixel_46449,pixel_46450,pixel_46451,pixel_46452,pixel_46453,pixel_46454,pixel_46455,pixel_46456,pixel_46457,pixel_46458,pixel_46459,pixel_46460,pixel_46461,pixel_46462,pixel_46463,pixel_46464,pixel_46465,pixel_46466,pixel_46467,pixel_46468,pixel_46469,pixel_46470,pixel_46471,pixel_46472,pixel_46473,pixel_46474,pixel_46475,pixel_46476,pixel_46477,pixel_46478,pixel_46479,pixel_46480,pixel_46481,pixel_46482,pixel_46483,pixel_46484,pixel_46485,pixel_46486,pixel_46487,pixel_46488,pixel_46489,pixel_46490,pixel_46491,pixel_46492,pixel_46493,pixel_46494,pixel_46495,pixel_46496,pixel_46497,pixel_46498,pixel_46499,pixel_46500,pixel_46501,pixel_46502,pixel_46503,pixel_46504,pixel_46505,pixel_46506,pixel_46507,pixel_46508,pixel_46509,pixel_46510,pixel_46511,pixel_46512,pixel_46513,pixel_46514,pixel_46515,pixel_46516,pixel_46517,pixel_46518,pixel_46519,pixel_46520,pixel_46521,pixel_46522,pixel_46523,pixel_46524,pixel_46525,pixel_46526,pixel_46527,pixel_46528,pixel_46529,pixel_46530,pixel_46531,pixel_46532,pixel_46533,pixel_46534,pixel_46535,pixel_46536,pixel_46537,pixel_46538,pixel_46539,pixel_46540,pixel_46541,pixel_46542,pixel_46543,pixel_46544,pixel_46545,pixel_46546,pixel_46547,pixel_46548,pixel_46549,pixel_46550,pixel_46551,pixel_46552,pixel_46553,pixel_46554,pixel_46555,pixel_46556,pixel_46557,pixel_46558,pixel_46559,pixel_46560,pixel_46561,pixel_46562,pixel_46563,pixel_46564,pixel_46565,pixel_46566,pixel_46567,pixel_46568,pixel_46569,pixel_46570,pixel_46571,pixel_46572,pixel_46573,pixel_46574,pixel_46575,pixel_46576,pixel_46577,pixel_46578,pixel_46579,pixel_46580,pixel_46581,pixel_46582,pixel_46583,pixel_46584,pixel_46585,pixel_46586,pixel_46587,pixel_46588,pixel_46589,pixel_46590,pixel_46591,pixel_46592,pixel_46593,pixel_46594,pixel_46595,pixel_46596,pixel_46597,pixel_46598,pixel_46599,pixel_46600,pixel_46601,pixel_46602,pixel_46603,pixel_46604,pixel_46605,pixel_46606,pixel_46607,pixel_46608,pixel_46609,pixel_46610,pixel_46611,pixel_46612,pixel_46613,pixel_46614,pixel_46615,pixel_46616,pixel_46617,pixel_46618,pixel_46619,pixel_46620,pixel_46621,pixel_46622,pixel_46623,pixel_46624,pixel_46625,pixel_46626,pixel_46627,pixel_46628,pixel_46629,pixel_46630,pixel_46631,pixel_46632,pixel_46633,pixel_46634,pixel_46635,pixel_46636,pixel_46637,pixel_46638,pixel_46639,pixel_46640,pixel_46641,pixel_46642,pixel_46643,pixel_46644,pixel_46645,pixel_46646,pixel_46647,pixel_46648,pixel_46649,pixel_46650,pixel_46651,pixel_46652,pixel_46653,pixel_46654,pixel_46655,pixel_46656,pixel_46657,pixel_46658,pixel_46659,pixel_46660,pixel_46661,pixel_46662,pixel_46663,pixel_46664,pixel_46665,pixel_46666,pixel_46667,pixel_46668,pixel_46669,pixel_46670,pixel_46671,pixel_46672,pixel_46673,pixel_46674,pixel_46675,pixel_46676,pixel_46677,pixel_46678,pixel_46679,pixel_46680,pixel_46681,pixel_46682,pixel_46683,pixel_46684,pixel_46685,pixel_46686,pixel_46687,pixel_46688,pixel_46689,pixel_46690,pixel_46691,pixel_46692,pixel_46693,pixel_46694,pixel_46695,pixel_46696,pixel_46697,pixel_46698,pixel_46699,pixel_46700,pixel_46701,pixel_46702,pixel_46703,pixel_46704,pixel_46705,pixel_46706,pixel_46707,pixel_46708,pixel_46709,pixel_46710,pixel_46711,pixel_46712,pixel_46713,pixel_46714,pixel_46715,pixel_46716,pixel_46717,pixel_46718,pixel_46719,pixel_46720,pixel_46721,pixel_46722,pixel_46723,pixel_46724,pixel_46725,pixel_46726,pixel_46727,pixel_46728,pixel_46729,pixel_46730,pixel_46731,pixel_46732,pixel_46733,pixel_46734,pixel_46735,pixel_46736,pixel_46737,pixel_46738,pixel_46739,pixel_46740,pixel_46741,pixel_46742,pixel_46743,pixel_46744,pixel_46745,pixel_46746,pixel_46747,pixel_46748,pixel_46749,pixel_46750,pixel_46751,pixel_46752,pixel_46753,pixel_46754,pixel_46755,pixel_46756,pixel_46757,pixel_46758,pixel_46759,pixel_46760,pixel_46761,pixel_46762,pixel_46763,pixel_46764,pixel_46765,pixel_46766,pixel_46767,pixel_46768,pixel_46769,pixel_46770,pixel_46771,pixel_46772,pixel_46773,pixel_46774,pixel_46775,pixel_46776,pixel_46777,pixel_46778,pixel_46779,pixel_46780,pixel_46781,pixel_46782,pixel_46783,pixel_46784,pixel_46785,pixel_46786,pixel_46787,pixel_46788,pixel_46789,pixel_46790,pixel_46791,pixel_46792,pixel_46793,pixel_46794,pixel_46795,pixel_46796,pixel_46797,pixel_46798,pixel_46799,pixel_46800,pixel_46801,pixel_46802,pixel_46803,pixel_46804,pixel_46805,pixel_46806,pixel_46807,pixel_46808,pixel_46809,pixel_46810,pixel_46811,pixel_46812,pixel_46813,pixel_46814,pixel_46815,pixel_46816,pixel_46817,pixel_46818,pixel_46819,pixel_46820,pixel_46821,pixel_46822,pixel_46823,pixel_46824,pixel_46825,pixel_46826,pixel_46827,pixel_46828,pixel_46829,pixel_46830,pixel_46831,pixel_46832,pixel_46833,pixel_46834,pixel_46835,pixel_46836,pixel_46837,pixel_46838,pixel_46839,pixel_46840,pixel_46841,pixel_46842,pixel_46843,pixel_46844,pixel_46845,pixel_46846,pixel_46847,pixel_46848,pixel_46849,pixel_46850,pixel_46851,pixel_46852,pixel_46853,pixel_46854,pixel_46855,pixel_46856,pixel_46857,pixel_46858,pixel_46859,pixel_46860,pixel_46861,pixel_46862,pixel_46863,pixel_46864,pixel_46865,pixel_46866,pixel_46867,pixel_46868,pixel_46869,pixel_46870,pixel_46871,pixel_46872,pixel_46873,pixel_46874,pixel_46875,pixel_46876,pixel_46877,pixel_46878,pixel_46879,pixel_46880,pixel_46881,pixel_46882,pixel_46883,pixel_46884,pixel_46885,pixel_46886,pixel_46887,pixel_46888,pixel_46889,pixel_46890,pixel_46891,pixel_46892,pixel_46893,pixel_46894,pixel_46895,pixel_46896,pixel_46897,pixel_46898,pixel_46899,pixel_46900,pixel_46901,pixel_46902,pixel_46903,pixel_46904,pixel_46905,pixel_46906,pixel_46907,pixel_46908,pixel_46909,pixel_46910,pixel_46911,pixel_46912,pixel_46913,pixel_46914,pixel_46915,pixel_46916,pixel_46917,pixel_46918,pixel_46919,pixel_46920,pixel_46921,pixel_46922,pixel_46923,pixel_46924,pixel_46925,pixel_46926,pixel_46927,pixel_46928,pixel_46929,pixel_46930,pixel_46931,pixel_46932,pixel_46933,pixel_46934,pixel_46935,pixel_46936,pixel_46937,pixel_46938,pixel_46939,pixel_46940,pixel_46941,pixel_46942,pixel_46943,pixel_46944,pixel_46945,pixel_46946,pixel_46947,pixel_46948,pixel_46949,pixel_46950,pixel_46951,pixel_46952,pixel_46953,pixel_46954,pixel_46955,pixel_46956,pixel_46957,pixel_46958,pixel_46959,pixel_46960,pixel_46961,pixel_46962,pixel_46963,pixel_46964,pixel_46965,pixel_46966,pixel_46967,pixel_46968,pixel_46969,pixel_46970,pixel_46971,pixel_46972,pixel_46973,pixel_46974,pixel_46975,pixel_46976,pixel_46977,pixel_46978,pixel_46979,pixel_46980,pixel_46981,pixel_46982,pixel_46983,pixel_46984,pixel_46985,pixel_46986,pixel_46987,pixel_46988,pixel_46989,pixel_46990,pixel_46991,pixel_46992,pixel_46993,pixel_46994,pixel_46995,pixel_46996,pixel_46997,pixel_46998,pixel_46999,pixel_47000,pixel_47001,pixel_47002,pixel_47003,pixel_47004,pixel_47005,pixel_47006,pixel_47007,pixel_47008,pixel_47009,pixel_47010,pixel_47011,pixel_47012,pixel_47013,pixel_47014,pixel_47015,pixel_47016,pixel_47017,pixel_47018,pixel_47019,pixel_47020,pixel_47021,pixel_47022,pixel_47023,pixel_47024,pixel_47025,pixel_47026,pixel_47027,pixel_47028,pixel_47029,pixel_47030,pixel_47031,pixel_47032,pixel_47033,pixel_47034,pixel_47035,pixel_47036,pixel_47037,pixel_47038,pixel_47039,pixel_47040,pixel_47041,pixel_47042,pixel_47043,pixel_47044,pixel_47045,pixel_47046,pixel_47047,pixel_47048,pixel_47049,pixel_47050,pixel_47051,pixel_47052,pixel_47053,pixel_47054,pixel_47055,pixel_47056,pixel_47057,pixel_47058,pixel_47059,pixel_47060,pixel_47061,pixel_47062,pixel_47063,pixel_47064,pixel_47065,pixel_47066,pixel_47067,pixel_47068,pixel_47069,pixel_47070,pixel_47071,pixel_47072,pixel_47073,pixel_47074,pixel_47075,pixel_47076,pixel_47077,pixel_47078,pixel_47079,pixel_47080,pixel_47081,pixel_47082,pixel_47083,pixel_47084,pixel_47085,pixel_47086,pixel_47087,pixel_47088,pixel_47089,pixel_47090,pixel_47091,pixel_47092,pixel_47093,pixel_47094,pixel_47095,pixel_47096,pixel_47097,pixel_47098,pixel_47099,pixel_47100,pixel_47101,pixel_47102,pixel_47103,pixel_47104,pixel_47105,pixel_47106,pixel_47107,pixel_47108,pixel_47109,pixel_47110,pixel_47111,pixel_47112,pixel_47113,pixel_47114,pixel_47115,pixel_47116,pixel_47117,pixel_47118,pixel_47119,pixel_47120,pixel_47121,pixel_47122,pixel_47123,pixel_47124,pixel_47125,pixel_47126,pixel_47127,pixel_47128,pixel_47129,pixel_47130,pixel_47131,pixel_47132,pixel_47133,pixel_47134,pixel_47135,pixel_47136,pixel_47137,pixel_47138,pixel_47139,pixel_47140,pixel_47141,pixel_47142,pixel_47143,pixel_47144,pixel_47145,pixel_47146,pixel_47147,pixel_47148,pixel_47149,pixel_47150,pixel_47151,pixel_47152,pixel_47153,pixel_47154,pixel_47155,pixel_47156,pixel_47157,pixel_47158,pixel_47159,pixel_47160,pixel_47161,pixel_47162,pixel_47163,pixel_47164,pixel_47165,pixel_47166,pixel_47167,pixel_47168,pixel_47169,pixel_47170,pixel_47171,pixel_47172,pixel_47173,pixel_47174,pixel_47175,pixel_47176,pixel_47177,pixel_47178,pixel_47179,pixel_47180,pixel_47181,pixel_47182,pixel_47183,pixel_47184,pixel_47185,pixel_47186,pixel_47187,pixel_47188,pixel_47189,pixel_47190,pixel_47191,pixel_47192,pixel_47193,pixel_47194,pixel_47195,pixel_47196,pixel_47197,pixel_47198,pixel_47199,pixel_47200,pixel_47201,pixel_47202,pixel_47203,pixel_47204,pixel_47205,pixel_47206,pixel_47207,pixel_47208,pixel_47209,pixel_47210,pixel_47211,pixel_47212,pixel_47213,pixel_47214,pixel_47215,pixel_47216,pixel_47217,pixel_47218,pixel_47219,pixel_47220,pixel_47221,pixel_47222,pixel_47223,pixel_47224,pixel_47225,pixel_47226,pixel_47227,pixel_47228,pixel_47229,pixel_47230,pixel_47231,pixel_47232,pixel_47233,pixel_47234,pixel_47235,pixel_47236,pixel_47237,pixel_47238,pixel_47239,pixel_47240,pixel_47241,pixel_47242,pixel_47243,pixel_47244,pixel_47245,pixel_47246,pixel_47247,pixel_47248,pixel_47249,pixel_47250,pixel_47251,pixel_47252,pixel_47253,pixel_47254,pixel_47255,pixel_47256,pixel_47257,pixel_47258,pixel_47259,pixel_47260,pixel_47261,pixel_47262,pixel_47263,pixel_47264,pixel_47265,pixel_47266,pixel_47267,pixel_47268,pixel_47269,pixel_47270,pixel_47271,pixel_47272,pixel_47273,pixel_47274,pixel_47275,pixel_47276,pixel_47277,pixel_47278,pixel_47279,pixel_47280,pixel_47281,pixel_47282,pixel_47283,pixel_47284,pixel_47285,pixel_47286,pixel_47287,pixel_47288,pixel_47289,pixel_47290,pixel_47291,pixel_47292,pixel_47293,pixel_47294,pixel_47295,pixel_47296,pixel_47297,pixel_47298,pixel_47299,pixel_47300,pixel_47301,pixel_47302,pixel_47303,pixel_47304,pixel_47305,pixel_47306,pixel_47307,pixel_47308,pixel_47309,pixel_47310,pixel_47311,pixel_47312,pixel_47313,pixel_47314,pixel_47315,pixel_47316,pixel_47317,pixel_47318,pixel_47319,pixel_47320,pixel_47321,pixel_47322,pixel_47323,pixel_47324,pixel_47325,pixel_47326,pixel_47327,pixel_47328,pixel_47329,pixel_47330,pixel_47331,pixel_47332,pixel_47333,pixel_47334,pixel_47335,pixel_47336,pixel_47337,pixel_47338,pixel_47339,pixel_47340,pixel_47341,pixel_47342,pixel_47343,pixel_47344,pixel_47345,pixel_47346,pixel_47347,pixel_47348,pixel_47349,pixel_47350,pixel_47351,pixel_47352,pixel_47353,pixel_47354,pixel_47355,pixel_47356,pixel_47357,pixel_47358,pixel_47359,pixel_47360,pixel_47361,pixel_47362,pixel_47363,pixel_47364,pixel_47365,pixel_47366,pixel_47367,pixel_47368,pixel_47369,pixel_47370,pixel_47371,pixel_47372,pixel_47373,pixel_47374,pixel_47375,pixel_47376,pixel_47377,pixel_47378,pixel_47379,pixel_47380,pixel_47381,pixel_47382,pixel_47383,pixel_47384,pixel_47385,pixel_47386,pixel_47387,pixel_47388,pixel_47389,pixel_47390,pixel_47391,pixel_47392,pixel_47393,pixel_47394,pixel_47395,pixel_47396,pixel_47397,pixel_47398,pixel_47399,pixel_47400,pixel_47401,pixel_47402,pixel_47403,pixel_47404,pixel_47405,pixel_47406,pixel_47407,pixel_47408,pixel_47409,pixel_47410,pixel_47411,pixel_47412,pixel_47413,pixel_47414,pixel_47415,pixel_47416,pixel_47417,pixel_47418,pixel_47419,pixel_47420,pixel_47421,pixel_47422,pixel_47423,pixel_47424,pixel_47425,pixel_47426,pixel_47427,pixel_47428,pixel_47429,pixel_47430,pixel_47431,pixel_47432,pixel_47433,pixel_47434,pixel_47435,pixel_47436,pixel_47437,pixel_47438,pixel_47439,pixel_47440,pixel_47441,pixel_47442,pixel_47443,pixel_47444,pixel_47445,pixel_47446,pixel_47447,pixel_47448,pixel_47449,pixel_47450,pixel_47451,pixel_47452,pixel_47453,pixel_47454,pixel_47455,pixel_47456,pixel_47457,pixel_47458,pixel_47459,pixel_47460,pixel_47461,pixel_47462,pixel_47463,pixel_47464,pixel_47465,pixel_47466,pixel_47467,pixel_47468,pixel_47469,pixel_47470,pixel_47471,pixel_47472,pixel_47473,pixel_47474,pixel_47475,pixel_47476,pixel_47477,pixel_47478,pixel_47479,pixel_47480,pixel_47481,pixel_47482,pixel_47483,pixel_47484,pixel_47485,pixel_47486,pixel_47487,pixel_47488,pixel_47489,pixel_47490,pixel_47491,pixel_47492,pixel_47493,pixel_47494,pixel_47495,pixel_47496,pixel_47497,pixel_47498,pixel_47499,pixel_47500,pixel_47501,pixel_47502,pixel_47503,pixel_47504,pixel_47505,pixel_47506,pixel_47507,pixel_47508,pixel_47509,pixel_47510,pixel_47511,pixel_47512,pixel_47513,pixel_47514,pixel_47515,pixel_47516,pixel_47517,pixel_47518,pixel_47519,pixel_47520,pixel_47521,pixel_47522,pixel_47523,pixel_47524,pixel_47525,pixel_47526,pixel_47527,pixel_47528,pixel_47529,pixel_47530,pixel_47531,pixel_47532,pixel_47533,pixel_47534,pixel_47535,pixel_47536,pixel_47537,pixel_47538,pixel_47539,pixel_47540,pixel_47541,pixel_47542,pixel_47543,pixel_47544,pixel_47545,pixel_47546,pixel_47547,pixel_47548,pixel_47549,pixel_47550,pixel_47551,pixel_47552,pixel_47553,pixel_47554,pixel_47555,pixel_47556,pixel_47557,pixel_47558,pixel_47559,pixel_47560,pixel_47561,pixel_47562,pixel_47563,pixel_47564,pixel_47565,pixel_47566,pixel_47567,pixel_47568,pixel_47569,pixel_47570,pixel_47571,pixel_47572,pixel_47573,pixel_47574,pixel_47575,pixel_47576,pixel_47577,pixel_47578,pixel_47579,pixel_47580,pixel_47581,pixel_47582,pixel_47583,pixel_47584,pixel_47585,pixel_47586,pixel_47587,pixel_47588,pixel_47589,pixel_47590,pixel_47591,pixel_47592,pixel_47593,pixel_47594,pixel_47595,pixel_47596,pixel_47597,pixel_47598,pixel_47599,pixel_47600,pixel_47601,pixel_47602,pixel_47603,pixel_47604,pixel_47605,pixel_47606,pixel_47607,pixel_47608,pixel_47609,pixel_47610,pixel_47611,pixel_47612,pixel_47613,pixel_47614,pixel_47615,pixel_47616,pixel_47617,pixel_47618,pixel_47619,pixel_47620,pixel_47621,pixel_47622,pixel_47623,pixel_47624,pixel_47625,pixel_47626,pixel_47627,pixel_47628,pixel_47629,pixel_47630,pixel_47631,pixel_47632,pixel_47633,pixel_47634,pixel_47635,pixel_47636,pixel_47637,pixel_47638,pixel_47639,pixel_47640,pixel_47641,pixel_47642,pixel_47643,pixel_47644,pixel_47645,pixel_47646,pixel_47647,pixel_47648,pixel_47649,pixel_47650,pixel_47651,pixel_47652,pixel_47653,pixel_47654,pixel_47655,pixel_47656,pixel_47657,pixel_47658,pixel_47659,pixel_47660,pixel_47661,pixel_47662,pixel_47663,pixel_47664,pixel_47665,pixel_47666,pixel_47667,pixel_47668,pixel_47669,pixel_47670,pixel_47671,pixel_47672,pixel_47673,pixel_47674,pixel_47675,pixel_47676,pixel_47677,pixel_47678,pixel_47679,pixel_47680,pixel_47681,pixel_47682,pixel_47683,pixel_47684,pixel_47685,pixel_47686,pixel_47687,pixel_47688,pixel_47689,pixel_47690,pixel_47691,pixel_47692,pixel_47693,pixel_47694,pixel_47695,pixel_47696,pixel_47697,pixel_47698,pixel_47699,pixel_47700,pixel_47701,pixel_47702,pixel_47703,pixel_47704,pixel_47705,pixel_47706,pixel_47707,pixel_47708,pixel_47709,pixel_47710,pixel_47711,pixel_47712,pixel_47713,pixel_47714,pixel_47715,pixel_47716,pixel_47717,pixel_47718,pixel_47719,pixel_47720,pixel_47721,pixel_47722,pixel_47723,pixel_47724,pixel_47725,pixel_47726,pixel_47727,pixel_47728,pixel_47729,pixel_47730,pixel_47731,pixel_47732,pixel_47733,pixel_47734,pixel_47735,pixel_47736,pixel_47737,pixel_47738,pixel_47739,pixel_47740,pixel_47741,pixel_47742,pixel_47743,pixel_47744,pixel_47745,pixel_47746,pixel_47747,pixel_47748,pixel_47749,pixel_47750,pixel_47751,pixel_47752,pixel_47753,pixel_47754,pixel_47755,pixel_47756,pixel_47757,pixel_47758,pixel_47759,pixel_47760,pixel_47761,pixel_47762,pixel_47763,pixel_47764,pixel_47765,pixel_47766,pixel_47767,pixel_47768,pixel_47769,pixel_47770,pixel_47771,pixel_47772,pixel_47773,pixel_47774,pixel_47775,pixel_47776,pixel_47777,pixel_47778,pixel_47779,pixel_47780,pixel_47781,pixel_47782,pixel_47783,pixel_47784,pixel_47785,pixel_47786,pixel_47787,pixel_47788,pixel_47789,pixel_47790,pixel_47791,pixel_47792,pixel_47793,pixel_47794,pixel_47795,pixel_47796,pixel_47797,pixel_47798,pixel_47799,pixel_47800,pixel_47801,pixel_47802,pixel_47803,pixel_47804,pixel_47805,pixel_47806,pixel_47807,pixel_47808,pixel_47809,pixel_47810,pixel_47811,pixel_47812,pixel_47813,pixel_47814,pixel_47815,pixel_47816,pixel_47817,pixel_47818,pixel_47819,pixel_47820,pixel_47821,pixel_47822,pixel_47823,pixel_47824,pixel_47825,pixel_47826,pixel_47827,pixel_47828,pixel_47829,pixel_47830,pixel_47831,pixel_47832,pixel_47833,pixel_47834,pixel_47835,pixel_47836,pixel_47837,pixel_47838,pixel_47839,pixel_47840,pixel_47841,pixel_47842,pixel_47843,pixel_47844,pixel_47845,pixel_47846,pixel_47847,pixel_47848,pixel_47849,pixel_47850,pixel_47851,pixel_47852,pixel_47853,pixel_47854,pixel_47855,pixel_47856,pixel_47857,pixel_47858,pixel_47859,pixel_47860,pixel_47861,pixel_47862,pixel_47863,pixel_47864,pixel_47865,pixel_47866,pixel_47867,pixel_47868,pixel_47869,pixel_47870,pixel_47871,pixel_47872,pixel_47873,pixel_47874,pixel_47875,pixel_47876,pixel_47877,pixel_47878,pixel_47879,pixel_47880,pixel_47881,pixel_47882,pixel_47883,pixel_47884,pixel_47885,pixel_47886,pixel_47887,pixel_47888,pixel_47889,pixel_47890,pixel_47891,pixel_47892,pixel_47893,pixel_47894,pixel_47895,pixel_47896,pixel_47897,pixel_47898,pixel_47899,pixel_47900,pixel_47901,pixel_47902,pixel_47903,pixel_47904,pixel_47905,pixel_47906,pixel_47907,pixel_47908,pixel_47909,pixel_47910,pixel_47911,pixel_47912,pixel_47913,pixel_47914,pixel_47915,pixel_47916,pixel_47917,pixel_47918,pixel_47919,pixel_47920,pixel_47921,pixel_47922,pixel_47923,pixel_47924,pixel_47925,pixel_47926,pixel_47927,pixel_47928,pixel_47929,pixel_47930,pixel_47931,pixel_47932,pixel_47933,pixel_47934,pixel_47935,pixel_47936,pixel_47937,pixel_47938,pixel_47939,pixel_47940,pixel_47941,pixel_47942,pixel_47943,pixel_47944,pixel_47945,pixel_47946,pixel_47947,pixel_47948,pixel_47949,pixel_47950,pixel_47951,pixel_47952,pixel_47953,pixel_47954,pixel_47955,pixel_47956,pixel_47957,pixel_47958,pixel_47959,pixel_47960,pixel_47961,pixel_47962,pixel_47963,pixel_47964,pixel_47965,pixel_47966,pixel_47967,pixel_47968,pixel_47969,pixel_47970,pixel_47971,pixel_47972,pixel_47973,pixel_47974,pixel_47975,pixel_47976,pixel_47977,pixel_47978,pixel_47979,pixel_47980,pixel_47981,pixel_47982,pixel_47983,pixel_47984,pixel_47985,pixel_47986,pixel_47987,pixel_47988,pixel_47989,pixel_47990,pixel_47991,pixel_47992,pixel_47993,pixel_47994,pixel_47995,pixel_47996,pixel_47997,pixel_47998,pixel_47999,pixel_48000,pixel_48001,pixel_48002,pixel_48003,pixel_48004,pixel_48005,pixel_48006,pixel_48007,pixel_48008,pixel_48009,pixel_48010,pixel_48011,pixel_48012,pixel_48013,pixel_48014,pixel_48015,pixel_48016,pixel_48017,pixel_48018,pixel_48019,pixel_48020,pixel_48021,pixel_48022,pixel_48023,pixel_48024,pixel_48025,pixel_48026,pixel_48027,pixel_48028,pixel_48029,pixel_48030,pixel_48031,pixel_48032,pixel_48033,pixel_48034,pixel_48035,pixel_48036,pixel_48037,pixel_48038,pixel_48039,pixel_48040,pixel_48041,pixel_48042,pixel_48043,pixel_48044,pixel_48045,pixel_48046,pixel_48047,pixel_48048,pixel_48049,pixel_48050,pixel_48051,pixel_48052,pixel_48053,pixel_48054,pixel_48055,pixel_48056,pixel_48057,pixel_48058,pixel_48059,pixel_48060,pixel_48061,pixel_48062,pixel_48063,pixel_48064,pixel_48065,pixel_48066,pixel_48067,pixel_48068,pixel_48069,pixel_48070,pixel_48071,pixel_48072,pixel_48073,pixel_48074,pixel_48075,pixel_48076,pixel_48077,pixel_48078,pixel_48079,pixel_48080,pixel_48081,pixel_48082,pixel_48083,pixel_48084,pixel_48085,pixel_48086,pixel_48087,pixel_48088,pixel_48089,pixel_48090,pixel_48091,pixel_48092,pixel_48093,pixel_48094,pixel_48095,pixel_48096,pixel_48097,pixel_48098,pixel_48099,pixel_48100,pixel_48101,pixel_48102,pixel_48103,pixel_48104,pixel_48105,pixel_48106,pixel_48107,pixel_48108,pixel_48109,pixel_48110,pixel_48111,pixel_48112,pixel_48113,pixel_48114,pixel_48115,pixel_48116,pixel_48117,pixel_48118,pixel_48119,pixel_48120,pixel_48121,pixel_48122,pixel_48123,pixel_48124,pixel_48125,pixel_48126,pixel_48127,pixel_48128,pixel_48129,pixel_48130,pixel_48131,pixel_48132,pixel_48133,pixel_48134,pixel_48135,pixel_48136,pixel_48137,pixel_48138,pixel_48139,pixel_48140,pixel_48141,pixel_48142,pixel_48143,pixel_48144,pixel_48145,pixel_48146,pixel_48147,pixel_48148,pixel_48149,pixel_48150,pixel_48151,pixel_48152,pixel_48153,pixel_48154,pixel_48155,pixel_48156,pixel_48157,pixel_48158,pixel_48159,pixel_48160,pixel_48161,pixel_48162,pixel_48163,pixel_48164,pixel_48165,pixel_48166,pixel_48167,pixel_48168,pixel_48169,pixel_48170,pixel_48171,pixel_48172,pixel_48173,pixel_48174,pixel_48175,pixel_48176,pixel_48177,pixel_48178,pixel_48179,pixel_48180,pixel_48181,pixel_48182,pixel_48183,pixel_48184,pixel_48185,pixel_48186,pixel_48187,pixel_48188,pixel_48189,pixel_48190,pixel_48191,pixel_48192,pixel_48193,pixel_48194,pixel_48195,pixel_48196,pixel_48197,pixel_48198,pixel_48199,pixel_48200,pixel_48201,pixel_48202,pixel_48203,pixel_48204,pixel_48205,pixel_48206,pixel_48207,pixel_48208,pixel_48209,pixel_48210,pixel_48211,pixel_48212,pixel_48213,pixel_48214,pixel_48215,pixel_48216,pixel_48217,pixel_48218,pixel_48219,pixel_48220,pixel_48221,pixel_48222,pixel_48223,pixel_48224,pixel_48225,pixel_48226,pixel_48227,pixel_48228,pixel_48229,pixel_48230,pixel_48231,pixel_48232,pixel_48233,pixel_48234,pixel_48235,pixel_48236,pixel_48237,pixel_48238,pixel_48239,pixel_48240,pixel_48241,pixel_48242,pixel_48243,pixel_48244,pixel_48245,pixel_48246,pixel_48247,pixel_48248,pixel_48249,pixel_48250,pixel_48251,pixel_48252,pixel_48253,pixel_48254,pixel_48255,pixel_48256,pixel_48257,pixel_48258,pixel_48259,pixel_48260,pixel_48261,pixel_48262,pixel_48263,pixel_48264,pixel_48265,pixel_48266,pixel_48267,pixel_48268,pixel_48269,pixel_48270,pixel_48271,pixel_48272,pixel_48273,pixel_48274,pixel_48275,pixel_48276,pixel_48277,pixel_48278,pixel_48279,pixel_48280,pixel_48281,pixel_48282,pixel_48283,pixel_48284,pixel_48285,pixel_48286,pixel_48287,pixel_48288,pixel_48289,pixel_48290,pixel_48291,pixel_48292,pixel_48293,pixel_48294,pixel_48295,pixel_48296,pixel_48297,pixel_48298,pixel_48299,pixel_48300,pixel_48301,pixel_48302,pixel_48303,pixel_48304,pixel_48305,pixel_48306,pixel_48307,pixel_48308,pixel_48309,pixel_48310,pixel_48311,pixel_48312,pixel_48313,pixel_48314,pixel_48315,pixel_48316,pixel_48317,pixel_48318,pixel_48319,pixel_48320,pixel_48321,pixel_48322,pixel_48323,pixel_48324,pixel_48325,pixel_48326,pixel_48327,pixel_48328,pixel_48329,pixel_48330,pixel_48331,pixel_48332,pixel_48333,pixel_48334,pixel_48335,pixel_48336,pixel_48337,pixel_48338,pixel_48339,pixel_48340,pixel_48341,pixel_48342,pixel_48343,pixel_48344,pixel_48345,pixel_48346,pixel_48347,pixel_48348,pixel_48349,pixel_48350,pixel_48351,pixel_48352,pixel_48353,pixel_48354,pixel_48355,pixel_48356,pixel_48357,pixel_48358,pixel_48359,pixel_48360,pixel_48361,pixel_48362,pixel_48363,pixel_48364,pixel_48365,pixel_48366,pixel_48367,pixel_48368,pixel_48369,pixel_48370,pixel_48371,pixel_48372,pixel_48373,pixel_48374,pixel_48375,pixel_48376,pixel_48377,pixel_48378,pixel_48379,pixel_48380,pixel_48381,pixel_48382,pixel_48383,pixel_48384,pixel_48385,pixel_48386,pixel_48387,pixel_48388,pixel_48389,pixel_48390,pixel_48391,pixel_48392,pixel_48393,pixel_48394,pixel_48395,pixel_48396,pixel_48397,pixel_48398,pixel_48399,pixel_48400,pixel_48401,pixel_48402,pixel_48403,pixel_48404,pixel_48405,pixel_48406,pixel_48407,pixel_48408,pixel_48409,pixel_48410,pixel_48411,pixel_48412,pixel_48413,pixel_48414,pixel_48415,pixel_48416,pixel_48417,pixel_48418,pixel_48419,pixel_48420,pixel_48421,pixel_48422,pixel_48423,pixel_48424,pixel_48425,pixel_48426,pixel_48427,pixel_48428,pixel_48429,pixel_48430,pixel_48431,pixel_48432,pixel_48433,pixel_48434,pixel_48435,pixel_48436,pixel_48437,pixel_48438,pixel_48439,pixel_48440,pixel_48441,pixel_48442,pixel_48443,pixel_48444,pixel_48445,pixel_48446,pixel_48447,pixel_48448,pixel_48449,pixel_48450,pixel_48451,pixel_48452,pixel_48453,pixel_48454,pixel_48455,pixel_48456,pixel_48457,pixel_48458,pixel_48459,pixel_48460,pixel_48461,pixel_48462,pixel_48463,pixel_48464,pixel_48465,pixel_48466,pixel_48467,pixel_48468,pixel_48469,pixel_48470,pixel_48471,pixel_48472,pixel_48473,pixel_48474,pixel_48475,pixel_48476,pixel_48477,pixel_48478,pixel_48479,pixel_48480,pixel_48481,pixel_48482,pixel_48483,pixel_48484,pixel_48485,pixel_48486,pixel_48487,pixel_48488,pixel_48489,pixel_48490,pixel_48491,pixel_48492,pixel_48493,pixel_48494,pixel_48495,pixel_48496,pixel_48497,pixel_48498,pixel_48499,pixel_48500,pixel_48501,pixel_48502,pixel_48503,pixel_48504,pixel_48505,pixel_48506,pixel_48507,pixel_48508,pixel_48509,pixel_48510,pixel_48511,pixel_48512,pixel_48513,pixel_48514,pixel_48515,pixel_48516,pixel_48517,pixel_48518,pixel_48519,pixel_48520,pixel_48521,pixel_48522,pixel_48523,pixel_48524,pixel_48525,pixel_48526,pixel_48527,pixel_48528,pixel_48529,pixel_48530,pixel_48531,pixel_48532,pixel_48533,pixel_48534,pixel_48535,pixel_48536,pixel_48537,pixel_48538,pixel_48539,pixel_48540,pixel_48541,pixel_48542,pixel_48543,pixel_48544,pixel_48545,pixel_48546,pixel_48547,pixel_48548,pixel_48549,pixel_48550,pixel_48551,pixel_48552,pixel_48553,pixel_48554,pixel_48555,pixel_48556,pixel_48557,pixel_48558,pixel_48559,pixel_48560,pixel_48561,pixel_48562,pixel_48563,pixel_48564,pixel_48565,pixel_48566,pixel_48567,pixel_48568,pixel_48569,pixel_48570,pixel_48571,pixel_48572,pixel_48573,pixel_48574,pixel_48575,pixel_48576,pixel_48577,pixel_48578,pixel_48579,pixel_48580,pixel_48581,pixel_48582,pixel_48583,pixel_48584,pixel_48585,pixel_48586,pixel_48587,pixel_48588,pixel_48589,pixel_48590,pixel_48591,pixel_48592,pixel_48593,pixel_48594,pixel_48595,pixel_48596,pixel_48597,pixel_48598,pixel_48599,pixel_48600,pixel_48601,pixel_48602,pixel_48603,pixel_48604,pixel_48605,pixel_48606,pixel_48607,pixel_48608,pixel_48609,pixel_48610,pixel_48611,pixel_48612,pixel_48613,pixel_48614,pixel_48615,pixel_48616,pixel_48617,pixel_48618,pixel_48619,pixel_48620,pixel_48621,pixel_48622,pixel_48623,pixel_48624,pixel_48625,pixel_48626,pixel_48627,pixel_48628,pixel_48629,pixel_48630,pixel_48631,pixel_48632,pixel_48633,pixel_48634,pixel_48635,pixel_48636,pixel_48637,pixel_48638,pixel_48639,pixel_48640,pixel_48641,pixel_48642,pixel_48643,pixel_48644,pixel_48645,pixel_48646,pixel_48647,pixel_48648,pixel_48649,pixel_48650,pixel_48651,pixel_48652,pixel_48653,pixel_48654,pixel_48655,pixel_48656,pixel_48657,pixel_48658,pixel_48659,pixel_48660,pixel_48661,pixel_48662,pixel_48663,pixel_48664,pixel_48665,pixel_48666,pixel_48667,pixel_48668,pixel_48669,pixel_48670,pixel_48671,pixel_48672,pixel_48673,pixel_48674,pixel_48675,pixel_48676,pixel_48677,pixel_48678,pixel_48679,pixel_48680,pixel_48681,pixel_48682,pixel_48683,pixel_48684,pixel_48685,pixel_48686,pixel_48687,pixel_48688,pixel_48689,pixel_48690,pixel_48691,pixel_48692,pixel_48693,pixel_48694,pixel_48695,pixel_48696,pixel_48697,pixel_48698,pixel_48699,pixel_48700,pixel_48701,pixel_48702,pixel_48703,pixel_48704,pixel_48705,pixel_48706,pixel_48707,pixel_48708,pixel_48709,pixel_48710,pixel_48711,pixel_48712,pixel_48713,pixel_48714,pixel_48715,pixel_48716,pixel_48717,pixel_48718,pixel_48719,pixel_48720,pixel_48721,pixel_48722,pixel_48723,pixel_48724,pixel_48725,pixel_48726,pixel_48727,pixel_48728,pixel_48729,pixel_48730,pixel_48731,pixel_48732,pixel_48733,pixel_48734,pixel_48735,pixel_48736,pixel_48737,pixel_48738,pixel_48739,pixel_48740,pixel_48741,pixel_48742,pixel_48743,pixel_48744,pixel_48745,pixel_48746,pixel_48747,pixel_48748,pixel_48749,pixel_48750,pixel_48751,pixel_48752,pixel_48753,pixel_48754,pixel_48755,pixel_48756,pixel_48757,pixel_48758,pixel_48759,pixel_48760,pixel_48761,pixel_48762,pixel_48763,pixel_48764,pixel_48765,pixel_48766,pixel_48767,pixel_48768,pixel_48769,pixel_48770,pixel_48771,pixel_48772,pixel_48773,pixel_48774,pixel_48775,pixel_48776,pixel_48777,pixel_48778,pixel_48779,pixel_48780,pixel_48781,pixel_48782,pixel_48783,pixel_48784,pixel_48785,pixel_48786,pixel_48787,pixel_48788,pixel_48789,pixel_48790,pixel_48791,pixel_48792,pixel_48793,pixel_48794,pixel_48795,pixel_48796,pixel_48797,pixel_48798,pixel_48799,pixel_48800,pixel_48801,pixel_48802,pixel_48803,pixel_48804,pixel_48805,pixel_48806,pixel_48807,pixel_48808,pixel_48809,pixel_48810,pixel_48811,pixel_48812,pixel_48813,pixel_48814,pixel_48815,pixel_48816,pixel_48817,pixel_48818,pixel_48819,pixel_48820,pixel_48821,pixel_48822,pixel_48823,pixel_48824,pixel_48825,pixel_48826,pixel_48827,pixel_48828,pixel_48829,pixel_48830,pixel_48831,pixel_48832,pixel_48833,pixel_48834,pixel_48835,pixel_48836,pixel_48837,pixel_48838,pixel_48839,pixel_48840,pixel_48841,pixel_48842,pixel_48843,pixel_48844,pixel_48845,pixel_48846,pixel_48847,pixel_48848,pixel_48849,pixel_48850,pixel_48851,pixel_48852,pixel_48853,pixel_48854,pixel_48855,pixel_48856,pixel_48857,pixel_48858,pixel_48859,pixel_48860,pixel_48861,pixel_48862,pixel_48863,pixel_48864,pixel_48865,pixel_48866,pixel_48867,pixel_48868,pixel_48869,pixel_48870,pixel_48871,pixel_48872,pixel_48873,pixel_48874,pixel_48875,pixel_48876,pixel_48877,pixel_48878,pixel_48879,pixel_48880,pixel_48881,pixel_48882,pixel_48883,pixel_48884,pixel_48885,pixel_48886,pixel_48887,pixel_48888,pixel_48889,pixel_48890,pixel_48891,pixel_48892,pixel_48893,pixel_48894,pixel_48895,pixel_48896,pixel_48897,pixel_48898,pixel_48899,pixel_48900,pixel_48901,pixel_48902,pixel_48903,pixel_48904,pixel_48905,pixel_48906,pixel_48907,pixel_48908,pixel_48909,pixel_48910,pixel_48911,pixel_48912,pixel_48913,pixel_48914,pixel_48915,pixel_48916,pixel_48917,pixel_48918,pixel_48919,pixel_48920,pixel_48921,pixel_48922,pixel_48923,pixel_48924,pixel_48925,pixel_48926,pixel_48927,pixel_48928,pixel_48929,pixel_48930,pixel_48931,pixel_48932,pixel_48933,pixel_48934,pixel_48935,pixel_48936,pixel_48937,pixel_48938,pixel_48939,pixel_48940,pixel_48941,pixel_48942,pixel_48943,pixel_48944,pixel_48945,pixel_48946,pixel_48947,pixel_48948,pixel_48949,pixel_48950,pixel_48951,pixel_48952,pixel_48953,pixel_48954,pixel_48955,pixel_48956,pixel_48957,pixel_48958,pixel_48959,pixel_48960,pixel_48961,pixel_48962,pixel_48963,pixel_48964,pixel_48965,pixel_48966,pixel_48967,pixel_48968,pixel_48969,pixel_48970,pixel_48971,pixel_48972,pixel_48973,pixel_48974,pixel_48975,pixel_48976,pixel_48977,pixel_48978,pixel_48979,pixel_48980,pixel_48981,pixel_48982,pixel_48983,pixel_48984,pixel_48985,pixel_48986,pixel_48987,pixel_48988,pixel_48989,pixel_48990,pixel_48991,pixel_48992,pixel_48993,pixel_48994,pixel_48995,pixel_48996,pixel_48997,pixel_48998,pixel_48999,pixel_49000,pixel_49001,pixel_49002,pixel_49003,pixel_49004,pixel_49005,pixel_49006,pixel_49007,pixel_49008,pixel_49009,pixel_49010,pixel_49011,pixel_49012,pixel_49013,pixel_49014,pixel_49015,pixel_49016,pixel_49017,pixel_49018,pixel_49019,pixel_49020,pixel_49021,pixel_49022,pixel_49023,pixel_49024,pixel_49025,pixel_49026,pixel_49027,pixel_49028,pixel_49029,pixel_49030,pixel_49031,pixel_49032,pixel_49033,pixel_49034,pixel_49035,pixel_49036,pixel_49037,pixel_49038,pixel_49039,pixel_49040,pixel_49041,pixel_49042,pixel_49043,pixel_49044,pixel_49045,pixel_49046,pixel_49047,pixel_49048,pixel_49049,pixel_49050,pixel_49051,pixel_49052,pixel_49053,pixel_49054,pixel_49055,pixel_49056,pixel_49057,pixel_49058,pixel_49059,pixel_49060,pixel_49061,pixel_49062,pixel_49063,pixel_49064,pixel_49065,pixel_49066,pixel_49067,pixel_49068,pixel_49069,pixel_49070,pixel_49071,pixel_49072,pixel_49073,pixel_49074,pixel_49075,pixel_49076,pixel_49077,pixel_49078,pixel_49079,pixel_49080,pixel_49081,pixel_49082,pixel_49083,pixel_49084,pixel_49085,pixel_49086,pixel_49087,pixel_49088,pixel_49089,pixel_49090,pixel_49091,pixel_49092,pixel_49093,pixel_49094,pixel_49095,pixel_49096,pixel_49097,pixel_49098,pixel_49099,pixel_49100,pixel_49101,pixel_49102,pixel_49103,pixel_49104,pixel_49105,pixel_49106,pixel_49107,pixel_49108,pixel_49109,pixel_49110,pixel_49111,pixel_49112,pixel_49113,pixel_49114,pixel_49115,pixel_49116,pixel_49117,pixel_49118,pixel_49119,pixel_49120,pixel_49121,pixel_49122,pixel_49123,pixel_49124,pixel_49125,pixel_49126,pixel_49127,pixel_49128,pixel_49129,pixel_49130,pixel_49131,pixel_49132,pixel_49133,pixel_49134,pixel_49135,pixel_49136,pixel_49137,pixel_49138,pixel_49139,pixel_49140,pixel_49141,pixel_49142,pixel_49143,pixel_49144,pixel_49145,pixel_49146,pixel_49147,pixel_49148,pixel_49149,pixel_49150,pixel_49151,pixel_49152,pixel_49153,pixel_49154,pixel_49155,pixel_49156,pixel_49157,pixel_49158,pixel_49159,pixel_49160,pixel_49161,pixel_49162,pixel_49163,pixel_49164,pixel_49165,pixel_49166,pixel_49167,pixel_49168,pixel_49169,pixel_49170,pixel_49171,pixel_49172,pixel_49173,pixel_49174,pixel_49175,pixel_49176,pixel_49177,pixel_49178,pixel_49179,pixel_49180,pixel_49181,pixel_49182,pixel_49183,pixel_49184,pixel_49185,pixel_49186,pixel_49187,pixel_49188,pixel_49189,pixel_49190,pixel_49191,pixel_49192,pixel_49193,pixel_49194,pixel_49195,pixel_49196,pixel_49197,pixel_49198,pixel_49199,pixel_49200,pixel_49201,pixel_49202,pixel_49203,pixel_49204,pixel_49205,pixel_49206,pixel_49207,pixel_49208,pixel_49209,pixel_49210,pixel_49211,pixel_49212,pixel_49213,pixel_49214,pixel_49215,pixel_49216,pixel_49217,pixel_49218,pixel_49219,pixel_49220,pixel_49221,pixel_49222,pixel_49223,pixel_49224,pixel_49225,pixel_49226,pixel_49227,pixel_49228,pixel_49229,pixel_49230,pixel_49231,pixel_49232,pixel_49233,pixel_49234,pixel_49235,pixel_49236,pixel_49237,pixel_49238,pixel_49239,pixel_49240,pixel_49241,pixel_49242,pixel_49243,pixel_49244,pixel_49245,pixel_49246,pixel_49247,pixel_49248,pixel_49249,pixel_49250,pixel_49251,pixel_49252,pixel_49253,pixel_49254,pixel_49255,pixel_49256,pixel_49257,pixel_49258,pixel_49259,pixel_49260,pixel_49261,pixel_49262,pixel_49263,pixel_49264,pixel_49265,pixel_49266,pixel_49267,pixel_49268,pixel_49269,pixel_49270,pixel_49271,pixel_49272,pixel_49273,pixel_49274,pixel_49275,pixel_49276,pixel_49277,pixel_49278,pixel_49279,pixel_49280,pixel_49281,pixel_49282,pixel_49283,pixel_49284,pixel_49285,pixel_49286,pixel_49287,pixel_49288,pixel_49289,pixel_49290,pixel_49291,pixel_49292,pixel_49293,pixel_49294,pixel_49295,pixel_49296,pixel_49297,pixel_49298,pixel_49299,pixel_49300,pixel_49301,pixel_49302,pixel_49303,pixel_49304,pixel_49305,pixel_49306,pixel_49307,pixel_49308,pixel_49309,pixel_49310,pixel_49311,pixel_49312,pixel_49313,pixel_49314,pixel_49315,pixel_49316,pixel_49317,pixel_49318,pixel_49319,pixel_49320,pixel_49321,pixel_49322,pixel_49323,pixel_49324,pixel_49325,pixel_49326,pixel_49327,pixel_49328,pixel_49329,pixel_49330,pixel_49331,pixel_49332,pixel_49333,pixel_49334,pixel_49335,pixel_49336,pixel_49337,pixel_49338,pixel_49339,pixel_49340,pixel_49341,pixel_49342,pixel_49343,pixel_49344,pixel_49345,pixel_49346,pixel_49347,pixel_49348,pixel_49349,pixel_49350,pixel_49351,pixel_49352,pixel_49353,pixel_49354,pixel_49355,pixel_49356,pixel_49357,pixel_49358,pixel_49359,pixel_49360,pixel_49361,pixel_49362,pixel_49363,pixel_49364,pixel_49365,pixel_49366,pixel_49367,pixel_49368,pixel_49369,pixel_49370,pixel_49371,pixel_49372,pixel_49373,pixel_49374,pixel_49375,pixel_49376,pixel_49377,pixel_49378,pixel_49379,pixel_49380,pixel_49381,pixel_49382,pixel_49383,pixel_49384,pixel_49385,pixel_49386,pixel_49387,pixel_49388,pixel_49389,pixel_49390,pixel_49391,pixel_49392,pixel_49393,pixel_49394,pixel_49395,pixel_49396,pixel_49397,pixel_49398,pixel_49399,pixel_49400,pixel_49401,pixel_49402,pixel_49403,pixel_49404,pixel_49405,pixel_49406,pixel_49407,pixel_49408,pixel_49409,pixel_49410,pixel_49411,pixel_49412,pixel_49413,pixel_49414,pixel_49415,pixel_49416,pixel_49417,pixel_49418,pixel_49419,pixel_49420,pixel_49421,pixel_49422,pixel_49423,pixel_49424,pixel_49425,pixel_49426,pixel_49427,pixel_49428,pixel_49429,pixel_49430,pixel_49431,pixel_49432,pixel_49433,pixel_49434,pixel_49435,pixel_49436,pixel_49437,pixel_49438,pixel_49439,pixel_49440,pixel_49441,pixel_49442,pixel_49443,pixel_49444,pixel_49445,pixel_49446,pixel_49447,pixel_49448,pixel_49449,pixel_49450,pixel_49451,pixel_49452,pixel_49453,pixel_49454,pixel_49455,pixel_49456,pixel_49457,pixel_49458,pixel_49459,pixel_49460,pixel_49461,pixel_49462,pixel_49463,pixel_49464,pixel_49465,pixel_49466,pixel_49467,pixel_49468,pixel_49469,pixel_49470,pixel_49471,pixel_49472,pixel_49473,pixel_49474,pixel_49475,pixel_49476,pixel_49477,pixel_49478,pixel_49479,pixel_49480,pixel_49481,pixel_49482,pixel_49483,pixel_49484,pixel_49485,pixel_49486,pixel_49487,pixel_49488,pixel_49489,pixel_49490,pixel_49491,pixel_49492,pixel_49493,pixel_49494,pixel_49495,pixel_49496,pixel_49497,pixel_49498,pixel_49499,pixel_49500,pixel_49501,pixel_49502,pixel_49503,pixel_49504,pixel_49505,pixel_49506,pixel_49507,pixel_49508,pixel_49509,pixel_49510,pixel_49511,pixel_49512,pixel_49513,pixel_49514,pixel_49515,pixel_49516,pixel_49517,pixel_49518,pixel_49519,pixel_49520,pixel_49521,pixel_49522,pixel_49523,pixel_49524,pixel_49525,pixel_49526,pixel_49527,pixel_49528,pixel_49529,pixel_49530,pixel_49531,pixel_49532,pixel_49533,pixel_49534,pixel_49535,pixel_49536,pixel_49537,pixel_49538,pixel_49539,pixel_49540,pixel_49541,pixel_49542,pixel_49543,pixel_49544,pixel_49545,pixel_49546,pixel_49547,pixel_49548,pixel_49549,pixel_49550,pixel_49551,pixel_49552,pixel_49553,pixel_49554,pixel_49555,pixel_49556,pixel_49557,pixel_49558,pixel_49559,pixel_49560,pixel_49561,pixel_49562,pixel_49563,pixel_49564,pixel_49565,pixel_49566,pixel_49567,pixel_49568,pixel_49569,pixel_49570,pixel_49571,pixel_49572,pixel_49573,pixel_49574,pixel_49575,pixel_49576,pixel_49577,pixel_49578,pixel_49579,pixel_49580,pixel_49581,pixel_49582,pixel_49583,pixel_49584,pixel_49585,pixel_49586,pixel_49587,pixel_49588,pixel_49589,pixel_49590,pixel_49591,pixel_49592,pixel_49593,pixel_49594,pixel_49595,pixel_49596,pixel_49597,pixel_49598,pixel_49599,pixel_49600,pixel_49601,pixel_49602,pixel_49603,pixel_49604,pixel_49605,pixel_49606,pixel_49607,pixel_49608,pixel_49609,pixel_49610,pixel_49611,pixel_49612,pixel_49613,pixel_49614,pixel_49615,pixel_49616,pixel_49617,pixel_49618,pixel_49619,pixel_49620,pixel_49621,pixel_49622,pixel_49623,pixel_49624,pixel_49625,pixel_49626,pixel_49627,pixel_49628,pixel_49629,pixel_49630,pixel_49631,pixel_49632,pixel_49633,pixel_49634,pixel_49635,pixel_49636,pixel_49637,pixel_49638,pixel_49639,pixel_49640,pixel_49641,pixel_49642,pixel_49643,pixel_49644,pixel_49645,pixel_49646,pixel_49647,pixel_49648,pixel_49649,pixel_49650,pixel_49651,pixel_49652,pixel_49653,pixel_49654,pixel_49655,pixel_49656,pixel_49657,pixel_49658,pixel_49659,pixel_49660,pixel_49661,pixel_49662,pixel_49663,pixel_49664,pixel_49665,pixel_49666,pixel_49667,pixel_49668,pixel_49669,pixel_49670,pixel_49671,pixel_49672,pixel_49673,pixel_49674,pixel_49675,pixel_49676,pixel_49677,pixel_49678,pixel_49679,pixel_49680,pixel_49681,pixel_49682,pixel_49683,pixel_49684,pixel_49685,pixel_49686,pixel_49687,pixel_49688,pixel_49689,pixel_49690,pixel_49691,pixel_49692,pixel_49693,pixel_49694,pixel_49695,pixel_49696,pixel_49697,pixel_49698,pixel_49699,pixel_49700,pixel_49701,pixel_49702,pixel_49703,pixel_49704,pixel_49705,pixel_49706,pixel_49707,pixel_49708,pixel_49709,pixel_49710,pixel_49711,pixel_49712,pixel_49713,pixel_49714,pixel_49715,pixel_49716,pixel_49717,pixel_49718,pixel_49719,pixel_49720,pixel_49721,pixel_49722,pixel_49723,pixel_49724,pixel_49725,pixel_49726,pixel_49727,pixel_49728,pixel_49729,pixel_49730,pixel_49731,pixel_49732,pixel_49733,pixel_49734,pixel_49735,pixel_49736,pixel_49737,pixel_49738,pixel_49739,pixel_49740,pixel_49741,pixel_49742,pixel_49743,pixel_49744,pixel_49745,pixel_49746,pixel_49747,pixel_49748,pixel_49749,pixel_49750,pixel_49751,pixel_49752,pixel_49753,pixel_49754,pixel_49755,pixel_49756,pixel_49757,pixel_49758,pixel_49759,pixel_49760,pixel_49761,pixel_49762,pixel_49763,pixel_49764,pixel_49765,pixel_49766,pixel_49767,pixel_49768,pixel_49769,pixel_49770,pixel_49771,pixel_49772,pixel_49773,pixel_49774,pixel_49775,pixel_49776,pixel_49777,pixel_49778,pixel_49779,pixel_49780,pixel_49781,pixel_49782,pixel_49783,pixel_49784,pixel_49785,pixel_49786,pixel_49787,pixel_49788,pixel_49789,pixel_49790,pixel_49791,pixel_49792,pixel_49793,pixel_49794,pixel_49795,pixel_49796,pixel_49797,pixel_49798,pixel_49799,pixel_49800,pixel_49801,pixel_49802,pixel_49803,pixel_49804,pixel_49805,pixel_49806,pixel_49807,pixel_49808,pixel_49809,pixel_49810,pixel_49811,pixel_49812,pixel_49813,pixel_49814,pixel_49815,pixel_49816,pixel_49817,pixel_49818,pixel_49819,pixel_49820,pixel_49821,pixel_49822,pixel_49823,pixel_49824,pixel_49825,pixel_49826,pixel_49827,pixel_49828,pixel_49829,pixel_49830,pixel_49831,pixel_49832,pixel_49833,pixel_49834,pixel_49835,pixel_49836,pixel_49837,pixel_49838,pixel_49839,pixel_49840,pixel_49841,pixel_49842,pixel_49843,pixel_49844,pixel_49845,pixel_49846,pixel_49847,pixel_49848,pixel_49849,pixel_49850,pixel_49851,pixel_49852,pixel_49853,pixel_49854,pixel_49855,pixel_49856,pixel_49857,pixel_49858,pixel_49859,pixel_49860,pixel_49861,pixel_49862,pixel_49863,pixel_49864,pixel_49865,pixel_49866,pixel_49867,pixel_49868,pixel_49869,pixel_49870,pixel_49871,pixel_49872,pixel_49873,pixel_49874,pixel_49875,pixel_49876,pixel_49877,pixel_49878,pixel_49879,pixel_49880,pixel_49881,pixel_49882,pixel_49883,pixel_49884,pixel_49885,pixel_49886,pixel_49887,pixel_49888,pixel_49889,pixel_49890,pixel_49891,pixel_49892,pixel_49893,pixel_49894,pixel_49895,pixel_49896,pixel_49897,pixel_49898,pixel_49899,pixel_49900,pixel_49901,pixel_49902,pixel_49903,pixel_49904,pixel_49905,pixel_49906,pixel_49907,pixel_49908,pixel_49909,pixel_49910,pixel_49911,pixel_49912,pixel_49913,pixel_49914,pixel_49915,pixel_49916,pixel_49917,pixel_49918,pixel_49919,pixel_49920,pixel_49921,pixel_49922,pixel_49923,pixel_49924,pixel_49925,pixel_49926,pixel_49927,pixel_49928,pixel_49929,pixel_49930,pixel_49931,pixel_49932,pixel_49933,pixel_49934,pixel_49935,pixel_49936,pixel_49937,pixel_49938,pixel_49939,pixel_49940,pixel_49941,pixel_49942,pixel_49943,pixel_49944,pixel_49945,pixel_49946,pixel_49947,pixel_49948,pixel_49949,pixel_49950,pixel_49951,pixel_49952,pixel_49953,pixel_49954,pixel_49955,pixel_49956,pixel_49957,pixel_49958,pixel_49959,pixel_49960,pixel_49961,pixel_49962,pixel_49963,pixel_49964,pixel_49965,pixel_49966,pixel_49967,pixel_49968,pixel_49969,pixel_49970,pixel_49971,pixel_49972,pixel_49973,pixel_49974,pixel_49975,pixel_49976,pixel_49977,pixel_49978,pixel_49979,pixel_49980,pixel_49981,pixel_49982,pixel_49983,pixel_49984,pixel_49985,pixel_49986,pixel_49987,pixel_49988,pixel_49989,pixel_49990,pixel_49991,pixel_49992,pixel_49993,pixel_49994,pixel_49995,pixel_49996,pixel_49997,pixel_49998,pixel_49999,pixel_50000,pixel_50001,pixel_50002,pixel_50003,pixel_50004,pixel_50005,pixel_50006,pixel_50007,pixel_50008,pixel_50009,pixel_50010,pixel_50011,pixel_50012,pixel_50013,pixel_50014,pixel_50015,pixel_50016,pixel_50017,pixel_50018,pixel_50019,pixel_50020,pixel_50021,pixel_50022,pixel_50023,pixel_50024,pixel_50025,pixel_50026,pixel_50027,pixel_50028,pixel_50029,pixel_50030,pixel_50031,pixel_50032,pixel_50033,pixel_50034,pixel_50035,pixel_50036,pixel_50037,pixel_50038,pixel_50039,pixel_50040,pixel_50041,pixel_50042,pixel_50043,pixel_50044,pixel_50045,pixel_50046,pixel_50047,pixel_50048,pixel_50049,pixel_50050,pixel_50051,pixel_50052,pixel_50053,pixel_50054,pixel_50055,pixel_50056,pixel_50057,pixel_50058,pixel_50059,pixel_50060,pixel_50061,pixel_50062,pixel_50063,pixel_50064,pixel_50065,pixel_50066,pixel_50067,pixel_50068,pixel_50069,pixel_50070,pixel_50071,pixel_50072,pixel_50073,pixel_50074,pixel_50075,pixel_50076,pixel_50077,pixel_50078,pixel_50079,pixel_50080,pixel_50081,pixel_50082,pixel_50083,pixel_50084,pixel_50085,pixel_50086,pixel_50087,pixel_50088,pixel_50089,pixel_50090,pixel_50091,pixel_50092,pixel_50093,pixel_50094,pixel_50095,pixel_50096,pixel_50097,pixel_50098,pixel_50099,pixel_50100,pixel_50101,pixel_50102,pixel_50103,pixel_50104,pixel_50105,pixel_50106,pixel_50107,pixel_50108,pixel_50109,pixel_50110,pixel_50111,pixel_50112,pixel_50113,pixel_50114,pixel_50115,pixel_50116,pixel_50117,pixel_50118,pixel_50119,pixel_50120,pixel_50121,pixel_50122,pixel_50123,pixel_50124,pixel_50125,pixel_50126,pixel_50127,pixel_50128,pixel_50129,pixel_50130,pixel_50131,pixel_50132,pixel_50133,pixel_50134,pixel_50135,pixel_50136,pixel_50137,pixel_50138,pixel_50139,pixel_50140,pixel_50141,pixel_50142,pixel_50143,pixel_50144,pixel_50145,pixel_50146,pixel_50147,pixel_50148,pixel_50149,pixel_50150,pixel_50151,pixel_50152,pixel_50153,pixel_50154,pixel_50155,pixel_50156,pixel_50157,pixel_50158,pixel_50159,pixel_50160,pixel_50161,pixel_50162,pixel_50163,pixel_50164,pixel_50165,pixel_50166,pixel_50167,pixel_50168,pixel_50169,pixel_50170,pixel_50171,pixel_50172,pixel_50173,pixel_50174,pixel_50175,pixel_50176,pixel_50177,pixel_50178,pixel_50179,pixel_50180,pixel_50181,pixel_50182,pixel_50183,pixel_50184,pixel_50185,pixel_50186,pixel_50187,pixel_50188,pixel_50189,pixel_50190,pixel_50191,pixel_50192,pixel_50193,pixel_50194,pixel_50195,pixel_50196,pixel_50197,pixel_50198,pixel_50199,pixel_50200,pixel_50201,pixel_50202,pixel_50203,pixel_50204,pixel_50205,pixel_50206,pixel_50207,pixel_50208,pixel_50209,pixel_50210,pixel_50211,pixel_50212,pixel_50213,pixel_50214,pixel_50215,pixel_50216,pixel_50217,pixel_50218,pixel_50219,pixel_50220,pixel_50221,pixel_50222,pixel_50223,pixel_50224,pixel_50225,pixel_50226,pixel_50227,pixel_50228,pixel_50229,pixel_50230,pixel_50231,pixel_50232,pixel_50233,pixel_50234,pixel_50235,pixel_50236,pixel_50237,pixel_50238,pixel_50239,pixel_50240,pixel_50241,pixel_50242,pixel_50243,pixel_50244,pixel_50245,pixel_50246,pixel_50247,pixel_50248,pixel_50249,pixel_50250,pixel_50251,pixel_50252,pixel_50253,pixel_50254,pixel_50255,pixel_50256,pixel_50257,pixel_50258,pixel_50259,pixel_50260,pixel_50261,pixel_50262,pixel_50263,pixel_50264,pixel_50265,pixel_50266,pixel_50267,pixel_50268,pixel_50269,pixel_50270,pixel_50271,pixel_50272,pixel_50273,pixel_50274,pixel_50275,pixel_50276,pixel_50277,pixel_50278,pixel_50279,pixel_50280,pixel_50281,pixel_50282,pixel_50283,pixel_50284,pixel_50285,pixel_50286,pixel_50287,pixel_50288,pixel_50289,pixel_50290,pixel_50291,pixel_50292,pixel_50293,pixel_50294,pixel_50295,pixel_50296,pixel_50297,pixel_50298,pixel_50299,pixel_50300,pixel_50301,pixel_50302,pixel_50303,pixel_50304,pixel_50305,pixel_50306,pixel_50307,pixel_50308,pixel_50309,pixel_50310,pixel_50311,pixel_50312,pixel_50313,pixel_50314,pixel_50315,pixel_50316,pixel_50317,pixel_50318,pixel_50319,pixel_50320,pixel_50321,pixel_50322,pixel_50323,pixel_50324,pixel_50325,pixel_50326,pixel_50327,pixel_50328,pixel_50329,pixel_50330,pixel_50331,pixel_50332,pixel_50333,pixel_50334,pixel_50335,pixel_50336,pixel_50337,pixel_50338,pixel_50339,pixel_50340,pixel_50341,pixel_50342,pixel_50343,pixel_50344,pixel_50345,pixel_50346,pixel_50347,pixel_50348,pixel_50349,pixel_50350,pixel_50351,pixel_50352,pixel_50353,pixel_50354,pixel_50355,pixel_50356,pixel_50357,pixel_50358,pixel_50359,pixel_50360,pixel_50361,pixel_50362,pixel_50363,pixel_50364,pixel_50365,pixel_50366,pixel_50367,pixel_50368,pixel_50369,pixel_50370,pixel_50371,pixel_50372,pixel_50373,pixel_50374,pixel_50375,pixel_50376,pixel_50377,pixel_50378,pixel_50379,pixel_50380,pixel_50381,pixel_50382,pixel_50383,pixel_50384,pixel_50385,pixel_50386,pixel_50387,pixel_50388,pixel_50389,pixel_50390,pixel_50391,pixel_50392,pixel_50393,pixel_50394,pixel_50395,pixel_50396,pixel_50397,pixel_50398,pixel_50399,pixel_50400,pixel_50401,pixel_50402,pixel_50403,pixel_50404,pixel_50405,pixel_50406,pixel_50407,pixel_50408,pixel_50409,pixel_50410,pixel_50411,pixel_50412,pixel_50413,pixel_50414,pixel_50415,pixel_50416,pixel_50417,pixel_50418,pixel_50419,pixel_50420,pixel_50421,pixel_50422,pixel_50423,pixel_50424,pixel_50425,pixel_50426,pixel_50427,pixel_50428,pixel_50429,pixel_50430,pixel_50431,pixel_50432,pixel_50433,pixel_50434,pixel_50435,pixel_50436,pixel_50437,pixel_50438,pixel_50439,pixel_50440,pixel_50441,pixel_50442,pixel_50443,pixel_50444,pixel_50445,pixel_50446,pixel_50447,pixel_50448,pixel_50449,pixel_50450,pixel_50451,pixel_50452,pixel_50453,pixel_50454,pixel_50455,pixel_50456,pixel_50457,pixel_50458,pixel_50459,pixel_50460,pixel_50461,pixel_50462,pixel_50463,pixel_50464,pixel_50465,pixel_50466,pixel_50467,pixel_50468,pixel_50469,pixel_50470,pixel_50471,pixel_50472,pixel_50473,pixel_50474,pixel_50475,pixel_50476,pixel_50477,pixel_50478,pixel_50479,pixel_50480,pixel_50481,pixel_50482,pixel_50483,pixel_50484,pixel_50485,pixel_50486,pixel_50487,pixel_50488,pixel_50489,pixel_50490,pixel_50491,pixel_50492,pixel_50493,pixel_50494,pixel_50495,pixel_50496,pixel_50497,pixel_50498,pixel_50499,pixel_50500,pixel_50501,pixel_50502,pixel_50503,pixel_50504,pixel_50505,pixel_50506,pixel_50507,pixel_50508,pixel_50509,pixel_50510,pixel_50511,pixel_50512,pixel_50513,pixel_50514,pixel_50515,pixel_50516,pixel_50517,pixel_50518,pixel_50519,pixel_50520,pixel_50521,pixel_50522,pixel_50523,pixel_50524,pixel_50525,pixel_50526,pixel_50527,pixel_50528,pixel_50529,pixel_50530,pixel_50531,pixel_50532,pixel_50533,pixel_50534,pixel_50535,pixel_50536,pixel_50537,pixel_50538,pixel_50539,pixel_50540,pixel_50541,pixel_50542,pixel_50543,pixel_50544,pixel_50545,pixel_50546,pixel_50547,pixel_50548,pixel_50549,pixel_50550,pixel_50551,pixel_50552,pixel_50553,pixel_50554,pixel_50555,pixel_50556,pixel_50557,pixel_50558,pixel_50559,pixel_50560,pixel_50561,pixel_50562,pixel_50563,pixel_50564,pixel_50565,pixel_50566,pixel_50567,pixel_50568,pixel_50569,pixel_50570,pixel_50571,pixel_50572,pixel_50573,pixel_50574,pixel_50575,pixel_50576,pixel_50577,pixel_50578,pixel_50579,pixel_50580,pixel_50581,pixel_50582,pixel_50583,pixel_50584,pixel_50585,pixel_50586,pixel_50587,pixel_50588,pixel_50589,pixel_50590,pixel_50591,pixel_50592,pixel_50593,pixel_50594,pixel_50595,pixel_50596,pixel_50597,pixel_50598,pixel_50599,pixel_50600,pixel_50601,pixel_50602,pixel_50603,pixel_50604,pixel_50605,pixel_50606,pixel_50607,pixel_50608,pixel_50609,pixel_50610,pixel_50611,pixel_50612,pixel_50613,pixel_50614,pixel_50615,pixel_50616,pixel_50617,pixel_50618,pixel_50619,pixel_50620,pixel_50621,pixel_50622,pixel_50623,pixel_50624,pixel_50625,pixel_50626,pixel_50627,pixel_50628,pixel_50629,pixel_50630,pixel_50631,pixel_50632,pixel_50633,pixel_50634,pixel_50635,pixel_50636,pixel_50637,pixel_50638,pixel_50639,pixel_50640,pixel_50641,pixel_50642,pixel_50643,pixel_50644,pixel_50645,pixel_50646,pixel_50647,pixel_50648,pixel_50649,pixel_50650,pixel_50651,pixel_50652,pixel_50653,pixel_50654,pixel_50655,pixel_50656,pixel_50657,pixel_50658,pixel_50659,pixel_50660,pixel_50661,pixel_50662,pixel_50663,pixel_50664,pixel_50665,pixel_50666,pixel_50667,pixel_50668,pixel_50669,pixel_50670,pixel_50671,pixel_50672,pixel_50673,pixel_50674,pixel_50675,pixel_50676,pixel_50677,pixel_50678,pixel_50679,pixel_50680,pixel_50681,pixel_50682,pixel_50683,pixel_50684,pixel_50685,pixel_50686,pixel_50687,pixel_50688,pixel_50689,pixel_50690,pixel_50691,pixel_50692,pixel_50693,pixel_50694,pixel_50695,pixel_50696,pixel_50697,pixel_50698,pixel_50699,pixel_50700,pixel_50701,pixel_50702,pixel_50703,pixel_50704,pixel_50705,pixel_50706,pixel_50707,pixel_50708,pixel_50709,pixel_50710,pixel_50711,pixel_50712,pixel_50713,pixel_50714,pixel_50715,pixel_50716,pixel_50717,pixel_50718,pixel_50719,pixel_50720,pixel_50721,pixel_50722,pixel_50723,pixel_50724,pixel_50725,pixel_50726,pixel_50727,pixel_50728,pixel_50729,pixel_50730,pixel_50731,pixel_50732,pixel_50733,pixel_50734,pixel_50735,pixel_50736,pixel_50737,pixel_50738,pixel_50739,pixel_50740,pixel_50741,pixel_50742,pixel_50743,pixel_50744,pixel_50745,pixel_50746,pixel_50747,pixel_50748,pixel_50749,pixel_50750,pixel_50751,pixel_50752,pixel_50753,pixel_50754,pixel_50755,pixel_50756,pixel_50757,pixel_50758,pixel_50759,pixel_50760,pixel_50761,pixel_50762,pixel_50763,pixel_50764,pixel_50765,pixel_50766,pixel_50767,pixel_50768,pixel_50769,pixel_50770,pixel_50771,pixel_50772,pixel_50773,pixel_50774,pixel_50775,pixel_50776,pixel_50777,pixel_50778,pixel_50779,pixel_50780,pixel_50781,pixel_50782,pixel_50783,pixel_50784,pixel_50785,pixel_50786,pixel_50787,pixel_50788,pixel_50789,pixel_50790,pixel_50791,pixel_50792,pixel_50793,pixel_50794,pixel_50795,pixel_50796,pixel_50797,pixel_50798,pixel_50799,pixel_50800,pixel_50801,pixel_50802,pixel_50803,pixel_50804,pixel_50805,pixel_50806,pixel_50807,pixel_50808,pixel_50809,pixel_50810,pixel_50811,pixel_50812,pixel_50813,pixel_50814,pixel_50815,pixel_50816,pixel_50817,pixel_50818,pixel_50819,pixel_50820,pixel_50821,pixel_50822,pixel_50823,pixel_50824,pixel_50825,pixel_50826,pixel_50827,pixel_50828,pixel_50829,pixel_50830,pixel_50831,pixel_50832,pixel_50833,pixel_50834,pixel_50835,pixel_50836,pixel_50837,pixel_50838,pixel_50839,pixel_50840,pixel_50841,pixel_50842,pixel_50843,pixel_50844,pixel_50845,pixel_50846,pixel_50847,pixel_50848,pixel_50849,pixel_50850,pixel_50851,pixel_50852,pixel_50853,pixel_50854,pixel_50855,pixel_50856,pixel_50857,pixel_50858,pixel_50859,pixel_50860,pixel_50861,pixel_50862,pixel_50863,pixel_50864,pixel_50865,pixel_50866,pixel_50867,pixel_50868,pixel_50869,pixel_50870,pixel_50871,pixel_50872,pixel_50873,pixel_50874,pixel_50875,pixel_50876,pixel_50877,pixel_50878,pixel_50879,pixel_50880,pixel_50881,pixel_50882,pixel_50883,pixel_50884,pixel_50885,pixel_50886,pixel_50887,pixel_50888,pixel_50889,pixel_50890,pixel_50891,pixel_50892,pixel_50893,pixel_50894,pixel_50895,pixel_50896,pixel_50897,pixel_50898,pixel_50899,pixel_50900,pixel_50901,pixel_50902,pixel_50903,pixel_50904,pixel_50905,pixel_50906,pixel_50907,pixel_50908,pixel_50909,pixel_50910,pixel_50911,pixel_50912,pixel_50913,pixel_50914,pixel_50915,pixel_50916,pixel_50917,pixel_50918,pixel_50919,pixel_50920,pixel_50921,pixel_50922,pixel_50923,pixel_50924,pixel_50925,pixel_50926,pixel_50927,pixel_50928,pixel_50929,pixel_50930,pixel_50931,pixel_50932,pixel_50933,pixel_50934,pixel_50935,pixel_50936,pixel_50937,pixel_50938,pixel_50939,pixel_50940,pixel_50941,pixel_50942,pixel_50943,pixel_50944,pixel_50945,pixel_50946,pixel_50947,pixel_50948,pixel_50949,pixel_50950,pixel_50951,pixel_50952,pixel_50953,pixel_50954,pixel_50955,pixel_50956,pixel_50957,pixel_50958,pixel_50959,pixel_50960,pixel_50961,pixel_50962,pixel_50963,pixel_50964,pixel_50965,pixel_50966,pixel_50967,pixel_50968,pixel_50969,pixel_50970,pixel_50971,pixel_50972,pixel_50973,pixel_50974,pixel_50975,pixel_50976,pixel_50977,pixel_50978,pixel_50979,pixel_50980,pixel_50981,pixel_50982,pixel_50983,pixel_50984,pixel_50985,pixel_50986,pixel_50987,pixel_50988,pixel_50989,pixel_50990,pixel_50991,pixel_50992,pixel_50993,pixel_50994,pixel_50995,pixel_50996,pixel_50997,pixel_50998,pixel_50999,pixel_51000,pixel_51001,pixel_51002,pixel_51003,pixel_51004,pixel_51005,pixel_51006,pixel_51007,pixel_51008,pixel_51009,pixel_51010,pixel_51011,pixel_51012,pixel_51013,pixel_51014,pixel_51015,pixel_51016,pixel_51017,pixel_51018,pixel_51019,pixel_51020,pixel_51021,pixel_51022,pixel_51023,pixel_51024,pixel_51025,pixel_51026,pixel_51027,pixel_51028,pixel_51029,pixel_51030,pixel_51031,pixel_51032,pixel_51033,pixel_51034,pixel_51035,pixel_51036,pixel_51037,pixel_51038,pixel_51039,pixel_51040,pixel_51041,pixel_51042,pixel_51043,pixel_51044,pixel_51045,pixel_51046,pixel_51047,pixel_51048,pixel_51049,pixel_51050,pixel_51051,pixel_51052,pixel_51053,pixel_51054,pixel_51055,pixel_51056,pixel_51057,pixel_51058,pixel_51059,pixel_51060,pixel_51061,pixel_51062,pixel_51063,pixel_51064,pixel_51065,pixel_51066,pixel_51067,pixel_51068,pixel_51069,pixel_51070,pixel_51071,pixel_51072,pixel_51073,pixel_51074,pixel_51075,pixel_51076,pixel_51077,pixel_51078,pixel_51079,pixel_51080,pixel_51081,pixel_51082,pixel_51083,pixel_51084,pixel_51085,pixel_51086,pixel_51087,pixel_51088,pixel_51089,pixel_51090,pixel_51091,pixel_51092,pixel_51093,pixel_51094,pixel_51095,pixel_51096,pixel_51097,pixel_51098,pixel_51099,pixel_51100,pixel_51101,pixel_51102,pixel_51103,pixel_51104,pixel_51105,pixel_51106,pixel_51107,pixel_51108,pixel_51109,pixel_51110,pixel_51111,pixel_51112,pixel_51113,pixel_51114,pixel_51115,pixel_51116,pixel_51117,pixel_51118,pixel_51119,pixel_51120,pixel_51121,pixel_51122,pixel_51123,pixel_51124,pixel_51125,pixel_51126,pixel_51127,pixel_51128,pixel_51129,pixel_51130,pixel_51131,pixel_51132,pixel_51133,pixel_51134,pixel_51135,pixel_51136,pixel_51137,pixel_51138,pixel_51139,pixel_51140,pixel_51141,pixel_51142,pixel_51143,pixel_51144,pixel_51145,pixel_51146,pixel_51147,pixel_51148,pixel_51149,pixel_51150,pixel_51151,pixel_51152,pixel_51153,pixel_51154,pixel_51155,pixel_51156,pixel_51157,pixel_51158,pixel_51159,pixel_51160,pixel_51161,pixel_51162,pixel_51163,pixel_51164,pixel_51165,pixel_51166,pixel_51167,pixel_51168,pixel_51169,pixel_51170,pixel_51171,pixel_51172,pixel_51173,pixel_51174,pixel_51175,pixel_51176,pixel_51177,pixel_51178,pixel_51179,pixel_51180,pixel_51181,pixel_51182,pixel_51183,pixel_51184,pixel_51185,pixel_51186,pixel_51187,pixel_51188,pixel_51189,pixel_51190,pixel_51191,pixel_51192,pixel_51193,pixel_51194,pixel_51195,pixel_51196,pixel_51197,pixel_51198,pixel_51199,pixel_51200,pixel_51201,pixel_51202,pixel_51203,pixel_51204,pixel_51205,pixel_51206,pixel_51207,pixel_51208,pixel_51209,pixel_51210,pixel_51211,pixel_51212,pixel_51213,pixel_51214,pixel_51215,pixel_51216,pixel_51217,pixel_51218,pixel_51219,pixel_51220,pixel_51221,pixel_51222,pixel_51223,pixel_51224,pixel_51225,pixel_51226,pixel_51227,pixel_51228,pixel_51229,pixel_51230,pixel_51231,pixel_51232,pixel_51233,pixel_51234,pixel_51235,pixel_51236,pixel_51237,pixel_51238,pixel_51239,pixel_51240,pixel_51241,pixel_51242,pixel_51243,pixel_51244,pixel_51245,pixel_51246,pixel_51247,pixel_51248,pixel_51249,pixel_51250,pixel_51251,pixel_51252,pixel_51253,pixel_51254,pixel_51255,pixel_51256,pixel_51257,pixel_51258,pixel_51259,pixel_51260,pixel_51261,pixel_51262,pixel_51263,pixel_51264,pixel_51265,pixel_51266,pixel_51267,pixel_51268,pixel_51269,pixel_51270,pixel_51271,pixel_51272,pixel_51273,pixel_51274,pixel_51275,pixel_51276,pixel_51277,pixel_51278,pixel_51279,pixel_51280,pixel_51281,pixel_51282,pixel_51283,pixel_51284,pixel_51285,pixel_51286,pixel_51287,pixel_51288,pixel_51289,pixel_51290,pixel_51291,pixel_51292,pixel_51293,pixel_51294,pixel_51295,pixel_51296,pixel_51297,pixel_51298,pixel_51299,pixel_51300,pixel_51301,pixel_51302,pixel_51303,pixel_51304,pixel_51305,pixel_51306,pixel_51307,pixel_51308,pixel_51309,pixel_51310,pixel_51311,pixel_51312,pixel_51313,pixel_51314,pixel_51315,pixel_51316,pixel_51317,pixel_51318,pixel_51319,pixel_51320,pixel_51321,pixel_51322,pixel_51323,pixel_51324,pixel_51325,pixel_51326,pixel_51327,pixel_51328,pixel_51329,pixel_51330,pixel_51331,pixel_51332,pixel_51333,pixel_51334,pixel_51335,pixel_51336,pixel_51337,pixel_51338,pixel_51339,pixel_51340,pixel_51341,pixel_51342,pixel_51343,pixel_51344,pixel_51345,pixel_51346,pixel_51347,pixel_51348,pixel_51349,pixel_51350,pixel_51351,pixel_51352,pixel_51353,pixel_51354,pixel_51355,pixel_51356,pixel_51357,pixel_51358,pixel_51359,pixel_51360,pixel_51361,pixel_51362,pixel_51363,pixel_51364,pixel_51365,pixel_51366,pixel_51367,pixel_51368,pixel_51369,pixel_51370,pixel_51371,pixel_51372,pixel_51373,pixel_51374,pixel_51375,pixel_51376,pixel_51377,pixel_51378,pixel_51379,pixel_51380,pixel_51381,pixel_51382,pixel_51383,pixel_51384,pixel_51385,pixel_51386,pixel_51387,pixel_51388,pixel_51389,pixel_51390,pixel_51391,pixel_51392,pixel_51393,pixel_51394,pixel_51395,pixel_51396,pixel_51397,pixel_51398,pixel_51399,pixel_51400,pixel_51401,pixel_51402,pixel_51403,pixel_51404,pixel_51405,pixel_51406,pixel_51407,pixel_51408,pixel_51409,pixel_51410,pixel_51411,pixel_51412,pixel_51413,pixel_51414,pixel_51415,pixel_51416,pixel_51417,pixel_51418,pixel_51419,pixel_51420,pixel_51421,pixel_51422,pixel_51423,pixel_51424,pixel_51425,pixel_51426,pixel_51427,pixel_51428,pixel_51429,pixel_51430,pixel_51431,pixel_51432,pixel_51433,pixel_51434,pixel_51435,pixel_51436,pixel_51437,pixel_51438,pixel_51439,pixel_51440,pixel_51441,pixel_51442,pixel_51443,pixel_51444,pixel_51445,pixel_51446,pixel_51447,pixel_51448,pixel_51449,pixel_51450,pixel_51451,pixel_51452,pixel_51453,pixel_51454,pixel_51455,pixel_51456,pixel_51457,pixel_51458,pixel_51459,pixel_51460,pixel_51461,pixel_51462,pixel_51463,pixel_51464,pixel_51465,pixel_51466,pixel_51467,pixel_51468,pixel_51469,pixel_51470,pixel_51471,pixel_51472,pixel_51473,pixel_51474,pixel_51475,pixel_51476,pixel_51477,pixel_51478,pixel_51479,pixel_51480,pixel_51481,pixel_51482,pixel_51483,pixel_51484,pixel_51485,pixel_51486,pixel_51487,pixel_51488,pixel_51489,pixel_51490,pixel_51491,pixel_51492,pixel_51493,pixel_51494,pixel_51495,pixel_51496,pixel_51497,pixel_51498,pixel_51499,pixel_51500,pixel_51501,pixel_51502,pixel_51503,pixel_51504,pixel_51505,pixel_51506,pixel_51507,pixel_51508,pixel_51509,pixel_51510,pixel_51511,pixel_51512,pixel_51513,pixel_51514,pixel_51515,pixel_51516,pixel_51517,pixel_51518,pixel_51519,pixel_51520,pixel_51521,pixel_51522,pixel_51523,pixel_51524,pixel_51525,pixel_51526,pixel_51527,pixel_51528,pixel_51529,pixel_51530,pixel_51531,pixel_51532,pixel_51533,pixel_51534,pixel_51535,pixel_51536,pixel_51537,pixel_51538,pixel_51539,pixel_51540,pixel_51541,pixel_51542,pixel_51543,pixel_51544,pixel_51545,pixel_51546,pixel_51547,pixel_51548,pixel_51549,pixel_51550,pixel_51551,pixel_51552,pixel_51553,pixel_51554,pixel_51555,pixel_51556,pixel_51557,pixel_51558,pixel_51559,pixel_51560,pixel_51561,pixel_51562,pixel_51563,pixel_51564,pixel_51565,pixel_51566,pixel_51567,pixel_51568,pixel_51569,pixel_51570,pixel_51571,pixel_51572,pixel_51573,pixel_51574,pixel_51575,pixel_51576,pixel_51577,pixel_51578,pixel_51579,pixel_51580,pixel_51581,pixel_51582,pixel_51583,pixel_51584,pixel_51585,pixel_51586,pixel_51587,pixel_51588,pixel_51589,pixel_51590,pixel_51591,pixel_51592,pixel_51593,pixel_51594,pixel_51595,pixel_51596,pixel_51597,pixel_51598,pixel_51599,pixel_51600,pixel_51601,pixel_51602,pixel_51603,pixel_51604,pixel_51605,pixel_51606,pixel_51607,pixel_51608,pixel_51609,pixel_51610,pixel_51611,pixel_51612,pixel_51613,pixel_51614,pixel_51615,pixel_51616,pixel_51617,pixel_51618,pixel_51619,pixel_51620,pixel_51621,pixel_51622,pixel_51623,pixel_51624,pixel_51625,pixel_51626,pixel_51627,pixel_51628,pixel_51629,pixel_51630,pixel_51631,pixel_51632,pixel_51633,pixel_51634,pixel_51635,pixel_51636,pixel_51637,pixel_51638,pixel_51639,pixel_51640,pixel_51641,pixel_51642,pixel_51643,pixel_51644,pixel_51645,pixel_51646,pixel_51647,pixel_51648,pixel_51649,pixel_51650,pixel_51651,pixel_51652,pixel_51653,pixel_51654,pixel_51655,pixel_51656,pixel_51657,pixel_51658,pixel_51659,pixel_51660,pixel_51661,pixel_51662,pixel_51663,pixel_51664,pixel_51665,pixel_51666,pixel_51667,pixel_51668,pixel_51669,pixel_51670,pixel_51671,pixel_51672,pixel_51673,pixel_51674,pixel_51675,pixel_51676,pixel_51677,pixel_51678,pixel_51679,pixel_51680,pixel_51681,pixel_51682,pixel_51683,pixel_51684,pixel_51685,pixel_51686,pixel_51687,pixel_51688,pixel_51689,pixel_51690,pixel_51691,pixel_51692,pixel_51693,pixel_51694,pixel_51695,pixel_51696,pixel_51697,pixel_51698,pixel_51699,pixel_51700,pixel_51701,pixel_51702,pixel_51703,pixel_51704,pixel_51705,pixel_51706,pixel_51707,pixel_51708,pixel_51709,pixel_51710,pixel_51711,pixel_51712,pixel_51713,pixel_51714,pixel_51715,pixel_51716,pixel_51717,pixel_51718,pixel_51719,pixel_51720,pixel_51721,pixel_51722,pixel_51723,pixel_51724,pixel_51725,pixel_51726,pixel_51727,pixel_51728,pixel_51729,pixel_51730,pixel_51731,pixel_51732,pixel_51733,pixel_51734,pixel_51735,pixel_51736,pixel_51737,pixel_51738,pixel_51739,pixel_51740,pixel_51741,pixel_51742,pixel_51743,pixel_51744,pixel_51745,pixel_51746,pixel_51747,pixel_51748,pixel_51749,pixel_51750,pixel_51751,pixel_51752,pixel_51753,pixel_51754,pixel_51755,pixel_51756,pixel_51757,pixel_51758,pixel_51759,pixel_51760,pixel_51761,pixel_51762,pixel_51763,pixel_51764,pixel_51765,pixel_51766,pixel_51767,pixel_51768,pixel_51769,pixel_51770,pixel_51771,pixel_51772,pixel_51773,pixel_51774,pixel_51775,pixel_51776,pixel_51777,pixel_51778,pixel_51779,pixel_51780,pixel_51781,pixel_51782,pixel_51783,pixel_51784,pixel_51785,pixel_51786,pixel_51787,pixel_51788,pixel_51789,pixel_51790,pixel_51791,pixel_51792,pixel_51793,pixel_51794,pixel_51795,pixel_51796,pixel_51797,pixel_51798,pixel_51799,pixel_51800,pixel_51801,pixel_51802,pixel_51803,pixel_51804,pixel_51805,pixel_51806,pixel_51807,pixel_51808,pixel_51809,pixel_51810,pixel_51811,pixel_51812,pixel_51813,pixel_51814,pixel_51815,pixel_51816,pixel_51817,pixel_51818,pixel_51819,pixel_51820,pixel_51821,pixel_51822,pixel_51823,pixel_51824,pixel_51825,pixel_51826,pixel_51827,pixel_51828,pixel_51829,pixel_51830,pixel_51831,pixel_51832,pixel_51833,pixel_51834,pixel_51835,pixel_51836,pixel_51837,pixel_51838,pixel_51839,pixel_51840,pixel_51841,pixel_51842,pixel_51843,pixel_51844,pixel_51845,pixel_51846,pixel_51847,pixel_51848,pixel_51849,pixel_51850,pixel_51851,pixel_51852,pixel_51853,pixel_51854,pixel_51855,pixel_51856,pixel_51857,pixel_51858,pixel_51859,pixel_51860,pixel_51861,pixel_51862,pixel_51863,pixel_51864,pixel_51865,pixel_51866,pixel_51867,pixel_51868,pixel_51869,pixel_51870,pixel_51871,pixel_51872,pixel_51873,pixel_51874,pixel_51875,pixel_51876,pixel_51877,pixel_51878,pixel_51879,pixel_51880,pixel_51881,pixel_51882,pixel_51883,pixel_51884,pixel_51885,pixel_51886,pixel_51887,pixel_51888,pixel_51889,pixel_51890,pixel_51891,pixel_51892,pixel_51893,pixel_51894,pixel_51895,pixel_51896,pixel_51897,pixel_51898,pixel_51899,pixel_51900,pixel_51901,pixel_51902,pixel_51903,pixel_51904,pixel_51905,pixel_51906,pixel_51907,pixel_51908,pixel_51909,pixel_51910,pixel_51911,pixel_51912,pixel_51913,pixel_51914,pixel_51915,pixel_51916,pixel_51917,pixel_51918,pixel_51919,pixel_51920,pixel_51921,pixel_51922,pixel_51923,pixel_51924,pixel_51925,pixel_51926,pixel_51927,pixel_51928,pixel_51929,pixel_51930,pixel_51931,pixel_51932,pixel_51933,pixel_51934,pixel_51935,pixel_51936,pixel_51937,pixel_51938,pixel_51939,pixel_51940,pixel_51941,pixel_51942,pixel_51943,pixel_51944,pixel_51945,pixel_51946,pixel_51947,pixel_51948,pixel_51949,pixel_51950,pixel_51951,pixel_51952,pixel_51953,pixel_51954,pixel_51955,pixel_51956,pixel_51957,pixel_51958,pixel_51959,pixel_51960,pixel_51961,pixel_51962,pixel_51963,pixel_51964,pixel_51965,pixel_51966,pixel_51967,pixel_51968,pixel_51969,pixel_51970,pixel_51971,pixel_51972,pixel_51973,pixel_51974,pixel_51975,pixel_51976,pixel_51977,pixel_51978,pixel_51979,pixel_51980,pixel_51981,pixel_51982,pixel_51983,pixel_51984,pixel_51985,pixel_51986,pixel_51987,pixel_51988,pixel_51989,pixel_51990,pixel_51991,pixel_51992,pixel_51993,pixel_51994,pixel_51995,pixel_51996,pixel_51997,pixel_51998,pixel_51999,pixel_52000,pixel_52001,pixel_52002,pixel_52003,pixel_52004,pixel_52005,pixel_52006,pixel_52007,pixel_52008,pixel_52009,pixel_52010,pixel_52011,pixel_52012,pixel_52013,pixel_52014,pixel_52015,pixel_52016,pixel_52017,pixel_52018,pixel_52019,pixel_52020,pixel_52021,pixel_52022,pixel_52023,pixel_52024,pixel_52025,pixel_52026,pixel_52027,pixel_52028,pixel_52029,pixel_52030,pixel_52031,pixel_52032,pixel_52033,pixel_52034,pixel_52035,pixel_52036,pixel_52037,pixel_52038,pixel_52039,pixel_52040,pixel_52041,pixel_52042,pixel_52043,pixel_52044,pixel_52045,pixel_52046,pixel_52047,pixel_52048,pixel_52049,pixel_52050,pixel_52051,pixel_52052,pixel_52053,pixel_52054,pixel_52055,pixel_52056,pixel_52057,pixel_52058,pixel_52059,pixel_52060,pixel_52061,pixel_52062,pixel_52063,pixel_52064,pixel_52065,pixel_52066,pixel_52067,pixel_52068,pixel_52069,pixel_52070,pixel_52071,pixel_52072,pixel_52073,pixel_52074,pixel_52075,pixel_52076,pixel_52077,pixel_52078,pixel_52079,pixel_52080,pixel_52081,pixel_52082,pixel_52083,pixel_52084,pixel_52085,pixel_52086,pixel_52087,pixel_52088,pixel_52089,pixel_52090,pixel_52091,pixel_52092,pixel_52093,pixel_52094,pixel_52095,pixel_52096,pixel_52097,pixel_52098,pixel_52099,pixel_52100,pixel_52101,pixel_52102,pixel_52103,pixel_52104,pixel_52105,pixel_52106,pixel_52107,pixel_52108,pixel_52109,pixel_52110,pixel_52111,pixel_52112,pixel_52113,pixel_52114,pixel_52115,pixel_52116,pixel_52117,pixel_52118,pixel_52119,pixel_52120,pixel_52121,pixel_52122,pixel_52123,pixel_52124,pixel_52125,pixel_52126,pixel_52127,pixel_52128,pixel_52129,pixel_52130,pixel_52131,pixel_52132,pixel_52133,pixel_52134,pixel_52135,pixel_52136,pixel_52137,pixel_52138,pixel_52139,pixel_52140,pixel_52141,pixel_52142,pixel_52143,pixel_52144,pixel_52145,pixel_52146,pixel_52147,pixel_52148,pixel_52149,pixel_52150,pixel_52151,pixel_52152,pixel_52153,pixel_52154,pixel_52155,pixel_52156,pixel_52157,pixel_52158,pixel_52159,pixel_52160,pixel_52161,pixel_52162,pixel_52163,pixel_52164,pixel_52165,pixel_52166,pixel_52167,pixel_52168,pixel_52169,pixel_52170,pixel_52171,pixel_52172,pixel_52173,pixel_52174,pixel_52175,pixel_52176,pixel_52177,pixel_52178,pixel_52179,pixel_52180,pixel_52181,pixel_52182,pixel_52183,pixel_52184,pixel_52185,pixel_52186,pixel_52187,pixel_52188,pixel_52189,pixel_52190,pixel_52191,pixel_52192,pixel_52193,pixel_52194,pixel_52195,pixel_52196,pixel_52197,pixel_52198,pixel_52199,pixel_52200,pixel_52201,pixel_52202,pixel_52203,pixel_52204,pixel_52205,pixel_52206,pixel_52207,pixel_52208,pixel_52209,pixel_52210,pixel_52211,pixel_52212,pixel_52213,pixel_52214,pixel_52215,pixel_52216,pixel_52217,pixel_52218,pixel_52219,pixel_52220,pixel_52221,pixel_52222,pixel_52223,pixel_52224,pixel_52225,pixel_52226,pixel_52227,pixel_52228,pixel_52229,pixel_52230,pixel_52231,pixel_52232,pixel_52233,pixel_52234,pixel_52235,pixel_52236,pixel_52237,pixel_52238,pixel_52239,pixel_52240,pixel_52241,pixel_52242,pixel_52243,pixel_52244,pixel_52245,pixel_52246,pixel_52247,pixel_52248,pixel_52249,pixel_52250,pixel_52251,pixel_52252,pixel_52253,pixel_52254,pixel_52255,pixel_52256,pixel_52257,pixel_52258,pixel_52259,pixel_52260,pixel_52261,pixel_52262,pixel_52263,pixel_52264,pixel_52265,pixel_52266,pixel_52267,pixel_52268,pixel_52269,pixel_52270,pixel_52271,pixel_52272,pixel_52273,pixel_52274,pixel_52275,pixel_52276,pixel_52277,pixel_52278,pixel_52279,pixel_52280,pixel_52281,pixel_52282,pixel_52283,pixel_52284,pixel_52285,pixel_52286,pixel_52287,pixel_52288,pixel_52289,pixel_52290,pixel_52291,pixel_52292,pixel_52293,pixel_52294,pixel_52295,pixel_52296,pixel_52297,pixel_52298,pixel_52299,pixel_52300,pixel_52301,pixel_52302,pixel_52303,pixel_52304,pixel_52305,pixel_52306,pixel_52307,pixel_52308,pixel_52309,pixel_52310,pixel_52311,pixel_52312,pixel_52313,pixel_52314,pixel_52315,pixel_52316,pixel_52317,pixel_52318,pixel_52319,pixel_52320,pixel_52321,pixel_52322,pixel_52323,pixel_52324,pixel_52325,pixel_52326,pixel_52327,pixel_52328,pixel_52329,pixel_52330,pixel_52331,pixel_52332,pixel_52333,pixel_52334,pixel_52335,pixel_52336,pixel_52337,pixel_52338,pixel_52339,pixel_52340,pixel_52341,pixel_52342,pixel_52343,pixel_52344,pixel_52345,pixel_52346,pixel_52347,pixel_52348,pixel_52349,pixel_52350,pixel_52351,pixel_52352,pixel_52353,pixel_52354,pixel_52355,pixel_52356,pixel_52357,pixel_52358,pixel_52359,pixel_52360,pixel_52361,pixel_52362,pixel_52363,pixel_52364,pixel_52365,pixel_52366,pixel_52367,pixel_52368,pixel_52369,pixel_52370,pixel_52371,pixel_52372,pixel_52373,pixel_52374,pixel_52375,pixel_52376,pixel_52377,pixel_52378,pixel_52379,pixel_52380,pixel_52381,pixel_52382,pixel_52383,pixel_52384,pixel_52385,pixel_52386,pixel_52387,pixel_52388,pixel_52389,pixel_52390,pixel_52391,pixel_52392,pixel_52393,pixel_52394,pixel_52395,pixel_52396,pixel_52397,pixel_52398,pixel_52399,pixel_52400,pixel_52401,pixel_52402,pixel_52403,pixel_52404,pixel_52405,pixel_52406,pixel_52407,pixel_52408,pixel_52409,pixel_52410,pixel_52411,pixel_52412,pixel_52413,pixel_52414,pixel_52415,pixel_52416,pixel_52417,pixel_52418,pixel_52419,pixel_52420,pixel_52421,pixel_52422,pixel_52423,pixel_52424,pixel_52425,pixel_52426,pixel_52427,pixel_52428,pixel_52429,pixel_52430,pixel_52431,pixel_52432,pixel_52433,pixel_52434,pixel_52435,pixel_52436,pixel_52437,pixel_52438,pixel_52439,pixel_52440,pixel_52441,pixel_52442,pixel_52443,pixel_52444,pixel_52445,pixel_52446,pixel_52447,pixel_52448,pixel_52449,pixel_52450,pixel_52451,pixel_52452,pixel_52453,pixel_52454,pixel_52455,pixel_52456,pixel_52457,pixel_52458,pixel_52459,pixel_52460,pixel_52461,pixel_52462,pixel_52463,pixel_52464,pixel_52465,pixel_52466,pixel_52467,pixel_52468,pixel_52469,pixel_52470,pixel_52471,pixel_52472,pixel_52473,pixel_52474,pixel_52475,pixel_52476,pixel_52477,pixel_52478,pixel_52479,pixel_52480,pixel_52481,pixel_52482,pixel_52483,pixel_52484,pixel_52485,pixel_52486,pixel_52487,pixel_52488,pixel_52489,pixel_52490,pixel_52491,pixel_52492,pixel_52493,pixel_52494,pixel_52495,pixel_52496,pixel_52497,pixel_52498,pixel_52499,pixel_52500,pixel_52501,pixel_52502,pixel_52503,pixel_52504,pixel_52505,pixel_52506,pixel_52507,pixel_52508,pixel_52509,pixel_52510,pixel_52511,pixel_52512,pixel_52513,pixel_52514,pixel_52515,pixel_52516,pixel_52517,pixel_52518,pixel_52519,pixel_52520,pixel_52521,pixel_52522,pixel_52523,pixel_52524,pixel_52525,pixel_52526,pixel_52527,pixel_52528,pixel_52529,pixel_52530,pixel_52531,pixel_52532,pixel_52533,pixel_52534,pixel_52535,pixel_52536,pixel_52537,pixel_52538,pixel_52539,pixel_52540,pixel_52541,pixel_52542,pixel_52543,pixel_52544,pixel_52545,pixel_52546,pixel_52547,pixel_52548,pixel_52549,pixel_52550,pixel_52551,pixel_52552,pixel_52553,pixel_52554,pixel_52555,pixel_52556,pixel_52557,pixel_52558,pixel_52559,pixel_52560,pixel_52561,pixel_52562,pixel_52563,pixel_52564,pixel_52565,pixel_52566,pixel_52567,pixel_52568,pixel_52569,pixel_52570,pixel_52571,pixel_52572,pixel_52573,pixel_52574,pixel_52575,pixel_52576,pixel_52577,pixel_52578,pixel_52579,pixel_52580,pixel_52581,pixel_52582,pixel_52583,pixel_52584,pixel_52585,pixel_52586,pixel_52587,pixel_52588,pixel_52589,pixel_52590,pixel_52591,pixel_52592,pixel_52593,pixel_52594,pixel_52595,pixel_52596,pixel_52597,pixel_52598,pixel_52599,pixel_52600,pixel_52601,pixel_52602,pixel_52603,pixel_52604,pixel_52605,pixel_52606,pixel_52607,pixel_52608,pixel_52609,pixel_52610,pixel_52611,pixel_52612,pixel_52613,pixel_52614,pixel_52615,pixel_52616,pixel_52617,pixel_52618,pixel_52619,pixel_52620,pixel_52621,pixel_52622,pixel_52623,pixel_52624,pixel_52625,pixel_52626,pixel_52627,pixel_52628,pixel_52629,pixel_52630,pixel_52631,pixel_52632,pixel_52633,pixel_52634,pixel_52635,pixel_52636,pixel_52637,pixel_52638,pixel_52639,pixel_52640,pixel_52641,pixel_52642,pixel_52643,pixel_52644,pixel_52645,pixel_52646,pixel_52647,pixel_52648,pixel_52649,pixel_52650,pixel_52651,pixel_52652,pixel_52653,pixel_52654,pixel_52655,pixel_52656,pixel_52657,pixel_52658,pixel_52659,pixel_52660,pixel_52661,pixel_52662,pixel_52663,pixel_52664,pixel_52665,pixel_52666,pixel_52667,pixel_52668,pixel_52669,pixel_52670,pixel_52671,pixel_52672,pixel_52673,pixel_52674,pixel_52675,pixel_52676,pixel_52677,pixel_52678,pixel_52679,pixel_52680,pixel_52681,pixel_52682,pixel_52683,pixel_52684,pixel_52685,pixel_52686,pixel_52687,pixel_52688,pixel_52689,pixel_52690,pixel_52691,pixel_52692,pixel_52693,pixel_52694,pixel_52695,pixel_52696,pixel_52697,pixel_52698,pixel_52699,pixel_52700,pixel_52701,pixel_52702,pixel_52703,pixel_52704,pixel_52705,pixel_52706,pixel_52707,pixel_52708,pixel_52709,pixel_52710,pixel_52711,pixel_52712,pixel_52713,pixel_52714,pixel_52715,pixel_52716,pixel_52717,pixel_52718,pixel_52719,pixel_52720,pixel_52721,pixel_52722,pixel_52723,pixel_52724,pixel_52725,pixel_52726,pixel_52727,pixel_52728,pixel_52729,pixel_52730,pixel_52731,pixel_52732,pixel_52733,pixel_52734,pixel_52735,pixel_52736,pixel_52737,pixel_52738,pixel_52739,pixel_52740,pixel_52741,pixel_52742,pixel_52743,pixel_52744,pixel_52745,pixel_52746,pixel_52747,pixel_52748,pixel_52749,pixel_52750,pixel_52751,pixel_52752,pixel_52753,pixel_52754,pixel_52755,pixel_52756,pixel_52757,pixel_52758,pixel_52759,pixel_52760,pixel_52761,pixel_52762,pixel_52763,pixel_52764,pixel_52765,pixel_52766,pixel_52767,pixel_52768,pixel_52769,pixel_52770,pixel_52771,pixel_52772,pixel_52773,pixel_52774,pixel_52775,pixel_52776,pixel_52777,pixel_52778,pixel_52779,pixel_52780,pixel_52781,pixel_52782,pixel_52783,pixel_52784,pixel_52785,pixel_52786,pixel_52787,pixel_52788,pixel_52789,pixel_52790,pixel_52791,pixel_52792,pixel_52793,pixel_52794,pixel_52795,pixel_52796,pixel_52797,pixel_52798,pixel_52799,pixel_52800,pixel_52801,pixel_52802,pixel_52803,pixel_52804,pixel_52805,pixel_52806,pixel_52807,pixel_52808,pixel_52809,pixel_52810,pixel_52811,pixel_52812,pixel_52813,pixel_52814,pixel_52815,pixel_52816,pixel_52817,pixel_52818,pixel_52819,pixel_52820,pixel_52821,pixel_52822,pixel_52823,pixel_52824,pixel_52825,pixel_52826,pixel_52827,pixel_52828,pixel_52829,pixel_52830,pixel_52831,pixel_52832,pixel_52833,pixel_52834,pixel_52835,pixel_52836,pixel_52837,pixel_52838,pixel_52839,pixel_52840,pixel_52841,pixel_52842,pixel_52843,pixel_52844,pixel_52845,pixel_52846,pixel_52847,pixel_52848,pixel_52849,pixel_52850,pixel_52851,pixel_52852,pixel_52853,pixel_52854,pixel_52855,pixel_52856,pixel_52857,pixel_52858,pixel_52859,pixel_52860,pixel_52861,pixel_52862,pixel_52863,pixel_52864,pixel_52865,pixel_52866,pixel_52867,pixel_52868,pixel_52869,pixel_52870,pixel_52871,pixel_52872,pixel_52873,pixel_52874,pixel_52875,pixel_52876,pixel_52877,pixel_52878,pixel_52879,pixel_52880,pixel_52881,pixel_52882,pixel_52883,pixel_52884,pixel_52885,pixel_52886,pixel_52887,pixel_52888,pixel_52889,pixel_52890,pixel_52891,pixel_52892,pixel_52893,pixel_52894,pixel_52895,pixel_52896,pixel_52897,pixel_52898,pixel_52899,pixel_52900,pixel_52901,pixel_52902,pixel_52903,pixel_52904,pixel_52905,pixel_52906,pixel_52907,pixel_52908,pixel_52909,pixel_52910,pixel_52911,pixel_52912,pixel_52913,pixel_52914,pixel_52915,pixel_52916,pixel_52917,pixel_52918,pixel_52919,pixel_52920,pixel_52921,pixel_52922,pixel_52923,pixel_52924,pixel_52925,pixel_52926,pixel_52927,pixel_52928,pixel_52929,pixel_52930,pixel_52931,pixel_52932,pixel_52933,pixel_52934,pixel_52935,pixel_52936,pixel_52937,pixel_52938,pixel_52939,pixel_52940,pixel_52941,pixel_52942,pixel_52943,pixel_52944,pixel_52945,pixel_52946,pixel_52947,pixel_52948,pixel_52949,pixel_52950,pixel_52951,pixel_52952,pixel_52953,pixel_52954,pixel_52955,pixel_52956,pixel_52957,pixel_52958,pixel_52959,pixel_52960,pixel_52961,pixel_52962,pixel_52963,pixel_52964,pixel_52965,pixel_52966,pixel_52967,pixel_52968,pixel_52969,pixel_52970,pixel_52971,pixel_52972,pixel_52973,pixel_52974,pixel_52975,pixel_52976,pixel_52977,pixel_52978,pixel_52979,pixel_52980,pixel_52981,pixel_52982,pixel_52983,pixel_52984,pixel_52985,pixel_52986,pixel_52987,pixel_52988,pixel_52989,pixel_52990,pixel_52991,pixel_52992,pixel_52993,pixel_52994,pixel_52995,pixel_52996,pixel_52997,pixel_52998,pixel_52999,pixel_53000,pixel_53001,pixel_53002,pixel_53003,pixel_53004,pixel_53005,pixel_53006,pixel_53007,pixel_53008,pixel_53009,pixel_53010,pixel_53011,pixel_53012,pixel_53013,pixel_53014,pixel_53015,pixel_53016,pixel_53017,pixel_53018,pixel_53019,pixel_53020,pixel_53021,pixel_53022,pixel_53023,pixel_53024,pixel_53025,pixel_53026,pixel_53027,pixel_53028,pixel_53029,pixel_53030,pixel_53031,pixel_53032,pixel_53033,pixel_53034,pixel_53035,pixel_53036,pixel_53037,pixel_53038,pixel_53039,pixel_53040,pixel_53041,pixel_53042,pixel_53043,pixel_53044,pixel_53045,pixel_53046,pixel_53047,pixel_53048,pixel_53049,pixel_53050,pixel_53051,pixel_53052,pixel_53053,pixel_53054,pixel_53055,pixel_53056,pixel_53057,pixel_53058,pixel_53059,pixel_53060,pixel_53061,pixel_53062,pixel_53063,pixel_53064,pixel_53065,pixel_53066,pixel_53067,pixel_53068,pixel_53069,pixel_53070,pixel_53071,pixel_53072,pixel_53073,pixel_53074,pixel_53075,pixel_53076,pixel_53077,pixel_53078,pixel_53079,pixel_53080,pixel_53081,pixel_53082,pixel_53083,pixel_53084,pixel_53085,pixel_53086,pixel_53087,pixel_53088,pixel_53089,pixel_53090,pixel_53091,pixel_53092,pixel_53093,pixel_53094,pixel_53095,pixel_53096,pixel_53097,pixel_53098,pixel_53099,pixel_53100,pixel_53101,pixel_53102,pixel_53103,pixel_53104,pixel_53105,pixel_53106,pixel_53107,pixel_53108,pixel_53109,pixel_53110,pixel_53111,pixel_53112,pixel_53113,pixel_53114,pixel_53115,pixel_53116,pixel_53117,pixel_53118,pixel_53119,pixel_53120,pixel_53121,pixel_53122,pixel_53123,pixel_53124,pixel_53125,pixel_53126,pixel_53127,pixel_53128,pixel_53129,pixel_53130,pixel_53131,pixel_53132,pixel_53133,pixel_53134,pixel_53135,pixel_53136,pixel_53137,pixel_53138,pixel_53139,pixel_53140,pixel_53141,pixel_53142,pixel_53143,pixel_53144,pixel_53145,pixel_53146,pixel_53147,pixel_53148,pixel_53149,pixel_53150,pixel_53151,pixel_53152,pixel_53153,pixel_53154,pixel_53155,pixel_53156,pixel_53157,pixel_53158,pixel_53159,pixel_53160,pixel_53161,pixel_53162,pixel_53163,pixel_53164,pixel_53165,pixel_53166,pixel_53167,pixel_53168,pixel_53169,pixel_53170,pixel_53171,pixel_53172,pixel_53173,pixel_53174,pixel_53175,pixel_53176,pixel_53177,pixel_53178,pixel_53179,pixel_53180,pixel_53181,pixel_53182,pixel_53183,pixel_53184,pixel_53185,pixel_53186,pixel_53187,pixel_53188,pixel_53189,pixel_53190,pixel_53191,pixel_53192,pixel_53193,pixel_53194,pixel_53195,pixel_53196,pixel_53197,pixel_53198,pixel_53199,pixel_53200,pixel_53201,pixel_53202,pixel_53203,pixel_53204,pixel_53205,pixel_53206,pixel_53207,pixel_53208,pixel_53209,pixel_53210,pixel_53211,pixel_53212,pixel_53213,pixel_53214,pixel_53215,pixel_53216,pixel_53217,pixel_53218,pixel_53219,pixel_53220,pixel_53221,pixel_53222,pixel_53223,pixel_53224,pixel_53225,pixel_53226,pixel_53227,pixel_53228,pixel_53229,pixel_53230,pixel_53231,pixel_53232,pixel_53233,pixel_53234,pixel_53235,pixel_53236,pixel_53237,pixel_53238,pixel_53239,pixel_53240,pixel_53241,pixel_53242,pixel_53243,pixel_53244,pixel_53245,pixel_53246,pixel_53247,pixel_53248,pixel_53249,pixel_53250,pixel_53251,pixel_53252,pixel_53253,pixel_53254,pixel_53255,pixel_53256,pixel_53257,pixel_53258,pixel_53259,pixel_53260,pixel_53261,pixel_53262,pixel_53263,pixel_53264,pixel_53265,pixel_53266,pixel_53267,pixel_53268,pixel_53269,pixel_53270,pixel_53271,pixel_53272,pixel_53273,pixel_53274,pixel_53275,pixel_53276,pixel_53277,pixel_53278,pixel_53279,pixel_53280,pixel_53281,pixel_53282,pixel_53283,pixel_53284,pixel_53285,pixel_53286,pixel_53287,pixel_53288,pixel_53289,pixel_53290,pixel_53291,pixel_53292,pixel_53293,pixel_53294,pixel_53295,pixel_53296,pixel_53297,pixel_53298,pixel_53299,pixel_53300,pixel_53301,pixel_53302,pixel_53303,pixel_53304,pixel_53305,pixel_53306,pixel_53307,pixel_53308,pixel_53309,pixel_53310,pixel_53311,pixel_53312,pixel_53313,pixel_53314,pixel_53315,pixel_53316,pixel_53317,pixel_53318,pixel_53319,pixel_53320,pixel_53321,pixel_53322,pixel_53323,pixel_53324,pixel_53325,pixel_53326,pixel_53327,pixel_53328,pixel_53329,pixel_53330,pixel_53331,pixel_53332,pixel_53333,pixel_53334,pixel_53335,pixel_53336,pixel_53337,pixel_53338,pixel_53339,pixel_53340,pixel_53341,pixel_53342,pixel_53343,pixel_53344,pixel_53345,pixel_53346,pixel_53347,pixel_53348,pixel_53349,pixel_53350,pixel_53351,pixel_53352,pixel_53353,pixel_53354,pixel_53355,pixel_53356,pixel_53357,pixel_53358,pixel_53359,pixel_53360,pixel_53361,pixel_53362,pixel_53363,pixel_53364,pixel_53365,pixel_53366,pixel_53367,pixel_53368,pixel_53369,pixel_53370,pixel_53371,pixel_53372,pixel_53373,pixel_53374,pixel_53375,pixel_53376,pixel_53377,pixel_53378,pixel_53379,pixel_53380,pixel_53381,pixel_53382,pixel_53383,pixel_53384,pixel_53385,pixel_53386,pixel_53387,pixel_53388,pixel_53389,pixel_53390,pixel_53391,pixel_53392,pixel_53393,pixel_53394,pixel_53395,pixel_53396,pixel_53397,pixel_53398,pixel_53399,pixel_53400,pixel_53401,pixel_53402,pixel_53403,pixel_53404,pixel_53405,pixel_53406,pixel_53407,pixel_53408,pixel_53409,pixel_53410,pixel_53411,pixel_53412,pixel_53413,pixel_53414,pixel_53415,pixel_53416,pixel_53417,pixel_53418,pixel_53419,pixel_53420,pixel_53421,pixel_53422,pixel_53423,pixel_53424,pixel_53425,pixel_53426,pixel_53427,pixel_53428,pixel_53429,pixel_53430,pixel_53431,pixel_53432,pixel_53433,pixel_53434,pixel_53435,pixel_53436,pixel_53437,pixel_53438,pixel_53439,pixel_53440,pixel_53441,pixel_53442,pixel_53443,pixel_53444,pixel_53445,pixel_53446,pixel_53447,pixel_53448,pixel_53449,pixel_53450,pixel_53451,pixel_53452,pixel_53453,pixel_53454,pixel_53455,pixel_53456,pixel_53457,pixel_53458,pixel_53459,pixel_53460,pixel_53461,pixel_53462,pixel_53463,pixel_53464,pixel_53465,pixel_53466,pixel_53467,pixel_53468,pixel_53469,pixel_53470,pixel_53471,pixel_53472,pixel_53473,pixel_53474,pixel_53475,pixel_53476,pixel_53477,pixel_53478,pixel_53479,pixel_53480,pixel_53481,pixel_53482,pixel_53483,pixel_53484,pixel_53485,pixel_53486,pixel_53487,pixel_53488,pixel_53489,pixel_53490,pixel_53491,pixel_53492,pixel_53493,pixel_53494,pixel_53495,pixel_53496,pixel_53497,pixel_53498,pixel_53499,pixel_53500,pixel_53501,pixel_53502,pixel_53503,pixel_53504,pixel_53505,pixel_53506,pixel_53507,pixel_53508,pixel_53509,pixel_53510,pixel_53511,pixel_53512,pixel_53513,pixel_53514,pixel_53515,pixel_53516,pixel_53517,pixel_53518,pixel_53519,pixel_53520,pixel_53521,pixel_53522,pixel_53523,pixel_53524,pixel_53525,pixel_53526,pixel_53527,pixel_53528,pixel_53529,pixel_53530,pixel_53531,pixel_53532,pixel_53533,pixel_53534,pixel_53535,pixel_53536,pixel_53537,pixel_53538,pixel_53539,pixel_53540,pixel_53541,pixel_53542,pixel_53543,pixel_53544,pixel_53545,pixel_53546,pixel_53547,pixel_53548,pixel_53549,pixel_53550,pixel_53551,pixel_53552,pixel_53553,pixel_53554,pixel_53555,pixel_53556,pixel_53557,pixel_53558,pixel_53559,pixel_53560,pixel_53561,pixel_53562,pixel_53563,pixel_53564,pixel_53565,pixel_53566,pixel_53567,pixel_53568,pixel_53569,pixel_53570,pixel_53571,pixel_53572,pixel_53573,pixel_53574,pixel_53575,pixel_53576,pixel_53577,pixel_53578,pixel_53579,pixel_53580,pixel_53581,pixel_53582,pixel_53583,pixel_53584,pixel_53585,pixel_53586,pixel_53587,pixel_53588,pixel_53589,pixel_53590,pixel_53591,pixel_53592,pixel_53593,pixel_53594,pixel_53595,pixel_53596,pixel_53597,pixel_53598,pixel_53599,pixel_53600,pixel_53601,pixel_53602,pixel_53603,pixel_53604,pixel_53605,pixel_53606,pixel_53607,pixel_53608,pixel_53609,pixel_53610,pixel_53611,pixel_53612,pixel_53613,pixel_53614,pixel_53615,pixel_53616,pixel_53617,pixel_53618,pixel_53619,pixel_53620,pixel_53621,pixel_53622,pixel_53623,pixel_53624,pixel_53625,pixel_53626,pixel_53627,pixel_53628,pixel_53629,pixel_53630,pixel_53631,pixel_53632,pixel_53633,pixel_53634,pixel_53635,pixel_53636,pixel_53637,pixel_53638,pixel_53639,pixel_53640,pixel_53641,pixel_53642,pixel_53643,pixel_53644,pixel_53645,pixel_53646,pixel_53647,pixel_53648,pixel_53649,pixel_53650,pixel_53651,pixel_53652,pixel_53653,pixel_53654,pixel_53655,pixel_53656,pixel_53657,pixel_53658,pixel_53659,pixel_53660,pixel_53661,pixel_53662,pixel_53663,pixel_53664,pixel_53665,pixel_53666,pixel_53667,pixel_53668,pixel_53669,pixel_53670,pixel_53671,pixel_53672,pixel_53673,pixel_53674,pixel_53675,pixel_53676,pixel_53677,pixel_53678,pixel_53679,pixel_53680,pixel_53681,pixel_53682,pixel_53683,pixel_53684,pixel_53685,pixel_53686,pixel_53687,pixel_53688,pixel_53689,pixel_53690,pixel_53691,pixel_53692,pixel_53693,pixel_53694,pixel_53695,pixel_53696,pixel_53697,pixel_53698,pixel_53699,pixel_53700,pixel_53701,pixel_53702,pixel_53703,pixel_53704,pixel_53705,pixel_53706,pixel_53707,pixel_53708,pixel_53709,pixel_53710,pixel_53711,pixel_53712,pixel_53713,pixel_53714,pixel_53715,pixel_53716,pixel_53717,pixel_53718,pixel_53719,pixel_53720,pixel_53721,pixel_53722,pixel_53723,pixel_53724,pixel_53725,pixel_53726,pixel_53727,pixel_53728,pixel_53729,pixel_53730,pixel_53731,pixel_53732,pixel_53733,pixel_53734,pixel_53735,pixel_53736,pixel_53737,pixel_53738,pixel_53739,pixel_53740,pixel_53741,pixel_53742,pixel_53743,pixel_53744,pixel_53745,pixel_53746,pixel_53747,pixel_53748,pixel_53749,pixel_53750,pixel_53751,pixel_53752,pixel_53753,pixel_53754,pixel_53755,pixel_53756,pixel_53757,pixel_53758,pixel_53759,pixel_53760,pixel_53761,pixel_53762,pixel_53763,pixel_53764,pixel_53765,pixel_53766,pixel_53767,pixel_53768,pixel_53769,pixel_53770,pixel_53771,pixel_53772,pixel_53773,pixel_53774,pixel_53775,pixel_53776,pixel_53777,pixel_53778,pixel_53779,pixel_53780,pixel_53781,pixel_53782,pixel_53783,pixel_53784,pixel_53785,pixel_53786,pixel_53787,pixel_53788,pixel_53789,pixel_53790,pixel_53791,pixel_53792,pixel_53793,pixel_53794,pixel_53795,pixel_53796,pixel_53797,pixel_53798,pixel_53799,pixel_53800,pixel_53801,pixel_53802,pixel_53803,pixel_53804,pixel_53805,pixel_53806,pixel_53807,pixel_53808,pixel_53809,pixel_53810,pixel_53811,pixel_53812,pixel_53813,pixel_53814,pixel_53815,pixel_53816,pixel_53817,pixel_53818,pixel_53819,pixel_53820,pixel_53821,pixel_53822,pixel_53823,pixel_53824,pixel_53825,pixel_53826,pixel_53827,pixel_53828,pixel_53829,pixel_53830,pixel_53831,pixel_53832,pixel_53833,pixel_53834,pixel_53835,pixel_53836,pixel_53837,pixel_53838,pixel_53839,pixel_53840,pixel_53841,pixel_53842,pixel_53843,pixel_53844,pixel_53845,pixel_53846,pixel_53847,pixel_53848,pixel_53849,pixel_53850,pixel_53851,pixel_53852,pixel_53853,pixel_53854,pixel_53855,pixel_53856,pixel_53857,pixel_53858,pixel_53859,pixel_53860,pixel_53861,pixel_53862,pixel_53863,pixel_53864,pixel_53865,pixel_53866,pixel_53867,pixel_53868,pixel_53869,pixel_53870,pixel_53871,pixel_53872,pixel_53873,pixel_53874,pixel_53875,pixel_53876,pixel_53877,pixel_53878,pixel_53879,pixel_53880,pixel_53881,pixel_53882,pixel_53883,pixel_53884,pixel_53885,pixel_53886,pixel_53887,pixel_53888,pixel_53889,pixel_53890,pixel_53891,pixel_53892,pixel_53893,pixel_53894,pixel_53895,pixel_53896,pixel_53897,pixel_53898,pixel_53899,pixel_53900,pixel_53901,pixel_53902,pixel_53903,pixel_53904,pixel_53905,pixel_53906,pixel_53907,pixel_53908,pixel_53909,pixel_53910,pixel_53911,pixel_53912,pixel_53913,pixel_53914,pixel_53915,pixel_53916,pixel_53917,pixel_53918,pixel_53919,pixel_53920,pixel_53921,pixel_53922,pixel_53923,pixel_53924,pixel_53925,pixel_53926,pixel_53927,pixel_53928,pixel_53929,pixel_53930,pixel_53931,pixel_53932,pixel_53933,pixel_53934,pixel_53935,pixel_53936,pixel_53937,pixel_53938,pixel_53939,pixel_53940,pixel_53941,pixel_53942,pixel_53943,pixel_53944,pixel_53945,pixel_53946,pixel_53947,pixel_53948,pixel_53949,pixel_53950,pixel_53951,pixel_53952,pixel_53953,pixel_53954,pixel_53955,pixel_53956,pixel_53957,pixel_53958,pixel_53959,pixel_53960,pixel_53961,pixel_53962,pixel_53963,pixel_53964,pixel_53965,pixel_53966,pixel_53967,pixel_53968,pixel_53969,pixel_53970,pixel_53971,pixel_53972,pixel_53973,pixel_53974,pixel_53975,pixel_53976,pixel_53977,pixel_53978,pixel_53979,pixel_53980,pixel_53981,pixel_53982,pixel_53983,pixel_53984,pixel_53985,pixel_53986,pixel_53987,pixel_53988,pixel_53989,pixel_53990,pixel_53991,pixel_53992,pixel_53993,pixel_53994,pixel_53995,pixel_53996,pixel_53997,pixel_53998,pixel_53999,pixel_54000,pixel_54001,pixel_54002,pixel_54003,pixel_54004,pixel_54005,pixel_54006,pixel_54007,pixel_54008,pixel_54009,pixel_54010,pixel_54011,pixel_54012,pixel_54013,pixel_54014,pixel_54015,pixel_54016,pixel_54017,pixel_54018,pixel_54019,pixel_54020,pixel_54021,pixel_54022,pixel_54023,pixel_54024,pixel_54025,pixel_54026,pixel_54027,pixel_54028,pixel_54029,pixel_54030,pixel_54031,pixel_54032,pixel_54033,pixel_54034,pixel_54035,pixel_54036,pixel_54037,pixel_54038,pixel_54039,pixel_54040,pixel_54041,pixel_54042,pixel_54043,pixel_54044,pixel_54045,pixel_54046,pixel_54047,pixel_54048,pixel_54049,pixel_54050,pixel_54051,pixel_54052,pixel_54053,pixel_54054,pixel_54055,pixel_54056,pixel_54057,pixel_54058,pixel_54059,pixel_54060,pixel_54061,pixel_54062,pixel_54063,pixel_54064,pixel_54065,pixel_54066,pixel_54067,pixel_54068,pixel_54069,pixel_54070,pixel_54071,pixel_54072,pixel_54073,pixel_54074,pixel_54075,pixel_54076,pixel_54077,pixel_54078,pixel_54079,pixel_54080,pixel_54081,pixel_54082,pixel_54083,pixel_54084,pixel_54085,pixel_54086,pixel_54087,pixel_54088,pixel_54089,pixel_54090,pixel_54091,pixel_54092,pixel_54093,pixel_54094,pixel_54095,pixel_54096,pixel_54097,pixel_54098,pixel_54099,pixel_54100,pixel_54101,pixel_54102,pixel_54103,pixel_54104,pixel_54105,pixel_54106,pixel_54107,pixel_54108,pixel_54109,pixel_54110,pixel_54111,pixel_54112,pixel_54113,pixel_54114,pixel_54115,pixel_54116,pixel_54117,pixel_54118,pixel_54119,pixel_54120,pixel_54121,pixel_54122,pixel_54123,pixel_54124,pixel_54125,pixel_54126,pixel_54127,pixel_54128,pixel_54129,pixel_54130,pixel_54131,pixel_54132,pixel_54133,pixel_54134,pixel_54135,pixel_54136,pixel_54137,pixel_54138,pixel_54139,pixel_54140,pixel_54141,pixel_54142,pixel_54143,pixel_54144,pixel_54145,pixel_54146,pixel_54147,pixel_54148,pixel_54149,pixel_54150,pixel_54151,pixel_54152,pixel_54153,pixel_54154,pixel_54155,pixel_54156,pixel_54157,pixel_54158,pixel_54159,pixel_54160,pixel_54161,pixel_54162,pixel_54163,pixel_54164,pixel_54165,pixel_54166,pixel_54167,pixel_54168,pixel_54169,pixel_54170,pixel_54171,pixel_54172,pixel_54173,pixel_54174,pixel_54175,pixel_54176,pixel_54177,pixel_54178,pixel_54179,pixel_54180,pixel_54181,pixel_54182,pixel_54183,pixel_54184,pixel_54185,pixel_54186,pixel_54187,pixel_54188,pixel_54189,pixel_54190,pixel_54191,pixel_54192,pixel_54193,pixel_54194,pixel_54195,pixel_54196,pixel_54197,pixel_54198,pixel_54199,pixel_54200,pixel_54201,pixel_54202,pixel_54203,pixel_54204,pixel_54205,pixel_54206,pixel_54207,pixel_54208,pixel_54209,pixel_54210,pixel_54211,pixel_54212,pixel_54213,pixel_54214,pixel_54215,pixel_54216,pixel_54217,pixel_54218,pixel_54219,pixel_54220,pixel_54221,pixel_54222,pixel_54223,pixel_54224,pixel_54225,pixel_54226,pixel_54227,pixel_54228,pixel_54229,pixel_54230,pixel_54231,pixel_54232,pixel_54233,pixel_54234,pixel_54235,pixel_54236,pixel_54237,pixel_54238,pixel_54239,pixel_54240,pixel_54241,pixel_54242,pixel_54243,pixel_54244,pixel_54245,pixel_54246,pixel_54247,pixel_54248,pixel_54249,pixel_54250,pixel_54251,pixel_54252,pixel_54253,pixel_54254,pixel_54255,pixel_54256,pixel_54257,pixel_54258,pixel_54259,pixel_54260,pixel_54261,pixel_54262,pixel_54263,pixel_54264,pixel_54265,pixel_54266,pixel_54267,pixel_54268,pixel_54269,pixel_54270,pixel_54271,pixel_54272,pixel_54273,pixel_54274,pixel_54275,pixel_54276,pixel_54277,pixel_54278,pixel_54279,pixel_54280,pixel_54281,pixel_54282,pixel_54283,pixel_54284,pixel_54285,pixel_54286,pixel_54287,pixel_54288,pixel_54289,pixel_54290,pixel_54291,pixel_54292,pixel_54293,pixel_54294,pixel_54295,pixel_54296,pixel_54297,pixel_54298,pixel_54299,pixel_54300,pixel_54301,pixel_54302,pixel_54303,pixel_54304,pixel_54305,pixel_54306,pixel_54307,pixel_54308,pixel_54309,pixel_54310,pixel_54311,pixel_54312,pixel_54313,pixel_54314,pixel_54315,pixel_54316,pixel_54317,pixel_54318,pixel_54319,pixel_54320,pixel_54321,pixel_54322,pixel_54323,pixel_54324,pixel_54325,pixel_54326,pixel_54327,pixel_54328,pixel_54329,pixel_54330,pixel_54331,pixel_54332,pixel_54333,pixel_54334,pixel_54335,pixel_54336,pixel_54337,pixel_54338,pixel_54339,pixel_54340,pixel_54341,pixel_54342,pixel_54343,pixel_54344,pixel_54345,pixel_54346,pixel_54347,pixel_54348,pixel_54349,pixel_54350,pixel_54351,pixel_54352,pixel_54353,pixel_54354,pixel_54355,pixel_54356,pixel_54357,pixel_54358,pixel_54359,pixel_54360,pixel_54361,pixel_54362,pixel_54363,pixel_54364,pixel_54365,pixel_54366,pixel_54367,pixel_54368,pixel_54369,pixel_54370,pixel_54371,pixel_54372,pixel_54373,pixel_54374,pixel_54375,pixel_54376,pixel_54377,pixel_54378,pixel_54379,pixel_54380,pixel_54381,pixel_54382,pixel_54383,pixel_54384,pixel_54385,pixel_54386,pixel_54387,pixel_54388,pixel_54389,pixel_54390,pixel_54391,pixel_54392,pixel_54393,pixel_54394,pixel_54395,pixel_54396,pixel_54397,pixel_54398,pixel_54399,pixel_54400,pixel_54401,pixel_54402,pixel_54403,pixel_54404,pixel_54405,pixel_54406,pixel_54407,pixel_54408,pixel_54409,pixel_54410,pixel_54411,pixel_54412,pixel_54413,pixel_54414,pixel_54415,pixel_54416,pixel_54417,pixel_54418,pixel_54419,pixel_54420,pixel_54421,pixel_54422,pixel_54423,pixel_54424,pixel_54425,pixel_54426,pixel_54427,pixel_54428,pixel_54429,pixel_54430,pixel_54431,pixel_54432,pixel_54433,pixel_54434,pixel_54435,pixel_54436,pixel_54437,pixel_54438,pixel_54439,pixel_54440,pixel_54441,pixel_54442,pixel_54443,pixel_54444,pixel_54445,pixel_54446,pixel_54447,pixel_54448,pixel_54449,pixel_54450,pixel_54451,pixel_54452,pixel_54453,pixel_54454,pixel_54455,pixel_54456,pixel_54457,pixel_54458,pixel_54459,pixel_54460,pixel_54461,pixel_54462,pixel_54463,pixel_54464,pixel_54465,pixel_54466,pixel_54467,pixel_54468,pixel_54469,pixel_54470,pixel_54471,pixel_54472,pixel_54473,pixel_54474,pixel_54475,pixel_54476,pixel_54477,pixel_54478,pixel_54479,pixel_54480,pixel_54481,pixel_54482,pixel_54483,pixel_54484,pixel_54485,pixel_54486,pixel_54487,pixel_54488,pixel_54489,pixel_54490,pixel_54491,pixel_54492,pixel_54493,pixel_54494,pixel_54495,pixel_54496,pixel_54497,pixel_54498,pixel_54499,pixel_54500,pixel_54501,pixel_54502,pixel_54503,pixel_54504,pixel_54505,pixel_54506,pixel_54507,pixel_54508,pixel_54509,pixel_54510,pixel_54511,pixel_54512,pixel_54513,pixel_54514,pixel_54515,pixel_54516,pixel_54517,pixel_54518,pixel_54519,pixel_54520,pixel_54521,pixel_54522,pixel_54523,pixel_54524,pixel_54525,pixel_54526,pixel_54527,pixel_54528,pixel_54529,pixel_54530,pixel_54531,pixel_54532,pixel_54533,pixel_54534,pixel_54535,pixel_54536,pixel_54537,pixel_54538,pixel_54539,pixel_54540,pixel_54541,pixel_54542,pixel_54543,pixel_54544,pixel_54545,pixel_54546,pixel_54547,pixel_54548,pixel_54549,pixel_54550,pixel_54551,pixel_54552,pixel_54553,pixel_54554,pixel_54555,pixel_54556,pixel_54557,pixel_54558,pixel_54559,pixel_54560,pixel_54561,pixel_54562,pixel_54563,pixel_54564,pixel_54565,pixel_54566,pixel_54567,pixel_54568,pixel_54569,pixel_54570,pixel_54571,pixel_54572,pixel_54573,pixel_54574,pixel_54575,pixel_54576,pixel_54577,pixel_54578,pixel_54579,pixel_54580,pixel_54581,pixel_54582,pixel_54583,pixel_54584,pixel_54585,pixel_54586,pixel_54587,pixel_54588,pixel_54589,pixel_54590,pixel_54591,pixel_54592,pixel_54593,pixel_54594,pixel_54595,pixel_54596,pixel_54597,pixel_54598,pixel_54599,pixel_54600,pixel_54601,pixel_54602,pixel_54603,pixel_54604,pixel_54605,pixel_54606,pixel_54607,pixel_54608,pixel_54609,pixel_54610,pixel_54611,pixel_54612,pixel_54613,pixel_54614,pixel_54615,pixel_54616,pixel_54617,pixel_54618,pixel_54619,pixel_54620,pixel_54621,pixel_54622,pixel_54623,pixel_54624,pixel_54625,pixel_54626,pixel_54627,pixel_54628,pixel_54629,pixel_54630,pixel_54631,pixel_54632,pixel_54633,pixel_54634,pixel_54635,pixel_54636,pixel_54637,pixel_54638,pixel_54639,pixel_54640,pixel_54641,pixel_54642,pixel_54643,pixel_54644,pixel_54645,pixel_54646,pixel_54647,pixel_54648,pixel_54649,pixel_54650,pixel_54651,pixel_54652,pixel_54653,pixel_54654,pixel_54655,pixel_54656,pixel_54657,pixel_54658,pixel_54659,pixel_54660,pixel_54661,pixel_54662,pixel_54663,pixel_54664,pixel_54665,pixel_54666,pixel_54667,pixel_54668,pixel_54669,pixel_54670,pixel_54671,pixel_54672,pixel_54673,pixel_54674,pixel_54675,pixel_54676,pixel_54677,pixel_54678,pixel_54679,pixel_54680,pixel_54681,pixel_54682,pixel_54683,pixel_54684,pixel_54685,pixel_54686,pixel_54687,pixel_54688,pixel_54689,pixel_54690,pixel_54691,pixel_54692,pixel_54693,pixel_54694,pixel_54695,pixel_54696,pixel_54697,pixel_54698,pixel_54699,pixel_54700,pixel_54701,pixel_54702,pixel_54703,pixel_54704,pixel_54705,pixel_54706,pixel_54707,pixel_54708,pixel_54709,pixel_54710,pixel_54711,pixel_54712,pixel_54713,pixel_54714,pixel_54715,pixel_54716,pixel_54717,pixel_54718,pixel_54719,pixel_54720,pixel_54721,pixel_54722,pixel_54723,pixel_54724,pixel_54725,pixel_54726,pixel_54727,pixel_54728,pixel_54729,pixel_54730,pixel_54731,pixel_54732,pixel_54733,pixel_54734,pixel_54735,pixel_54736,pixel_54737,pixel_54738,pixel_54739,pixel_54740,pixel_54741,pixel_54742,pixel_54743,pixel_54744,pixel_54745,pixel_54746,pixel_54747,pixel_54748,pixel_54749,pixel_54750,pixel_54751,pixel_54752,pixel_54753,pixel_54754,pixel_54755,pixel_54756,pixel_54757,pixel_54758,pixel_54759,pixel_54760,pixel_54761,pixel_54762,pixel_54763,pixel_54764,pixel_54765,pixel_54766,pixel_54767,pixel_54768,pixel_54769,pixel_54770,pixel_54771,pixel_54772,pixel_54773,pixel_54774,pixel_54775,pixel_54776,pixel_54777,pixel_54778,pixel_54779,pixel_54780,pixel_54781,pixel_54782,pixel_54783,pixel_54784,pixel_54785,pixel_54786,pixel_54787,pixel_54788,pixel_54789,pixel_54790,pixel_54791,pixel_54792,pixel_54793,pixel_54794,pixel_54795,pixel_54796,pixel_54797,pixel_54798,pixel_54799,pixel_54800,pixel_54801,pixel_54802,pixel_54803,pixel_54804,pixel_54805,pixel_54806,pixel_54807,pixel_54808,pixel_54809,pixel_54810,pixel_54811,pixel_54812,pixel_54813,pixel_54814,pixel_54815,pixel_54816,pixel_54817,pixel_54818,pixel_54819,pixel_54820,pixel_54821,pixel_54822,pixel_54823,pixel_54824,pixel_54825,pixel_54826,pixel_54827,pixel_54828,pixel_54829,pixel_54830,pixel_54831,pixel_54832,pixel_54833,pixel_54834,pixel_54835,pixel_54836,pixel_54837,pixel_54838,pixel_54839,pixel_54840,pixel_54841,pixel_54842,pixel_54843,pixel_54844,pixel_54845,pixel_54846,pixel_54847,pixel_54848,pixel_54849,pixel_54850,pixel_54851,pixel_54852,pixel_54853,pixel_54854,pixel_54855,pixel_54856,pixel_54857,pixel_54858,pixel_54859,pixel_54860,pixel_54861,pixel_54862,pixel_54863,pixel_54864,pixel_54865,pixel_54866,pixel_54867,pixel_54868,pixel_54869,pixel_54870,pixel_54871,pixel_54872,pixel_54873,pixel_54874,pixel_54875,pixel_54876,pixel_54877,pixel_54878,pixel_54879,pixel_54880,pixel_54881,pixel_54882,pixel_54883,pixel_54884,pixel_54885,pixel_54886,pixel_54887,pixel_54888,pixel_54889,pixel_54890,pixel_54891,pixel_54892,pixel_54893,pixel_54894,pixel_54895,pixel_54896,pixel_54897,pixel_54898,pixel_54899,pixel_54900,pixel_54901,pixel_54902,pixel_54903,pixel_54904,pixel_54905,pixel_54906,pixel_54907,pixel_54908,pixel_54909,pixel_54910,pixel_54911,pixel_54912,pixel_54913,pixel_54914,pixel_54915,pixel_54916,pixel_54917,pixel_54918,pixel_54919,pixel_54920,pixel_54921,pixel_54922,pixel_54923,pixel_54924,pixel_54925,pixel_54926,pixel_54927,pixel_54928,pixel_54929,pixel_54930,pixel_54931,pixel_54932,pixel_54933,pixel_54934,pixel_54935,pixel_54936,pixel_54937,pixel_54938,pixel_54939,pixel_54940,pixel_54941,pixel_54942,pixel_54943,pixel_54944,pixel_54945,pixel_54946,pixel_54947,pixel_54948,pixel_54949,pixel_54950,pixel_54951,pixel_54952,pixel_54953,pixel_54954,pixel_54955,pixel_54956,pixel_54957,pixel_54958,pixel_54959,pixel_54960,pixel_54961,pixel_54962,pixel_54963,pixel_54964,pixel_54965,pixel_54966,pixel_54967,pixel_54968,pixel_54969,pixel_54970,pixel_54971,pixel_54972,pixel_54973,pixel_54974,pixel_54975,pixel_54976,pixel_54977,pixel_54978,pixel_54979,pixel_54980,pixel_54981,pixel_54982,pixel_54983,pixel_54984,pixel_54985,pixel_54986,pixel_54987,pixel_54988,pixel_54989,pixel_54990,pixel_54991,pixel_54992,pixel_54993,pixel_54994,pixel_54995,pixel_54996,pixel_54997,pixel_54998,pixel_54999,pixel_55000,pixel_55001,pixel_55002,pixel_55003,pixel_55004,pixel_55005,pixel_55006,pixel_55007,pixel_55008,pixel_55009,pixel_55010,pixel_55011,pixel_55012,pixel_55013,pixel_55014,pixel_55015,pixel_55016,pixel_55017,pixel_55018,pixel_55019,pixel_55020,pixel_55021,pixel_55022,pixel_55023,pixel_55024,pixel_55025,pixel_55026,pixel_55027,pixel_55028,pixel_55029,pixel_55030,pixel_55031,pixel_55032,pixel_55033,pixel_55034,pixel_55035,pixel_55036,pixel_55037,pixel_55038,pixel_55039,pixel_55040,pixel_55041,pixel_55042,pixel_55043,pixel_55044,pixel_55045,pixel_55046,pixel_55047,pixel_55048,pixel_55049,pixel_55050,pixel_55051,pixel_55052,pixel_55053,pixel_55054,pixel_55055,pixel_55056,pixel_55057,pixel_55058,pixel_55059,pixel_55060,pixel_55061,pixel_55062,pixel_55063,pixel_55064,pixel_55065,pixel_55066,pixel_55067,pixel_55068,pixel_55069,pixel_55070,pixel_55071,pixel_55072,pixel_55073,pixel_55074,pixel_55075,pixel_55076,pixel_55077,pixel_55078,pixel_55079,pixel_55080,pixel_55081,pixel_55082,pixel_55083,pixel_55084,pixel_55085,pixel_55086,pixel_55087,pixel_55088,pixel_55089,pixel_55090,pixel_55091,pixel_55092,pixel_55093,pixel_55094,pixel_55095,pixel_55096,pixel_55097,pixel_55098,pixel_55099,pixel_55100,pixel_55101,pixel_55102,pixel_55103,pixel_55104,pixel_55105,pixel_55106,pixel_55107,pixel_55108,pixel_55109,pixel_55110,pixel_55111,pixel_55112,pixel_55113,pixel_55114,pixel_55115,pixel_55116,pixel_55117,pixel_55118,pixel_55119,pixel_55120,pixel_55121,pixel_55122,pixel_55123,pixel_55124,pixel_55125,pixel_55126,pixel_55127,pixel_55128,pixel_55129,pixel_55130,pixel_55131,pixel_55132,pixel_55133,pixel_55134,pixel_55135,pixel_55136,pixel_55137,pixel_55138,pixel_55139,pixel_55140,pixel_55141,pixel_55142,pixel_55143,pixel_55144,pixel_55145,pixel_55146,pixel_55147,pixel_55148,pixel_55149,pixel_55150,pixel_55151,pixel_55152,pixel_55153,pixel_55154,pixel_55155,pixel_55156,pixel_55157,pixel_55158,pixel_55159,pixel_55160,pixel_55161,pixel_55162,pixel_55163,pixel_55164,pixel_55165,pixel_55166,pixel_55167,pixel_55168,pixel_55169,pixel_55170,pixel_55171,pixel_55172,pixel_55173,pixel_55174,pixel_55175,pixel_55176,pixel_55177,pixel_55178,pixel_55179,pixel_55180,pixel_55181,pixel_55182,pixel_55183,pixel_55184,pixel_55185,pixel_55186,pixel_55187,pixel_55188,pixel_55189,pixel_55190,pixel_55191,pixel_55192,pixel_55193,pixel_55194,pixel_55195,pixel_55196,pixel_55197,pixel_55198,pixel_55199,pixel_55200,pixel_55201,pixel_55202,pixel_55203,pixel_55204,pixel_55205,pixel_55206,pixel_55207,pixel_55208,pixel_55209,pixel_55210,pixel_55211,pixel_55212,pixel_55213,pixel_55214,pixel_55215,pixel_55216,pixel_55217,pixel_55218,pixel_55219,pixel_55220,pixel_55221,pixel_55222,pixel_55223,pixel_55224,pixel_55225,pixel_55226,pixel_55227,pixel_55228,pixel_55229,pixel_55230,pixel_55231,pixel_55232,pixel_55233,pixel_55234,pixel_55235,pixel_55236,pixel_55237,pixel_55238,pixel_55239,pixel_55240,pixel_55241,pixel_55242,pixel_55243,pixel_55244,pixel_55245,pixel_55246,pixel_55247,pixel_55248,pixel_55249,pixel_55250,pixel_55251,pixel_55252,pixel_55253,pixel_55254,pixel_55255,pixel_55256,pixel_55257,pixel_55258,pixel_55259,pixel_55260,pixel_55261,pixel_55262,pixel_55263,pixel_55264,pixel_55265,pixel_55266,pixel_55267,pixel_55268,pixel_55269,pixel_55270,pixel_55271,pixel_55272,pixel_55273,pixel_55274,pixel_55275,pixel_55276,pixel_55277,pixel_55278,pixel_55279,pixel_55280,pixel_55281,pixel_55282,pixel_55283,pixel_55284,pixel_55285,pixel_55286,pixel_55287,pixel_55288,pixel_55289,pixel_55290,pixel_55291,pixel_55292,pixel_55293,pixel_55294,pixel_55295,pixel_55296,pixel_55297,pixel_55298,pixel_55299,pixel_55300,pixel_55301,pixel_55302,pixel_55303,pixel_55304,pixel_55305,pixel_55306,pixel_55307,pixel_55308,pixel_55309,pixel_55310,pixel_55311,pixel_55312,pixel_55313,pixel_55314,pixel_55315,pixel_55316,pixel_55317,pixel_55318,pixel_55319,pixel_55320,pixel_55321,pixel_55322,pixel_55323,pixel_55324,pixel_55325,pixel_55326,pixel_55327,pixel_55328,pixel_55329,pixel_55330,pixel_55331,pixel_55332,pixel_55333,pixel_55334,pixel_55335,pixel_55336,pixel_55337,pixel_55338,pixel_55339,pixel_55340,pixel_55341,pixel_55342,pixel_55343,pixel_55344,pixel_55345,pixel_55346,pixel_55347,pixel_55348,pixel_55349,pixel_55350,pixel_55351,pixel_55352,pixel_55353,pixel_55354,pixel_55355,pixel_55356,pixel_55357,pixel_55358,pixel_55359,pixel_55360,pixel_55361,pixel_55362,pixel_55363,pixel_55364,pixel_55365,pixel_55366,pixel_55367,pixel_55368,pixel_55369,pixel_55370,pixel_55371,pixel_55372,pixel_55373,pixel_55374,pixel_55375,pixel_55376,pixel_55377,pixel_55378,pixel_55379,pixel_55380,pixel_55381,pixel_55382,pixel_55383,pixel_55384,pixel_55385,pixel_55386,pixel_55387,pixel_55388,pixel_55389,pixel_55390,pixel_55391,pixel_55392,pixel_55393,pixel_55394,pixel_55395,pixel_55396,pixel_55397,pixel_55398,pixel_55399,pixel_55400,pixel_55401,pixel_55402,pixel_55403,pixel_55404,pixel_55405,pixel_55406,pixel_55407,pixel_55408,pixel_55409,pixel_55410,pixel_55411,pixel_55412,pixel_55413,pixel_55414,pixel_55415,pixel_55416,pixel_55417,pixel_55418,pixel_55419,pixel_55420,pixel_55421,pixel_55422,pixel_55423,pixel_55424,pixel_55425,pixel_55426,pixel_55427,pixel_55428,pixel_55429,pixel_55430,pixel_55431,pixel_55432,pixel_55433,pixel_55434,pixel_55435,pixel_55436,pixel_55437,pixel_55438,pixel_55439,pixel_55440,pixel_55441,pixel_55442,pixel_55443,pixel_55444,pixel_55445,pixel_55446,pixel_55447,pixel_55448,pixel_55449,pixel_55450,pixel_55451,pixel_55452,pixel_55453,pixel_55454,pixel_55455,pixel_55456,pixel_55457,pixel_55458,pixel_55459,pixel_55460,pixel_55461,pixel_55462,pixel_55463,pixel_55464,pixel_55465,pixel_55466,pixel_55467,pixel_55468,pixel_55469,pixel_55470,pixel_55471,pixel_55472,pixel_55473,pixel_55474,pixel_55475,pixel_55476,pixel_55477,pixel_55478,pixel_55479,pixel_55480,pixel_55481,pixel_55482,pixel_55483,pixel_55484,pixel_55485,pixel_55486,pixel_55487,pixel_55488,pixel_55489,pixel_55490,pixel_55491,pixel_55492,pixel_55493,pixel_55494,pixel_55495,pixel_55496,pixel_55497,pixel_55498,pixel_55499,pixel_55500,pixel_55501,pixel_55502,pixel_55503,pixel_55504,pixel_55505,pixel_55506,pixel_55507,pixel_55508,pixel_55509,pixel_55510,pixel_55511,pixel_55512,pixel_55513,pixel_55514,pixel_55515,pixel_55516,pixel_55517,pixel_55518,pixel_55519,pixel_55520,pixel_55521,pixel_55522,pixel_55523,pixel_55524,pixel_55525,pixel_55526,pixel_55527,pixel_55528,pixel_55529,pixel_55530,pixel_55531,pixel_55532,pixel_55533,pixel_55534,pixel_55535,pixel_55536,pixel_55537,pixel_55538,pixel_55539,pixel_55540,pixel_55541,pixel_55542,pixel_55543,pixel_55544,pixel_55545,pixel_55546,pixel_55547,pixel_55548,pixel_55549,pixel_55550,pixel_55551,pixel_55552,pixel_55553,pixel_55554,pixel_55555,pixel_55556,pixel_55557,pixel_55558,pixel_55559,pixel_55560,pixel_55561,pixel_55562,pixel_55563,pixel_55564,pixel_55565,pixel_55566,pixel_55567,pixel_55568,pixel_55569,pixel_55570,pixel_55571,pixel_55572,pixel_55573,pixel_55574,pixel_55575,pixel_55576,pixel_55577,pixel_55578,pixel_55579,pixel_55580,pixel_55581,pixel_55582,pixel_55583,pixel_55584,pixel_55585,pixel_55586,pixel_55587,pixel_55588,pixel_55589,pixel_55590,pixel_55591,pixel_55592,pixel_55593,pixel_55594,pixel_55595,pixel_55596,pixel_55597,pixel_55598,pixel_55599,pixel_55600,pixel_55601,pixel_55602,pixel_55603,pixel_55604,pixel_55605,pixel_55606,pixel_55607,pixel_55608,pixel_55609,pixel_55610,pixel_55611,pixel_55612,pixel_55613,pixel_55614,pixel_55615,pixel_55616,pixel_55617,pixel_55618,pixel_55619,pixel_55620,pixel_55621,pixel_55622,pixel_55623,pixel_55624,pixel_55625,pixel_55626,pixel_55627,pixel_55628,pixel_55629,pixel_55630,pixel_55631,pixel_55632,pixel_55633,pixel_55634,pixel_55635,pixel_55636,pixel_55637,pixel_55638,pixel_55639,pixel_55640,pixel_55641,pixel_55642,pixel_55643,pixel_55644,pixel_55645,pixel_55646,pixel_55647,pixel_55648,pixel_55649,pixel_55650,pixel_55651,pixel_55652,pixel_55653,pixel_55654,pixel_55655,pixel_55656,pixel_55657,pixel_55658,pixel_55659,pixel_55660,pixel_55661,pixel_55662,pixel_55663,pixel_55664,pixel_55665,pixel_55666,pixel_55667,pixel_55668,pixel_55669,pixel_55670,pixel_55671,pixel_55672,pixel_55673,pixel_55674,pixel_55675,pixel_55676,pixel_55677,pixel_55678,pixel_55679,pixel_55680,pixel_55681,pixel_55682,pixel_55683,pixel_55684,pixel_55685,pixel_55686,pixel_55687,pixel_55688,pixel_55689,pixel_55690,pixel_55691,pixel_55692,pixel_55693,pixel_55694,pixel_55695,pixel_55696,pixel_55697,pixel_55698,pixel_55699,pixel_55700,pixel_55701,pixel_55702,pixel_55703,pixel_55704,pixel_55705,pixel_55706,pixel_55707,pixel_55708,pixel_55709,pixel_55710,pixel_55711,pixel_55712,pixel_55713,pixel_55714,pixel_55715,pixel_55716,pixel_55717,pixel_55718,pixel_55719,pixel_55720,pixel_55721,pixel_55722,pixel_55723,pixel_55724,pixel_55725,pixel_55726,pixel_55727,pixel_55728,pixel_55729,pixel_55730,pixel_55731,pixel_55732,pixel_55733,pixel_55734,pixel_55735,pixel_55736,pixel_55737,pixel_55738,pixel_55739,pixel_55740,pixel_55741,pixel_55742,pixel_55743,pixel_55744,pixel_55745,pixel_55746,pixel_55747,pixel_55748,pixel_55749,pixel_55750,pixel_55751,pixel_55752,pixel_55753,pixel_55754,pixel_55755,pixel_55756,pixel_55757,pixel_55758,pixel_55759,pixel_55760,pixel_55761,pixel_55762,pixel_55763,pixel_55764,pixel_55765,pixel_55766,pixel_55767,pixel_55768,pixel_55769,pixel_55770,pixel_55771,pixel_55772,pixel_55773,pixel_55774,pixel_55775,pixel_55776,pixel_55777,pixel_55778,pixel_55779,pixel_55780,pixel_55781,pixel_55782,pixel_55783,pixel_55784,pixel_55785,pixel_55786,pixel_55787,pixel_55788,pixel_55789,pixel_55790,pixel_55791,pixel_55792,pixel_55793,pixel_55794,pixel_55795,pixel_55796,pixel_55797,pixel_55798,pixel_55799,pixel_55800,pixel_55801,pixel_55802,pixel_55803,pixel_55804,pixel_55805,pixel_55806,pixel_55807,pixel_55808,pixel_55809,pixel_55810,pixel_55811,pixel_55812,pixel_55813,pixel_55814,pixel_55815,pixel_55816,pixel_55817,pixel_55818,pixel_55819,pixel_55820,pixel_55821,pixel_55822,pixel_55823,pixel_55824,pixel_55825,pixel_55826,pixel_55827,pixel_55828,pixel_55829,pixel_55830,pixel_55831,pixel_55832,pixel_55833,pixel_55834,pixel_55835,pixel_55836,pixel_55837,pixel_55838,pixel_55839,pixel_55840,pixel_55841,pixel_55842,pixel_55843,pixel_55844,pixel_55845,pixel_55846,pixel_55847,pixel_55848,pixel_55849,pixel_55850,pixel_55851,pixel_55852,pixel_55853,pixel_55854,pixel_55855,pixel_55856,pixel_55857,pixel_55858,pixel_55859,pixel_55860,pixel_55861,pixel_55862,pixel_55863,pixel_55864,pixel_55865,pixel_55866,pixel_55867,pixel_55868,pixel_55869,pixel_55870,pixel_55871,pixel_55872,pixel_55873,pixel_55874,pixel_55875,pixel_55876,pixel_55877,pixel_55878,pixel_55879,pixel_55880,pixel_55881,pixel_55882,pixel_55883,pixel_55884,pixel_55885,pixel_55886,pixel_55887,pixel_55888,pixel_55889,pixel_55890,pixel_55891,pixel_55892,pixel_55893,pixel_55894,pixel_55895,pixel_55896,pixel_55897,pixel_55898,pixel_55899,pixel_55900,pixel_55901,pixel_55902,pixel_55903,pixel_55904,pixel_55905,pixel_55906,pixel_55907,pixel_55908,pixel_55909,pixel_55910,pixel_55911,pixel_55912,pixel_55913,pixel_55914,pixel_55915,pixel_55916,pixel_55917,pixel_55918,pixel_55919,pixel_55920,pixel_55921,pixel_55922,pixel_55923,pixel_55924,pixel_55925,pixel_55926,pixel_55927,pixel_55928,pixel_55929,pixel_55930,pixel_55931,pixel_55932,pixel_55933,pixel_55934,pixel_55935,pixel_55936,pixel_55937,pixel_55938,pixel_55939,pixel_55940,pixel_55941,pixel_55942,pixel_55943,pixel_55944,pixel_55945,pixel_55946,pixel_55947,pixel_55948,pixel_55949,pixel_55950,pixel_55951,pixel_55952,pixel_55953,pixel_55954,pixel_55955,pixel_55956,pixel_55957,pixel_55958,pixel_55959,pixel_55960,pixel_55961,pixel_55962,pixel_55963,pixel_55964,pixel_55965,pixel_55966,pixel_55967,pixel_55968,pixel_55969,pixel_55970,pixel_55971,pixel_55972,pixel_55973,pixel_55974,pixel_55975,pixel_55976,pixel_55977,pixel_55978,pixel_55979,pixel_55980,pixel_55981,pixel_55982,pixel_55983,pixel_55984,pixel_55985,pixel_55986,pixel_55987,pixel_55988,pixel_55989,pixel_55990,pixel_55991,pixel_55992,pixel_55993,pixel_55994,pixel_55995,pixel_55996,pixel_55997,pixel_55998,pixel_55999,pixel_56000,pixel_56001,pixel_56002,pixel_56003,pixel_56004,pixel_56005,pixel_56006,pixel_56007,pixel_56008,pixel_56009,pixel_56010,pixel_56011,pixel_56012,pixel_56013,pixel_56014,pixel_56015,pixel_56016,pixel_56017,pixel_56018,pixel_56019,pixel_56020,pixel_56021,pixel_56022,pixel_56023,pixel_56024,pixel_56025,pixel_56026,pixel_56027,pixel_56028,pixel_56029,pixel_56030,pixel_56031,pixel_56032,pixel_56033,pixel_56034,pixel_56035,pixel_56036,pixel_56037,pixel_56038,pixel_56039,pixel_56040,pixel_56041,pixel_56042,pixel_56043,pixel_56044,pixel_56045,pixel_56046,pixel_56047,pixel_56048,pixel_56049,pixel_56050,pixel_56051,pixel_56052,pixel_56053,pixel_56054,pixel_56055,pixel_56056,pixel_56057,pixel_56058,pixel_56059,pixel_56060,pixel_56061,pixel_56062,pixel_56063,pixel_56064,pixel_56065,pixel_56066,pixel_56067,pixel_56068,pixel_56069,pixel_56070,pixel_56071,pixel_56072,pixel_56073,pixel_56074,pixel_56075,pixel_56076,pixel_56077,pixel_56078,pixel_56079,pixel_56080,pixel_56081,pixel_56082,pixel_56083,pixel_56084,pixel_56085,pixel_56086,pixel_56087,pixel_56088,pixel_56089,pixel_56090,pixel_56091,pixel_56092,pixel_56093,pixel_56094,pixel_56095,pixel_56096,pixel_56097,pixel_56098,pixel_56099,pixel_56100,pixel_56101,pixel_56102,pixel_56103,pixel_56104,pixel_56105,pixel_56106,pixel_56107,pixel_56108,pixel_56109,pixel_56110,pixel_56111,pixel_56112,pixel_56113,pixel_56114,pixel_56115,pixel_56116,pixel_56117,pixel_56118,pixel_56119,pixel_56120,pixel_56121,pixel_56122,pixel_56123,pixel_56124,pixel_56125,pixel_56126,pixel_56127,pixel_56128,pixel_56129,pixel_56130,pixel_56131,pixel_56132,pixel_56133,pixel_56134,pixel_56135,pixel_56136,pixel_56137,pixel_56138,pixel_56139,pixel_56140,pixel_56141,pixel_56142,pixel_56143,pixel_56144,pixel_56145,pixel_56146,pixel_56147,pixel_56148,pixel_56149,pixel_56150,pixel_56151,pixel_56152,pixel_56153,pixel_56154,pixel_56155,pixel_56156,pixel_56157,pixel_56158,pixel_56159,pixel_56160,pixel_56161,pixel_56162,pixel_56163,pixel_56164,pixel_56165,pixel_56166,pixel_56167,pixel_56168,pixel_56169,pixel_56170,pixel_56171,pixel_56172,pixel_56173,pixel_56174,pixel_56175,pixel_56176,pixel_56177,pixel_56178,pixel_56179,pixel_56180,pixel_56181,pixel_56182,pixel_56183,pixel_56184,pixel_56185,pixel_56186,pixel_56187,pixel_56188,pixel_56189,pixel_56190,pixel_56191,pixel_56192,pixel_56193,pixel_56194,pixel_56195,pixel_56196,pixel_56197,pixel_56198,pixel_56199,pixel_56200,pixel_56201,pixel_56202,pixel_56203,pixel_56204,pixel_56205,pixel_56206,pixel_56207,pixel_56208,pixel_56209,pixel_56210,pixel_56211,pixel_56212,pixel_56213,pixel_56214,pixel_56215,pixel_56216,pixel_56217,pixel_56218,pixel_56219,pixel_56220,pixel_56221,pixel_56222,pixel_56223,pixel_56224,pixel_56225,pixel_56226,pixel_56227,pixel_56228,pixel_56229,pixel_56230,pixel_56231,pixel_56232,pixel_56233,pixel_56234,pixel_56235,pixel_56236,pixel_56237,pixel_56238,pixel_56239,pixel_56240,pixel_56241,pixel_56242,pixel_56243,pixel_56244,pixel_56245,pixel_56246,pixel_56247,pixel_56248,pixel_56249,pixel_56250,pixel_56251,pixel_56252,pixel_56253,pixel_56254,pixel_56255,pixel_56256,pixel_56257,pixel_56258,pixel_56259,pixel_56260,pixel_56261,pixel_56262,pixel_56263,pixel_56264,pixel_56265,pixel_56266,pixel_56267,pixel_56268,pixel_56269,pixel_56270,pixel_56271,pixel_56272,pixel_56273,pixel_56274,pixel_56275,pixel_56276,pixel_56277,pixel_56278,pixel_56279,pixel_56280,pixel_56281,pixel_56282,pixel_56283,pixel_56284,pixel_56285,pixel_56286,pixel_56287,pixel_56288,pixel_56289,pixel_56290,pixel_56291,pixel_56292,pixel_56293,pixel_56294,pixel_56295,pixel_56296,pixel_56297,pixel_56298,pixel_56299,pixel_56300,pixel_56301,pixel_56302,pixel_56303,pixel_56304,pixel_56305,pixel_56306,pixel_56307,pixel_56308,pixel_56309,pixel_56310,pixel_56311,pixel_56312,pixel_56313,pixel_56314,pixel_56315,pixel_56316,pixel_56317,pixel_56318,pixel_56319,pixel_56320,pixel_56321,pixel_56322,pixel_56323,pixel_56324,pixel_56325,pixel_56326,pixel_56327,pixel_56328,pixel_56329,pixel_56330,pixel_56331,pixel_56332,pixel_56333,pixel_56334,pixel_56335,pixel_56336,pixel_56337,pixel_56338,pixel_56339,pixel_56340,pixel_56341,pixel_56342,pixel_56343,pixel_56344,pixel_56345,pixel_56346,pixel_56347,pixel_56348,pixel_56349,pixel_56350,pixel_56351,pixel_56352,pixel_56353,pixel_56354,pixel_56355,pixel_56356,pixel_56357,pixel_56358,pixel_56359,pixel_56360,pixel_56361,pixel_56362,pixel_56363,pixel_56364,pixel_56365,pixel_56366,pixel_56367,pixel_56368,pixel_56369,pixel_56370,pixel_56371,pixel_56372,pixel_56373,pixel_56374,pixel_56375,pixel_56376,pixel_56377,pixel_56378,pixel_56379,pixel_56380,pixel_56381,pixel_56382,pixel_56383,pixel_56384,pixel_56385,pixel_56386,pixel_56387,pixel_56388,pixel_56389,pixel_56390,pixel_56391,pixel_56392,pixel_56393,pixel_56394,pixel_56395,pixel_56396,pixel_56397,pixel_56398,pixel_56399,pixel_56400,pixel_56401,pixel_56402,pixel_56403,pixel_56404,pixel_56405,pixel_56406,pixel_56407,pixel_56408,pixel_56409,pixel_56410,pixel_56411,pixel_56412,pixel_56413,pixel_56414,pixel_56415,pixel_56416,pixel_56417,pixel_56418,pixel_56419,pixel_56420,pixel_56421,pixel_56422,pixel_56423,pixel_56424,pixel_56425,pixel_56426,pixel_56427,pixel_56428,pixel_56429,pixel_56430,pixel_56431,pixel_56432,pixel_56433,pixel_56434,pixel_56435,pixel_56436,pixel_56437,pixel_56438,pixel_56439,pixel_56440,pixel_56441,pixel_56442,pixel_56443,pixel_56444,pixel_56445,pixel_56446,pixel_56447,pixel_56448,pixel_56449,pixel_56450,pixel_56451,pixel_56452,pixel_56453,pixel_56454,pixel_56455,pixel_56456,pixel_56457,pixel_56458,pixel_56459,pixel_56460,pixel_56461,pixel_56462,pixel_56463,pixel_56464,pixel_56465,pixel_56466,pixel_56467,pixel_56468,pixel_56469,pixel_56470,pixel_56471,pixel_56472,pixel_56473,pixel_56474,pixel_56475,pixel_56476,pixel_56477,pixel_56478,pixel_56479,pixel_56480,pixel_56481,pixel_56482,pixel_56483,pixel_56484,pixel_56485,pixel_56486,pixel_56487,pixel_56488,pixel_56489,pixel_56490,pixel_56491,pixel_56492,pixel_56493,pixel_56494,pixel_56495,pixel_56496,pixel_56497,pixel_56498,pixel_56499,pixel_56500,pixel_56501,pixel_56502,pixel_56503,pixel_56504,pixel_56505,pixel_56506,pixel_56507,pixel_56508,pixel_56509,pixel_56510,pixel_56511,pixel_56512,pixel_56513,pixel_56514,pixel_56515,pixel_56516,pixel_56517,pixel_56518,pixel_56519,pixel_56520,pixel_56521,pixel_56522,pixel_56523,pixel_56524,pixel_56525,pixel_56526,pixel_56527,pixel_56528,pixel_56529,pixel_56530,pixel_56531,pixel_56532,pixel_56533,pixel_56534,pixel_56535,pixel_56536,pixel_56537,pixel_56538,pixel_56539,pixel_56540,pixel_56541,pixel_56542,pixel_56543,pixel_56544,pixel_56545,pixel_56546,pixel_56547,pixel_56548,pixel_56549,pixel_56550,pixel_56551,pixel_56552,pixel_56553,pixel_56554,pixel_56555,pixel_56556,pixel_56557,pixel_56558,pixel_56559,pixel_56560,pixel_56561,pixel_56562,pixel_56563,pixel_56564,pixel_56565,pixel_56566,pixel_56567,pixel_56568,pixel_56569,pixel_56570,pixel_56571,pixel_56572,pixel_56573,pixel_56574,pixel_56575,pixel_56576,pixel_56577,pixel_56578,pixel_56579,pixel_56580,pixel_56581,pixel_56582,pixel_56583,pixel_56584,pixel_56585,pixel_56586,pixel_56587,pixel_56588,pixel_56589,pixel_56590,pixel_56591,pixel_56592,pixel_56593,pixel_56594,pixel_56595,pixel_56596,pixel_56597,pixel_56598,pixel_56599,pixel_56600,pixel_56601,pixel_56602,pixel_56603,pixel_56604,pixel_56605,pixel_56606,pixel_56607,pixel_56608,pixel_56609,pixel_56610,pixel_56611,pixel_56612,pixel_56613,pixel_56614,pixel_56615,pixel_56616,pixel_56617,pixel_56618,pixel_56619,pixel_56620,pixel_56621,pixel_56622,pixel_56623,pixel_56624,pixel_56625,pixel_56626,pixel_56627,pixel_56628,pixel_56629,pixel_56630,pixel_56631,pixel_56632,pixel_56633,pixel_56634,pixel_56635,pixel_56636,pixel_56637,pixel_56638,pixel_56639,pixel_56640,pixel_56641,pixel_56642,pixel_56643,pixel_56644,pixel_56645,pixel_56646,pixel_56647,pixel_56648,pixel_56649,pixel_56650,pixel_56651,pixel_56652,pixel_56653,pixel_56654,pixel_56655,pixel_56656,pixel_56657,pixel_56658,pixel_56659,pixel_56660,pixel_56661,pixel_56662,pixel_56663,pixel_56664,pixel_56665,pixel_56666,pixel_56667,pixel_56668,pixel_56669,pixel_56670,pixel_56671,pixel_56672,pixel_56673,pixel_56674,pixel_56675,pixel_56676,pixel_56677,pixel_56678,pixel_56679,pixel_56680,pixel_56681,pixel_56682,pixel_56683,pixel_56684,pixel_56685,pixel_56686,pixel_56687,pixel_56688,pixel_56689,pixel_56690,pixel_56691,pixel_56692,pixel_56693,pixel_56694,pixel_56695,pixel_56696,pixel_56697,pixel_56698,pixel_56699,pixel_56700,pixel_56701,pixel_56702,pixel_56703,pixel_56704,pixel_56705,pixel_56706,pixel_56707,pixel_56708,pixel_56709,pixel_56710,pixel_56711,pixel_56712,pixel_56713,pixel_56714,pixel_56715,pixel_56716,pixel_56717,pixel_56718,pixel_56719,pixel_56720,pixel_56721,pixel_56722,pixel_56723,pixel_56724,pixel_56725,pixel_56726,pixel_56727,pixel_56728,pixel_56729,pixel_56730,pixel_56731,pixel_56732,pixel_56733,pixel_56734,pixel_56735,pixel_56736,pixel_56737,pixel_56738,pixel_56739,pixel_56740,pixel_56741,pixel_56742,pixel_56743,pixel_56744,pixel_56745,pixel_56746,pixel_56747,pixel_56748,pixel_56749,pixel_56750,pixel_56751,pixel_56752,pixel_56753,pixel_56754,pixel_56755,pixel_56756,pixel_56757,pixel_56758,pixel_56759,pixel_56760,pixel_56761,pixel_56762,pixel_56763,pixel_56764,pixel_56765,pixel_56766,pixel_56767,pixel_56768,pixel_56769,pixel_56770,pixel_56771,pixel_56772,pixel_56773,pixel_56774,pixel_56775,pixel_56776,pixel_56777,pixel_56778,pixel_56779,pixel_56780,pixel_56781,pixel_56782,pixel_56783,pixel_56784,pixel_56785,pixel_56786,pixel_56787,pixel_56788,pixel_56789,pixel_56790,pixel_56791,pixel_56792,pixel_56793,pixel_56794,pixel_56795,pixel_56796,pixel_56797,pixel_56798,pixel_56799,pixel_56800,pixel_56801,pixel_56802,pixel_56803,pixel_56804,pixel_56805,pixel_56806,pixel_56807,pixel_56808,pixel_56809,pixel_56810,pixel_56811,pixel_56812,pixel_56813,pixel_56814,pixel_56815,pixel_56816,pixel_56817,pixel_56818,pixel_56819,pixel_56820,pixel_56821,pixel_56822,pixel_56823,pixel_56824,pixel_56825,pixel_56826,pixel_56827,pixel_56828,pixel_56829,pixel_56830,pixel_56831,pixel_56832,pixel_56833,pixel_56834,pixel_56835,pixel_56836,pixel_56837,pixel_56838,pixel_56839,pixel_56840,pixel_56841,pixel_56842,pixel_56843,pixel_56844,pixel_56845,pixel_56846,pixel_56847,pixel_56848,pixel_56849,pixel_56850,pixel_56851,pixel_56852,pixel_56853,pixel_56854,pixel_56855,pixel_56856,pixel_56857,pixel_56858,pixel_56859,pixel_56860,pixel_56861,pixel_56862,pixel_56863,pixel_56864,pixel_56865,pixel_56866,pixel_56867,pixel_56868,pixel_56869,pixel_56870,pixel_56871,pixel_56872,pixel_56873,pixel_56874,pixel_56875,pixel_56876,pixel_56877,pixel_56878,pixel_56879,pixel_56880,pixel_56881,pixel_56882,pixel_56883,pixel_56884,pixel_56885,pixel_56886,pixel_56887,pixel_56888,pixel_56889,pixel_56890,pixel_56891,pixel_56892,pixel_56893,pixel_56894,pixel_56895,pixel_56896,pixel_56897,pixel_56898,pixel_56899,pixel_56900,pixel_56901,pixel_56902,pixel_56903,pixel_56904,pixel_56905,pixel_56906,pixel_56907,pixel_56908,pixel_56909,pixel_56910,pixel_56911,pixel_56912,pixel_56913,pixel_56914,pixel_56915,pixel_56916,pixel_56917,pixel_56918,pixel_56919,pixel_56920,pixel_56921,pixel_56922,pixel_56923,pixel_56924,pixel_56925,pixel_56926,pixel_56927,pixel_56928,pixel_56929,pixel_56930,pixel_56931,pixel_56932,pixel_56933,pixel_56934,pixel_56935,pixel_56936,pixel_56937,pixel_56938,pixel_56939,pixel_56940,pixel_56941,pixel_56942,pixel_56943,pixel_56944,pixel_56945,pixel_56946,pixel_56947,pixel_56948,pixel_56949,pixel_56950,pixel_56951,pixel_56952,pixel_56953,pixel_56954,pixel_56955,pixel_56956,pixel_56957,pixel_56958,pixel_56959,pixel_56960,pixel_56961,pixel_56962,pixel_56963,pixel_56964,pixel_56965,pixel_56966,pixel_56967,pixel_56968,pixel_56969,pixel_56970,pixel_56971,pixel_56972,pixel_56973,pixel_56974,pixel_56975,pixel_56976,pixel_56977,pixel_56978,pixel_56979,pixel_56980,pixel_56981,pixel_56982,pixel_56983,pixel_56984,pixel_56985,pixel_56986,pixel_56987,pixel_56988,pixel_56989,pixel_56990,pixel_56991,pixel_56992,pixel_56993,pixel_56994,pixel_56995,pixel_56996,pixel_56997,pixel_56998,pixel_56999,pixel_57000,pixel_57001,pixel_57002,pixel_57003,pixel_57004,pixel_57005,pixel_57006,pixel_57007,pixel_57008,pixel_57009,pixel_57010,pixel_57011,pixel_57012,pixel_57013,pixel_57014,pixel_57015,pixel_57016,pixel_57017,pixel_57018,pixel_57019,pixel_57020,pixel_57021,pixel_57022,pixel_57023,pixel_57024,pixel_57025,pixel_57026,pixel_57027,pixel_57028,pixel_57029,pixel_57030,pixel_57031,pixel_57032,pixel_57033,pixel_57034,pixel_57035,pixel_57036,pixel_57037,pixel_57038,pixel_57039,pixel_57040,pixel_57041,pixel_57042,pixel_57043,pixel_57044,pixel_57045,pixel_57046,pixel_57047,pixel_57048,pixel_57049,pixel_57050,pixel_57051,pixel_57052,pixel_57053,pixel_57054,pixel_57055,pixel_57056,pixel_57057,pixel_57058,pixel_57059,pixel_57060,pixel_57061,pixel_57062,pixel_57063,pixel_57064,pixel_57065,pixel_57066,pixel_57067,pixel_57068,pixel_57069,pixel_57070,pixel_57071,pixel_57072,pixel_57073,pixel_57074,pixel_57075,pixel_57076,pixel_57077,pixel_57078,pixel_57079,pixel_57080,pixel_57081,pixel_57082,pixel_57083,pixel_57084,pixel_57085,pixel_57086,pixel_57087,pixel_57088,pixel_57089,pixel_57090,pixel_57091,pixel_57092,pixel_57093,pixel_57094,pixel_57095,pixel_57096,pixel_57097,pixel_57098,pixel_57099,pixel_57100,pixel_57101,pixel_57102,pixel_57103,pixel_57104,pixel_57105,pixel_57106,pixel_57107,pixel_57108,pixel_57109,pixel_57110,pixel_57111,pixel_57112,pixel_57113,pixel_57114,pixel_57115,pixel_57116,pixel_57117,pixel_57118,pixel_57119,pixel_57120,pixel_57121,pixel_57122,pixel_57123,pixel_57124,pixel_57125,pixel_57126,pixel_57127,pixel_57128,pixel_57129,pixel_57130,pixel_57131,pixel_57132,pixel_57133,pixel_57134,pixel_57135,pixel_57136,pixel_57137,pixel_57138,pixel_57139,pixel_57140,pixel_57141,pixel_57142,pixel_57143,pixel_57144,pixel_57145,pixel_57146,pixel_57147,pixel_57148,pixel_57149,pixel_57150,pixel_57151,pixel_57152,pixel_57153,pixel_57154,pixel_57155,pixel_57156,pixel_57157,pixel_57158,pixel_57159,pixel_57160,pixel_57161,pixel_57162,pixel_57163,pixel_57164,pixel_57165,pixel_57166,pixel_57167,pixel_57168,pixel_57169,pixel_57170,pixel_57171,pixel_57172,pixel_57173,pixel_57174,pixel_57175,pixel_57176,pixel_57177,pixel_57178,pixel_57179,pixel_57180,pixel_57181,pixel_57182,pixel_57183,pixel_57184,pixel_57185,pixel_57186,pixel_57187,pixel_57188,pixel_57189,pixel_57190,pixel_57191,pixel_57192,pixel_57193,pixel_57194,pixel_57195,pixel_57196,pixel_57197,pixel_57198,pixel_57199,pixel_57200,pixel_57201,pixel_57202,pixel_57203,pixel_57204,pixel_57205,pixel_57206,pixel_57207,pixel_57208,pixel_57209,pixel_57210,pixel_57211,pixel_57212,pixel_57213,pixel_57214,pixel_57215,pixel_57216,pixel_57217,pixel_57218,pixel_57219,pixel_57220,pixel_57221,pixel_57222,pixel_57223,pixel_57224,pixel_57225,pixel_57226,pixel_57227,pixel_57228,pixel_57229,pixel_57230,pixel_57231,pixel_57232,pixel_57233,pixel_57234,pixel_57235,pixel_57236,pixel_57237,pixel_57238,pixel_57239,pixel_57240,pixel_57241,pixel_57242,pixel_57243,pixel_57244,pixel_57245,pixel_57246,pixel_57247,pixel_57248,pixel_57249,pixel_57250,pixel_57251,pixel_57252,pixel_57253,pixel_57254,pixel_57255,pixel_57256,pixel_57257,pixel_57258,pixel_57259,pixel_57260,pixel_57261,pixel_57262,pixel_57263,pixel_57264,pixel_57265,pixel_57266,pixel_57267,pixel_57268,pixel_57269,pixel_57270,pixel_57271,pixel_57272,pixel_57273,pixel_57274,pixel_57275,pixel_57276,pixel_57277,pixel_57278,pixel_57279,pixel_57280,pixel_57281,pixel_57282,pixel_57283,pixel_57284,pixel_57285,pixel_57286,pixel_57287,pixel_57288,pixel_57289,pixel_57290,pixel_57291,pixel_57292,pixel_57293,pixel_57294,pixel_57295,pixel_57296,pixel_57297,pixel_57298,pixel_57299,pixel_57300,pixel_57301,pixel_57302,pixel_57303,pixel_57304,pixel_57305,pixel_57306,pixel_57307,pixel_57308,pixel_57309,pixel_57310,pixel_57311,pixel_57312,pixel_57313,pixel_57314,pixel_57315,pixel_57316,pixel_57317,pixel_57318,pixel_57319,pixel_57320,pixel_57321,pixel_57322,pixel_57323,pixel_57324,pixel_57325,pixel_57326,pixel_57327,pixel_57328,pixel_57329,pixel_57330,pixel_57331,pixel_57332,pixel_57333,pixel_57334,pixel_57335,pixel_57336,pixel_57337,pixel_57338,pixel_57339,pixel_57340,pixel_57341,pixel_57342,pixel_57343,pixel_57344,pixel_57345,pixel_57346,pixel_57347,pixel_57348,pixel_57349,pixel_57350,pixel_57351,pixel_57352,pixel_57353,pixel_57354,pixel_57355,pixel_57356,pixel_57357,pixel_57358,pixel_57359,pixel_57360,pixel_57361,pixel_57362,pixel_57363,pixel_57364,pixel_57365,pixel_57366,pixel_57367,pixel_57368,pixel_57369,pixel_57370,pixel_57371,pixel_57372,pixel_57373,pixel_57374,pixel_57375,pixel_57376,pixel_57377,pixel_57378,pixel_57379,pixel_57380,pixel_57381,pixel_57382,pixel_57383,pixel_57384,pixel_57385,pixel_57386,pixel_57387,pixel_57388,pixel_57389,pixel_57390,pixel_57391,pixel_57392,pixel_57393,pixel_57394,pixel_57395,pixel_57396,pixel_57397,pixel_57398,pixel_57399,pixel_57400,pixel_57401,pixel_57402,pixel_57403,pixel_57404,pixel_57405,pixel_57406,pixel_57407,pixel_57408,pixel_57409,pixel_57410,pixel_57411,pixel_57412,pixel_57413,pixel_57414,pixel_57415,pixel_57416,pixel_57417,pixel_57418,pixel_57419,pixel_57420,pixel_57421,pixel_57422,pixel_57423,pixel_57424,pixel_57425,pixel_57426,pixel_57427,pixel_57428,pixel_57429,pixel_57430,pixel_57431,pixel_57432,pixel_57433,pixel_57434,pixel_57435,pixel_57436,pixel_57437,pixel_57438,pixel_57439,pixel_57440,pixel_57441,pixel_57442,pixel_57443,pixel_57444,pixel_57445,pixel_57446,pixel_57447,pixel_57448,pixel_57449,pixel_57450,pixel_57451,pixel_57452,pixel_57453,pixel_57454,pixel_57455,pixel_57456,pixel_57457,pixel_57458,pixel_57459,pixel_57460,pixel_57461,pixel_57462,pixel_57463,pixel_57464,pixel_57465,pixel_57466,pixel_57467,pixel_57468,pixel_57469,pixel_57470,pixel_57471,pixel_57472,pixel_57473,pixel_57474,pixel_57475,pixel_57476,pixel_57477,pixel_57478,pixel_57479,pixel_57480,pixel_57481,pixel_57482,pixel_57483,pixel_57484,pixel_57485,pixel_57486,pixel_57487,pixel_57488,pixel_57489,pixel_57490,pixel_57491,pixel_57492,pixel_57493,pixel_57494,pixel_57495,pixel_57496,pixel_57497,pixel_57498,pixel_57499,pixel_57500,pixel_57501,pixel_57502,pixel_57503,pixel_57504,pixel_57505,pixel_57506,pixel_57507,pixel_57508,pixel_57509,pixel_57510,pixel_57511,pixel_57512,pixel_57513,pixel_57514,pixel_57515,pixel_57516,pixel_57517,pixel_57518,pixel_57519,pixel_57520,pixel_57521,pixel_57522,pixel_57523,pixel_57524,pixel_57525,pixel_57526,pixel_57527,pixel_57528,pixel_57529,pixel_57530,pixel_57531,pixel_57532,pixel_57533,pixel_57534,pixel_57535,pixel_57536,pixel_57537,pixel_57538,pixel_57539,pixel_57540,pixel_57541,pixel_57542,pixel_57543,pixel_57544,pixel_57545,pixel_57546,pixel_57547,pixel_57548,pixel_57549,pixel_57550,pixel_57551,pixel_57552,pixel_57553,pixel_57554,pixel_57555,pixel_57556,pixel_57557,pixel_57558,pixel_57559,pixel_57560,pixel_57561,pixel_57562,pixel_57563,pixel_57564,pixel_57565,pixel_57566,pixel_57567,pixel_57568,pixel_57569,pixel_57570,pixel_57571,pixel_57572,pixel_57573,pixel_57574,pixel_57575,pixel_57576,pixel_57577,pixel_57578,pixel_57579,pixel_57580,pixel_57581,pixel_57582,pixel_57583,pixel_57584,pixel_57585,pixel_57586,pixel_57587,pixel_57588,pixel_57589,pixel_57590,pixel_57591,pixel_57592,pixel_57593,pixel_57594,pixel_57595,pixel_57596,pixel_57597,pixel_57598,pixel_57599,pixel_57600,pixel_57601,pixel_57602,pixel_57603,pixel_57604,pixel_57605,pixel_57606,pixel_57607,pixel_57608,pixel_57609,pixel_57610,pixel_57611,pixel_57612,pixel_57613,pixel_57614,pixel_57615,pixel_57616,pixel_57617,pixel_57618,pixel_57619,pixel_57620,pixel_57621,pixel_57622,pixel_57623,pixel_57624,pixel_57625,pixel_57626,pixel_57627,pixel_57628,pixel_57629,pixel_57630,pixel_57631,pixel_57632,pixel_57633,pixel_57634,pixel_57635,pixel_57636,pixel_57637,pixel_57638,pixel_57639,pixel_57640,pixel_57641,pixel_57642,pixel_57643,pixel_57644,pixel_57645,pixel_57646,pixel_57647,pixel_57648,pixel_57649,pixel_57650,pixel_57651,pixel_57652,pixel_57653,pixel_57654,pixel_57655,pixel_57656,pixel_57657,pixel_57658,pixel_57659,pixel_57660,pixel_57661,pixel_57662,pixel_57663,pixel_57664,pixel_57665,pixel_57666,pixel_57667,pixel_57668,pixel_57669,pixel_57670,pixel_57671,pixel_57672,pixel_57673,pixel_57674,pixel_57675,pixel_57676,pixel_57677,pixel_57678,pixel_57679,pixel_57680,pixel_57681,pixel_57682,pixel_57683,pixel_57684,pixel_57685,pixel_57686,pixel_57687,pixel_57688,pixel_57689,pixel_57690,pixel_57691,pixel_57692,pixel_57693,pixel_57694,pixel_57695,pixel_57696,pixel_57697,pixel_57698,pixel_57699,pixel_57700,pixel_57701,pixel_57702,pixel_57703,pixel_57704,pixel_57705,pixel_57706,pixel_57707,pixel_57708,pixel_57709,pixel_57710,pixel_57711,pixel_57712,pixel_57713,pixel_57714,pixel_57715,pixel_57716,pixel_57717,pixel_57718,pixel_57719,pixel_57720,pixel_57721,pixel_57722,pixel_57723,pixel_57724,pixel_57725,pixel_57726,pixel_57727,pixel_57728,pixel_57729,pixel_57730,pixel_57731,pixel_57732,pixel_57733,pixel_57734,pixel_57735,pixel_57736,pixel_57737,pixel_57738,pixel_57739,pixel_57740,pixel_57741,pixel_57742,pixel_57743,pixel_57744,pixel_57745,pixel_57746,pixel_57747,pixel_57748,pixel_57749,pixel_57750,pixel_57751,pixel_57752,pixel_57753,pixel_57754,pixel_57755,pixel_57756,pixel_57757,pixel_57758,pixel_57759,pixel_57760,pixel_57761,pixel_57762,pixel_57763,pixel_57764,pixel_57765,pixel_57766,pixel_57767,pixel_57768,pixel_57769,pixel_57770,pixel_57771,pixel_57772,pixel_57773,pixel_57774,pixel_57775,pixel_57776,pixel_57777,pixel_57778,pixel_57779,pixel_57780,pixel_57781,pixel_57782,pixel_57783,pixel_57784,pixel_57785,pixel_57786,pixel_57787,pixel_57788,pixel_57789,pixel_57790,pixel_57791,pixel_57792,pixel_57793,pixel_57794,pixel_57795,pixel_57796,pixel_57797,pixel_57798,pixel_57799,pixel_57800,pixel_57801,pixel_57802,pixel_57803,pixel_57804,pixel_57805,pixel_57806,pixel_57807,pixel_57808,pixel_57809,pixel_57810,pixel_57811,pixel_57812,pixel_57813,pixel_57814,pixel_57815,pixel_57816,pixel_57817,pixel_57818,pixel_57819,pixel_57820,pixel_57821,pixel_57822,pixel_57823,pixel_57824,pixel_57825,pixel_57826,pixel_57827,pixel_57828,pixel_57829,pixel_57830,pixel_57831,pixel_57832,pixel_57833,pixel_57834,pixel_57835,pixel_57836,pixel_57837,pixel_57838,pixel_57839,pixel_57840,pixel_57841,pixel_57842,pixel_57843,pixel_57844,pixel_57845,pixel_57846,pixel_57847,pixel_57848,pixel_57849,pixel_57850,pixel_57851,pixel_57852,pixel_57853,pixel_57854,pixel_57855,pixel_57856,pixel_57857,pixel_57858,pixel_57859,pixel_57860,pixel_57861,pixel_57862,pixel_57863,pixel_57864,pixel_57865,pixel_57866,pixel_57867,pixel_57868,pixel_57869,pixel_57870,pixel_57871,pixel_57872,pixel_57873,pixel_57874,pixel_57875,pixel_57876,pixel_57877,pixel_57878,pixel_57879,pixel_57880,pixel_57881,pixel_57882,pixel_57883,pixel_57884,pixel_57885,pixel_57886,pixel_57887,pixel_57888,pixel_57889,pixel_57890,pixel_57891,pixel_57892,pixel_57893,pixel_57894,pixel_57895,pixel_57896,pixel_57897,pixel_57898,pixel_57899,pixel_57900,pixel_57901,pixel_57902,pixel_57903,pixel_57904,pixel_57905,pixel_57906,pixel_57907,pixel_57908,pixel_57909,pixel_57910,pixel_57911,pixel_57912,pixel_57913,pixel_57914,pixel_57915,pixel_57916,pixel_57917,pixel_57918,pixel_57919,pixel_57920,pixel_57921,pixel_57922,pixel_57923,pixel_57924,pixel_57925,pixel_57926,pixel_57927,pixel_57928,pixel_57929,pixel_57930,pixel_57931,pixel_57932,pixel_57933,pixel_57934,pixel_57935,pixel_57936,pixel_57937,pixel_57938,pixel_57939,pixel_57940,pixel_57941,pixel_57942,pixel_57943,pixel_57944,pixel_57945,pixel_57946,pixel_57947,pixel_57948,pixel_57949,pixel_57950,pixel_57951,pixel_57952,pixel_57953,pixel_57954,pixel_57955,pixel_57956,pixel_57957,pixel_57958,pixel_57959,pixel_57960,pixel_57961,pixel_57962,pixel_57963,pixel_57964,pixel_57965,pixel_57966,pixel_57967,pixel_57968,pixel_57969,pixel_57970,pixel_57971,pixel_57972,pixel_57973,pixel_57974,pixel_57975,pixel_57976,pixel_57977,pixel_57978,pixel_57979,pixel_57980,pixel_57981,pixel_57982,pixel_57983,pixel_57984,pixel_57985,pixel_57986,pixel_57987,pixel_57988,pixel_57989,pixel_57990,pixel_57991,pixel_57992,pixel_57993,pixel_57994,pixel_57995,pixel_57996,pixel_57997,pixel_57998,pixel_57999,pixel_58000,pixel_58001,pixel_58002,pixel_58003,pixel_58004,pixel_58005,pixel_58006,pixel_58007,pixel_58008,pixel_58009,pixel_58010,pixel_58011,pixel_58012,pixel_58013,pixel_58014,pixel_58015,pixel_58016,pixel_58017,pixel_58018,pixel_58019,pixel_58020,pixel_58021,pixel_58022,pixel_58023,pixel_58024,pixel_58025,pixel_58026,pixel_58027,pixel_58028,pixel_58029,pixel_58030,pixel_58031,pixel_58032,pixel_58033,pixel_58034,pixel_58035,pixel_58036,pixel_58037,pixel_58038,pixel_58039,pixel_58040,pixel_58041,pixel_58042,pixel_58043,pixel_58044,pixel_58045,pixel_58046,pixel_58047,pixel_58048,pixel_58049,pixel_58050,pixel_58051,pixel_58052,pixel_58053,pixel_58054,pixel_58055,pixel_58056,pixel_58057,pixel_58058,pixel_58059,pixel_58060,pixel_58061,pixel_58062,pixel_58063,pixel_58064,pixel_58065,pixel_58066,pixel_58067,pixel_58068,pixel_58069,pixel_58070,pixel_58071,pixel_58072,pixel_58073,pixel_58074,pixel_58075,pixel_58076,pixel_58077,pixel_58078,pixel_58079,pixel_58080,pixel_58081,pixel_58082,pixel_58083,pixel_58084,pixel_58085,pixel_58086,pixel_58087,pixel_58088,pixel_58089,pixel_58090,pixel_58091,pixel_58092,pixel_58093,pixel_58094,pixel_58095,pixel_58096,pixel_58097,pixel_58098,pixel_58099,pixel_58100,pixel_58101,pixel_58102,pixel_58103,pixel_58104,pixel_58105,pixel_58106,pixel_58107,pixel_58108,pixel_58109,pixel_58110,pixel_58111,pixel_58112,pixel_58113,pixel_58114,pixel_58115,pixel_58116,pixel_58117,pixel_58118,pixel_58119,pixel_58120,pixel_58121,pixel_58122,pixel_58123,pixel_58124,pixel_58125,pixel_58126,pixel_58127,pixel_58128,pixel_58129,pixel_58130,pixel_58131,pixel_58132,pixel_58133,pixel_58134,pixel_58135,pixel_58136,pixel_58137,pixel_58138,pixel_58139,pixel_58140,pixel_58141,pixel_58142,pixel_58143,pixel_58144,pixel_58145,pixel_58146,pixel_58147,pixel_58148,pixel_58149,pixel_58150,pixel_58151,pixel_58152,pixel_58153,pixel_58154,pixel_58155,pixel_58156,pixel_58157,pixel_58158,pixel_58159,pixel_58160,pixel_58161,pixel_58162,pixel_58163,pixel_58164,pixel_58165,pixel_58166,pixel_58167,pixel_58168,pixel_58169,pixel_58170,pixel_58171,pixel_58172,pixel_58173,pixel_58174,pixel_58175,pixel_58176,pixel_58177,pixel_58178,pixel_58179,pixel_58180,pixel_58181,pixel_58182,pixel_58183,pixel_58184,pixel_58185,pixel_58186,pixel_58187,pixel_58188,pixel_58189,pixel_58190,pixel_58191,pixel_58192,pixel_58193,pixel_58194,pixel_58195,pixel_58196,pixel_58197,pixel_58198,pixel_58199,pixel_58200,pixel_58201,pixel_58202,pixel_58203,pixel_58204,pixel_58205,pixel_58206,pixel_58207,pixel_58208,pixel_58209,pixel_58210,pixel_58211,pixel_58212,pixel_58213,pixel_58214,pixel_58215,pixel_58216,pixel_58217,pixel_58218,pixel_58219,pixel_58220,pixel_58221,pixel_58222,pixel_58223,pixel_58224,pixel_58225,pixel_58226,pixel_58227,pixel_58228,pixel_58229,pixel_58230,pixel_58231,pixel_58232,pixel_58233,pixel_58234,pixel_58235,pixel_58236,pixel_58237,pixel_58238,pixel_58239,pixel_58240,pixel_58241,pixel_58242,pixel_58243,pixel_58244,pixel_58245,pixel_58246,pixel_58247,pixel_58248,pixel_58249,pixel_58250,pixel_58251,pixel_58252,pixel_58253,pixel_58254,pixel_58255,pixel_58256,pixel_58257,pixel_58258,pixel_58259,pixel_58260,pixel_58261,pixel_58262,pixel_58263,pixel_58264,pixel_58265,pixel_58266,pixel_58267,pixel_58268,pixel_58269,pixel_58270,pixel_58271,pixel_58272,pixel_58273,pixel_58274,pixel_58275,pixel_58276,pixel_58277,pixel_58278,pixel_58279,pixel_58280,pixel_58281,pixel_58282,pixel_58283,pixel_58284,pixel_58285,pixel_58286,pixel_58287,pixel_58288,pixel_58289,pixel_58290,pixel_58291,pixel_58292,pixel_58293,pixel_58294,pixel_58295,pixel_58296,pixel_58297,pixel_58298,pixel_58299,pixel_58300,pixel_58301,pixel_58302,pixel_58303,pixel_58304,pixel_58305,pixel_58306,pixel_58307,pixel_58308,pixel_58309,pixel_58310,pixel_58311,pixel_58312,pixel_58313,pixel_58314,pixel_58315,pixel_58316,pixel_58317,pixel_58318,pixel_58319,pixel_58320,pixel_58321,pixel_58322,pixel_58323,pixel_58324,pixel_58325,pixel_58326,pixel_58327,pixel_58328,pixel_58329,pixel_58330,pixel_58331,pixel_58332,pixel_58333,pixel_58334,pixel_58335,pixel_58336,pixel_58337,pixel_58338,pixel_58339,pixel_58340,pixel_58341,pixel_58342,pixel_58343,pixel_58344,pixel_58345,pixel_58346,pixel_58347,pixel_58348,pixel_58349,pixel_58350,pixel_58351,pixel_58352,pixel_58353,pixel_58354,pixel_58355,pixel_58356,pixel_58357,pixel_58358,pixel_58359,pixel_58360,pixel_58361,pixel_58362,pixel_58363,pixel_58364,pixel_58365,pixel_58366,pixel_58367,pixel_58368,pixel_58369,pixel_58370,pixel_58371,pixel_58372,pixel_58373,pixel_58374,pixel_58375,pixel_58376,pixel_58377,pixel_58378,pixel_58379,pixel_58380,pixel_58381,pixel_58382,pixel_58383,pixel_58384,pixel_58385,pixel_58386,pixel_58387,pixel_58388,pixel_58389,pixel_58390,pixel_58391,pixel_58392,pixel_58393,pixel_58394,pixel_58395,pixel_58396,pixel_58397,pixel_58398,pixel_58399,pixel_58400,pixel_58401,pixel_58402,pixel_58403,pixel_58404,pixel_58405,pixel_58406,pixel_58407,pixel_58408,pixel_58409,pixel_58410,pixel_58411,pixel_58412,pixel_58413,pixel_58414,pixel_58415,pixel_58416,pixel_58417,pixel_58418,pixel_58419,pixel_58420,pixel_58421,pixel_58422,pixel_58423,pixel_58424,pixel_58425,pixel_58426,pixel_58427,pixel_58428,pixel_58429,pixel_58430,pixel_58431,pixel_58432,pixel_58433,pixel_58434,pixel_58435,pixel_58436,pixel_58437,pixel_58438,pixel_58439,pixel_58440,pixel_58441,pixel_58442,pixel_58443,pixel_58444,pixel_58445,pixel_58446,pixel_58447,pixel_58448,pixel_58449,pixel_58450,pixel_58451,pixel_58452,pixel_58453,pixel_58454,pixel_58455,pixel_58456,pixel_58457,pixel_58458,pixel_58459,pixel_58460,pixel_58461,pixel_58462,pixel_58463,pixel_58464,pixel_58465,pixel_58466,pixel_58467,pixel_58468,pixel_58469,pixel_58470,pixel_58471,pixel_58472,pixel_58473,pixel_58474,pixel_58475,pixel_58476,pixel_58477,pixel_58478,pixel_58479,pixel_58480,pixel_58481,pixel_58482,pixel_58483,pixel_58484,pixel_58485,pixel_58486,pixel_58487,pixel_58488,pixel_58489,pixel_58490,pixel_58491,pixel_58492,pixel_58493,pixel_58494,pixel_58495,pixel_58496,pixel_58497,pixel_58498,pixel_58499,pixel_58500,pixel_58501,pixel_58502,pixel_58503,pixel_58504,pixel_58505,pixel_58506,pixel_58507,pixel_58508,pixel_58509,pixel_58510,pixel_58511,pixel_58512,pixel_58513,pixel_58514,pixel_58515,pixel_58516,pixel_58517,pixel_58518,pixel_58519,pixel_58520,pixel_58521,pixel_58522,pixel_58523,pixel_58524,pixel_58525,pixel_58526,pixel_58527,pixel_58528,pixel_58529,pixel_58530,pixel_58531,pixel_58532,pixel_58533,pixel_58534,pixel_58535,pixel_58536,pixel_58537,pixel_58538,pixel_58539,pixel_58540,pixel_58541,pixel_58542,pixel_58543,pixel_58544,pixel_58545,pixel_58546,pixel_58547,pixel_58548,pixel_58549,pixel_58550,pixel_58551,pixel_58552,pixel_58553,pixel_58554,pixel_58555,pixel_58556,pixel_58557,pixel_58558,pixel_58559,pixel_58560,pixel_58561,pixel_58562,pixel_58563,pixel_58564,pixel_58565,pixel_58566,pixel_58567,pixel_58568,pixel_58569,pixel_58570,pixel_58571,pixel_58572,pixel_58573,pixel_58574,pixel_58575,pixel_58576,pixel_58577,pixel_58578,pixel_58579,pixel_58580,pixel_58581,pixel_58582,pixel_58583,pixel_58584,pixel_58585,pixel_58586,pixel_58587,pixel_58588,pixel_58589,pixel_58590,pixel_58591,pixel_58592,pixel_58593,pixel_58594,pixel_58595,pixel_58596,pixel_58597,pixel_58598,pixel_58599,pixel_58600,pixel_58601,pixel_58602,pixel_58603,pixel_58604,pixel_58605,pixel_58606,pixel_58607,pixel_58608,pixel_58609,pixel_58610,pixel_58611,pixel_58612,pixel_58613,pixel_58614,pixel_58615,pixel_58616,pixel_58617,pixel_58618,pixel_58619,pixel_58620,pixel_58621,pixel_58622,pixel_58623,pixel_58624,pixel_58625,pixel_58626,pixel_58627,pixel_58628,pixel_58629,pixel_58630,pixel_58631,pixel_58632,pixel_58633,pixel_58634,pixel_58635,pixel_58636,pixel_58637,pixel_58638,pixel_58639,pixel_58640,pixel_58641,pixel_58642,pixel_58643,pixel_58644,pixel_58645,pixel_58646,pixel_58647,pixel_58648,pixel_58649,pixel_58650,pixel_58651,pixel_58652,pixel_58653,pixel_58654,pixel_58655,pixel_58656,pixel_58657,pixel_58658,pixel_58659,pixel_58660,pixel_58661,pixel_58662,pixel_58663,pixel_58664,pixel_58665,pixel_58666,pixel_58667,pixel_58668,pixel_58669,pixel_58670,pixel_58671,pixel_58672,pixel_58673,pixel_58674,pixel_58675,pixel_58676,pixel_58677,pixel_58678,pixel_58679,pixel_58680,pixel_58681,pixel_58682,pixel_58683,pixel_58684,pixel_58685,pixel_58686,pixel_58687,pixel_58688,pixel_58689,pixel_58690,pixel_58691,pixel_58692,pixel_58693,pixel_58694,pixel_58695,pixel_58696,pixel_58697,pixel_58698,pixel_58699,pixel_58700,pixel_58701,pixel_58702,pixel_58703,pixel_58704,pixel_58705,pixel_58706,pixel_58707,pixel_58708,pixel_58709,pixel_58710,pixel_58711,pixel_58712,pixel_58713,pixel_58714,pixel_58715,pixel_58716,pixel_58717,pixel_58718,pixel_58719,pixel_58720,pixel_58721,pixel_58722,pixel_58723,pixel_58724,pixel_58725,pixel_58726,pixel_58727,pixel_58728,pixel_58729,pixel_58730,pixel_58731,pixel_58732,pixel_58733,pixel_58734,pixel_58735,pixel_58736,pixel_58737,pixel_58738,pixel_58739,pixel_58740,pixel_58741,pixel_58742,pixel_58743,pixel_58744,pixel_58745,pixel_58746,pixel_58747,pixel_58748,pixel_58749,pixel_58750,pixel_58751,pixel_58752,pixel_58753,pixel_58754,pixel_58755,pixel_58756,pixel_58757,pixel_58758,pixel_58759,pixel_58760,pixel_58761,pixel_58762,pixel_58763,pixel_58764,pixel_58765,pixel_58766,pixel_58767,pixel_58768,pixel_58769,pixel_58770,pixel_58771,pixel_58772,pixel_58773,pixel_58774,pixel_58775,pixel_58776,pixel_58777,pixel_58778,pixel_58779,pixel_58780,pixel_58781,pixel_58782,pixel_58783,pixel_58784,pixel_58785,pixel_58786,pixel_58787,pixel_58788,pixel_58789,pixel_58790,pixel_58791,pixel_58792,pixel_58793,pixel_58794,pixel_58795,pixel_58796,pixel_58797,pixel_58798,pixel_58799,pixel_58800,pixel_58801,pixel_58802,pixel_58803,pixel_58804,pixel_58805,pixel_58806,pixel_58807,pixel_58808,pixel_58809,pixel_58810,pixel_58811,pixel_58812,pixel_58813,pixel_58814,pixel_58815,pixel_58816,pixel_58817,pixel_58818,pixel_58819,pixel_58820,pixel_58821,pixel_58822,pixel_58823,pixel_58824,pixel_58825,pixel_58826,pixel_58827,pixel_58828,pixel_58829,pixel_58830,pixel_58831,pixel_58832,pixel_58833,pixel_58834,pixel_58835,pixel_58836,pixel_58837,pixel_58838,pixel_58839,pixel_58840,pixel_58841,pixel_58842,pixel_58843,pixel_58844,pixel_58845,pixel_58846,pixel_58847,pixel_58848,pixel_58849,pixel_58850,pixel_58851,pixel_58852,pixel_58853,pixel_58854,pixel_58855,pixel_58856,pixel_58857,pixel_58858,pixel_58859,pixel_58860,pixel_58861,pixel_58862,pixel_58863,pixel_58864,pixel_58865,pixel_58866,pixel_58867,pixel_58868,pixel_58869,pixel_58870,pixel_58871,pixel_58872,pixel_58873,pixel_58874,pixel_58875,pixel_58876,pixel_58877,pixel_58878,pixel_58879,pixel_58880,pixel_58881,pixel_58882,pixel_58883,pixel_58884,pixel_58885,pixel_58886,pixel_58887,pixel_58888,pixel_58889,pixel_58890,pixel_58891,pixel_58892,pixel_58893,pixel_58894,pixel_58895,pixel_58896,pixel_58897,pixel_58898,pixel_58899,pixel_58900,pixel_58901,pixel_58902,pixel_58903,pixel_58904,pixel_58905,pixel_58906,pixel_58907,pixel_58908,pixel_58909,pixel_58910,pixel_58911,pixel_58912,pixel_58913,pixel_58914,pixel_58915,pixel_58916,pixel_58917,pixel_58918,pixel_58919,pixel_58920,pixel_58921,pixel_58922,pixel_58923,pixel_58924,pixel_58925,pixel_58926,pixel_58927,pixel_58928,pixel_58929,pixel_58930,pixel_58931,pixel_58932,pixel_58933,pixel_58934,pixel_58935,pixel_58936,pixel_58937,pixel_58938,pixel_58939,pixel_58940,pixel_58941,pixel_58942,pixel_58943,pixel_58944,pixel_58945,pixel_58946,pixel_58947,pixel_58948,pixel_58949,pixel_58950,pixel_58951,pixel_58952,pixel_58953,pixel_58954,pixel_58955,pixel_58956,pixel_58957,pixel_58958,pixel_58959,pixel_58960,pixel_58961,pixel_58962,pixel_58963,pixel_58964,pixel_58965,pixel_58966,pixel_58967,pixel_58968,pixel_58969,pixel_58970,pixel_58971,pixel_58972,pixel_58973,pixel_58974,pixel_58975,pixel_58976,pixel_58977,pixel_58978,pixel_58979,pixel_58980,pixel_58981,pixel_58982,pixel_58983,pixel_58984,pixel_58985,pixel_58986,pixel_58987,pixel_58988,pixel_58989,pixel_58990,pixel_58991,pixel_58992,pixel_58993,pixel_58994,pixel_58995,pixel_58996,pixel_58997,pixel_58998,pixel_58999,pixel_59000,pixel_59001,pixel_59002,pixel_59003,pixel_59004,pixel_59005,pixel_59006,pixel_59007,pixel_59008,pixel_59009,pixel_59010,pixel_59011,pixel_59012,pixel_59013,pixel_59014,pixel_59015,pixel_59016,pixel_59017,pixel_59018,pixel_59019,pixel_59020,pixel_59021,pixel_59022,pixel_59023,pixel_59024,pixel_59025,pixel_59026,pixel_59027,pixel_59028,pixel_59029,pixel_59030,pixel_59031,pixel_59032,pixel_59033,pixel_59034,pixel_59035,pixel_59036,pixel_59037,pixel_59038,pixel_59039,pixel_59040,pixel_59041,pixel_59042,pixel_59043,pixel_59044,pixel_59045,pixel_59046,pixel_59047,pixel_59048,pixel_59049,pixel_59050,pixel_59051,pixel_59052,pixel_59053,pixel_59054,pixel_59055,pixel_59056,pixel_59057,pixel_59058,pixel_59059,pixel_59060,pixel_59061,pixel_59062,pixel_59063,pixel_59064,pixel_59065,pixel_59066,pixel_59067,pixel_59068,pixel_59069,pixel_59070,pixel_59071,pixel_59072,pixel_59073,pixel_59074,pixel_59075,pixel_59076,pixel_59077,pixel_59078,pixel_59079,pixel_59080,pixel_59081,pixel_59082,pixel_59083,pixel_59084,pixel_59085,pixel_59086,pixel_59087,pixel_59088,pixel_59089,pixel_59090,pixel_59091,pixel_59092,pixel_59093,pixel_59094,pixel_59095,pixel_59096,pixel_59097,pixel_59098,pixel_59099,pixel_59100,pixel_59101,pixel_59102,pixel_59103,pixel_59104,pixel_59105,pixel_59106,pixel_59107,pixel_59108,pixel_59109,pixel_59110,pixel_59111,pixel_59112,pixel_59113,pixel_59114,pixel_59115,pixel_59116,pixel_59117,pixel_59118,pixel_59119,pixel_59120,pixel_59121,pixel_59122,pixel_59123,pixel_59124,pixel_59125,pixel_59126,pixel_59127,pixel_59128,pixel_59129,pixel_59130,pixel_59131,pixel_59132,pixel_59133,pixel_59134,pixel_59135,pixel_59136,pixel_59137,pixel_59138,pixel_59139,pixel_59140,pixel_59141,pixel_59142,pixel_59143,pixel_59144,pixel_59145,pixel_59146,pixel_59147,pixel_59148,pixel_59149,pixel_59150,pixel_59151,pixel_59152,pixel_59153,pixel_59154,pixel_59155,pixel_59156,pixel_59157,pixel_59158,pixel_59159,pixel_59160,pixel_59161,pixel_59162,pixel_59163,pixel_59164,pixel_59165,pixel_59166,pixel_59167,pixel_59168,pixel_59169,pixel_59170,pixel_59171,pixel_59172,pixel_59173,pixel_59174,pixel_59175,pixel_59176,pixel_59177,pixel_59178,pixel_59179,pixel_59180,pixel_59181,pixel_59182,pixel_59183,pixel_59184,pixel_59185,pixel_59186,pixel_59187,pixel_59188,pixel_59189,pixel_59190,pixel_59191,pixel_59192,pixel_59193,pixel_59194,pixel_59195,pixel_59196,pixel_59197,pixel_59198,pixel_59199,pixel_59200,pixel_59201,pixel_59202,pixel_59203,pixel_59204,pixel_59205,pixel_59206,pixel_59207,pixel_59208,pixel_59209,pixel_59210,pixel_59211,pixel_59212,pixel_59213,pixel_59214,pixel_59215,pixel_59216,pixel_59217,pixel_59218,pixel_59219,pixel_59220,pixel_59221,pixel_59222,pixel_59223,pixel_59224,pixel_59225,pixel_59226,pixel_59227,pixel_59228,pixel_59229,pixel_59230,pixel_59231,pixel_59232,pixel_59233,pixel_59234,pixel_59235,pixel_59236,pixel_59237,pixel_59238,pixel_59239,pixel_59240,pixel_59241,pixel_59242,pixel_59243,pixel_59244,pixel_59245,pixel_59246,pixel_59247,pixel_59248,pixel_59249,pixel_59250,pixel_59251,pixel_59252,pixel_59253,pixel_59254,pixel_59255,pixel_59256,pixel_59257,pixel_59258,pixel_59259,pixel_59260,pixel_59261,pixel_59262,pixel_59263,pixel_59264,pixel_59265,pixel_59266,pixel_59267,pixel_59268,pixel_59269,pixel_59270,pixel_59271,pixel_59272,pixel_59273,pixel_59274,pixel_59275,pixel_59276,pixel_59277,pixel_59278,pixel_59279,pixel_59280,pixel_59281,pixel_59282,pixel_59283,pixel_59284,pixel_59285,pixel_59286,pixel_59287,pixel_59288,pixel_59289,pixel_59290,pixel_59291,pixel_59292,pixel_59293,pixel_59294,pixel_59295,pixel_59296,pixel_59297,pixel_59298,pixel_59299,pixel_59300,pixel_59301,pixel_59302,pixel_59303,pixel_59304,pixel_59305,pixel_59306,pixel_59307,pixel_59308,pixel_59309,pixel_59310,pixel_59311,pixel_59312,pixel_59313,pixel_59314,pixel_59315,pixel_59316,pixel_59317,pixel_59318,pixel_59319,pixel_59320,pixel_59321,pixel_59322,pixel_59323,pixel_59324,pixel_59325,pixel_59326,pixel_59327,pixel_59328,pixel_59329,pixel_59330,pixel_59331,pixel_59332,pixel_59333,pixel_59334,pixel_59335,pixel_59336,pixel_59337,pixel_59338,pixel_59339,pixel_59340,pixel_59341,pixel_59342,pixel_59343,pixel_59344,pixel_59345,pixel_59346,pixel_59347,pixel_59348,pixel_59349,pixel_59350,pixel_59351,pixel_59352,pixel_59353,pixel_59354,pixel_59355,pixel_59356,pixel_59357,pixel_59358,pixel_59359,pixel_59360,pixel_59361,pixel_59362,pixel_59363,pixel_59364,pixel_59365,pixel_59366,pixel_59367,pixel_59368,pixel_59369,pixel_59370,pixel_59371,pixel_59372,pixel_59373,pixel_59374,pixel_59375,pixel_59376,pixel_59377,pixel_59378,pixel_59379,pixel_59380,pixel_59381,pixel_59382,pixel_59383,pixel_59384,pixel_59385,pixel_59386,pixel_59387,pixel_59388,pixel_59389,pixel_59390,pixel_59391,pixel_59392,pixel_59393,pixel_59394,pixel_59395,pixel_59396,pixel_59397,pixel_59398,pixel_59399,pixel_59400,pixel_59401,pixel_59402,pixel_59403,pixel_59404,pixel_59405,pixel_59406,pixel_59407,pixel_59408,pixel_59409,pixel_59410,pixel_59411,pixel_59412,pixel_59413,pixel_59414,pixel_59415,pixel_59416,pixel_59417,pixel_59418,pixel_59419,pixel_59420,pixel_59421,pixel_59422,pixel_59423,pixel_59424,pixel_59425,pixel_59426,pixel_59427,pixel_59428,pixel_59429,pixel_59430,pixel_59431,pixel_59432,pixel_59433,pixel_59434,pixel_59435,pixel_59436,pixel_59437,pixel_59438,pixel_59439,pixel_59440,pixel_59441,pixel_59442,pixel_59443,pixel_59444,pixel_59445,pixel_59446,pixel_59447,pixel_59448,pixel_59449,pixel_59450,pixel_59451,pixel_59452,pixel_59453,pixel_59454,pixel_59455,pixel_59456,pixel_59457,pixel_59458,pixel_59459,pixel_59460,pixel_59461,pixel_59462,pixel_59463,pixel_59464,pixel_59465,pixel_59466,pixel_59467,pixel_59468,pixel_59469,pixel_59470,pixel_59471,pixel_59472,pixel_59473,pixel_59474,pixel_59475,pixel_59476,pixel_59477,pixel_59478,pixel_59479,pixel_59480,pixel_59481,pixel_59482,pixel_59483,pixel_59484,pixel_59485,pixel_59486,pixel_59487,pixel_59488,pixel_59489,pixel_59490,pixel_59491,pixel_59492,pixel_59493,pixel_59494,pixel_59495,pixel_59496,pixel_59497,pixel_59498,pixel_59499,pixel_59500,pixel_59501,pixel_59502,pixel_59503,pixel_59504,pixel_59505,pixel_59506,pixel_59507,pixel_59508,pixel_59509,pixel_59510,pixel_59511,pixel_59512,pixel_59513,pixel_59514,pixel_59515,pixel_59516,pixel_59517,pixel_59518,pixel_59519,pixel_59520,pixel_59521,pixel_59522,pixel_59523,pixel_59524,pixel_59525,pixel_59526,pixel_59527,pixel_59528,pixel_59529,pixel_59530,pixel_59531,pixel_59532,pixel_59533,pixel_59534,pixel_59535,pixel_59536,pixel_59537,pixel_59538,pixel_59539,pixel_59540,pixel_59541,pixel_59542,pixel_59543,pixel_59544,pixel_59545,pixel_59546,pixel_59547,pixel_59548,pixel_59549,pixel_59550,pixel_59551,pixel_59552,pixel_59553,pixel_59554,pixel_59555,pixel_59556,pixel_59557,pixel_59558,pixel_59559,pixel_59560,pixel_59561,pixel_59562,pixel_59563,pixel_59564,pixel_59565,pixel_59566,pixel_59567,pixel_59568,pixel_59569,pixel_59570,pixel_59571,pixel_59572,pixel_59573,pixel_59574,pixel_59575,pixel_59576,pixel_59577,pixel_59578,pixel_59579,pixel_59580,pixel_59581,pixel_59582,pixel_59583,pixel_59584,pixel_59585,pixel_59586,pixel_59587,pixel_59588,pixel_59589,pixel_59590,pixel_59591,pixel_59592,pixel_59593,pixel_59594,pixel_59595,pixel_59596,pixel_59597,pixel_59598,pixel_59599,pixel_59600,pixel_59601,pixel_59602,pixel_59603,pixel_59604,pixel_59605,pixel_59606,pixel_59607,pixel_59608,pixel_59609,pixel_59610,pixel_59611,pixel_59612,pixel_59613,pixel_59614,pixel_59615,pixel_59616,pixel_59617,pixel_59618,pixel_59619,pixel_59620,pixel_59621,pixel_59622,pixel_59623,pixel_59624,pixel_59625,pixel_59626,pixel_59627,pixel_59628,pixel_59629,pixel_59630,pixel_59631,pixel_59632,pixel_59633,pixel_59634,pixel_59635,pixel_59636,pixel_59637,pixel_59638,pixel_59639,pixel_59640,pixel_59641,pixel_59642,pixel_59643,pixel_59644,pixel_59645,pixel_59646,pixel_59647,pixel_59648,pixel_59649,pixel_59650,pixel_59651,pixel_59652,pixel_59653,pixel_59654,pixel_59655,pixel_59656,pixel_59657,pixel_59658,pixel_59659,pixel_59660,pixel_59661,pixel_59662,pixel_59663,pixel_59664,pixel_59665,pixel_59666,pixel_59667,pixel_59668,pixel_59669,pixel_59670,pixel_59671,pixel_59672,pixel_59673,pixel_59674,pixel_59675,pixel_59676,pixel_59677,pixel_59678,pixel_59679,pixel_59680,pixel_59681,pixel_59682,pixel_59683,pixel_59684,pixel_59685,pixel_59686,pixel_59687,pixel_59688,pixel_59689,pixel_59690,pixel_59691,pixel_59692,pixel_59693,pixel_59694,pixel_59695,pixel_59696,pixel_59697,pixel_59698,pixel_59699,pixel_59700,pixel_59701,pixel_59702,pixel_59703,pixel_59704,pixel_59705,pixel_59706,pixel_59707,pixel_59708,pixel_59709,pixel_59710,pixel_59711,pixel_59712,pixel_59713,pixel_59714,pixel_59715,pixel_59716,pixel_59717,pixel_59718,pixel_59719,pixel_59720,pixel_59721,pixel_59722,pixel_59723,pixel_59724,pixel_59725,pixel_59726,pixel_59727,pixel_59728,pixel_59729,pixel_59730,pixel_59731,pixel_59732,pixel_59733,pixel_59734,pixel_59735,pixel_59736,pixel_59737,pixel_59738,pixel_59739,pixel_59740,pixel_59741,pixel_59742,pixel_59743,pixel_59744,pixel_59745,pixel_59746,pixel_59747,pixel_59748,pixel_59749,pixel_59750,pixel_59751,pixel_59752,pixel_59753,pixel_59754,pixel_59755,pixel_59756,pixel_59757,pixel_59758,pixel_59759,pixel_59760,pixel_59761,pixel_59762,pixel_59763,pixel_59764,pixel_59765,pixel_59766,pixel_59767,pixel_59768,pixel_59769,pixel_59770,pixel_59771,pixel_59772,pixel_59773,pixel_59774,pixel_59775,pixel_59776,pixel_59777,pixel_59778,pixel_59779,pixel_59780,pixel_59781,pixel_59782,pixel_59783,pixel_59784,pixel_59785,pixel_59786,pixel_59787,pixel_59788,pixel_59789,pixel_59790,pixel_59791,pixel_59792,pixel_59793,pixel_59794,pixel_59795,pixel_59796,pixel_59797,pixel_59798,pixel_59799,pixel_59800,pixel_59801,pixel_59802,pixel_59803,pixel_59804,pixel_59805,pixel_59806,pixel_59807,pixel_59808,pixel_59809,pixel_59810,pixel_59811,pixel_59812,pixel_59813,pixel_59814,pixel_59815,pixel_59816,pixel_59817,pixel_59818,pixel_59819,pixel_59820,pixel_59821,pixel_59822,pixel_59823,pixel_59824,pixel_59825,pixel_59826,pixel_59827,pixel_59828,pixel_59829,pixel_59830,pixel_59831,pixel_59832,pixel_59833,pixel_59834,pixel_59835,pixel_59836,pixel_59837,pixel_59838,pixel_59839,pixel_59840,pixel_59841,pixel_59842,pixel_59843,pixel_59844,pixel_59845,pixel_59846,pixel_59847,pixel_59848,pixel_59849,pixel_59850,pixel_59851,pixel_59852,pixel_59853,pixel_59854,pixel_59855,pixel_59856,pixel_59857,pixel_59858,pixel_59859,pixel_59860,pixel_59861,pixel_59862,pixel_59863,pixel_59864,pixel_59865,pixel_59866,pixel_59867,pixel_59868,pixel_59869,pixel_59870,pixel_59871,pixel_59872,pixel_59873,pixel_59874,pixel_59875,pixel_59876,pixel_59877,pixel_59878,pixel_59879,pixel_59880,pixel_59881,pixel_59882,pixel_59883,pixel_59884,pixel_59885,pixel_59886,pixel_59887,pixel_59888,pixel_59889,pixel_59890,pixel_59891,pixel_59892,pixel_59893,pixel_59894,pixel_59895,pixel_59896,pixel_59897,pixel_59898,pixel_59899,pixel_59900,pixel_59901,pixel_59902,pixel_59903,pixel_59904,pixel_59905,pixel_59906,pixel_59907,pixel_59908,pixel_59909,pixel_59910,pixel_59911,pixel_59912,pixel_59913,pixel_59914,pixel_59915,pixel_59916,pixel_59917,pixel_59918,pixel_59919,pixel_59920,pixel_59921,pixel_59922,pixel_59923,pixel_59924,pixel_59925,pixel_59926,pixel_59927,pixel_59928,pixel_59929,pixel_59930,pixel_59931,pixel_59932,pixel_59933,pixel_59934,pixel_59935,pixel_59936,pixel_59937,pixel_59938,pixel_59939,pixel_59940,pixel_59941,pixel_59942,pixel_59943,pixel_59944,pixel_59945,pixel_59946,pixel_59947,pixel_59948,pixel_59949,pixel_59950,pixel_59951,pixel_59952,pixel_59953,pixel_59954,pixel_59955,pixel_59956,pixel_59957,pixel_59958,pixel_59959,pixel_59960,pixel_59961,pixel_59962,pixel_59963,pixel_59964,pixel_59965,pixel_59966,pixel_59967,pixel_59968,pixel_59969,pixel_59970,pixel_59971,pixel_59972,pixel_59973,pixel_59974,pixel_59975,pixel_59976,pixel_59977,pixel_59978,pixel_59979,pixel_59980,pixel_59981,pixel_59982,pixel_59983,pixel_59984,pixel_59985,pixel_59986,pixel_59987,pixel_59988,pixel_59989,pixel_59990,pixel_59991,pixel_59992,pixel_59993,pixel_59994,pixel_59995,pixel_59996,pixel_59997,pixel_59998,pixel_59999,pixel_60000,pixel_60001,pixel_60002,pixel_60003,pixel_60004,pixel_60005,pixel_60006,pixel_60007,pixel_60008,pixel_60009,pixel_60010,pixel_60011,pixel_60012,pixel_60013,pixel_60014,pixel_60015,pixel_60016,pixel_60017,pixel_60018,pixel_60019,pixel_60020,pixel_60021,pixel_60022,pixel_60023,pixel_60024,pixel_60025,pixel_60026,pixel_60027,pixel_60028,pixel_60029,pixel_60030,pixel_60031,pixel_60032,pixel_60033,pixel_60034,pixel_60035,pixel_60036,pixel_60037,pixel_60038,pixel_60039,pixel_60040,pixel_60041,pixel_60042,pixel_60043,pixel_60044,pixel_60045,pixel_60046,pixel_60047,pixel_60048,pixel_60049,pixel_60050,pixel_60051,pixel_60052,pixel_60053,pixel_60054,pixel_60055,pixel_60056,pixel_60057,pixel_60058,pixel_60059,pixel_60060,pixel_60061,pixel_60062,pixel_60063,pixel_60064,pixel_60065,pixel_60066,pixel_60067,pixel_60068,pixel_60069,pixel_60070,pixel_60071,pixel_60072,pixel_60073,pixel_60074,pixel_60075,pixel_60076,pixel_60077,pixel_60078,pixel_60079,pixel_60080,pixel_60081,pixel_60082,pixel_60083,pixel_60084,pixel_60085,pixel_60086,pixel_60087,pixel_60088,pixel_60089,pixel_60090,pixel_60091,pixel_60092,pixel_60093,pixel_60094,pixel_60095,pixel_60096,pixel_60097,pixel_60098,pixel_60099,pixel_60100,pixel_60101,pixel_60102,pixel_60103,pixel_60104,pixel_60105,pixel_60106,pixel_60107,pixel_60108,pixel_60109,pixel_60110,pixel_60111,pixel_60112,pixel_60113,pixel_60114,pixel_60115,pixel_60116,pixel_60117,pixel_60118,pixel_60119,pixel_60120,pixel_60121,pixel_60122,pixel_60123,pixel_60124,pixel_60125,pixel_60126,pixel_60127,pixel_60128,pixel_60129,pixel_60130,pixel_60131,pixel_60132,pixel_60133,pixel_60134,pixel_60135,pixel_60136,pixel_60137,pixel_60138,pixel_60139,pixel_60140,pixel_60141,pixel_60142,pixel_60143,pixel_60144,pixel_60145,pixel_60146,pixel_60147,pixel_60148,pixel_60149,pixel_60150,pixel_60151,pixel_60152,pixel_60153,pixel_60154,pixel_60155,pixel_60156,pixel_60157,pixel_60158,pixel_60159,pixel_60160,pixel_60161,pixel_60162,pixel_60163,pixel_60164,pixel_60165,pixel_60166,pixel_60167,pixel_60168,pixel_60169,pixel_60170,pixel_60171,pixel_60172,pixel_60173,pixel_60174,pixel_60175,pixel_60176,pixel_60177,pixel_60178,pixel_60179,pixel_60180,pixel_60181,pixel_60182,pixel_60183,pixel_60184,pixel_60185,pixel_60186,pixel_60187,pixel_60188,pixel_60189,pixel_60190,pixel_60191,pixel_60192,pixel_60193,pixel_60194,pixel_60195,pixel_60196,pixel_60197,pixel_60198,pixel_60199,pixel_60200,pixel_60201,pixel_60202,pixel_60203,pixel_60204,pixel_60205,pixel_60206,pixel_60207,pixel_60208,pixel_60209,pixel_60210,pixel_60211,pixel_60212,pixel_60213,pixel_60214,pixel_60215,pixel_60216,pixel_60217,pixel_60218,pixel_60219,pixel_60220,pixel_60221,pixel_60222,pixel_60223,pixel_60224,pixel_60225,pixel_60226,pixel_60227,pixel_60228,pixel_60229,pixel_60230,pixel_60231,pixel_60232,pixel_60233,pixel_60234,pixel_60235,pixel_60236,pixel_60237,pixel_60238,pixel_60239,pixel_60240,pixel_60241,pixel_60242,pixel_60243,pixel_60244,pixel_60245,pixel_60246,pixel_60247,pixel_60248,pixel_60249,pixel_60250,pixel_60251,pixel_60252,pixel_60253,pixel_60254,pixel_60255,pixel_60256,pixel_60257,pixel_60258,pixel_60259,pixel_60260,pixel_60261,pixel_60262,pixel_60263,pixel_60264,pixel_60265,pixel_60266,pixel_60267,pixel_60268,pixel_60269,pixel_60270,pixel_60271,pixel_60272,pixel_60273,pixel_60274,pixel_60275,pixel_60276,pixel_60277,pixel_60278,pixel_60279,pixel_60280,pixel_60281,pixel_60282,pixel_60283,pixel_60284,pixel_60285,pixel_60286,pixel_60287,pixel_60288,pixel_60289,pixel_60290,pixel_60291,pixel_60292,pixel_60293,pixel_60294,pixel_60295,pixel_60296,pixel_60297,pixel_60298,pixel_60299,pixel_60300,pixel_60301,pixel_60302,pixel_60303,pixel_60304,pixel_60305,pixel_60306,pixel_60307,pixel_60308,pixel_60309,pixel_60310,pixel_60311,pixel_60312,pixel_60313,pixel_60314,pixel_60315,pixel_60316,pixel_60317,pixel_60318,pixel_60319,pixel_60320,pixel_60321,pixel_60322,pixel_60323,pixel_60324,pixel_60325,pixel_60326,pixel_60327,pixel_60328,pixel_60329,pixel_60330,pixel_60331,pixel_60332,pixel_60333,pixel_60334,pixel_60335,pixel_60336,pixel_60337,pixel_60338,pixel_60339,pixel_60340,pixel_60341,pixel_60342,pixel_60343,pixel_60344,pixel_60345,pixel_60346,pixel_60347,pixel_60348,pixel_60349,pixel_60350,pixel_60351,pixel_60352,pixel_60353,pixel_60354,pixel_60355,pixel_60356,pixel_60357,pixel_60358,pixel_60359,pixel_60360,pixel_60361,pixel_60362,pixel_60363,pixel_60364,pixel_60365,pixel_60366,pixel_60367,pixel_60368,pixel_60369,pixel_60370,pixel_60371,pixel_60372,pixel_60373,pixel_60374,pixel_60375,pixel_60376,pixel_60377,pixel_60378,pixel_60379,pixel_60380,pixel_60381,pixel_60382,pixel_60383,pixel_60384,pixel_60385,pixel_60386,pixel_60387,pixel_60388,pixel_60389,pixel_60390,pixel_60391,pixel_60392,pixel_60393,pixel_60394,pixel_60395,pixel_60396,pixel_60397,pixel_60398,pixel_60399,pixel_60400,pixel_60401,pixel_60402,pixel_60403,pixel_60404,pixel_60405,pixel_60406,pixel_60407,pixel_60408,pixel_60409,pixel_60410,pixel_60411,pixel_60412,pixel_60413,pixel_60414,pixel_60415,pixel_60416,pixel_60417,pixel_60418,pixel_60419,pixel_60420,pixel_60421,pixel_60422,pixel_60423,pixel_60424,pixel_60425,pixel_60426,pixel_60427,pixel_60428,pixel_60429,pixel_60430,pixel_60431,pixel_60432,pixel_60433,pixel_60434,pixel_60435,pixel_60436,pixel_60437,pixel_60438,pixel_60439,pixel_60440,pixel_60441,pixel_60442,pixel_60443,pixel_60444,pixel_60445,pixel_60446,pixel_60447,pixel_60448,pixel_60449,pixel_60450,pixel_60451,pixel_60452,pixel_60453,pixel_60454,pixel_60455,pixel_60456,pixel_60457,pixel_60458,pixel_60459,pixel_60460,pixel_60461,pixel_60462,pixel_60463,pixel_60464,pixel_60465,pixel_60466,pixel_60467,pixel_60468,pixel_60469,pixel_60470,pixel_60471,pixel_60472,pixel_60473,pixel_60474,pixel_60475,pixel_60476,pixel_60477,pixel_60478,pixel_60479,pixel_60480,pixel_60481,pixel_60482,pixel_60483,pixel_60484,pixel_60485,pixel_60486,pixel_60487,pixel_60488,pixel_60489,pixel_60490,pixel_60491,pixel_60492,pixel_60493,pixel_60494,pixel_60495,pixel_60496,pixel_60497,pixel_60498,pixel_60499,pixel_60500,pixel_60501,pixel_60502,pixel_60503,pixel_60504,pixel_60505,pixel_60506,pixel_60507,pixel_60508,pixel_60509,pixel_60510,pixel_60511,pixel_60512,pixel_60513,pixel_60514,pixel_60515,pixel_60516,pixel_60517,pixel_60518,pixel_60519,pixel_60520,pixel_60521,pixel_60522,pixel_60523,pixel_60524,pixel_60525,pixel_60526,pixel_60527,pixel_60528,pixel_60529,pixel_60530,pixel_60531,pixel_60532,pixel_60533,pixel_60534,pixel_60535,pixel_60536,pixel_60537,pixel_60538,pixel_60539,pixel_60540,pixel_60541,pixel_60542,pixel_60543,pixel_60544,pixel_60545,pixel_60546,pixel_60547,pixel_60548,pixel_60549,pixel_60550,pixel_60551,pixel_60552,pixel_60553,pixel_60554,pixel_60555,pixel_60556,pixel_60557,pixel_60558,pixel_60559,pixel_60560,pixel_60561,pixel_60562,pixel_60563,pixel_60564,pixel_60565,pixel_60566,pixel_60567,pixel_60568,pixel_60569,pixel_60570,pixel_60571,pixel_60572,pixel_60573,pixel_60574,pixel_60575,pixel_60576,pixel_60577,pixel_60578,pixel_60579,pixel_60580,pixel_60581,pixel_60582,pixel_60583,pixel_60584,pixel_60585,pixel_60586,pixel_60587,pixel_60588,pixel_60589,pixel_60590,pixel_60591,pixel_60592,pixel_60593,pixel_60594,pixel_60595,pixel_60596,pixel_60597,pixel_60598,pixel_60599,pixel_60600,pixel_60601,pixel_60602,pixel_60603,pixel_60604,pixel_60605,pixel_60606,pixel_60607,pixel_60608,pixel_60609,pixel_60610,pixel_60611,pixel_60612,pixel_60613,pixel_60614,pixel_60615,pixel_60616,pixel_60617,pixel_60618,pixel_60619,pixel_60620,pixel_60621,pixel_60622,pixel_60623,pixel_60624,pixel_60625,pixel_60626,pixel_60627,pixel_60628,pixel_60629,pixel_60630,pixel_60631,pixel_60632,pixel_60633,pixel_60634,pixel_60635,pixel_60636,pixel_60637,pixel_60638,pixel_60639,pixel_60640,pixel_60641,pixel_60642,pixel_60643,pixel_60644,pixel_60645,pixel_60646,pixel_60647,pixel_60648,pixel_60649,pixel_60650,pixel_60651,pixel_60652,pixel_60653,pixel_60654,pixel_60655,pixel_60656,pixel_60657,pixel_60658,pixel_60659,pixel_60660,pixel_60661,pixel_60662,pixel_60663,pixel_60664,pixel_60665,pixel_60666,pixel_60667,pixel_60668,pixel_60669,pixel_60670,pixel_60671,pixel_60672,pixel_60673,pixel_60674,pixel_60675,pixel_60676,pixel_60677,pixel_60678,pixel_60679,pixel_60680,pixel_60681,pixel_60682,pixel_60683,pixel_60684,pixel_60685,pixel_60686,pixel_60687,pixel_60688,pixel_60689,pixel_60690,pixel_60691,pixel_60692,pixel_60693,pixel_60694,pixel_60695,pixel_60696,pixel_60697,pixel_60698,pixel_60699,pixel_60700,pixel_60701,pixel_60702,pixel_60703,pixel_60704,pixel_60705,pixel_60706,pixel_60707,pixel_60708,pixel_60709,pixel_60710,pixel_60711,pixel_60712,pixel_60713,pixel_60714,pixel_60715,pixel_60716,pixel_60717,pixel_60718,pixel_60719,pixel_60720,pixel_60721,pixel_60722,pixel_60723,pixel_60724,pixel_60725,pixel_60726,pixel_60727,pixel_60728,pixel_60729,pixel_60730,pixel_60731,pixel_60732,pixel_60733,pixel_60734,pixel_60735,pixel_60736,pixel_60737,pixel_60738,pixel_60739,pixel_60740,pixel_60741,pixel_60742,pixel_60743,pixel_60744,pixel_60745,pixel_60746,pixel_60747,pixel_60748,pixel_60749,pixel_60750,pixel_60751,pixel_60752,pixel_60753,pixel_60754,pixel_60755,pixel_60756,pixel_60757,pixel_60758,pixel_60759,pixel_60760,pixel_60761,pixel_60762,pixel_60763,pixel_60764,pixel_60765,pixel_60766,pixel_60767,pixel_60768,pixel_60769,pixel_60770,pixel_60771,pixel_60772,pixel_60773,pixel_60774,pixel_60775,pixel_60776,pixel_60777,pixel_60778,pixel_60779,pixel_60780,pixel_60781,pixel_60782,pixel_60783,pixel_60784,pixel_60785,pixel_60786,pixel_60787,pixel_60788,pixel_60789,pixel_60790,pixel_60791,pixel_60792,pixel_60793,pixel_60794,pixel_60795,pixel_60796,pixel_60797,pixel_60798,pixel_60799,pixel_60800,pixel_60801,pixel_60802,pixel_60803,pixel_60804,pixel_60805,pixel_60806,pixel_60807,pixel_60808,pixel_60809,pixel_60810,pixel_60811,pixel_60812,pixel_60813,pixel_60814,pixel_60815,pixel_60816,pixel_60817,pixel_60818,pixel_60819,pixel_60820,pixel_60821,pixel_60822,pixel_60823,pixel_60824,pixel_60825,pixel_60826,pixel_60827,pixel_60828,pixel_60829,pixel_60830,pixel_60831,pixel_60832,pixel_60833,pixel_60834,pixel_60835,pixel_60836,pixel_60837,pixel_60838,pixel_60839,pixel_60840,pixel_60841,pixel_60842,pixel_60843,pixel_60844,pixel_60845,pixel_60846,pixel_60847,pixel_60848,pixel_60849,pixel_60850,pixel_60851,pixel_60852,pixel_60853,pixel_60854,pixel_60855,pixel_60856,pixel_60857,pixel_60858,pixel_60859,pixel_60860,pixel_60861,pixel_60862,pixel_60863,pixel_60864,pixel_60865,pixel_60866,pixel_60867,pixel_60868,pixel_60869,pixel_60870,pixel_60871,pixel_60872,pixel_60873,pixel_60874,pixel_60875,pixel_60876,pixel_60877,pixel_60878,pixel_60879,pixel_60880,pixel_60881,pixel_60882,pixel_60883,pixel_60884,pixel_60885,pixel_60886,pixel_60887,pixel_60888,pixel_60889,pixel_60890,pixel_60891,pixel_60892,pixel_60893,pixel_60894,pixel_60895,pixel_60896,pixel_60897,pixel_60898,pixel_60899,pixel_60900,pixel_60901,pixel_60902,pixel_60903,pixel_60904,pixel_60905,pixel_60906,pixel_60907,pixel_60908,pixel_60909,pixel_60910,pixel_60911,pixel_60912,pixel_60913,pixel_60914,pixel_60915,pixel_60916,pixel_60917,pixel_60918,pixel_60919,pixel_60920,pixel_60921,pixel_60922,pixel_60923,pixel_60924,pixel_60925,pixel_60926,pixel_60927,pixel_60928,pixel_60929,pixel_60930,pixel_60931,pixel_60932,pixel_60933,pixel_60934,pixel_60935,pixel_60936,pixel_60937,pixel_60938,pixel_60939,pixel_60940,pixel_60941,pixel_60942,pixel_60943,pixel_60944,pixel_60945,pixel_60946,pixel_60947,pixel_60948,pixel_60949,pixel_60950,pixel_60951,pixel_60952,pixel_60953,pixel_60954,pixel_60955,pixel_60956,pixel_60957,pixel_60958,pixel_60959,pixel_60960,pixel_60961,pixel_60962,pixel_60963,pixel_60964,pixel_60965,pixel_60966,pixel_60967,pixel_60968,pixel_60969,pixel_60970,pixel_60971,pixel_60972,pixel_60973,pixel_60974,pixel_60975,pixel_60976,pixel_60977,pixel_60978,pixel_60979,pixel_60980,pixel_60981,pixel_60982,pixel_60983,pixel_60984,pixel_60985,pixel_60986,pixel_60987,pixel_60988,pixel_60989,pixel_60990,pixel_60991,pixel_60992,pixel_60993,pixel_60994,pixel_60995,pixel_60996,pixel_60997,pixel_60998,pixel_60999,pixel_61000,pixel_61001,pixel_61002,pixel_61003,pixel_61004,pixel_61005,pixel_61006,pixel_61007,pixel_61008,pixel_61009,pixel_61010,pixel_61011,pixel_61012,pixel_61013,pixel_61014,pixel_61015,pixel_61016,pixel_61017,pixel_61018,pixel_61019,pixel_61020,pixel_61021,pixel_61022,pixel_61023,pixel_61024,pixel_61025,pixel_61026,pixel_61027,pixel_61028,pixel_61029,pixel_61030,pixel_61031,pixel_61032,pixel_61033,pixel_61034,pixel_61035,pixel_61036,pixel_61037,pixel_61038,pixel_61039,pixel_61040,pixel_61041,pixel_61042,pixel_61043,pixel_61044,pixel_61045,pixel_61046,pixel_61047,pixel_61048,pixel_61049,pixel_61050,pixel_61051,pixel_61052,pixel_61053,pixel_61054,pixel_61055,pixel_61056,pixel_61057,pixel_61058,pixel_61059,pixel_61060,pixel_61061,pixel_61062,pixel_61063,pixel_61064,pixel_61065,pixel_61066,pixel_61067,pixel_61068,pixel_61069,pixel_61070,pixel_61071,pixel_61072,pixel_61073,pixel_61074,pixel_61075,pixel_61076,pixel_61077,pixel_61078,pixel_61079,pixel_61080,pixel_61081,pixel_61082,pixel_61083,pixel_61084,pixel_61085,pixel_61086,pixel_61087,pixel_61088,pixel_61089,pixel_61090,pixel_61091,pixel_61092,pixel_61093,pixel_61094,pixel_61095,pixel_61096,pixel_61097,pixel_61098,pixel_61099,pixel_61100,pixel_61101,pixel_61102,pixel_61103,pixel_61104,pixel_61105,pixel_61106,pixel_61107,pixel_61108,pixel_61109,pixel_61110,pixel_61111,pixel_61112,pixel_61113,pixel_61114,pixel_61115,pixel_61116,pixel_61117,pixel_61118,pixel_61119,pixel_61120,pixel_61121,pixel_61122,pixel_61123,pixel_61124,pixel_61125,pixel_61126,pixel_61127,pixel_61128,pixel_61129,pixel_61130,pixel_61131,pixel_61132,pixel_61133,pixel_61134,pixel_61135,pixel_61136,pixel_61137,pixel_61138,pixel_61139,pixel_61140,pixel_61141,pixel_61142,pixel_61143,pixel_61144,pixel_61145,pixel_61146,pixel_61147,pixel_61148,pixel_61149,pixel_61150,pixel_61151,pixel_61152,pixel_61153,pixel_61154,pixel_61155,pixel_61156,pixel_61157,pixel_61158,pixel_61159,pixel_61160,pixel_61161,pixel_61162,pixel_61163,pixel_61164,pixel_61165,pixel_61166,pixel_61167,pixel_61168,pixel_61169,pixel_61170,pixel_61171,pixel_61172,pixel_61173,pixel_61174,pixel_61175,pixel_61176,pixel_61177,pixel_61178,pixel_61179,pixel_61180,pixel_61181,pixel_61182,pixel_61183,pixel_61184,pixel_61185,pixel_61186,pixel_61187,pixel_61188,pixel_61189,pixel_61190,pixel_61191,pixel_61192,pixel_61193,pixel_61194,pixel_61195,pixel_61196,pixel_61197,pixel_61198,pixel_61199,pixel_61200,pixel_61201,pixel_61202,pixel_61203,pixel_61204,pixel_61205,pixel_61206,pixel_61207,pixel_61208,pixel_61209,pixel_61210,pixel_61211,pixel_61212,pixel_61213,pixel_61214,pixel_61215,pixel_61216,pixel_61217,pixel_61218,pixel_61219,pixel_61220,pixel_61221,pixel_61222,pixel_61223,pixel_61224,pixel_61225,pixel_61226,pixel_61227,pixel_61228,pixel_61229,pixel_61230,pixel_61231,pixel_61232,pixel_61233,pixel_61234,pixel_61235,pixel_61236,pixel_61237,pixel_61238,pixel_61239,pixel_61240,pixel_61241,pixel_61242,pixel_61243,pixel_61244,pixel_61245,pixel_61246,pixel_61247,pixel_61248,pixel_61249,pixel_61250,pixel_61251,pixel_61252,pixel_61253,pixel_61254,pixel_61255,pixel_61256,pixel_61257,pixel_61258,pixel_61259,pixel_61260,pixel_61261,pixel_61262,pixel_61263,pixel_61264,pixel_61265,pixel_61266,pixel_61267,pixel_61268,pixel_61269,pixel_61270,pixel_61271,pixel_61272,pixel_61273,pixel_61274,pixel_61275,pixel_61276,pixel_61277,pixel_61278,pixel_61279,pixel_61280,pixel_61281,pixel_61282,pixel_61283,pixel_61284,pixel_61285,pixel_61286,pixel_61287,pixel_61288,pixel_61289,pixel_61290,pixel_61291,pixel_61292,pixel_61293,pixel_61294,pixel_61295,pixel_61296,pixel_61297,pixel_61298,pixel_61299,pixel_61300,pixel_61301,pixel_61302,pixel_61303,pixel_61304,pixel_61305,pixel_61306,pixel_61307,pixel_61308,pixel_61309,pixel_61310,pixel_61311,pixel_61312,pixel_61313,pixel_61314,pixel_61315,pixel_61316,pixel_61317,pixel_61318,pixel_61319,pixel_61320,pixel_61321,pixel_61322,pixel_61323,pixel_61324,pixel_61325,pixel_61326,pixel_61327,pixel_61328,pixel_61329,pixel_61330,pixel_61331,pixel_61332,pixel_61333,pixel_61334,pixel_61335,pixel_61336,pixel_61337,pixel_61338,pixel_61339,pixel_61340,pixel_61341,pixel_61342,pixel_61343,pixel_61344,pixel_61345,pixel_61346,pixel_61347,pixel_61348,pixel_61349,pixel_61350,pixel_61351,pixel_61352,pixel_61353,pixel_61354,pixel_61355,pixel_61356,pixel_61357,pixel_61358,pixel_61359,pixel_61360,pixel_61361,pixel_61362,pixel_61363,pixel_61364,pixel_61365,pixel_61366,pixel_61367,pixel_61368,pixel_61369,pixel_61370,pixel_61371,pixel_61372,pixel_61373,pixel_61374,pixel_61375,pixel_61376,pixel_61377,pixel_61378,pixel_61379,pixel_61380,pixel_61381,pixel_61382,pixel_61383,pixel_61384,pixel_61385,pixel_61386,pixel_61387,pixel_61388,pixel_61389,pixel_61390,pixel_61391,pixel_61392,pixel_61393,pixel_61394,pixel_61395,pixel_61396,pixel_61397,pixel_61398,pixel_61399,pixel_61400,pixel_61401,pixel_61402,pixel_61403,pixel_61404,pixel_61405,pixel_61406,pixel_61407,pixel_61408,pixel_61409,pixel_61410,pixel_61411,pixel_61412,pixel_61413,pixel_61414,pixel_61415,pixel_61416,pixel_61417,pixel_61418,pixel_61419,pixel_61420,pixel_61421,pixel_61422,pixel_61423,pixel_61424,pixel_61425,pixel_61426,pixel_61427,pixel_61428,pixel_61429,pixel_61430,pixel_61431,pixel_61432,pixel_61433,pixel_61434,pixel_61435,pixel_61436,pixel_61437,pixel_61438,pixel_61439,pixel_61440,pixel_61441,pixel_61442,pixel_61443,pixel_61444,pixel_61445,pixel_61446,pixel_61447,pixel_61448,pixel_61449,pixel_61450,pixel_61451,pixel_61452,pixel_61453,pixel_61454,pixel_61455,pixel_61456,pixel_61457,pixel_61458,pixel_61459,pixel_61460,pixel_61461,pixel_61462,pixel_61463,pixel_61464,pixel_61465,pixel_61466,pixel_61467,pixel_61468,pixel_61469,pixel_61470,pixel_61471,pixel_61472,pixel_61473,pixel_61474,pixel_61475,pixel_61476,pixel_61477,pixel_61478,pixel_61479,pixel_61480,pixel_61481,pixel_61482,pixel_61483,pixel_61484,pixel_61485,pixel_61486,pixel_61487,pixel_61488,pixel_61489,pixel_61490,pixel_61491,pixel_61492,pixel_61493,pixel_61494,pixel_61495,pixel_61496,pixel_61497,pixel_61498,pixel_61499,pixel_61500,pixel_61501,pixel_61502,pixel_61503,pixel_61504,pixel_61505,pixel_61506,pixel_61507,pixel_61508,pixel_61509,pixel_61510,pixel_61511,pixel_61512,pixel_61513,pixel_61514,pixel_61515,pixel_61516,pixel_61517,pixel_61518,pixel_61519,pixel_61520,pixel_61521,pixel_61522,pixel_61523,pixel_61524,pixel_61525,pixel_61526,pixel_61527,pixel_61528,pixel_61529,pixel_61530,pixel_61531,pixel_61532,pixel_61533,pixel_61534,pixel_61535,pixel_61536,pixel_61537,pixel_61538,pixel_61539,pixel_61540,pixel_61541,pixel_61542,pixel_61543,pixel_61544,pixel_61545,pixel_61546,pixel_61547,pixel_61548,pixel_61549,pixel_61550,pixel_61551,pixel_61552,pixel_61553,pixel_61554,pixel_61555,pixel_61556,pixel_61557,pixel_61558,pixel_61559,pixel_61560,pixel_61561,pixel_61562,pixel_61563,pixel_61564,pixel_61565,pixel_61566,pixel_61567,pixel_61568,pixel_61569,pixel_61570,pixel_61571,pixel_61572,pixel_61573,pixel_61574,pixel_61575,pixel_61576,pixel_61577,pixel_61578,pixel_61579,pixel_61580,pixel_61581,pixel_61582,pixel_61583,pixel_61584,pixel_61585,pixel_61586,pixel_61587,pixel_61588,pixel_61589,pixel_61590,pixel_61591,pixel_61592,pixel_61593,pixel_61594,pixel_61595,pixel_61596,pixel_61597,pixel_61598,pixel_61599,pixel_61600,pixel_61601,pixel_61602,pixel_61603,pixel_61604,pixel_61605,pixel_61606,pixel_61607,pixel_61608,pixel_61609,pixel_61610,pixel_61611,pixel_61612,pixel_61613,pixel_61614,pixel_61615,pixel_61616,pixel_61617,pixel_61618,pixel_61619,pixel_61620,pixel_61621,pixel_61622,pixel_61623,pixel_61624,pixel_61625,pixel_61626,pixel_61627,pixel_61628,pixel_61629,pixel_61630,pixel_61631,pixel_61632,pixel_61633,pixel_61634,pixel_61635,pixel_61636,pixel_61637,pixel_61638,pixel_61639,pixel_61640,pixel_61641,pixel_61642,pixel_61643,pixel_61644,pixel_61645,pixel_61646,pixel_61647,pixel_61648,pixel_61649,pixel_61650,pixel_61651,pixel_61652,pixel_61653,pixel_61654,pixel_61655,pixel_61656,pixel_61657,pixel_61658,pixel_61659,pixel_61660,pixel_61661,pixel_61662,pixel_61663,pixel_61664,pixel_61665,pixel_61666,pixel_61667,pixel_61668,pixel_61669,pixel_61670,pixel_61671,pixel_61672,pixel_61673,pixel_61674,pixel_61675,pixel_61676,pixel_61677,pixel_61678,pixel_61679,pixel_61680,pixel_61681,pixel_61682,pixel_61683,pixel_61684,pixel_61685,pixel_61686,pixel_61687,pixel_61688,pixel_61689,pixel_61690,pixel_61691,pixel_61692,pixel_61693,pixel_61694,pixel_61695,pixel_61696,pixel_61697,pixel_61698,pixel_61699,pixel_61700,pixel_61701,pixel_61702,pixel_61703,pixel_61704,pixel_61705,pixel_61706,pixel_61707,pixel_61708,pixel_61709,pixel_61710,pixel_61711,pixel_61712,pixel_61713,pixel_61714,pixel_61715,pixel_61716,pixel_61717,pixel_61718,pixel_61719,pixel_61720,pixel_61721,pixel_61722,pixel_61723,pixel_61724,pixel_61725,pixel_61726,pixel_61727,pixel_61728,pixel_61729,pixel_61730,pixel_61731,pixel_61732,pixel_61733,pixel_61734,pixel_61735,pixel_61736,pixel_61737,pixel_61738,pixel_61739,pixel_61740,pixel_61741,pixel_61742,pixel_61743,pixel_61744,pixel_61745,pixel_61746,pixel_61747,pixel_61748,pixel_61749,pixel_61750,pixel_61751,pixel_61752,pixel_61753,pixel_61754,pixel_61755,pixel_61756,pixel_61757,pixel_61758,pixel_61759,pixel_61760,pixel_61761,pixel_61762,pixel_61763,pixel_61764,pixel_61765,pixel_61766,pixel_61767,pixel_61768,pixel_61769,pixel_61770,pixel_61771,pixel_61772,pixel_61773,pixel_61774,pixel_61775,pixel_61776,pixel_61777,pixel_61778,pixel_61779,pixel_61780,pixel_61781,pixel_61782,pixel_61783,pixel_61784,pixel_61785,pixel_61786,pixel_61787,pixel_61788,pixel_61789,pixel_61790,pixel_61791,pixel_61792,pixel_61793,pixel_61794,pixel_61795,pixel_61796,pixel_61797,pixel_61798,pixel_61799,pixel_61800,pixel_61801,pixel_61802,pixel_61803,pixel_61804,pixel_61805,pixel_61806,pixel_61807,pixel_61808,pixel_61809,pixel_61810,pixel_61811,pixel_61812,pixel_61813,pixel_61814,pixel_61815,pixel_61816,pixel_61817,pixel_61818,pixel_61819,pixel_61820,pixel_61821,pixel_61822,pixel_61823,pixel_61824,pixel_61825,pixel_61826,pixel_61827,pixel_61828,pixel_61829,pixel_61830,pixel_61831,pixel_61832,pixel_61833,pixel_61834,pixel_61835,pixel_61836,pixel_61837,pixel_61838,pixel_61839,pixel_61840,pixel_61841,pixel_61842,pixel_61843,pixel_61844,pixel_61845,pixel_61846,pixel_61847,pixel_61848,pixel_61849,pixel_61850,pixel_61851,pixel_61852,pixel_61853,pixel_61854,pixel_61855,pixel_61856,pixel_61857,pixel_61858,pixel_61859,pixel_61860,pixel_61861,pixel_61862,pixel_61863,pixel_61864,pixel_61865,pixel_61866,pixel_61867,pixel_61868,pixel_61869,pixel_61870,pixel_61871,pixel_61872,pixel_61873,pixel_61874,pixel_61875,pixel_61876,pixel_61877,pixel_61878,pixel_61879,pixel_61880,pixel_61881,pixel_61882,pixel_61883,pixel_61884,pixel_61885,pixel_61886,pixel_61887,pixel_61888,pixel_61889,pixel_61890,pixel_61891,pixel_61892,pixel_61893,pixel_61894,pixel_61895,pixel_61896,pixel_61897,pixel_61898,pixel_61899,pixel_61900,pixel_61901,pixel_61902,pixel_61903,pixel_61904,pixel_61905,pixel_61906,pixel_61907,pixel_61908,pixel_61909,pixel_61910,pixel_61911,pixel_61912,pixel_61913,pixel_61914,pixel_61915,pixel_61916,pixel_61917,pixel_61918,pixel_61919,pixel_61920,pixel_61921,pixel_61922,pixel_61923,pixel_61924,pixel_61925,pixel_61926,pixel_61927,pixel_61928,pixel_61929,pixel_61930,pixel_61931,pixel_61932,pixel_61933,pixel_61934,pixel_61935,pixel_61936,pixel_61937,pixel_61938,pixel_61939,pixel_61940,pixel_61941,pixel_61942,pixel_61943,pixel_61944,pixel_61945,pixel_61946,pixel_61947,pixel_61948,pixel_61949,pixel_61950,pixel_61951,pixel_61952,pixel_61953,pixel_61954,pixel_61955,pixel_61956,pixel_61957,pixel_61958,pixel_61959,pixel_61960,pixel_61961,pixel_61962,pixel_61963,pixel_61964,pixel_61965,pixel_61966,pixel_61967,pixel_61968,pixel_61969,pixel_61970,pixel_61971,pixel_61972,pixel_61973,pixel_61974,pixel_61975,pixel_61976,pixel_61977,pixel_61978,pixel_61979,pixel_61980,pixel_61981,pixel_61982,pixel_61983,pixel_61984,pixel_61985,pixel_61986,pixel_61987,pixel_61988,pixel_61989,pixel_61990,pixel_61991,pixel_61992,pixel_61993,pixel_61994,pixel_61995,pixel_61996,pixel_61997,pixel_61998,pixel_61999,pixel_62000,pixel_62001,pixel_62002,pixel_62003,pixel_62004,pixel_62005,pixel_62006,pixel_62007,pixel_62008,pixel_62009,pixel_62010,pixel_62011,pixel_62012,pixel_62013,pixel_62014,pixel_62015,pixel_62016,pixel_62017,pixel_62018,pixel_62019,pixel_62020,pixel_62021,pixel_62022,pixel_62023,pixel_62024,pixel_62025,pixel_62026,pixel_62027,pixel_62028,pixel_62029,pixel_62030,pixel_62031,pixel_62032,pixel_62033,pixel_62034,pixel_62035,pixel_62036,pixel_62037,pixel_62038,pixel_62039,pixel_62040,pixel_62041,pixel_62042,pixel_62043,pixel_62044,pixel_62045,pixel_62046,pixel_62047,pixel_62048,pixel_62049,pixel_62050,pixel_62051,pixel_62052,pixel_62053,pixel_62054,pixel_62055,pixel_62056,pixel_62057,pixel_62058,pixel_62059,pixel_62060,pixel_62061,pixel_62062,pixel_62063,pixel_62064,pixel_62065,pixel_62066,pixel_62067,pixel_62068,pixel_62069,pixel_62070,pixel_62071,pixel_62072,pixel_62073,pixel_62074,pixel_62075,pixel_62076,pixel_62077,pixel_62078,pixel_62079,pixel_62080,pixel_62081,pixel_62082,pixel_62083,pixel_62084,pixel_62085,pixel_62086,pixel_62087,pixel_62088,pixel_62089,pixel_62090,pixel_62091,pixel_62092,pixel_62093,pixel_62094,pixel_62095,pixel_62096,pixel_62097,pixel_62098,pixel_62099,pixel_62100,pixel_62101,pixel_62102,pixel_62103,pixel_62104,pixel_62105,pixel_62106,pixel_62107,pixel_62108,pixel_62109,pixel_62110,pixel_62111,pixel_62112,pixel_62113,pixel_62114,pixel_62115,pixel_62116,pixel_62117,pixel_62118,pixel_62119,pixel_62120,pixel_62121,pixel_62122,pixel_62123,pixel_62124,pixel_62125,pixel_62126,pixel_62127,pixel_62128,pixel_62129,pixel_62130,pixel_62131,pixel_62132,pixel_62133,pixel_62134,pixel_62135,pixel_62136,pixel_62137,pixel_62138,pixel_62139,pixel_62140,pixel_62141,pixel_62142,pixel_62143,pixel_62144,pixel_62145,pixel_62146,pixel_62147,pixel_62148,pixel_62149,pixel_62150,pixel_62151,pixel_62152,pixel_62153,pixel_62154,pixel_62155,pixel_62156,pixel_62157,pixel_62158,pixel_62159,pixel_62160,pixel_62161,pixel_62162,pixel_62163,pixel_62164,pixel_62165,pixel_62166,pixel_62167,pixel_62168,pixel_62169,pixel_62170,pixel_62171,pixel_62172,pixel_62173,pixel_62174,pixel_62175,pixel_62176,pixel_62177,pixel_62178,pixel_62179,pixel_62180,pixel_62181,pixel_62182,pixel_62183,pixel_62184,pixel_62185,pixel_62186,pixel_62187,pixel_62188,pixel_62189,pixel_62190,pixel_62191,pixel_62192,pixel_62193,pixel_62194,pixel_62195,pixel_62196,pixel_62197,pixel_62198,pixel_62199,pixel_62200,pixel_62201,pixel_62202,pixel_62203,pixel_62204,pixel_62205,pixel_62206,pixel_62207,pixel_62208,pixel_62209,pixel_62210,pixel_62211,pixel_62212,pixel_62213,pixel_62214,pixel_62215,pixel_62216,pixel_62217,pixel_62218,pixel_62219,pixel_62220,pixel_62221,pixel_62222,pixel_62223,pixel_62224,pixel_62225,pixel_62226,pixel_62227,pixel_62228,pixel_62229,pixel_62230,pixel_62231,pixel_62232,pixel_62233,pixel_62234,pixel_62235,pixel_62236,pixel_62237,pixel_62238,pixel_62239,pixel_62240,pixel_62241,pixel_62242,pixel_62243,pixel_62244,pixel_62245,pixel_62246,pixel_62247,pixel_62248,pixel_62249,pixel_62250,pixel_62251,pixel_62252,pixel_62253,pixel_62254,pixel_62255,pixel_62256,pixel_62257,pixel_62258,pixel_62259,pixel_62260,pixel_62261,pixel_62262,pixel_62263,pixel_62264,pixel_62265,pixel_62266,pixel_62267,pixel_62268,pixel_62269,pixel_62270,pixel_62271,pixel_62272,pixel_62273,pixel_62274,pixel_62275,pixel_62276,pixel_62277,pixel_62278,pixel_62279,pixel_62280,pixel_62281,pixel_62282,pixel_62283,pixel_62284,pixel_62285,pixel_62286,pixel_62287,pixel_62288,pixel_62289,pixel_62290,pixel_62291,pixel_62292,pixel_62293,pixel_62294,pixel_62295,pixel_62296,pixel_62297,pixel_62298,pixel_62299,pixel_62300,pixel_62301,pixel_62302,pixel_62303,pixel_62304,pixel_62305,pixel_62306,pixel_62307,pixel_62308,pixel_62309,pixel_62310,pixel_62311,pixel_62312,pixel_62313,pixel_62314,pixel_62315,pixel_62316,pixel_62317,pixel_62318,pixel_62319,pixel_62320,pixel_62321,pixel_62322,pixel_62323,pixel_62324,pixel_62325,pixel_62326,pixel_62327,pixel_62328,pixel_62329,pixel_62330,pixel_62331,pixel_62332,pixel_62333,pixel_62334,pixel_62335,pixel_62336,pixel_62337,pixel_62338,pixel_62339,pixel_62340,pixel_62341,pixel_62342,pixel_62343,pixel_62344,pixel_62345,pixel_62346,pixel_62347,pixel_62348,pixel_62349,pixel_62350,pixel_62351,pixel_62352,pixel_62353,pixel_62354,pixel_62355,pixel_62356,pixel_62357,pixel_62358,pixel_62359,pixel_62360,pixel_62361,pixel_62362,pixel_62363,pixel_62364,pixel_62365,pixel_62366,pixel_62367,pixel_62368,pixel_62369,pixel_62370,pixel_62371,pixel_62372,pixel_62373,pixel_62374,pixel_62375,pixel_62376,pixel_62377,pixel_62378,pixel_62379,pixel_62380,pixel_62381,pixel_62382,pixel_62383,pixel_62384,pixel_62385,pixel_62386,pixel_62387,pixel_62388,pixel_62389,pixel_62390,pixel_62391,pixel_62392,pixel_62393,pixel_62394,pixel_62395,pixel_62396,pixel_62397,pixel_62398,pixel_62399,pixel_62400,pixel_62401,pixel_62402,pixel_62403,pixel_62404,pixel_62405,pixel_62406,pixel_62407,pixel_62408,pixel_62409,pixel_62410,pixel_62411,pixel_62412,pixel_62413,pixel_62414,pixel_62415,pixel_62416,pixel_62417,pixel_62418,pixel_62419,pixel_62420,pixel_62421,pixel_62422,pixel_62423,pixel_62424,pixel_62425,pixel_62426,pixel_62427,pixel_62428,pixel_62429,pixel_62430,pixel_62431,pixel_62432,pixel_62433,pixel_62434,pixel_62435,pixel_62436,pixel_62437,pixel_62438,pixel_62439,pixel_62440,pixel_62441,pixel_62442,pixel_62443,pixel_62444,pixel_62445,pixel_62446,pixel_62447,pixel_62448,pixel_62449,pixel_62450,pixel_62451,pixel_62452,pixel_62453,pixel_62454,pixel_62455,pixel_62456,pixel_62457,pixel_62458,pixel_62459,pixel_62460,pixel_62461,pixel_62462,pixel_62463,pixel_62464,pixel_62465,pixel_62466,pixel_62467,pixel_62468,pixel_62469,pixel_62470,pixel_62471,pixel_62472,pixel_62473,pixel_62474,pixel_62475,pixel_62476,pixel_62477,pixel_62478,pixel_62479,pixel_62480,pixel_62481,pixel_62482,pixel_62483,pixel_62484,pixel_62485,pixel_62486,pixel_62487,pixel_62488,pixel_62489,pixel_62490,pixel_62491,pixel_62492,pixel_62493,pixel_62494,pixel_62495,pixel_62496,pixel_62497,pixel_62498,pixel_62499,pixel_62500,pixel_62501,pixel_62502,pixel_62503,pixel_62504,pixel_62505,pixel_62506,pixel_62507,pixel_62508,pixel_62509,pixel_62510,pixel_62511,pixel_62512,pixel_62513,pixel_62514,pixel_62515,pixel_62516,pixel_62517,pixel_62518,pixel_62519,pixel_62520,pixel_62521,pixel_62522,pixel_62523,pixel_62524,pixel_62525,pixel_62526,pixel_62527,pixel_62528,pixel_62529,pixel_62530,pixel_62531,pixel_62532,pixel_62533,pixel_62534,pixel_62535,pixel_62536,pixel_62537,pixel_62538,pixel_62539,pixel_62540,pixel_62541,pixel_62542,pixel_62543,pixel_62544,pixel_62545,pixel_62546,pixel_62547,pixel_62548,pixel_62549,pixel_62550,pixel_62551,pixel_62552,pixel_62553,pixel_62554,pixel_62555,pixel_62556,pixel_62557,pixel_62558,pixel_62559,pixel_62560,pixel_62561,pixel_62562,pixel_62563,pixel_62564,pixel_62565,pixel_62566,pixel_62567,pixel_62568,pixel_62569,pixel_62570,pixel_62571,pixel_62572,pixel_62573,pixel_62574,pixel_62575,pixel_62576,pixel_62577,pixel_62578,pixel_62579,pixel_62580,pixel_62581,pixel_62582,pixel_62583,pixel_62584,pixel_62585,pixel_62586,pixel_62587,pixel_62588,pixel_62589,pixel_62590,pixel_62591,pixel_62592,pixel_62593,pixel_62594,pixel_62595,pixel_62596,pixel_62597,pixel_62598,pixel_62599,pixel_62600,pixel_62601,pixel_62602,pixel_62603,pixel_62604,pixel_62605,pixel_62606,pixel_62607,pixel_62608,pixel_62609,pixel_62610,pixel_62611,pixel_62612,pixel_62613,pixel_62614,pixel_62615,pixel_62616,pixel_62617,pixel_62618,pixel_62619,pixel_62620,pixel_62621,pixel_62622,pixel_62623,pixel_62624,pixel_62625,pixel_62626,pixel_62627,pixel_62628,pixel_62629,pixel_62630,pixel_62631,pixel_62632,pixel_62633,pixel_62634,pixel_62635,pixel_62636,pixel_62637,pixel_62638,pixel_62639,pixel_62640,pixel_62641,pixel_62642,pixel_62643,pixel_62644,pixel_62645,pixel_62646,pixel_62647,pixel_62648,pixel_62649,pixel_62650,pixel_62651,pixel_62652,pixel_62653,pixel_62654,pixel_62655,pixel_62656,pixel_62657,pixel_62658,pixel_62659,pixel_62660,pixel_62661,pixel_62662,pixel_62663,pixel_62664,pixel_62665,pixel_62666,pixel_62667,pixel_62668,pixel_62669,pixel_62670,pixel_62671,pixel_62672,pixel_62673,pixel_62674,pixel_62675,pixel_62676,pixel_62677,pixel_62678,pixel_62679,pixel_62680,pixel_62681,pixel_62682,pixel_62683,pixel_62684,pixel_62685,pixel_62686,pixel_62687,pixel_62688,pixel_62689,pixel_62690,pixel_62691,pixel_62692,pixel_62693,pixel_62694,pixel_62695,pixel_62696,pixel_62697,pixel_62698,pixel_62699,pixel_62700,pixel_62701,pixel_62702,pixel_62703,pixel_62704,pixel_62705,pixel_62706,pixel_62707,pixel_62708,pixel_62709,pixel_62710,pixel_62711,pixel_62712,pixel_62713,pixel_62714,pixel_62715,pixel_62716,pixel_62717,pixel_62718,pixel_62719,pixel_62720,pixel_62721,pixel_62722,pixel_62723,pixel_62724,pixel_62725,pixel_62726,pixel_62727,pixel_62728,pixel_62729,pixel_62730,pixel_62731,pixel_62732,pixel_62733,pixel_62734,pixel_62735,pixel_62736,pixel_62737,pixel_62738,pixel_62739,pixel_62740,pixel_62741,pixel_62742,pixel_62743,pixel_62744,pixel_62745,pixel_62746,pixel_62747,pixel_62748,pixel_62749,pixel_62750,pixel_62751,pixel_62752,pixel_62753,pixel_62754,pixel_62755,pixel_62756,pixel_62757,pixel_62758,pixel_62759,pixel_62760,pixel_62761,pixel_62762,pixel_62763,pixel_62764,pixel_62765,pixel_62766,pixel_62767,pixel_62768,pixel_62769,pixel_62770,pixel_62771,pixel_62772,pixel_62773,pixel_62774,pixel_62775,pixel_62776,pixel_62777,pixel_62778,pixel_62779,pixel_62780,pixel_62781,pixel_62782,pixel_62783,pixel_62784,pixel_62785,pixel_62786,pixel_62787,pixel_62788,pixel_62789,pixel_62790,pixel_62791,pixel_62792,pixel_62793,pixel_62794,pixel_62795,pixel_62796,pixel_62797,pixel_62798,pixel_62799,pixel_62800,pixel_62801,pixel_62802,pixel_62803,pixel_62804,pixel_62805,pixel_62806,pixel_62807,pixel_62808,pixel_62809,pixel_62810,pixel_62811,pixel_62812,pixel_62813,pixel_62814,pixel_62815,pixel_62816,pixel_62817,pixel_62818,pixel_62819,pixel_62820,pixel_62821,pixel_62822,pixel_62823,pixel_62824,pixel_62825,pixel_62826,pixel_62827,pixel_62828,pixel_62829,pixel_62830,pixel_62831,pixel_62832,pixel_62833,pixel_62834,pixel_62835,pixel_62836,pixel_62837,pixel_62838,pixel_62839,pixel_62840,pixel_62841,pixel_62842,pixel_62843,pixel_62844,pixel_62845,pixel_62846,pixel_62847,pixel_62848,pixel_62849,pixel_62850,pixel_62851,pixel_62852,pixel_62853,pixel_62854,pixel_62855,pixel_62856,pixel_62857,pixel_62858,pixel_62859,pixel_62860,pixel_62861,pixel_62862,pixel_62863,pixel_62864,pixel_62865,pixel_62866,pixel_62867,pixel_62868,pixel_62869,pixel_62870,pixel_62871,pixel_62872,pixel_62873,pixel_62874,pixel_62875,pixel_62876,pixel_62877,pixel_62878,pixel_62879,pixel_62880,pixel_62881,pixel_62882,pixel_62883,pixel_62884,pixel_62885,pixel_62886,pixel_62887,pixel_62888,pixel_62889,pixel_62890,pixel_62891,pixel_62892,pixel_62893,pixel_62894,pixel_62895,pixel_62896,pixel_62897,pixel_62898,pixel_62899,pixel_62900,pixel_62901,pixel_62902,pixel_62903,pixel_62904,pixel_62905,pixel_62906,pixel_62907,pixel_62908,pixel_62909,pixel_62910,pixel_62911,pixel_62912,pixel_62913,pixel_62914,pixel_62915,pixel_62916,pixel_62917,pixel_62918,pixel_62919,pixel_62920,pixel_62921,pixel_62922,pixel_62923,pixel_62924,pixel_62925,pixel_62926,pixel_62927,pixel_62928,pixel_62929,pixel_62930,pixel_62931,pixel_62932,pixel_62933,pixel_62934,pixel_62935,pixel_62936,pixel_62937,pixel_62938,pixel_62939,pixel_62940,pixel_62941,pixel_62942,pixel_62943,pixel_62944,pixel_62945,pixel_62946,pixel_62947,pixel_62948,pixel_62949,pixel_62950,pixel_62951,pixel_62952,pixel_62953,pixel_62954,pixel_62955,pixel_62956,pixel_62957,pixel_62958,pixel_62959,pixel_62960,pixel_62961,pixel_62962,pixel_62963,pixel_62964,pixel_62965,pixel_62966,pixel_62967,pixel_62968,pixel_62969,pixel_62970,pixel_62971,pixel_62972,pixel_62973,pixel_62974,pixel_62975,pixel_62976,pixel_62977,pixel_62978,pixel_62979,pixel_62980,pixel_62981,pixel_62982,pixel_62983,pixel_62984,pixel_62985,pixel_62986,pixel_62987,pixel_62988,pixel_62989,pixel_62990,pixel_62991,pixel_62992,pixel_62993,pixel_62994,pixel_62995,pixel_62996,pixel_62997,pixel_62998,pixel_62999,pixel_63000,pixel_63001,pixel_63002,pixel_63003,pixel_63004,pixel_63005,pixel_63006,pixel_63007,pixel_63008,pixel_63009,pixel_63010,pixel_63011,pixel_63012,pixel_63013,pixel_63014,pixel_63015,pixel_63016,pixel_63017,pixel_63018,pixel_63019,pixel_63020,pixel_63021,pixel_63022,pixel_63023,pixel_63024,pixel_63025,pixel_63026,pixel_63027,pixel_63028,pixel_63029,pixel_63030,pixel_63031,pixel_63032,pixel_63033,pixel_63034,pixel_63035,pixel_63036,pixel_63037,pixel_63038,pixel_63039,pixel_63040,pixel_63041,pixel_63042,pixel_63043,pixel_63044,pixel_63045,pixel_63046,pixel_63047,pixel_63048,pixel_63049,pixel_63050,pixel_63051,pixel_63052,pixel_63053,pixel_63054,pixel_63055,pixel_63056,pixel_63057,pixel_63058,pixel_63059,pixel_63060,pixel_63061,pixel_63062,pixel_63063,pixel_63064,pixel_63065,pixel_63066,pixel_63067,pixel_63068,pixel_63069,pixel_63070,pixel_63071,pixel_63072,pixel_63073,pixel_63074,pixel_63075,pixel_63076,pixel_63077,pixel_63078,pixel_63079,pixel_63080,pixel_63081,pixel_63082,pixel_63083,pixel_63084,pixel_63085,pixel_63086,pixel_63087,pixel_63088,pixel_63089,pixel_63090,pixel_63091,pixel_63092,pixel_63093,pixel_63094,pixel_63095,pixel_63096,pixel_63097,pixel_63098,pixel_63099,pixel_63100,pixel_63101,pixel_63102,pixel_63103,pixel_63104,pixel_63105,pixel_63106,pixel_63107,pixel_63108,pixel_63109,pixel_63110,pixel_63111,pixel_63112,pixel_63113,pixel_63114,pixel_63115,pixel_63116,pixel_63117,pixel_63118,pixel_63119,pixel_63120,pixel_63121,pixel_63122,pixel_63123,pixel_63124,pixel_63125,pixel_63126,pixel_63127,pixel_63128,pixel_63129,pixel_63130,pixel_63131,pixel_63132,pixel_63133,pixel_63134,pixel_63135,pixel_63136,pixel_63137,pixel_63138,pixel_63139,pixel_63140,pixel_63141,pixel_63142,pixel_63143,pixel_63144,pixel_63145,pixel_63146,pixel_63147,pixel_63148,pixel_63149,pixel_63150,pixel_63151,pixel_63152,pixel_63153,pixel_63154,pixel_63155,pixel_63156,pixel_63157,pixel_63158,pixel_63159,pixel_63160,pixel_63161,pixel_63162,pixel_63163,pixel_63164,pixel_63165,pixel_63166,pixel_63167,pixel_63168,pixel_63169,pixel_63170,pixel_63171,pixel_63172,pixel_63173,pixel_63174,pixel_63175,pixel_63176,pixel_63177,pixel_63178,pixel_63179,pixel_63180,pixel_63181,pixel_63182,pixel_63183,pixel_63184,pixel_63185,pixel_63186,pixel_63187,pixel_63188,pixel_63189,pixel_63190,pixel_63191,pixel_63192,pixel_63193,pixel_63194,pixel_63195,pixel_63196,pixel_63197,pixel_63198,pixel_63199,pixel_63200,pixel_63201,pixel_63202,pixel_63203,pixel_63204,pixel_63205,pixel_63206,pixel_63207,pixel_63208,pixel_63209,pixel_63210,pixel_63211,pixel_63212,pixel_63213,pixel_63214,pixel_63215,pixel_63216,pixel_63217,pixel_63218,pixel_63219,pixel_63220,pixel_63221,pixel_63222,pixel_63223,pixel_63224,pixel_63225,pixel_63226,pixel_63227,pixel_63228,pixel_63229,pixel_63230,pixel_63231,pixel_63232,pixel_63233,pixel_63234,pixel_63235,pixel_63236,pixel_63237,pixel_63238,pixel_63239,pixel_63240,pixel_63241,pixel_63242,pixel_63243,pixel_63244,pixel_63245,pixel_63246,pixel_63247,pixel_63248,pixel_63249,pixel_63250,pixel_63251,pixel_63252,pixel_63253,pixel_63254,pixel_63255,pixel_63256,pixel_63257,pixel_63258,pixel_63259,pixel_63260,pixel_63261,pixel_63262,pixel_63263,pixel_63264,pixel_63265,pixel_63266,pixel_63267,pixel_63268,pixel_63269,pixel_63270,pixel_63271,pixel_63272,pixel_63273,pixel_63274,pixel_63275,pixel_63276,pixel_63277,pixel_63278,pixel_63279,pixel_63280,pixel_63281,pixel_63282,pixel_63283,pixel_63284,pixel_63285,pixel_63286,pixel_63287,pixel_63288,pixel_63289,pixel_63290,pixel_63291,pixel_63292,pixel_63293,pixel_63294,pixel_63295,pixel_63296,pixel_63297,pixel_63298,pixel_63299,pixel_63300,pixel_63301,pixel_63302,pixel_63303,pixel_63304,pixel_63305,pixel_63306,pixel_63307,pixel_63308,pixel_63309,pixel_63310,pixel_63311,pixel_63312,pixel_63313,pixel_63314,pixel_63315,pixel_63316,pixel_63317,pixel_63318,pixel_63319,pixel_63320,pixel_63321,pixel_63322,pixel_63323,pixel_63324,pixel_63325,pixel_63326,pixel_63327,pixel_63328,pixel_63329,pixel_63330,pixel_63331,pixel_63332,pixel_63333,pixel_63334,pixel_63335,pixel_63336,pixel_63337,pixel_63338,pixel_63339,pixel_63340,pixel_63341,pixel_63342,pixel_63343,pixel_63344,pixel_63345,pixel_63346,pixel_63347,pixel_63348,pixel_63349,pixel_63350,pixel_63351,pixel_63352,pixel_63353,pixel_63354,pixel_63355,pixel_63356,pixel_63357,pixel_63358,pixel_63359,pixel_63360,pixel_63361,pixel_63362,pixel_63363,pixel_63364,pixel_63365,pixel_63366,pixel_63367,pixel_63368,pixel_63369,pixel_63370,pixel_63371,pixel_63372,pixel_63373,pixel_63374,pixel_63375,pixel_63376,pixel_63377,pixel_63378,pixel_63379,pixel_63380,pixel_63381,pixel_63382,pixel_63383,pixel_63384,pixel_63385,pixel_63386,pixel_63387,pixel_63388,pixel_63389,pixel_63390,pixel_63391,pixel_63392,pixel_63393,pixel_63394,pixel_63395,pixel_63396,pixel_63397,pixel_63398,pixel_63399,pixel_63400,pixel_63401,pixel_63402,pixel_63403,pixel_63404,pixel_63405,pixel_63406,pixel_63407,pixel_63408,pixel_63409,pixel_63410,pixel_63411,pixel_63412,pixel_63413,pixel_63414,pixel_63415,pixel_63416,pixel_63417,pixel_63418,pixel_63419,pixel_63420,pixel_63421,pixel_63422,pixel_63423,pixel_63424,pixel_63425,pixel_63426,pixel_63427,pixel_63428,pixel_63429,pixel_63430,pixel_63431,pixel_63432,pixel_63433,pixel_63434,pixel_63435,pixel_63436,pixel_63437,pixel_63438,pixel_63439,pixel_63440,pixel_63441,pixel_63442,pixel_63443,pixel_63444,pixel_63445,pixel_63446,pixel_63447,pixel_63448,pixel_63449,pixel_63450,pixel_63451,pixel_63452,pixel_63453,pixel_63454,pixel_63455,pixel_63456,pixel_63457,pixel_63458,pixel_63459,pixel_63460,pixel_63461,pixel_63462,pixel_63463,pixel_63464,pixel_63465,pixel_63466,pixel_63467,pixel_63468,pixel_63469,pixel_63470,pixel_63471,pixel_63472,pixel_63473,pixel_63474,pixel_63475,pixel_63476,pixel_63477,pixel_63478,pixel_63479,pixel_63480,pixel_63481,pixel_63482,pixel_63483,pixel_63484,pixel_63485,pixel_63486,pixel_63487,pixel_63488,pixel_63489,pixel_63490,pixel_63491,pixel_63492,pixel_63493,pixel_63494,pixel_63495,pixel_63496,pixel_63497,pixel_63498,pixel_63499,pixel_63500,pixel_63501,pixel_63502,pixel_63503,pixel_63504,pixel_63505,pixel_63506,pixel_63507,pixel_63508,pixel_63509,pixel_63510,pixel_63511,pixel_63512,pixel_63513,pixel_63514,pixel_63515,pixel_63516,pixel_63517,pixel_63518,pixel_63519,pixel_63520,pixel_63521,pixel_63522,pixel_63523,pixel_63524,pixel_63525,pixel_63526,pixel_63527,pixel_63528,pixel_63529,pixel_63530,pixel_63531,pixel_63532,pixel_63533,pixel_63534,pixel_63535,pixel_63536,pixel_63537,pixel_63538,pixel_63539,pixel_63540,pixel_63541,pixel_63542,pixel_63543,pixel_63544,pixel_63545,pixel_63546,pixel_63547,pixel_63548,pixel_63549,pixel_63550,pixel_63551,pixel_63552,pixel_63553,pixel_63554,pixel_63555,pixel_63556,pixel_63557,pixel_63558,pixel_63559,pixel_63560,pixel_63561,pixel_63562,pixel_63563,pixel_63564,pixel_63565,pixel_63566,pixel_63567,pixel_63568,pixel_63569,pixel_63570,pixel_63571,pixel_63572,pixel_63573,pixel_63574,pixel_63575,pixel_63576,pixel_63577,pixel_63578,pixel_63579,pixel_63580,pixel_63581,pixel_63582,pixel_63583,pixel_63584,pixel_63585,pixel_63586,pixel_63587,pixel_63588,pixel_63589,pixel_63590,pixel_63591,pixel_63592,pixel_63593,pixel_63594,pixel_63595,pixel_63596,pixel_63597,pixel_63598,pixel_63599,pixel_63600,pixel_63601,pixel_63602,pixel_63603,pixel_63604,pixel_63605,pixel_63606,pixel_63607,pixel_63608,pixel_63609,pixel_63610,pixel_63611,pixel_63612,pixel_63613,pixel_63614,pixel_63615,pixel_63616,pixel_63617,pixel_63618,pixel_63619,pixel_63620,pixel_63621,pixel_63622,pixel_63623,pixel_63624,pixel_63625,pixel_63626,pixel_63627,pixel_63628,pixel_63629,pixel_63630,pixel_63631,pixel_63632,pixel_63633,pixel_63634,pixel_63635,pixel_63636,pixel_63637,pixel_63638,pixel_63639,pixel_63640,pixel_63641,pixel_63642,pixel_63643,pixel_63644,pixel_63645,pixel_63646,pixel_63647,pixel_63648,pixel_63649,pixel_63650,pixel_63651,pixel_63652,pixel_63653,pixel_63654,pixel_63655,pixel_63656,pixel_63657,pixel_63658,pixel_63659,pixel_63660,pixel_63661,pixel_63662,pixel_63663,pixel_63664,pixel_63665,pixel_63666,pixel_63667,pixel_63668,pixel_63669,pixel_63670,pixel_63671,pixel_63672,pixel_63673,pixel_63674,pixel_63675,pixel_63676,pixel_63677,pixel_63678,pixel_63679,pixel_63680,pixel_63681,pixel_63682,pixel_63683,pixel_63684,pixel_63685,pixel_63686,pixel_63687,pixel_63688,pixel_63689,pixel_63690,pixel_63691,pixel_63692,pixel_63693,pixel_63694,pixel_63695,pixel_63696,pixel_63697,pixel_63698,pixel_63699,pixel_63700,pixel_63701,pixel_63702,pixel_63703,pixel_63704,pixel_63705,pixel_63706,pixel_63707,pixel_63708,pixel_63709,pixel_63710,pixel_63711,pixel_63712,pixel_63713,pixel_63714,pixel_63715,pixel_63716,pixel_63717,pixel_63718,pixel_63719,pixel_63720,pixel_63721,pixel_63722,pixel_63723,pixel_63724,pixel_63725,pixel_63726,pixel_63727,pixel_63728,pixel_63729,pixel_63730,pixel_63731,pixel_63732,pixel_63733,pixel_63734,pixel_63735,pixel_63736,pixel_63737,pixel_63738,pixel_63739,pixel_63740,pixel_63741,pixel_63742,pixel_63743,pixel_63744,pixel_63745,pixel_63746,pixel_63747,pixel_63748,pixel_63749,pixel_63750,pixel_63751,pixel_63752,pixel_63753,pixel_63754,pixel_63755,pixel_63756,pixel_63757,pixel_63758,pixel_63759,pixel_63760,pixel_63761,pixel_63762,pixel_63763,pixel_63764,pixel_63765,pixel_63766,pixel_63767,pixel_63768,pixel_63769,pixel_63770,pixel_63771,pixel_63772,pixel_63773,pixel_63774,pixel_63775,pixel_63776,pixel_63777,pixel_63778,pixel_63779,pixel_63780,pixel_63781,pixel_63782,pixel_63783,pixel_63784,pixel_63785,pixel_63786,pixel_63787,pixel_63788,pixel_63789,pixel_63790,pixel_63791,pixel_63792,pixel_63793,pixel_63794,pixel_63795,pixel_63796,pixel_63797,pixel_63798,pixel_63799,pixel_63800,pixel_63801,pixel_63802,pixel_63803,pixel_63804,pixel_63805,pixel_63806,pixel_63807,pixel_63808,pixel_63809,pixel_63810,pixel_63811,pixel_63812,pixel_63813,pixel_63814,pixel_63815,pixel_63816,pixel_63817,pixel_63818,pixel_63819,pixel_63820,pixel_63821,pixel_63822,pixel_63823,pixel_63824,pixel_63825,pixel_63826,pixel_63827,pixel_63828,pixel_63829,pixel_63830,pixel_63831,pixel_63832,pixel_63833,pixel_63834,pixel_63835,pixel_63836,pixel_63837,pixel_63838,pixel_63839,pixel_63840,pixel_63841,pixel_63842,pixel_63843,pixel_63844,pixel_63845,pixel_63846,pixel_63847,pixel_63848,pixel_63849,pixel_63850,pixel_63851,pixel_63852,pixel_63853,pixel_63854,pixel_63855,pixel_63856,pixel_63857,pixel_63858,pixel_63859,pixel_63860,pixel_63861,pixel_63862,pixel_63863,pixel_63864,pixel_63865,pixel_63866,pixel_63867,pixel_63868,pixel_63869,pixel_63870,pixel_63871,pixel_63872,pixel_63873,pixel_63874,pixel_63875,pixel_63876,pixel_63877,pixel_63878,pixel_63879,pixel_63880,pixel_63881,pixel_63882,pixel_63883,pixel_63884,pixel_63885,pixel_63886,pixel_63887,pixel_63888,pixel_63889,pixel_63890,pixel_63891,pixel_63892,pixel_63893,pixel_63894,pixel_63895,pixel_63896,pixel_63897,pixel_63898,pixel_63899,pixel_63900,pixel_63901,pixel_63902,pixel_63903,pixel_63904,pixel_63905,pixel_63906,pixel_63907,pixel_63908,pixel_63909,pixel_63910,pixel_63911,pixel_63912,pixel_63913,pixel_63914,pixel_63915,pixel_63916,pixel_63917,pixel_63918,pixel_63919,pixel_63920,pixel_63921,pixel_63922,pixel_63923,pixel_63924,pixel_63925,pixel_63926,pixel_63927,pixel_63928,pixel_63929,pixel_63930,pixel_63931,pixel_63932,pixel_63933,pixel_63934,pixel_63935,pixel_63936,pixel_63937,pixel_63938,pixel_63939,pixel_63940,pixel_63941,pixel_63942,pixel_63943,pixel_63944,pixel_63945,pixel_63946,pixel_63947,pixel_63948,pixel_63949,pixel_63950,pixel_63951,pixel_63952,pixel_63953,pixel_63954,pixel_63955,pixel_63956,pixel_63957,pixel_63958,pixel_63959,pixel_63960,pixel_63961,pixel_63962,pixel_63963,pixel_63964,pixel_63965,pixel_63966,pixel_63967,pixel_63968,pixel_63969,pixel_63970,pixel_63971,pixel_63972,pixel_63973,pixel_63974,pixel_63975,pixel_63976,pixel_63977,pixel_63978,pixel_63979,pixel_63980,pixel_63981,pixel_63982,pixel_63983,pixel_63984,pixel_63985,pixel_63986,pixel_63987,pixel_63988,pixel_63989,pixel_63990,pixel_63991,pixel_63992,pixel_63993,pixel_63994,pixel_63995,pixel_63996,pixel_63997,pixel_63998,pixel_63999,pixel_64000,pixel_64001,pixel_64002,pixel_64003,pixel_64004,pixel_64005,pixel_64006,pixel_64007,pixel_64008,pixel_64009,pixel_64010,pixel_64011,pixel_64012,pixel_64013,pixel_64014,pixel_64015,pixel_64016,pixel_64017,pixel_64018,pixel_64019,pixel_64020,pixel_64021,pixel_64022,pixel_64023,pixel_64024,pixel_64025,pixel_64026,pixel_64027,pixel_64028,pixel_64029,pixel_64030,pixel_64031,pixel_64032,pixel_64033,pixel_64034,pixel_64035,pixel_64036,pixel_64037,pixel_64038,pixel_64039,pixel_64040,pixel_64041,pixel_64042,pixel_64043,pixel_64044,pixel_64045,pixel_64046,pixel_64047,pixel_64048,pixel_64049,pixel_64050,pixel_64051,pixel_64052,pixel_64053,pixel_64054,pixel_64055,pixel_64056,pixel_64057,pixel_64058,pixel_64059,pixel_64060,pixel_64061,pixel_64062,pixel_64063,pixel_64064,pixel_64065,pixel_64066,pixel_64067,pixel_64068,pixel_64069,pixel_64070,pixel_64071,pixel_64072,pixel_64073,pixel_64074,pixel_64075,pixel_64076,pixel_64077,pixel_64078,pixel_64079,pixel_64080,pixel_64081,pixel_64082,pixel_64083,pixel_64084,pixel_64085,pixel_64086,pixel_64087,pixel_64088,pixel_64089,pixel_64090,pixel_64091,pixel_64092,pixel_64093,pixel_64094,pixel_64095,pixel_64096,pixel_64097,pixel_64098,pixel_64099,pixel_64100,pixel_64101,pixel_64102,pixel_64103,pixel_64104,pixel_64105,pixel_64106,pixel_64107,pixel_64108,pixel_64109,pixel_64110,pixel_64111,pixel_64112,pixel_64113,pixel_64114,pixel_64115,pixel_64116,pixel_64117,pixel_64118,pixel_64119,pixel_64120,pixel_64121,pixel_64122,pixel_64123,pixel_64124,pixel_64125,pixel_64126,pixel_64127,pixel_64128,pixel_64129,pixel_64130,pixel_64131,pixel_64132,pixel_64133,pixel_64134,pixel_64135,pixel_64136,pixel_64137,pixel_64138,pixel_64139,pixel_64140,pixel_64141,pixel_64142,pixel_64143,pixel_64144,pixel_64145,pixel_64146,pixel_64147,pixel_64148,pixel_64149,pixel_64150,pixel_64151,pixel_64152,pixel_64153,pixel_64154,pixel_64155,pixel_64156,pixel_64157,pixel_64158,pixel_64159,pixel_64160,pixel_64161,pixel_64162,pixel_64163,pixel_64164,pixel_64165,pixel_64166,pixel_64167,pixel_64168,pixel_64169,pixel_64170,pixel_64171,pixel_64172,pixel_64173,pixel_64174,pixel_64175,pixel_64176,pixel_64177,pixel_64178,pixel_64179,pixel_64180,pixel_64181,pixel_64182,pixel_64183,pixel_64184,pixel_64185,pixel_64186,pixel_64187,pixel_64188,pixel_64189,pixel_64190,pixel_64191,pixel_64192,pixel_64193,pixel_64194,pixel_64195,pixel_64196,pixel_64197,pixel_64198,pixel_64199,pixel_64200,pixel_64201,pixel_64202,pixel_64203,pixel_64204,pixel_64205,pixel_64206,pixel_64207,pixel_64208,pixel_64209,pixel_64210,pixel_64211,pixel_64212,pixel_64213,pixel_64214,pixel_64215,pixel_64216,pixel_64217,pixel_64218,pixel_64219,pixel_64220,pixel_64221,pixel_64222,pixel_64223,pixel_64224,pixel_64225,pixel_64226,pixel_64227,pixel_64228,pixel_64229,pixel_64230,pixel_64231,pixel_64232,pixel_64233,pixel_64234,pixel_64235,pixel_64236,pixel_64237,pixel_64238,pixel_64239,pixel_64240,pixel_64241,pixel_64242,pixel_64243,pixel_64244,pixel_64245,pixel_64246,pixel_64247,pixel_64248,pixel_64249,pixel_64250,pixel_64251,pixel_64252,pixel_64253,pixel_64254,pixel_64255,pixel_64256,pixel_64257,pixel_64258,pixel_64259,pixel_64260,pixel_64261,pixel_64262,pixel_64263,pixel_64264,pixel_64265,pixel_64266,pixel_64267,pixel_64268,pixel_64269,pixel_64270,pixel_64271,pixel_64272,pixel_64273,pixel_64274,pixel_64275,pixel_64276,pixel_64277,pixel_64278,pixel_64279,pixel_64280,pixel_64281,pixel_64282,pixel_64283,pixel_64284,pixel_64285,pixel_64286,pixel_64287,pixel_64288,pixel_64289,pixel_64290,pixel_64291,pixel_64292,pixel_64293,pixel_64294,pixel_64295,pixel_64296,pixel_64297,pixel_64298,pixel_64299,pixel_64300,pixel_64301,pixel_64302,pixel_64303,pixel_64304,pixel_64305,pixel_64306,pixel_64307,pixel_64308,pixel_64309,pixel_64310,pixel_64311,pixel_64312,pixel_64313,pixel_64314,pixel_64315,pixel_64316,pixel_64317,pixel_64318,pixel_64319,pixel_64320,pixel_64321,pixel_64322,pixel_64323,pixel_64324,pixel_64325,pixel_64326,pixel_64327,pixel_64328,pixel_64329,pixel_64330,pixel_64331,pixel_64332,pixel_64333,pixel_64334,pixel_64335,pixel_64336,pixel_64337,pixel_64338,pixel_64339,pixel_64340,pixel_64341,pixel_64342,pixel_64343,pixel_64344,pixel_64345,pixel_64346,pixel_64347,pixel_64348,pixel_64349,pixel_64350,pixel_64351,pixel_64352,pixel_64353,pixel_64354,pixel_64355,pixel_64356,pixel_64357,pixel_64358,pixel_64359,pixel_64360,pixel_64361,pixel_64362,pixel_64363,pixel_64364,pixel_64365,pixel_64366,pixel_64367,pixel_64368,pixel_64369,pixel_64370,pixel_64371,pixel_64372,pixel_64373,pixel_64374,pixel_64375,pixel_64376,pixel_64377,pixel_64378,pixel_64379,pixel_64380,pixel_64381,pixel_64382,pixel_64383,pixel_64384,pixel_64385,pixel_64386,pixel_64387,pixel_64388,pixel_64389,pixel_64390,pixel_64391,pixel_64392,pixel_64393,pixel_64394,pixel_64395,pixel_64396,pixel_64397,pixel_64398,pixel_64399,pixel_64400,pixel_64401,pixel_64402,pixel_64403,pixel_64404,pixel_64405,pixel_64406,pixel_64407,pixel_64408,pixel_64409,pixel_64410,pixel_64411,pixel_64412,pixel_64413,pixel_64414,pixel_64415,pixel_64416,pixel_64417,pixel_64418,pixel_64419,pixel_64420,pixel_64421,pixel_64422,pixel_64423,pixel_64424,pixel_64425,pixel_64426,pixel_64427,pixel_64428,pixel_64429,pixel_64430,pixel_64431,pixel_64432,pixel_64433,pixel_64434,pixel_64435,pixel_64436,pixel_64437,pixel_64438,pixel_64439,pixel_64440,pixel_64441,pixel_64442,pixel_64443,pixel_64444,pixel_64445,pixel_64446,pixel_64447,pixel_64448,pixel_64449,pixel_64450,pixel_64451,pixel_64452,pixel_64453,pixel_64454,pixel_64455,pixel_64456,pixel_64457,pixel_64458,pixel_64459,pixel_64460,pixel_64461,pixel_64462,pixel_64463,pixel_64464,pixel_64465,pixel_64466,pixel_64467,pixel_64468,pixel_64469,pixel_64470,pixel_64471,pixel_64472,pixel_64473,pixel_64474,pixel_64475,pixel_64476,pixel_64477,pixel_64478,pixel_64479,pixel_64480,pixel_64481,pixel_64482,pixel_64483,pixel_64484,pixel_64485,pixel_64486,pixel_64487,pixel_64488,pixel_64489,pixel_64490,pixel_64491,pixel_64492,pixel_64493,pixel_64494,pixel_64495,pixel_64496,pixel_64497,pixel_64498,pixel_64499,pixel_64500,pixel_64501,pixel_64502,pixel_64503,pixel_64504,pixel_64505,pixel_64506,pixel_64507,pixel_64508,pixel_64509,pixel_64510,pixel_64511,pixel_64512,pixel_64513,pixel_64514,pixel_64515,pixel_64516,pixel_64517,pixel_64518,pixel_64519,pixel_64520,pixel_64521,pixel_64522,pixel_64523,pixel_64524,pixel_64525,pixel_64526,pixel_64527,pixel_64528,pixel_64529,pixel_64530,pixel_64531,pixel_64532,pixel_64533,pixel_64534,pixel_64535,pixel_64536,pixel_64537,pixel_64538,pixel_64539,pixel_64540,pixel_64541,pixel_64542,pixel_64543,pixel_64544,pixel_64545,pixel_64546,pixel_64547,pixel_64548,pixel_64549,pixel_64550,pixel_64551,pixel_64552,pixel_64553,pixel_64554,pixel_64555,pixel_64556,pixel_64557,pixel_64558,pixel_64559,pixel_64560,pixel_64561,pixel_64562,pixel_64563,pixel_64564,pixel_64565,pixel_64566,pixel_64567,pixel_64568,pixel_64569,pixel_64570,pixel_64571,pixel_64572,pixel_64573,pixel_64574,pixel_64575,pixel_64576,pixel_64577,pixel_64578,pixel_64579,pixel_64580,pixel_64581,pixel_64582,pixel_64583,pixel_64584,pixel_64585,pixel_64586,pixel_64587,pixel_64588,pixel_64589,pixel_64590,pixel_64591,pixel_64592,pixel_64593,pixel_64594,pixel_64595,pixel_64596,pixel_64597,pixel_64598,pixel_64599,pixel_64600,pixel_64601,pixel_64602,pixel_64603,pixel_64604,pixel_64605,pixel_64606,pixel_64607,pixel_64608,pixel_64609,pixel_64610,pixel_64611,pixel_64612,pixel_64613,pixel_64614,pixel_64615,pixel_64616,pixel_64617,pixel_64618,pixel_64619,pixel_64620,pixel_64621,pixel_64622,pixel_64623,pixel_64624,pixel_64625,pixel_64626,pixel_64627,pixel_64628,pixel_64629,pixel_64630,pixel_64631,pixel_64632,pixel_64633,pixel_64634,pixel_64635,pixel_64636,pixel_64637,pixel_64638,pixel_64639,pixel_64640,pixel_64641,pixel_64642,pixel_64643,pixel_64644,pixel_64645,pixel_64646,pixel_64647,pixel_64648,pixel_64649,pixel_64650,pixel_64651,pixel_64652,pixel_64653,pixel_64654,pixel_64655,pixel_64656,pixel_64657,pixel_64658,pixel_64659,pixel_64660,pixel_64661,pixel_64662,pixel_64663,pixel_64664,pixel_64665,pixel_64666,pixel_64667,pixel_64668,pixel_64669,pixel_64670,pixel_64671,pixel_64672,pixel_64673,pixel_64674,pixel_64675,pixel_64676,pixel_64677,pixel_64678,pixel_64679,pixel_64680,pixel_64681,pixel_64682,pixel_64683,pixel_64684,pixel_64685,pixel_64686,pixel_64687,pixel_64688,pixel_64689,pixel_64690,pixel_64691,pixel_64692,pixel_64693,pixel_64694,pixel_64695,pixel_64696,pixel_64697,pixel_64698,pixel_64699,pixel_64700,pixel_64701,pixel_64702,pixel_64703,pixel_64704,pixel_64705,pixel_64706,pixel_64707,pixel_64708,pixel_64709,pixel_64710,pixel_64711,pixel_64712,pixel_64713,pixel_64714,pixel_64715,pixel_64716,pixel_64717,pixel_64718,pixel_64719,pixel_64720,pixel_64721,pixel_64722,pixel_64723,pixel_64724,pixel_64725,pixel_64726,pixel_64727,pixel_64728,pixel_64729,pixel_64730,pixel_64731,pixel_64732,pixel_64733,pixel_64734,pixel_64735,pixel_64736,pixel_64737,pixel_64738,pixel_64739,pixel_64740,pixel_64741,pixel_64742,pixel_64743,pixel_64744,pixel_64745,pixel_64746,pixel_64747,pixel_64748,pixel_64749,pixel_64750,pixel_64751,pixel_64752,pixel_64753,pixel_64754,pixel_64755,pixel_64756,pixel_64757,pixel_64758,pixel_64759,pixel_64760,pixel_64761,pixel_64762,pixel_64763,pixel_64764,pixel_64765,pixel_64766,pixel_64767,pixel_64768,pixel_64769,pixel_64770,pixel_64771,pixel_64772,pixel_64773,pixel_64774,pixel_64775,pixel_64776,pixel_64777,pixel_64778,pixel_64779,pixel_64780,pixel_64781,pixel_64782,pixel_64783,pixel_64784,pixel_64785,pixel_64786,pixel_64787,pixel_64788,pixel_64789,pixel_64790,pixel_64791,pixel_64792,pixel_64793,pixel_64794,pixel_64795,pixel_64796,pixel_64797,pixel_64798,pixel_64799,pixel_64800,pixel_64801,pixel_64802,pixel_64803,pixel_64804,pixel_64805,pixel_64806,pixel_64807,pixel_64808,pixel_64809,pixel_64810,pixel_64811,pixel_64812,pixel_64813,pixel_64814,pixel_64815,pixel_64816,pixel_64817,pixel_64818,pixel_64819,pixel_64820,pixel_64821,pixel_64822,pixel_64823,pixel_64824,pixel_64825,pixel_64826,pixel_64827,pixel_64828,pixel_64829,pixel_64830,pixel_64831,pixel_64832,pixel_64833,pixel_64834,pixel_64835,pixel_64836,pixel_64837,pixel_64838,pixel_64839,pixel_64840,pixel_64841,pixel_64842,pixel_64843,pixel_64844,pixel_64845,pixel_64846,pixel_64847,pixel_64848,pixel_64849,pixel_64850,pixel_64851,pixel_64852,pixel_64853,pixel_64854,pixel_64855,pixel_64856,pixel_64857,pixel_64858,pixel_64859,pixel_64860,pixel_64861,pixel_64862,pixel_64863,pixel_64864,pixel_64865,pixel_64866,pixel_64867,pixel_64868,pixel_64869,pixel_64870,pixel_64871,pixel_64872,pixel_64873,pixel_64874,pixel_64875,pixel_64876,pixel_64877,pixel_64878,pixel_64879,pixel_64880,pixel_64881,pixel_64882,pixel_64883,pixel_64884,pixel_64885,pixel_64886,pixel_64887,pixel_64888,pixel_64889,pixel_64890,pixel_64891,pixel_64892,pixel_64893,pixel_64894,pixel_64895,pixel_64896,pixel_64897,pixel_64898,pixel_64899,pixel_64900,pixel_64901,pixel_64902,pixel_64903,pixel_64904,pixel_64905,pixel_64906,pixel_64907,pixel_64908,pixel_64909,pixel_64910,pixel_64911,pixel_64912,pixel_64913,pixel_64914,pixel_64915,pixel_64916,pixel_64917,pixel_64918,pixel_64919,pixel_64920,pixel_64921,pixel_64922,pixel_64923,pixel_64924,pixel_64925,pixel_64926,pixel_64927,pixel_64928,pixel_64929,pixel_64930,pixel_64931,pixel_64932,pixel_64933,pixel_64934,pixel_64935,pixel_64936,pixel_64937,pixel_64938,pixel_64939,pixel_64940,pixel_64941,pixel_64942,pixel_64943,pixel_64944,pixel_64945,pixel_64946,pixel_64947,pixel_64948,pixel_64949,pixel_64950,pixel_64951,pixel_64952,pixel_64953,pixel_64954,pixel_64955,pixel_64956,pixel_64957,pixel_64958,pixel_64959,pixel_64960,pixel_64961,pixel_64962,pixel_64963,pixel_64964,pixel_64965,pixel_64966,pixel_64967,pixel_64968,pixel_64969,pixel_64970,pixel_64971,pixel_64972,pixel_64973,pixel_64974,pixel_64975,pixel_64976,pixel_64977,pixel_64978,pixel_64979,pixel_64980,pixel_64981,pixel_64982,pixel_64983,pixel_64984,pixel_64985,pixel_64986,pixel_64987,pixel_64988,pixel_64989,pixel_64990,pixel_64991,pixel_64992,pixel_64993,pixel_64994,pixel_64995,pixel_64996,pixel_64997,pixel_64998,pixel_64999,pixel_65000,pixel_65001,pixel_65002,pixel_65003,pixel_65004,pixel_65005,pixel_65006,pixel_65007,pixel_65008,pixel_65009,pixel_65010,pixel_65011,pixel_65012,pixel_65013,pixel_65014,pixel_65015,pixel_65016,pixel_65017,pixel_65018,pixel_65019,pixel_65020,pixel_65021,pixel_65022,pixel_65023,pixel_65024,pixel_65025,pixel_65026,pixel_65027,pixel_65028,pixel_65029,pixel_65030,pixel_65031,pixel_65032,pixel_65033,pixel_65034,pixel_65035,pixel_65036,pixel_65037,pixel_65038,pixel_65039,pixel_65040,pixel_65041,pixel_65042,pixel_65043,pixel_65044,pixel_65045,pixel_65046,pixel_65047,pixel_65048,pixel_65049,pixel_65050,pixel_65051,pixel_65052,pixel_65053,pixel_65054,pixel_65055,pixel_65056,pixel_65057,pixel_65058,pixel_65059,pixel_65060,pixel_65061,pixel_65062,pixel_65063,pixel_65064,pixel_65065,pixel_65066,pixel_65067,pixel_65068,pixel_65069,pixel_65070,pixel_65071,pixel_65072,pixel_65073,pixel_65074,pixel_65075,pixel_65076,pixel_65077,pixel_65078,pixel_65079,pixel_65080,pixel_65081,pixel_65082,pixel_65083,pixel_65084,pixel_65085,pixel_65086,pixel_65087,pixel_65088,pixel_65089,pixel_65090,pixel_65091,pixel_65092,pixel_65093,pixel_65094,pixel_65095,pixel_65096,pixel_65097,pixel_65098,pixel_65099,pixel_65100,pixel_65101,pixel_65102,pixel_65103,pixel_65104,pixel_65105,pixel_65106,pixel_65107,pixel_65108,pixel_65109,pixel_65110,pixel_65111,pixel_65112,pixel_65113,pixel_65114,pixel_65115,pixel_65116,pixel_65117,pixel_65118,pixel_65119,pixel_65120,pixel_65121,pixel_65122,pixel_65123,pixel_65124,pixel_65125,pixel_65126,pixel_65127,pixel_65128,pixel_65129,pixel_65130,pixel_65131,pixel_65132,pixel_65133,pixel_65134,pixel_65135,pixel_65136,pixel_65137,pixel_65138,pixel_65139,pixel_65140,pixel_65141,pixel_65142,pixel_65143,pixel_65144,pixel_65145,pixel_65146,pixel_65147,pixel_65148,pixel_65149,pixel_65150,pixel_65151,pixel_65152,pixel_65153,pixel_65154,pixel_65155,pixel_65156,pixel_65157,pixel_65158,pixel_65159,pixel_65160,pixel_65161,pixel_65162,pixel_65163,pixel_65164,pixel_65165,pixel_65166,pixel_65167,pixel_65168,pixel_65169,pixel_65170,pixel_65171,pixel_65172,pixel_65173,pixel_65174,pixel_65175,pixel_65176,pixel_65177,pixel_65178,pixel_65179,pixel_65180,pixel_65181,pixel_65182,pixel_65183,pixel_65184,pixel_65185,pixel_65186,pixel_65187,pixel_65188,pixel_65189,pixel_65190,pixel_65191,pixel_65192,pixel_65193,pixel_65194,pixel_65195,pixel_65196,pixel_65197,pixel_65198,pixel_65199,pixel_65200,pixel_65201,pixel_65202,pixel_65203,pixel_65204,pixel_65205,pixel_65206,pixel_65207,pixel_65208,pixel_65209,pixel_65210,pixel_65211,pixel_65212,pixel_65213,pixel_65214,pixel_65215,pixel_65216,pixel_65217,pixel_65218,pixel_65219,pixel_65220,pixel_65221,pixel_65222,pixel_65223,pixel_65224,pixel_65225,pixel_65226,pixel_65227,pixel_65228,pixel_65229,pixel_65230,pixel_65231,pixel_65232,pixel_65233,pixel_65234,pixel_65235,pixel_65236,pixel_65237,pixel_65238,pixel_65239,pixel_65240,pixel_65241,pixel_65242,pixel_65243,pixel_65244,pixel_65245,pixel_65246,pixel_65247,pixel_65248,pixel_65249,pixel_65250,pixel_65251,pixel_65252,pixel_65253,pixel_65254,pixel_65255,pixel_65256,pixel_65257,pixel_65258,pixel_65259,pixel_65260,pixel_65261,pixel_65262,pixel_65263,pixel_65264,pixel_65265,pixel_65266,pixel_65267,pixel_65268,pixel_65269,pixel_65270,pixel_65271,pixel_65272,pixel_65273,pixel_65274,pixel_65275,pixel_65276,pixel_65277,pixel_65278,pixel_65279,pixel_65280,pixel_65281,pixel_65282,pixel_65283,pixel_65284,pixel_65285,pixel_65286,pixel_65287,pixel_65288,pixel_65289,pixel_65290,pixel_65291,pixel_65292,pixel_65293,pixel_65294,pixel_65295,pixel_65296,pixel_65297,pixel_65298,pixel_65299,pixel_65300,pixel_65301,pixel_65302,pixel_65303,pixel_65304,pixel_65305,pixel_65306,pixel_65307,pixel_65308,pixel_65309,pixel_65310,pixel_65311,pixel_65312,pixel_65313,pixel_65314,pixel_65315,pixel_65316,pixel_65317,pixel_65318,pixel_65319,pixel_65320,pixel_65321,pixel_65322,pixel_65323,pixel_65324,pixel_65325,pixel_65326,pixel_65327,pixel_65328,pixel_65329,pixel_65330,pixel_65331,pixel_65332,pixel_65333,pixel_65334,pixel_65335,pixel_65336,pixel_65337,pixel_65338,pixel_65339,pixel_65340,pixel_65341,pixel_65342,pixel_65343,pixel_65344,pixel_65345,pixel_65346,pixel_65347,pixel_65348,pixel_65349,pixel_65350,pixel_65351,pixel_65352,pixel_65353,pixel_65354,pixel_65355,pixel_65356,pixel_65357,pixel_65358,pixel_65359,pixel_65360,pixel_65361,pixel_65362,pixel_65363,pixel_65364,pixel_65365,pixel_65366,pixel_65367,pixel_65368,pixel_65369,pixel_65370,pixel_65371,pixel_65372,pixel_65373,pixel_65374,pixel_65375,pixel_65376,pixel_65377,pixel_65378,pixel_65379,pixel_65380,pixel_65381,pixel_65382,pixel_65383,pixel_65384,pixel_65385,pixel_65386,pixel_65387,pixel_65388,pixel_65389,pixel_65390,pixel_65391,pixel_65392,pixel_65393,pixel_65394,pixel_65395,pixel_65396,pixel_65397,pixel_65398,pixel_65399,pixel_65400,pixel_65401,pixel_65402,pixel_65403,pixel_65404,pixel_65405,pixel_65406,pixel_65407,pixel_65408,pixel_65409,pixel_65410,pixel_65411,pixel_65412,pixel_65413,pixel_65414,pixel_65415,pixel_65416,pixel_65417,pixel_65418,pixel_65419,pixel_65420,pixel_65421,pixel_65422,pixel_65423,pixel_65424,pixel_65425,pixel_65426,pixel_65427,pixel_65428,pixel_65429,pixel_65430,pixel_65431,pixel_65432,pixel_65433,pixel_65434,pixel_65435,pixel_65436,pixel_65437,pixel_65438,pixel_65439,pixel_65440,pixel_65441,pixel_65442,pixel_65443,pixel_65444,pixel_65445,pixel_65446,pixel_65447,pixel_65448,pixel_65449,pixel_65450,pixel_65451,pixel_65452,pixel_65453,pixel_65454,pixel_65455,pixel_65456,pixel_65457,pixel_65458,pixel_65459,pixel_65460,pixel_65461,pixel_65462,pixel_65463,pixel_65464,pixel_65465,pixel_65466,pixel_65467,pixel_65468,pixel_65469,pixel_65470,pixel_65471,pixel_65472,pixel_65473,pixel_65474,pixel_65475,pixel_65476,pixel_65477,pixel_65478,pixel_65479,pixel_65480,pixel_65481,pixel_65482,pixel_65483,pixel_65484,pixel_65485,pixel_65486,pixel_65487,pixel_65488,pixel_65489,pixel_65490,pixel_65491,pixel_65492,pixel_65493,pixel_65494,pixel_65495,pixel_65496,pixel_65497,pixel_65498,pixel_65499,pixel_65500,pixel_65501,pixel_65502,pixel_65503,pixel_65504,pixel_65505,pixel_65506,pixel_65507,pixel_65508,pixel_65509,pixel_65510,pixel_65511,pixel_65512,pixel_65513,pixel_65514,pixel_65515,pixel_65516,pixel_65517,pixel_65518,pixel_65519,pixel_65520,pixel_65521,pixel_65522,pixel_65523,pixel_65524,pixel_65525,pixel_65526,pixel_65527,pixel_65528,pixel_65529,pixel_65530,pixel_65531,pixel_65532,pixel_65533,pixel_65534,pixel_65535
1,"122,137,112","130,139,116","135,133,114","139,127,112","151,131,120","157,136,124","150,131,117","136,125,108","129,126,106","130,132,109","133,136,112","129,128,104","116,109,86","104,89,66","99,77,53","108,85,53","121,97,63","124,100,66","128,103,70","132,105,75","132,106,76","138,113,84","140,116,91","137,115,93","145,126,108","135,118,103","126,112,99","138,127,117","107,98,89","70,67,58","63,64,54","69,71,59","80,80,68","85,81,71","86,80,73","87,82,78","77,73,74","58,58,64","45,47,55","25,28,35","47,48,53","87,82,82","89,80,73","76,59,48","111,90,80","119,94,87","100,79,73","56,42,37","37,31,26","61,61,57","85,88,86","69,71,72","65,65,69","87,83,88","91,84,92","75,65,74","71,64,72","76,71,78","63,59,65","48,47,52","52,51,56","74,73,78","71,70,75","72,71,76","69,68,73","50,50,53","48,49,51","54,55,55","60,62,61","70,74,73","51,55,54","41,46,43","65,70,66","62,68,64","55,61,59","56,60,62","49,53,56","53,57,60","63,67,70","63,67,70","61,65,68","67,71,74","70,74,77","53,57,60","46,50,53","57,61,64","58,62,65","56,60,63","60,64,67","59,62,65","55,56,58","57,58,60","59,60,62","61,62,64","65,66,68","67,70,73","71,75,78","73,78,81","56,61,65","44,49,53","53,58,62","59,66,72","61,68,74","65,73,78","67,76,78","59,69,71","64,74,75","65,75,76","72,82,83","82,92,93","86,96,97","62,72,73","47,57,58","52,62,63","60,70,71","63,73,74","59,69,70","57,67,68","64,74,75","63,73,72","59,69,67","74,85,82","78,88,87","69,79,80","58,68,70","48,57,62","67,76,81","74,83,88","75,84,89","75,85,87","64,74,75","56,66,66","62,73,71","64,75,71","61,70,67","59,65,65","55,62,62","60,69,68","69,78,77","74,83,82","70,80,79","65,75,74","48,58,57","58,68,67","57,69,67","66,78,76","62,74,72","61,73,71","68,79,76","64,71,69","61,66,63","59,63,61","55,62,60","57,65,66","60,72,72","59,70,74","52,66,69","58,71,77","57,70,75","52,66,69","54,66,69","53,63,65","46,56,57","51,61,62","70,80,81","81,91,93","69,79,81","48,58,60","48,58,60","59,69,71","62,70,73","58,66,69","65,73,76","61,69,72","58,63,67","67,71,76","64,67,72","65,68,73","59,62,67","58,62,66","61,66,70","48,53,57","58,63,67","67,72,76","56,61,65","65,70,74","57,62,66","41,46,50","49,54,58","49,54,58","54,59,63","64,69,73","63,68,72","55,61,66","44,52,59","21,31,38","35,43,51","42,49,53","29,32,37","125,125,127","116,113,114","62,57,56","98,93,90","105,99,97","108,100,98","95,88,87","78,72,72","56,50,51","76,73,71","81,86,79","49,57,46","61,63,55","42,38,32","79,66,63","99,84,81","81,66,63","102,91,87","120,115,108","105,107,99","85,93,82","109,119,108","146,157,146","141,152,141","139,149,138","141,151,140","138,150,138","135,152,141","131,153,140","115,143,129","95,130,114","83,125,110","79,123,108","74,118,106","77,119,109","70,109,102","64,97,93","67,95,93","48,74,74","26,53,54","29,66,62","53,97,90","82,126,120","86,130,123","76,118,112","73,115,108","84,125,119","86,127,121","76,116,110","70,109,104","47,85,80","25,62,58","26,62,58","46,82,79","63,102,95","48,93,82","44,91,77","163,180,157","161,173,153","168,171,153","180,172,159","186,170,160","184,167,156","181,166,154","176,168,152","171,170,150","170,174,151","168,170,147","152,150,126","129,122,97","121,105,82","126,105,80","135,110,80","151,126,93","157,132,98","158,132,100","158,131,101","158,132,102","166,142,113","171,147,122","169,147,125","177,157,139","168,152,136","159,145,132","165,154,144","133,124,115","92,89,80","79,81,70","87,89,78","98,97,85","100,97,86","103,97,90","105,100,96","90,87,88","66,65,71","43,45,53","26,29,36","51,51,57","86,80,81","94,85,78","106,89,79","129,108,98","150,125,118","125,104,98","74,60,55","55,50,45","80,81,77","106,109,107","92,94,95","78,77,81","101,97,102","114,107,115","99,89,98","89,82,90","88,83,90","79,74,80","69,67,72","75,74,79","96,95,100","92,91,96","90,89,94","86,85,90","66,66,69","64,65,67","77,78,79","84,86,86","93,97,96","74,78,77","65,69,66","87,91,88","84,90,86","75,81,80","72,76,78","64,68,71","68,72,75","77,81,84","77,81,84","76,80,83","82,86,89","83,87,90","66,70,73","62,66,69","73,77,80","74,78,81","72,76,79","75,79,82","76,79,82","78,79,81","80,81,83","82,83,85","84,85,87","88,89,91","91,94,97","95,99,102","95,100,104","77,82,86","63,68,72","75,80,84","82,89,95","79,86,92","76,83,88","75,84,87","73,83,84","81,91,92","92,102,103","101,111,112","112,122,123","109,119,120","85,95,96","68,78,79","71,81,82","78,88,89","83,93,94","81,91,92","79,89,90","83,93,94","87,97,96","90,101,98","105,115,113","105,115,114","91,101,102","77,87,89","65,74,78","81,90,95","83,92,97","87,96,100","90,100,102","84,94,95","80,90,90","88,99,97","89,100,96","87,95,93","85,91,91","79,85,85","84,92,92","96,105,104","98,107,106","88,97,96","78,87,86","75,85,84","81,92,90","77,89,87","85,97,95","85,97,95","86,98,96","93,104,101","86,93,91","81,86,83","80,85,83","80,87,85","85,93,94","88,98,99","82,93,97","71,84,87","72,85,91","72,85,91","70,82,85","67,78,81","63,73,75","62,72,73","72,81,82","85,94,96","87,97,99","78,88,90","70,80,82","75,84,87","79,88,90","81,89,92","89,96,100","88,95,99","72,79,83","70,75,79","86,91,95","83,86,91","80,83,88","79,82,87","78,82,87","77,82,86","69,74,78","80,85,89","88,93,97","80,85,89","88,93,97","78,83,87","59,64,68","62,67,71","70,75,79","77,82,86","80,85,89","78,83,87","70,76,81","51,59,66","42,52,58","55,64,71","47,55,59","51,54,59","153,154,156","121,119,119","80,77,76","104,99,98","107,102,100","109,103,102","113,108,108","99,93,95","73,67,70","109,107,107","97,102,96","70,78,68","77,79,73","58,54,48","94,83,81","112,96,94","111,96,94","134,122,119","136,131,124","136,138,129","124,132,120","146,156,144","178,187,175","175,183,172","172,181,170","174,185,174","172,185,175","161,179,168","145,168,155","130,158,144","110,143,131","82,120,108","67,109,96","74,116,105","87,127,119","104,142,135","83,117,113","48,78,76","39,66,66","66,94,95","91,125,124","102,140,136","102,141,138","92,131,127","91,130,127","93,130,126","80,117,114","63,99,96","63,98,96","77,111,110","67,100,99","53,86,84","61,94,92","70,103,103","62,96,93","70,108,100","70,111,100","145,169,149","141,160,141","154,164,148","175,175,163","180,173,164","171,162,153","165,155,145","165,161,147","169,170,151","173,176,155","170,172,148","146,143,118","116,106,82","112,93,70","127,104,79","133,107,77","149,123,90","155,129,96","155,128,96","154,127,97","153,126,97","161,135,108","166,142,117","166,144,121","172,152,134","167,150,134","160,146,134","163,152,142","135,126,118","94,90,82","80,81,73","91,93,83","99,98,87","98,94,84","100,94,87","101,96,93","80,77,78","55,55,61","31,33,42","26,27,35","38,37,42","71,65,66","91,81,75","104,87,77","128,108,98","150,125,119","122,100,95","67,52,47","50,45,40","78,79,75","108,111,109","96,99,99","71,71,75","94,90,96","113,106,114","102,92,101","89,82,90","82,77,84","73,68,75","66,64,70","76,75,80","96,95,100","91,90,95","89,88,93","83,82,87","63,63,66","61,62,64","75,76,78","82,83,85","91,94,94","73,77,76","64,68,67","84,88,87","82,88,84","75,80,79","71,75,77","62,66,69","66,70,73","75,79,82","75,79,82","74,78,81","80,84,87","81,85,88","64,68,71","62,66,69","75,79,82","76,80,83","74,78,81","76,80,83","76,79,82","78,79,81","80,81,83","83,84,86","85,86,88","89,90,92","92,95,98","95,99,102","97,102,106","77,82,86","63,68,72","76,82,86","86,93,99","81,88,94","73,80,86","70,79,83","73,83,85","79,89,90","91,101,102","98,108,109","107,117,118","99,109,110","73,83,84","65,75,76","68,78,79","77,87,88","85,95,96","87,97,98","85,95,96","86,96,97","86,96,95","89,99,97","104,114,112","103,113,112","88,98,99","74,84,86","62,71,75","76,85,90","76,85,90","79,88,92","84,94,96","82,92,93","81,91,91","91,101,100","92,102,99","87,95,93","84,90,90","78,84,84","85,91,91","95,104,103","96,105,104","86,95,94","76,85,84","73,83,82","77,87,86","70,82,80","79,91,89","85,97,95","89,101,99","93,105,102","85,92,90","82,85,82","81,85,83","83,90,88","91,99,100","95,104,105","84,95,99","70,81,85","72,85,91","75,88,93","76,87,91","68,79,82","61,71,73","66,75,77","79,87,89","86,95,97","85,95,97","77,87,89","76,86,88","84,92,95","84,92,95","83,91,94","94,101,105","89,94,98","67,72,76","67,72,76","86,90,94","86,89,94","83,86,91","84,87,92","79,83,87","69,74,78","66,71,75","80,85,89","84,89,93","80,85,89","85,90,94","73,78,82","64,69,73","66,71,75","76,81,85","80,85,89","80,85,89","78,83,87","63,69,74","47,55,62","55,65,72","61,71,77","41,49,53","72,76,81","161,163,166","97,96,97","79,78,77","97,93,93","102,98,98","93,89,90","104,100,102","101,97,100","80,76,81","112,111,114","79,85,82","60,68,62","66,68,63","56,51,48","98,86,86","109,93,94","119,103,103","140,127,125","139,132,127","134,135,125","119,123,111","141,147,135","174,180,167","181,187,174","177,184,172","175,187,177","159,174,164","126,145,135","97,119,108","88,114,102","85,115,104","71,104,94","60,96,86","59,96,88","54,89,83","49,84,79","29,62,60","38,69,69","67,97,97","83,113,114","76,107,108","53,85,85","38,68,70","41,71,72","43,73,75","39,68,70","43,71,74","58,86,88","73,100,103","74,101,104","64,90,93","43,69,72","31,56,60","39,64,69","54,80,83","58,86,83","56,87,83","126,159,140","126,154,138","139,159,145","160,172,161","173,177,169","169,169,160","156,155,144","155,157,144","165,169,152","171,174,155","163,163,142","135,130,107","109,96,73","113,93,69","135,109,84","139,112,82","151,123,92","155,127,96","157,129,98","159,131,101","156,129,101","159,132,106","164,140,115","166,144,122","169,149,131","167,150,134","163,150,137","165,154,144","146,137,130","105,101,94","79,80,73","92,95,86","103,102,93","102,98,89","103,98,91","104,99,95","83,79,80","59,59,64","40,41,49","47,47,55","33,32,38","64,58,59","96,85,79","73,55,45","119,97,88","146,121,116","118,96,92","63,48,44","50,45,40","81,81,77","113,116,114","102,104,105","74,74,78","94,91,97","114,107,116","107,98,108","97,90,98","88,83,90","74,69,76","66,63,70","75,74,80","98,97,102","93,92,97","89,88,93","83,82,87","63,63,67","63,64,67","77,78,80","82,83,85","90,94,93","75,79,78","67,71,70","86,90,89","84,90,87","79,85,84","75,79,81","66,70,73","69,73,76","77,81,84","77,81,84","76,80,83","82,86,89","80,84,87","63,67,70","62,66,69","76,80,83","77,81,84","76,80,83","78,82,85","78,81,84","80,81,83","83,84,86","88,89,91","91,92,94","94,95,97","96,99,102","99,103,106","100,105,109","79,84,88","66,71,75","80,85,89","91,98,104","89,96,102","84,91,97","83,90,95","84,93,95","83,92,94","90,99,101","94,103,105","103,112,114","94,103,105","70,79,81","69,77,80","70,79,81","78,87,89","90,99,101","94,103,105","91,100,102","88,97,99","85,94,94","89,99,97","106,115,114","105,114,115","92,101,103","82,91,94","72,80,85","87,95,100","85,93,99","83,91,97","85,94,96","82,91,93","84,93,94","96,106,105","97,107,105","90,98,97","86,92,92","82,88,88","86,92,92","94,101,101","95,102,102","91,99,98","86,95,94","72,82,81","77,87,86","71,82,81","83,93,92","92,104,102","98,110,108","99,111,108","88,95,93","84,86,84","83,86,84","85,91,89","93,101,102","97,106,107","86,96,100","70,81,85","74,87,93","79,92,98","86,97,101","75,86,89","65,75,77","75,84,86","86,94,96","89,98,100","90,100,102","86,95,97","81,90,93","89,97,100","93,101,104","92,98,102","94,100,104","87,92,96","71,76,80","75,79,84","88,91,96","95,98,103","98,101,106","96,99,104","84,88,93","69,74,78","72,77,81","87,92,96","84,89,93","84,89,93","82,87,91","67,72,76","65,70,74","74,79,83","78,83,87","78,83,87","83,88,92","81,86,90","54,60,65","51,60,66","64,74,81","57,66,71","40,49,52","101,106,110","152,156,159","71,71,72","79,77,80","102,99,101","93,90,92","67,64,67","76,72,77","83,81,86","84,82,88","110,111,116","67,74,75","49,58,55","53,55,53","53,47,48","102,90,91","115,99,100","127,110,111","139,125,124","136,127,122","136,134,125","126,127,116","148,150,138","171,173,160","179,180,168","174,176,165","166,177,167","138,156,146","105,123,115","86,106,99","78,98,91","62,85,78","43,67,61","34,58,54","29,55,51","28,55,52","42,72,69","41,71,70","52,84,83","57,89,89","38,68,70","23,47,52","18,41,46","20,41,48","25,45,51","27,47,55","29,50,57","41,60,68","59,79,86","76,96,103","69,88,96","44,64,72","24,42,50","21,39,46","23,41,49","17,35,43","15,34,38","13,33,36","104,144,129","107,145,131","117,149,137","137,161,152","161,177,170","171,183,177","167,176,168","165,174,162","170,178,164","167,171,154","145,144,125","117,109,87","105,89,66","122,98,75","145,116,92","142,113,84","150,121,91","152,122,92","156,127,97","160,132,102","156,127,100","154,126,101","162,136,113","168,146,124","166,146,128","165,149,133","163,150,137","161,151,142","151,142,135","108,106,99","81,83,77","94,98,91","108,108,101","106,103,95","100,95,89","96,91,86","78,75,74","65,63,67","57,56,64","72,72,80","53,52,58","73,66,67","121,109,103","70,51,43","123,100,92","148,124,119","124,102,98","68,53,48","57,51,47","85,86,82","118,121,119","108,110,113","76,76,80","91,87,94","108,101,111","104,94,105","99,92,100","90,84,92","73,68,75","62,59,66","73,72,78","96,95,101","92,91,97","87,86,92","82,81,86","63,63,67","65,66,70","77,78,80","79,80,82","88,92,92","74,78,78","67,71,70","84,88,87","83,89,87","79,85,84","76,80,82","65,69,72","68,72,75","76,80,83","75,79,82","74,78,81","81,85,88","81,85,88","65,69,72","64,68,71","78,82,85","81,85,88","80,84,87","83,87,90","80,83,86","75,76,78","81,82,84","87,88,90","91,92,94","93,94,96","94,97,100","95,99,102","91,96,100","73,78,82","63,68,72","75,80,84","84,91,97","86,93,99","88,95,101","90,98,102","86,94,97","79,87,90","84,92,95","91,99,102","101,109,112","97,105,108","77,85,88","77,85,88","75,83,86","81,89,92","93,101,104","98,106,109","92,100,103","84,92,94","80,88,90","88,97,97","105,113,114","102,110,112","88,96,98","81,89,92","74,81,86","88,95,101","91,98,104","85,92,98","81,89,94","78,86,89","82,90,92","95,104,104","96,105,104","89,97,96","87,93,93","84,90,90","85,91,91","88,94,94","89,95,95","89,97,96","91,100,99","71,81,80","78,88,87","75,85,84","85,95,94","95,107,105","102,114,112","102,113,111","87,94,93","81,84,81","82,85,83","84,90,88","92,98,99","94,102,104","82,91,96","66,77,81","71,84,90","77,90,95","87,98,102","73,84,87","61,71,73","76,85,87","84,92,94","85,93,96","89,99,101","84,92,95","76,84,87","87,95,98","98,106,109","97,102,106","91,96,100","74,79,83","68,72,76","78,81,86","82,85,90","93,96,101","101,104,109","94,97,102","84,88,93","66,71,75","75,80,84","90,95,99","81,86,90","83,88,92","75,80,84","57,62,66","62,67,71","81,86,90","79,84,88","77,82,86","87,92,96","82,87,91","55,61,65","65,75,80","70,81,87","54,63,69","49,59,61","132,137,141","136,140,143","67,67,69","85,85,87","98,96,99","73,71,74","67,65,70","84,83,88","76,75,82","89,88,96","116,117,124","70,77,79","40,48,49","46,46,49","42,36,39","84,72,76","110,94,96","128,109,112","143,128,127","147,137,133","128,124,115","117,115,105","152,151,138","178,176,163","190,185,173","179,177,166","155,164,154","108,124,117","63,77,72","49,64,59","47,58,56","27,39,38","13,23,24","12,24,25","16,28,30","18,34,35","43,64,65","43,67,68","32,59,60","20,49,50","13,41,44","44,63,70","50,62,73","41,51,63","31,41,53","29,40,51","33,45,56","37,49,60","37,49,60","32,44,55","27,39,50","28,40,51","35,47,58","38,50,61","32,44,55","23,35,45","22,33,42","22,33,41","90,137,125","92,138,127","106,147,138","125,160,153","138,167,162","147,171,166","157,177,170","161,177,168","162,173,163","154,159,146","127,124,106","105,95,74","113,95,72","137,110,88","151,119,94","141,110,82","151,119,90","153,121,93","156,125,96","158,127,99","153,123,96","152,123,98","161,134,111","169,146,126","165,145,128","166,150,136","166,152,142","159,149,140","152,143,136","106,104,99","75,78,74","85,89,87","102,103,98","99,97,91","83,78,72","70,65,62","58,55,54","61,60,63","67,68,73","81,81,87","90,88,93","80,72,74","139,126,121","107,87,80","126,102,95","144,119,115","123,101,97","66,51,47","55,49,44","81,82,78","117,121,120","113,115,118","80,79,85","93,89,98","108,101,111","105,95,106","100,92,103","91,85,95","75,70,80","67,65,72","79,78,84","103,102,108","98,97,103","93,92,98","86,85,91","69,69,74","72,73,77","84,85,89","86,87,89","94,97,98","80,84,84","71,75,76","85,89,90","83,89,87","83,88,87","82,86,89","71,75,78","73,77,80","81,85,88","81,85,88","80,84,87","87,91,94","81,85,88","63,67,70","61,65,68","75,79,82","78,82,85","79,83,86","84,88,91","81,84,87","75,76,78","83,84,86","93,94,96","98,99,101","99,100,102","97,100,103","96,100,103","89,94,98","77,82,86","72,77,81","81,86,91","83,90,96","83,90,96","91,98,104","97,104,109","86,94,97","81,89,92","86,94,97","96,104,107","103,111,114","100,108,111","79,87,90","87,95,98","85,93,96","89,97,100","104,112,115","110,118,121","103,111,114","89,97,100","84,92,94","94,102,103","108,117,118","102,110,112","86,94,97","81,88,93","75,82,89","90,97,104","94,101,109","86,93,99","84,91,96","82,90,92","88,96,98","101,110,111","100,109,108","92,100,100","89,94,97","84,88,91","84,89,91","89,93,96","92,97,100","95,100,102","97,105,106","78,86,87","86,95,96","80,90,90","86,96,97","94,104,105","103,113,114","105,114,114","90,95,94","85,87,85","90,93,91","94,100,98","99,104,106","97,105,107","84,93,97","68,79,83","80,91,97","83,95,100","92,101,106","76,84,89","64,73,76","84,91,94","90,97,99","93,101,104","95,104,107","81,89,92","77,85,88","96,101,105","105,110,114","101,106,110","98,103,107","73,76,81","66,69,74","84,87,92","90,93,98","97,98,103","98,99,104","93,95,100","85,90,94","65,70,74","81,86,90","96,101,105","82,87,91","88,93,97","76,81,85","53,58,62","59,64,68","85,90,94","81,86,90","80,85,89","81,86,90","62,67,71","52,59,62","77,86,91","75,85,91","56,66,71","55,64,67","142,148,152","109,112,115","80,80,82","84,85,88","68,67,71","59,57,62","97,96,102","113,112,119","74,74,83","99,99,109","122,125,134","83,89,96","48,55,59","70,70,76","58,51,58","74,61,68","109,92,97","133,114,118","151,136,136","144,134,130","123,117,109","125,121,111","167,163,151","173,167,155","157,148,135","123,115,104","79,81,74","48,57,52","33,39,37","39,42,41","47,46,49","48,43,47","51,43,50","55,47,54","51,45,52","56,54,60","60,67,71","57,67,71","57,73,76","49,70,71","45,63,67","53,63,73","48,50,63","45,47,60","58,61,74","63,66,79","53,58,70","43,47,59","39,43,55","39,44,56","46,51,63","45,51,63","41,49,60","42,50,61","41,49,60","34,41,53","35,40,51","36,39,51","62,113,104","64,115,106","81,127,121","88,133,128","74,114,110","64,100,96","76,105,101","104,126,121","125,138,131","127,132,121","106,101,86","98,84,65","120,99,77","140,110,88","144,112,87","140,106,79","152,118,91","156,122,94","156,122,94","154,122,95","150,119,95","152,123,100","159,132,110","165,141,122","163,143,127","166,150,136","166,153,143","157,148,141","148,140,135","102,99,96","65,70,69","76,81,81","100,101,98","101,99,95","83,79,74","75,71,67","70,67,66","76,75,78","86,87,92","90,89,95","121,118,124","91,81,83","130,115,112","128,108,101","118,92,86","150,123,120","126,104,102","69,54,52","61,55,53","89,90,88","125,128,129","126,128,131","85,84,91","93,89,98","108,100,111","103,93,104","99,91,103","91,85,96","76,71,80","69,67,76","77,76,83","101,100,106","97,96,103","90,89,95","83,82,88","64,64,69","68,69,73","89,90,94","90,91,95","94,97,99","83,87,88","70,74,75","83,87,88","82,88,88","81,86,87","82,86,89","69,73,76","70,74,77","81,85,88","81,85,88","79,83,86","86,90,93","86,90,93","67,71,74","66,70,73","79,83,86","81,85,88","84,88,91","89,93,96","85,88,90","75,76,78","86,87,89","98,99,101","102,103,105","102,103,105","100,103,106","98,102,105","92,97,101","82,87,91","82,87,91","86,91,95","83,90,96","82,89,95","91,98,104","100,107,112","88,96,99","84,91,95","88,95,99","97,104,108","97,104,108","91,99,102","68,76,79","80,87,91","79,87,90","89,97,100","101,108,112","111,118,122","104,111,115","88,96,99","86,93,96","102,110,110","114,122,123","107,114,116","90,96,102","85,91,97","81,88,96","94,101,109","92,99,107","84,91,99","85,92,98","85,92,98","92,99,102","107,115,117","104,111,112","91,96,99","84,87,91","76,79,83","79,83,87","89,93,97","96,100,104","100,105,108","99,104,107","81,89,91","86,94,97","83,91,93","83,93,94","85,95,96","95,105,106","98,107,108","84,90,89","81,82,80","90,91,89","97,101,100","102,107,109","93,100,103","76,85,89","63,73,78","84,95,101","86,97,103","89,98,103","69,78,82","63,71,74","87,94,97","95,100,103","101,107,111","94,102,105","70,78,81","77,84,87","96,102,106","99,104,108","93,97,101","96,100,105","75,78,83","65,68,73","90,93,98","100,103,108","99,100,105","93,94,99","92,93,98","84,87,91","63,67,72","80,85,89","99,104,108","83,88,92","87,92,96","73,78,82","53,58,62","68,73,77","96,101,105","94,99,103","91,96,100","79,84,88","51,56,60","57,64,67","86,95,101","78,87,94","62,70,76","57,64,68","130,135,139","94,98,101","89,90,92","79,79,82","60,59,63","70,68,73","116,115,121","111,110,116","63,65,73","117,120,128","142,146,155","92,98,105","61,67,72","97,97,103","81,75,83","73,60,69","107,91,98","133,117,122","153,138,138","143,133,129","133,127,120","132,128,118","135,130,119","97,89,77","74,62,50","64,53,43","54,49,44","38,39,35","34,31,32","43,34,37","64,50,54","89,68,75","93,70,79","87,61,73","85,60,72","82,63,73","75,63,71","67,61,68","65,66,70","53,60,62","51,57,62","61,60,70","68,62,76","65,58,72","56,51,64","64,59,73","73,69,82","64,61,74","51,50,62","48,47,59","43,43,55","45,47,58","49,52,62","46,49,60","36,40,50","29,31,42","34,34,44","38,36,46","48,98,91","53,103,97","67,118,112","49,100,95","38,85,82","39,83,80","53,90,86","71,98,94","77,93,87","94,97,89","83,76,65","97,79,64","130,104,86","135,104,83","149,115,91","147,111,85","156,120,94","158,122,96","152,117,91","152,118,93","159,127,102","166,136,114","169,141,120","168,144,125","169,148,133","166,149,136","159,146,136","156,147,139","139,130,125","99,97,95","66,71,72","72,79,81","96,98,97","95,94,90","84,81,76","100,97,93","98,95,94","79,77,81","94,94,99","102,101,107","126,122,128","140,130,132","113,98,96","114,92,86","129,103,98","157,130,127","123,101,99","62,47,46","62,55,54","96,96,95","116,119,120","112,114,117","80,80,86","92,87,97","102,94,106","96,85,99","105,97,110","105,99,111","82,77,87","68,66,75","76,75,83","101,100,108","103,102,110","93,92,99","83,82,88","61,62,67","73,74,79","95,96,100","93,94,98","86,89,92","93,97,99","65,69,70","83,87,88","91,97,97","83,88,89","84,88,91","66,70,73","66,70,73","88,92,95","90,94,97","83,87,90","89,93,96","92,96,99","69,73,76","75,79,82","82,86,89","81,85,88","91,95,98","89,93,96","83,86,89","76,77,79","87,88,90","104,105,107","103,104,106","107,108,110","105,108,111","104,108,111","102,107,111","81,86,90","83,88,92","82,87,91","83,90,96","87,94,100","91,98,104","108,115,121","102,107,113","91,96,102","94,99,105","98,103,109","99,104,110","97,102,108","87,92,98","86,91,97","86,91,97","110,115,121","97,102,108","106,111,117","98,103,109","78,83,88","84,89,93","111,116,119","117,122,126","111,116,120","95,100,106","85,90,97","86,90,99","91,95,105","99,103,114","86,90,99","91,95,102","86,91,97","89,94,97","114,119,122","107,112,115","90,94,98","86,89,94","77,80,85","86,89,94","90,93,98","95,98,103","105,110,114","100,105,109","97,103,106","87,94,98","100,108,111","101,109,112","92,100,103","98,107,109","92,101,103","83,88,88","86,87,85","90,90,89","105,108,107","116,120,122","95,101,104","70,78,82","72,81,86","88,97,104","95,104,110","84,93,98","61,70,74","76,84,87","99,105,108","110,115,118","111,116,119","87,92,96","67,72,76","91,96,100","99,104,108","104,109,113","90,93,98","88,91,96","69,72,77","71,74,79","99,100,105","107,108,113","99,100,105","103,103,108","95,95,100","77,79,84","71,76,80","83,88,92","106,111,115","92,97,101","80,85,89","68,73,77","63,68,72","74,79,83","98,103,107","106,111,115","87,92,96","71,76,80","60,65,69","67,73,77","84,92,97","70,78,86","58,64,72","60,64,70","92,94,99","114,115,119","78,79,81","61,59,62","86,84,87","89,87,90","111,110,115","108,109,113","73,75,81","126,129,135","148,152,158","91,97,103","85,89,95","95,94,100","80,73,81","69,56,65","101,86,93","135,121,125","145,133,133","147,139,135","137,132,125","130,126,117","111,106,95","88,79,68","102,90,79","121,107,98","109,98,94","78,70,68","74,61,62","61,42,45","69,41,47","119,86,94","127,88,100","104,63,75","100,60,72","100,64,75","95,65,75","81,58,66","74,58,63","74,63,67","65,56,61","79,67,75","74,59,70","65,50,61","68,54,65","74,60,71","72,60,70","65,55,64","61,54,62","56,51,59","47,44,50","52,50,56","58,57,64","51,49,56","38,38,44","35,34,41","45,42,47","56,50,55","64,108,102","39,86,81","40,91,86","19,71,66","46,98,95","52,100,97","68,108,105","84,113,110","72,88,84","64,65,60","72,62,53","106,85,73","129,102,85","139,107,87","149,114,92","151,114,91","159,122,97","159,122,97","153,117,92","152,117,93","160,126,102","167,136,114","172,143,123","172,147,130","172,151,136","170,153,141","164,151,142","162,153,145","141,134,128","98,98,97","63,69,72","71,78,81","85,88,88","93,91,89","91,88,84","98,95,91","104,101,100","85,84,87","93,94,98","110,109,114","132,128,133","141,132,133","125,107,107","121,97,93","123,96,92","152,125,123","124,102,100","64,49,48","60,53,52","94,94,94","115,118,121","107,109,114","80,80,87","93,88,98","103,95,107","100,89,103","108,100,113","108,102,114","86,81,91","71,69,79","81,79,89","105,104,112","109,108,116","97,96,104","82,81,87","62,62,67","82,83,88","94,95,99","94,95,99","93,96,99","95,99,102","66,70,72","84,88,90","89,94,95","83,89,90","82,86,89","66,70,73","71,75,78","91,95,98","97,101,104","92,96,99","94,98,101","90,94,97","68,72,75","77,81,84","86,90,93","84,88,91","92,96,99","90,94,97","84,87,90","74,75,77","84,85,87","105,106,108","110,111,113","116,117,119","112,115,118","107,111,114","107,112,116","84,89,93","84,89,93","92,97,101","99,106,112","99,106,112","94,101,107","112,118,124","113,117,124","93,97,103","98,103,109","111,116,122","113,117,123","100,104,111","83,87,94","94,98,105","98,102,108","109,113,120","100,104,111","101,105,112","100,104,110","83,87,93","93,97,101","115,119,123","118,122,126","113,118,122","99,103,109","88,92,100","90,93,105","102,105,116","108,111,123","91,94,106","85,89,97","86,90,97","98,102,107","116,120,124","109,114,117","99,103,106","93,95,100","84,86,91","91,93,98","97,99,104","105,108,113","111,115,120","105,109,114","106,111,115","88,93,97","94,100,104","102,109,113","104,112,115","109,117,120","91,99,101","80,84,85","91,91,90","100,100,100","118,119,119","124,127,129","100,104,107","74,81,86","79,87,93","94,103,110","93,102,109","80,88,94","65,73,77","86,93,96","106,112,115","111,116,119","102,106,110","82,87,91","78,83,87","102,107,111","104,109,113","102,106,111","95,98,103","96,99,104","71,73,78","76,78,83","98,98,103","103,103,109","100,100,106","105,104,110","90,90,96","75,77,82","77,81,86","93,98,102","95,100,104","93,98,102","73,78,82","70,75,79","68,73,77","81,86,90","92,97,101","98,103,107","81,86,90","59,64,68","46,51,55","66,71,76","74,80,87","68,73,82","68,72,81","66,68,76","87,88,93","105,104,109","76,75,78","70,68,69","102,99,99","89,87,87","105,104,104","108,109,110","85,87,89","115,118,121","132,136,140","113,117,123","115,117,123","114,112,118","90,82,90","76,64,72","103,88,95","134,121,125","140,131,131","138,132,129","145,142,136","123,122,113","84,81,71","98,90,80","138,126,117","130,116,108","124,110,105","113,97,95","100,80,79","68,41,42","79,45,48","127,87,94","130,84,93","110,61,71","105,56,65","107,60,69","107,64,72","96,59,66","91,59,64","92,65,68","86,61,65","88,62,68","83,57,64","81,55,62","89,65,72","95,71,78","86,65,70","71,53,57","63,47,52","64,50,54","59,48,50","57,47,49","60,52,54","63,56,57","57,51,52","47,41,42","51,43,44","58,48,49","75,113,107","42,84,79","15,58,53","30,82,77","47,101,97","48,98,95","52,93,92","80,109,107","73,87,85","60,59,56","111,98,91","140,117,106","134,106,91","139,108,88","154,119,97","154,116,93","159,119,96","157,119,96","152,115,91","152,115,92","159,124,102","167,135,114","169,140,121","167,143,126","167,146,132","166,149,138","163,149,141","160,151,145","138,131,126","94,93,94","66,73,78","71,79,84","76,78,81","94,94,92","105,103,99","99,96,91","104,102,100","100,100,100","102,103,106","108,107,112","110,105,109","109,99,101","112,94,94","122,96,93","123,95,93","148,121,120","125,103,102","65,50,49","58,51,50","92,92,93","116,118,121","107,110,114","82,81,89","91,86,98","103,96,109","102,91,105","103,95,108","104,98,110","90,84,96","75,73,84","80,78,89","104,102,112","110,109,117","100,99,107","80,79,87","60,60,66","89,90,95","96,97,102","96,97,102","100,104,107","100,104,107","75,79,82","92,96,99","89,94,97","85,90,93","84,88,91","71,75,78","79,83,86","95,99,102","103,107,110","97,101,104","91,95,98","90,94,97","69,73,76","80,84,87","92,96,99","89,93,96","95,99,102","94,98,101","88,91,93","73,74,76","87,88,90","113,114,116","123,124,126","126,127,129","118,121,123","108,112,115","111,116,119","88,93,97","81,86,90","98,103,107","109,116,122","105,112,118","100,107,113","107,113,119","100,103,110","86,89,96","102,105,112","119,122,129","115,118,125","104,107,114","94,97,104","94,97,104","99,102,109","103,106,113","109,112,119","107,110,117","110,113,120","92,95,102","99,102,108","118,121,125","120,124,128","113,116,121","99,102,109","92,95,104","99,101,113","110,112,124","114,116,128","102,104,116","89,92,101","98,101,109","115,118,124","117,120,125","110,114,118","106,109,113","96,97,102","85,86,91","87,88,93","95,98,103","105,108,113","110,113,118","105,109,114","105,110,114","96,101,105","104,109,113","110,116,120","109,117,120","110,118,121","96,102,105","87,90,91","100,99,98","114,114,113","127,129,128","126,128,131","98,102,105","76,81,87","84,92,98","100,109,116","93,102,108","79,86,92","70,76,81","92,97,101","106,111,114","105,109,112","98,102,106","86,91,95","88,93,97","105,110,114","103,107,112","98,101,106","97,100,105","97,100,105","80,81,86","90,90,95","104,103,109","104,103,109","107,106,112","110,109,115","88,88,93","70,72,77","79,84,88","99,104,108","96,101,105","99,104,108","72,77,81","65,70,74","74,79,83","90,95,99","98,103,107","91,96,100","66,71,75","56,61,65","57,62,66","77,82,87","82,85,95","77,78,89","70,71,81","61,60,68","86,84,91","113,109,113","93,90,91","88,84,83","98,94,91","96,94,90","117,116,112","128,128,124","122,124,121","131,134,131","140,144,143","131,134,137","129,130,134","116,112,118","90,81,87","86,74,81","112,99,104","135,124,126","144,136,136","145,143,139","136,137,131","106,108,99","71,70,61","75,71,62","97,88,80","112,98,90","99,83,76","105,85,80","101,78,74","68,38,36","93,57,56","143,100,103","145,96,100","132,80,86","123,69,74","117,63,68","118,67,71","117,69,74","117,72,75","114,73,75","103,64,66","108,68,71","104,65,68","102,64,66","109,72,75","110,75,76","96,64,64","77,48,47","69,41,40","73,48,46","76,53,51","80,60,57","89,72,67","99,83,78","96,81,76","82,67,62","76,61,56","82,66,62","65,95,90","35,69,63","17,57,50","61,111,104","41,95,89","42,92,88","52,93,92","75,103,104","72,84,84","92,88,87","161,145,140","152,128,119","135,107,92","140,109,89","151,116,94","156,117,94","159,117,95","157,116,94","154,115,92","154,116,95","160,125,104","169,136,116","169,138,120","165,139,122","165,145,130","165,148,137","162,150,140","160,151,145","139,131,128","95,94,96","67,74,82","70,78,86","73,76,81","99,99,100","122,120,116","109,107,103","103,103,100","106,106,105","102,103,105","99,97,102","92,86,91","93,82,84","109,91,91","125,99,95","136,107,105","146,119,118","124,102,102","65,50,50","58,52,51","93,92,94","118,121,123","115,118,122","89,88,97","93,88,99","105,97,112","103,92,108","97,89,103","98,92,106","94,89,101","81,78,89","76,74,85","100,98,109","110,108,118","103,101,110","83,82,90","63,62,69","93,93,100","99,100,105","96,97,102","102,105,109","103,107,110","88,92,95","103,108,111","87,92,95","88,93,96","91,95,98","78,82,85","92,96,99","104,108,111","108,112,115","101,105,108","93,97,100","95,99,102","72,76,79","81,85,88","93,97,100","90,94,97","95,99,102","97,101,104","94,97,100","81,82,84","91,92,94","114,115,117","120,121,123","122,123,125","114,117,119","108,112,115","116,121,125","95,100,104","83,88,92","102,107,112","111,118,124","107,114,120","110,117,123","114,120,126","99,102,110","89,92,100","107,110,119","122,125,133","113,116,124","100,103,111","94,97,106","90,93,102","96,99,108","94,97,106","114,117,125","116,119,127","121,124,132","103,106,114","102,105,111","117,120,125","123,126,132","110,113,120","95,98,106","99,102,111","109,111,123","110,112,124","110,112,125","108,110,122","101,104,113","114,117,125","128,131,138","116,119,124","108,111,116","111,112,118","102,102,109","88,88,96","83,84,91","91,92,99","103,104,111","107,109,116","105,109,115","98,101,108","101,106,112","111,116,122","114,119,124","110,116,121","105,111,116","93,99,104","93,95,97","110,109,108","125,125,124","131,133,132","122,123,126","91,95,98","75,80,85","87,94,100","103,111,119","94,102,109","83,90,96","77,83,89","95,100,104","104,109,112","103,107,110","98,101,105","86,90,95","90,94,98","103,107,112","109,112,117","109,112,117","107,109,114","94,96,101","75,76,81","97,97,102","111,110,116","111,110,116","112,111,117","107,105,112","77,76,82","69,71,76","87,92,96","99,104,108","106,111,115","98,103,107","69,74,78","57,62,66","84,89,93","96,101,105","101,106,110","86,91,95","60,65,69","59,64,68","64,69,73","74,79,84","77,78,89","76,74,88","71,68,81","64,60,70","97,93,100","120,115,119","96,91,90","95,90,87","113,107,103","132,128,121","149,145,137","144,143,135","140,142,133","133,136,127","133,136,128","132,135,133","129,128,131","106,101,106","85,76,81","102,89,96","129,117,121","141,131,132","144,138,138","140,140,137","123,128,122","105,110,103","112,114,106","96,95,87","53,46,40","68,57,51","58,42,33","82,63,51","101,79,68","83,55,47","115,80,74","156,116,111","155,110,107","152,102,101","137,84,83","129,75,74","133,79,78","135,82,81","133,80,79","129,77,76","121,69,67","129,75,74","127,71,71","123,68,67","127,75,73","128,78,76","122,74,71","112,68,64","110,68,63","112,74,68","112,77,70","120,87,79","129,100,90","131,103,93","123,96,86","114,88,78","115,88,78","126,101,91","49,70,65","19,47,40","52,90,82","58,105,96","30,82,75","39,89,85","72,113,112","77,105,106","84,96,96","138,133,133","169,152,148","129,103,95","133,104,91","156,125,106","153,117,95","153,113,91","153,111,89","153,111,89","152,112,90","152,113,92","156,119,99","164,129,110","164,133,115","162,135,120","165,144,130","166,149,138","160,149,140","159,152,145","143,135,132","101,100,103","61,68,77","66,74,83","81,84,90","103,103,105","129,126,124","128,126,122","108,107,105","103,103,102","89,90,91","70,68,73","62,56,61","84,73,75","100,80,81","102,76,72","130,101,99","144,117,116","122,99,100","67,52,53","64,57,57","95,94,97","119,121,125","121,122,129","99,98,108","97,92,104","106,99,113","107,96,112","97,89,104","100,94,108","100,94,106","82,80,91","74,72,83","101,99,110","114,112,123","110,109,118","96,95,103","72,72,80","92,92,100","97,98,104","89,90,95","97,100,105","105,108,113","100,104,107","108,113,116","80,85,88","91,96,99","93,97,100","78,82,85","101,105,108","108,112,115","107,111,114","98,102,105","96,100,103","114,118,121","88,92,95","87,91,94","97,101,104","96,100,103","104,108,111","108,112,115","113,116,118","107,108,110","101,102,104","111,112,114","113,114,116","116,117,119","114,117,119","116,120,123","124,129,133","106,111,115","89,94,98","113,118,122","119,126,132","112,119,125","126,133,139","128,134,141","106,109,118","91,94,103","104,107,116","119,122,131","114,117,126","98,101,110","84,87,96","99,102,111","103,106,115","94,97,106","112,115,124","118,121,130","120,123,132","111,114,122","107,110,117","119,122,128","124,127,133","110,113,120","100,103,111","109,111,122","116,118,131","109,111,124","104,106,119","108,110,123","108,110,122","123,126,134","133,136,143","117,120,126","109,112,117","116,117,124","115,115,123","104,103,111","91,91,99","97,97,105","108,108,116","108,111,118","111,114,121","105,108,115","107,110,117","110,115,121","117,122,128","122,127,133","111,116,122","89,95,100","93,96,98","117,117,116","131,131,130","133,135,134","119,121,123","91,95,98","82,87,92","99,105,111","106,113,121","98,105,113","93,100,106","90,96,102","106,111,115","111,116,119","113,117,120","108,112,116","97,100,105","104,107,112","110,113,118","120,123,128","119,122,127","109,110,115","77,78,83","62,63,68","94,95,100","114,113,119","114,112,119","110,109,115","97,95,102","70,68,74","81,83,88","106,110,114","106,111,115","109,114,118","80,85,89","60,65,69","59,64,68","94,99,103","105,110,114","98,103,107","90,95,99","75,80,84","63,68,72","51,56,60","59,63,69","71,71,82","79,74,89","77,71,86","73,65,76","102,95,103","112,103,107","90,82,82","105,98,95","130,123,116","157,151,142","159,154,143","140,136,125","134,135,121","130,132,119","129,132,120","134,135,131","129,128,128","98,93,96","81,72,75","113,101,105","137,126,130","138,130,131","137,134,133","137,140,136","132,139,134","108,118,110","150,156,149","150,152,146","72,70,66","34,27,21","47,33,23","83,67,50","114,94,78","113,89,74","133,105,91","150,117,105","146,108,97","156,111,103","158,110,101","159,109,100","165,112,105","156,100,93","135,78,72","130,72,67","137,76,71","144,77,72","142,73,69","140,70,67","142,74,70","143,77,72","142,78,72","143,83,76","145,89,80","142,90,80","134,85,74","133,87,75","133,89,76","128,86,73","124,83,69","124,85,72","128,91,76","141,105,89","43,55,52","43,64,58","63,97,90","51,94,87","45,94,88","58,107,102","74,114,112","70,96,97","119,128,131","165,157,159","148,129,127","128,102,95","132,103,90","170,138,119","169,134,112","155,113,92","153,110,89","152,110,89","152,111,90","150,110,90","150,113,93","156,121,102","157,126,109","158,131,117","164,142,130","164,147,138","157,145,137","156,148,142","144,136,133","106,105,108","55,61,71","66,75,83","95,98,105","101,102,104","118,117,115","140,139,135","113,112,109","107,107,106","90,91,92","60,59,63","68,63,67","124,113,115","124,105,106","87,61,60","123,94,93","141,115,114","118,96,96","71,55,57","73,66,67","97,96,99","115,116,120","119,120,127","107,106,116","98,94,107","101,93,108","106,97,112","103,96,110","109,103,115","100,95,106","73,72,82","75,73,84","105,103,114","117,115,126","116,115,125","107,106,116","80,79,88","83,84,92","90,91,98","82,82,90","96,99,104","112,115,120","110,114,117","108,112,115","76,81,84","101,106,109","100,103,107","82,85,88","112,115,118","114,118,121","105,109,112","92,96,100","98,102,105","134,138,142","104,108,111","94,98,101","101,105,108","100,104,107","111,115,118","118,121,124","130,132,135","130,131,133","112,113,115","116,117,119","122,123,125","128,129,131","122,125,128","116,120,123","113,118,122","96,101,105","80,84,88","111,115,120","118,125,131","106,113,119","118,124,130","117,123,130","101,104,113","94,97,106","105,108,117","116,119,128","116,119,128","108,111,120","95,98,107","106,109,118","113,116,125","109,112,121","118,121,129","122,125,134","112,115,124","114,117,124","113,116,123","125,128,133","119,122,128","116,119,126","117,120,129","119,121,132","117,119,132","114,116,129","108,110,123","106,108,121","108,110,121","122,125,134","135,137,144","128,131,138","122,125,130","123,124,130","126,126,134","119,118,127","104,103,111","107,107,115","112,112,120","108,110,117","113,115,122","116,119,126","117,121,128","117,122,128","126,131,137","134,139,145","120,125,131","93,97,102","95,95,98","120,119,118","136,136,135","138,139,139","126,128,130","103,108,111","99,104,110","119,124,130","114,121,129","103,110,117","99,106,112","101,107,112","118,122,126","122,124,128","121,122,127","123,125,130","117,120,125","123,126,131","116,118,123","115,118,123","107,109,114","102,102,108","71,72,77","79,78,84","107,106,112","116,114,120","109,107,114","107,104,111","104,101,108","99,97,103","101,102,107","112,115,120","121,125,129","105,109,114","68,72,77","58,63,67","78,82,86","95,99,103","107,111,115","103,107,111","94,99,103","74,79,83","60,65,69","51,56,60","64,68,74","78,77,89","80,74,89","73,64,79","76,66,79","114,104,114","113,103,108","86,76,75","105,95,93","119,110,103","134,127,117","130,124,112","122,119,105","120,119,104","125,126,110","129,130,116","141,141,134","141,138,136","105,99,100","83,74,75","117,105,107","136,127,128","134,129,129","138,139,136","143,149,145","131,140,135","106,117,111","155,163,158","162,166,161","105,105,102","41,37,32","50,40,27","70,56,37","97,82,62","113,96,76","128,107,88","132,107,90","132,102,84","151,116,100","159,119,105","161,116,102","172,123,109","166,112,100","146,89,77","141,81,71","152,86,78","150,74,68","153,72,66","160,78,72","159,80,72","151,74,66","143,70,60","145,74,64","147,80,69","146,83,70","145,85,72","137,81,66","130,76,60","131,79,63","135,85,68","137,90,71","141,96,78","145,102,84","42,57,56","65,87,84","61,94,89","56,98,90","77,125,116","89,134,124","66,103,94","79,101,95","151,155,152","167,152,150","139,111,108","143,109,103","135,98,89","162,124,111","178,140,124","168,128,109","157,118,98","155,115,96","157,118,98","151,114,94","147,111,92","156,121,103","159,128,112","159,131,117","163,139,128","162,144,135","155,141,134","160,149,144","154,145,143","109,107,107","61,63,68","79,82,89","112,112,117","100,100,102","107,107,107","131,131,130","110,109,110","95,96,98","76,77,81","63,62,67","85,81,87","161,152,156","166,152,154","84,66,69","111,91,92","135,113,116","118,99,102","71,58,60","75,68,71","103,101,105","112,112,118","119,120,127","108,107,117","96,94,106","96,92,105","101,97,107","104,100,110","111,106,116","96,94,103","71,70,77","75,74,82","102,103,112","117,118,127","116,117,126","108,110,119","81,83,93","71,74,83","83,86,94","81,84,91","98,101,106","114,116,121","113,116,119","109,112,115","81,83,86","118,120,123","120,120,124","96,96,100","125,126,131","125,129,132","111,114,119","95,98,104","108,113,118","147,151,156","108,112,117","95,99,103","99,103,105","105,107,108","118,119,120","121,121,122","134,135,136","136,136,138","112,112,114","118,119,121","133,133,136","136,136,139","122,122,126","110,113,116","113,115,120","105,108,113","92,94,99","117,119,124","128,132,138","117,120,127","122,126,133","123,126,133","105,107,117","107,108,119","122,123,134","126,128,138","121,123,133","119,121,130","114,116,126","112,114,122","117,119,128","119,121,129","128,130,136","130,132,139","114,116,122","113,115,121","114,117,122","124,127,132","114,117,122","121,124,131","130,133,141","125,128,136","123,125,135","125,126,137","115,117,127","109,111,121","106,108,116","120,121,130","140,140,147","142,142,149","135,135,141","128,129,136","128,129,139","124,125,134","108,108,116","109,109,117","114,113,121","110,110,116","113,113,118","114,115,120","125,127,132","129,130,135","133,136,141","133,137,143","119,124,130","99,103,108","101,101,105","121,119,121","136,134,135","141,141,143","130,134,137","114,120,123","115,121,124","126,133,138","113,121,126","104,111,116","100,106,111","107,111,116","120,121,127","124,122,129","127,124,131","132,131,137","125,126,132","127,128,134","119,119,125","105,105,110","97,97,102","110,109,114","90,88,94","107,106,111","121,118,123","118,115,121","108,105,110","106,103,107","119,115,120","129,124,130","114,113,118","114,113,119","127,127,132","100,99,105","72,70,76","71,70,75","97,95,100","94,93,97","103,102,108","106,105,111","91,93,98","62,64,69","56,60,65","63,67,72","77,81,87","76,76,84","69,66,76","60,54,65","83,77,87","144,137,145","107,99,105","73,63,68","94,85,86","110,102,101","115,107,103","104,96,90","98,91,83","99,94,83","109,105,92","113,108,96","142,135,127","147,139,133","116,107,104","100,89,88","124,114,112","140,131,130","139,134,133","142,143,140","138,144,140","117,126,121","111,121,115","162,172,166","159,166,161","117,119,116","57,56,51","40,36,26","39,33,19","54,46,31","88,77,61","113,99,82","119,102,83","129,106,87","139,110,92","132,98,80","129,91,73","144,100,84","155,107,92","152,100,86","150,95,82","155,96,84","146,78,68","150,77,68","157,84,73","158,86,73","152,83,67","143,76,60","139,75,59","138,76,60","144,85,70","157,100,86","155,102,87","150,99,81","153,104,85","155,107,85","145,99,75","134,91,68","130,90,66","63,83,88","66,93,95","84,118,115","48,90,83","80,125,113","90,131,116","67,96,82","125,138,125","168,163,151","155,132,124","139,102,96","138,95,89","139,93,86","145,99,92","165,123,112","181,144,127","162,127,108","151,115,96","149,113,94","146,110,91","145,109,91","150,116,99","160,128,112","162,133,120","159,133,123","159,138,130","154,137,130","167,154,149","168,158,155","109,101,99","73,68,68","94,90,91","125,123,123","116,115,115","112,112,113","109,109,112","104,105,109","96,97,102","73,74,78","61,60,66","60,58,64","123,118,123","185,178,183","94,85,89","88,77,79","119,105,108","121,108,111","77,66,70","64,57,63","104,99,106","117,115,123","121,121,129","104,105,114","98,99,108","98,99,108","95,96,104","99,99,106","105,105,110","97,96,102","81,81,86","73,74,80","92,95,101","113,116,123","110,114,121","101,106,115","78,84,93","62,67,76","81,86,95","85,90,97","98,101,106","108,110,114","116,116,119","119,118,120","93,91,93","130,128,130","130,127,130","102,100,104","127,126,131","130,131,135","119,122,128","98,102,110","124,130,137","161,168,175","110,115,121","98,101,106","108,110,112","122,123,123","131,130,127","124,122,120","146,144,143","146,145,147","115,115,117","117,117,119","138,138,141","138,137,141","122,121,126","114,115,119","116,116,121","115,115,120","106,106,111","112,111,117","133,132,140","126,125,133","125,125,134","139,139,148","113,113,125","111,110,123","132,132,145","140,140,152","132,132,143","128,128,138","127,127,137","120,120,128","120,120,128","116,116,123","132,133,138","136,137,141","127,128,132","119,120,124","113,115,119","115,118,123","109,112,117","122,125,130","131,134,139","125,128,134","135,136,142","135,135,142","113,113,120","115,116,122","108,108,115","121,121,127","146,145,151","144,142,149","131,130,137","129,130,140","131,134,144","124,128,138","110,111,119","110,110,118","119,118,124","118,117,122","115,114,118","112,110,115","135,134,138","137,136,140","140,140,145","134,137,141","120,124,129","108,112,118","109,110,114","118,116,119","128,126,129","138,138,140","131,136,138","125,133,134","128,138,139","126,136,138","102,112,114","105,112,116","103,107,111","113,114,120","117,114,123","128,120,131","143,133,144","144,138,146","128,127,133","122,122,128","129,128,134","105,104,109","98,96,101","125,122,127","106,102,108","116,113,117","120,115,119","116,111,115","113,107,111","109,103,106","130,124,127","131,125,129","123,117,123","128,121,131","121,114,122","99,92,100","86,78,85","95,86,92","104,96,102","106,98,103","110,103,109","106,101,106","95,92,98","71,70,76","66,67,74","71,74,82","80,84,91","77,80,84","71,73,75","61,61,64","98,97,102","166,164,171","73,70,76","67,62,69","104,98,106","111,106,110","104,96,99","76,66,68","59,50,48","67,58,54","99,89,83","121,111,103","133,120,112","124,111,102","110,97,91","114,103,98","131,122,117","142,136,132","143,140,136","141,143,138","140,144,141","121,127,123","114,121,116","156,164,157","170,177,169","133,138,131","68,71,65","33,36,31","28,28,24","26,24,19","65,61,52","98,90,79","112,100,86","126,109,93","117,96,78","112,86,68","119,87,69","127,92,75","132,92,77","130,86,73","130,85,72","138,90,79","142,88,78","141,84,74","136,80,67","133,79,61","136,84,62","134,84,60","124,76,54","117,70,50","122,76,60","135,91,76","148,105,91","152,111,94","146,106,85","130,92,67","114,77,49","106,71,42","105,72,43","81,107,112","98,128,130","88,124,120","69,110,101","66,108,95","76,111,94","106,128,111","154,159,144","153,141,128","140,110,100","139,98,90","140,93,86","135,87,79","138,91,83","150,107,97","169,132,117","178,144,126","161,125,108","135,99,82","142,107,89","158,124,106","147,113,96","153,120,106","165,136,123","162,136,125","162,141,131","158,140,132","166,153,146","166,155,150","113,104,100","78,70,68","92,87,84","120,117,115","132,131,131","120,119,122","109,109,113","101,102,107","97,98,103","73,74,79","46,45,51","37,36,42","74,69,75","159,154,160","133,127,131","92,83,86","93,82,86","105,94,96","89,80,84","60,54,59","91,86,93","126,124,132","116,116,124","101,103,112","98,101,110","95,98,105","91,94,101","97,98,103","102,103,108","94,93,98","78,77,82","69,70,75","87,89,94","108,111,117","108,112,119","98,102,111","78,83,93","70,75,84","93,98,107","93,98,105","99,101,106","113,113,118","124,122,127","130,126,130","100,96,97","126,122,124","131,126,130","115,112,116","134,132,137","130,130,135","119,122,127","100,104,110","121,126,133","155,161,168","111,116,122","92,95,100","101,102,104","120,120,119","121,120,116","120,116,113","152,148,147","157,155,155","136,135,136","128,127,128","137,136,137","142,141,143","129,128,132","110,109,113","114,112,116","110,109,114","103,101,107","122,120,125","138,136,142","122,120,127","126,124,132","143,141,150","121,119,130","117,115,128","135,133,145","141,140,152","135,134,143","132,131,140","139,138,147","116,116,124","120,120,127","123,122,128","138,138,144","139,139,144","130,129,135","125,125,130","117,119,124","115,118,123","115,118,123","127,130,135","133,135,140","125,126,131","134,135,140","133,134,139","114,113,119","120,120,125","117,116,122","128,127,133","147,145,152","139,136,143","126,124,131","130,130,140","134,136,147","124,125,136","112,112,121","115,115,123","121,120,125","119,116,122","119,115,119","123,120,122","147,145,147","137,135,138","144,144,147","143,145,149","113,117,121","105,107,113","112,112,115","116,114,116","126,124,126","138,138,139","137,141,141","135,143,143","137,147,146","130,141,140","104,114,114","106,114,116","103,106,110","115,113,119","123,117,125","133,123,133","140,128,139","138,130,138","129,126,133","120,118,125","120,118,125","109,107,112","106,104,109","125,120,126","112,107,112","119,114,118","121,116,119","112,106,109","112,106,108","119,113,115","139,133,135","145,137,141","137,129,136","136,128,138","131,122,131","118,108,117","108,97,105","107,96,103","112,101,107","114,103,108","112,104,109","113,107,112","105,101,107","79,78,84","71,72,79","76,79,87","84,88,96","81,86,89","73,77,78","71,75,77","106,109,112","150,150,156","71,70,77","80,77,86","110,105,114","101,96,103","76,69,75","55,47,51","57,47,48","50,40,39","85,75,72","133,122,117","128,115,108","113,99,90","108,93,86","119,107,101","134,125,120","138,134,130","141,139,136","145,146,141","142,145,141","114,120,115","104,111,104","145,152,145","167,173,166","149,155,148","98,104,97","49,54,54","27,33,34","30,33,34","47,47,45","69,67,60","98,92,83","105,95,83","95,81,68","101,82,67","113,90,75","115,88,75","113,82,70","117,82,71","122,84,76","123,83,75","130,86,81","130,85,79","126,82,70","122,80,63","124,83,62","122,82,61","113,75,55","108,72,55","115,78,64","113,78,68","120,86,76","120,88,74","106,76,56","95,66,42","96,66,40","102,71,42","103,73,43","79,110,110","98,132,131","98,136,129","93,133,121","76,112,98","83,110,94","145,157,142","158,154,140","132,111,100","127,92,82","139,94,84","139,90,81","135,86,76","141,94,84","140,98,86","144,107,93","180,146,130","179,143,128","147,111,95","142,106,90","158,124,107","154,122,104","151,121,104","158,129,115","156,131,118","158,137,126","157,140,130","164,150,141","165,153,146","121,113,106","87,79,76","100,96,93","107,104,103","121,119,119","112,111,114","109,110,113","92,93,98","69,70,75","50,51,56","48,47,53","54,53,59","58,53,59","124,119,125","158,151,155","153,144,146","94,83,84","87,76,78","89,79,83","69,62,67","85,80,86","118,116,123","117,115,123","106,106,116","99,101,110","92,95,103","88,91,98","96,97,102","100,101,106","92,91,96","78,77,82","71,70,75","91,91,96","108,109,115","109,111,118","104,107,115","98,101,110","97,101,108","111,112,121","105,107,113","104,104,110","120,119,124","129,125,129","135,130,132","108,101,101","120,115,116","130,125,128","131,128,132","146,144,149","140,138,144","128,130,135","106,110,116","116,120,127","146,151,157","136,140,146","115,117,121","93,94,96","116,114,115","134,132,129","129,125,122","147,144,140","167,165,162","169,167,166","156,154,153","143,141,140","144,141,142","141,138,139","123,121,123","119,115,118","119,116,120","117,112,117","132,129,134","136,132,138","118,115,121","132,128,135","146,143,152","128,126,135","125,123,133","131,129,139","135,132,142","137,135,143","133,131,139","134,133,141","124,122,131","128,127,135","129,127,133","141,140,146","139,137,144","127,126,132","124,122,128","117,117,122","117,120,125","123,126,131","137,140,145","144,146,151","139,140,145","143,144,149","136,137,142","126,125,131","129,128,134","120,119,125","129,127,134","145,142,149","136,133,140","125,122,129","138,136,145","145,146,156","129,129,139","115,115,123","117,115,122","121,118,124","125,120,125","136,131,135","147,142,143","156,151,153","142,139,143","152,151,154","146,147,151","117,119,124","118,119,124","124,123,126","123,120,121","132,130,129","140,140,138","138,141,140","138,144,143","134,143,141","117,128,125","100,109,109","108,116,117","106,109,111","115,113,117","124,117,124","136,125,134","139,128,136","133,126,133","131,127,134","119,116,123","115,112,119","117,115,120","115,113,118","124,119,125","117,112,118","120,115,119","123,118,121","115,109,111","119,113,115","135,129,131","145,138,140","143,134,138","140,133,139","135,128,137","129,119,128","123,113,121","115,104,111","109,98,104","112,101,106","118,107,111","112,104,109","117,111,116","111,107,113","83,82,88","74,75,82","78,81,89","84,88,96","77,82,86","68,73,75","80,85,88","112,116,120","127,129,136","73,73,81","98,98,106","113,111,119","75,71,79","75,70,77","69,63,68","81,74,76","69,61,60","73,65,63","117,108,105","120,108,103","112,97,90","116,102,96","134,123,117","143,133,130","136,132,128","135,135,131","143,145,140","134,137,134","94,100,95","100,107,100","156,162,155","167,172,164","151,157,147","123,130,122","80,88,88","46,55,60","45,51,56","33,37,39","40,43,40","79,79,74","77,74,67","69,61,54","79,67,57","85,69,60","86,67,59","93,71,64","107,82,76","113,86,81","107,77,74","109,77,76","111,77,74","108,76,69","106,76,63","110,80,64","111,81,64","104,76,60","95,68,57","97,69,61","101,75,69","102,76,71","98,74,65","95,74,59","97,76,58","99,77,54","100,73,47","100,72,42","82,120,116","88,127,120","98,137,127","101,137,124","86,114,99","111,127,112","157,158,144","138,123,110","123,92,80","132,89,79","143,92,82","137,86,75","141,91,79","149,103,90","137,95,81","130,93,82","157,121,109","179,143,131","175,139,125","155,119,105","147,113,97","157,125,108","159,129,112","158,131,116","158,134,120","161,141,127","164,146,134","167,152,142","171,159,147","142,133,124","105,97,94","106,101,99","100,97,96","115,114,113","109,108,110","108,109,112","91,92,97","67,68,73","51,52,57","67,66,72","90,89,95","103,98,104","125,120,126","103,96,100","137,128,130","146,135,136","111,100,102","90,80,84","76,68,72","80,75,81","95,92,100","111,109,117","109,109,117","99,99,107","91,91,99","88,88,96","95,94,100","99,98,104","94,93,98","86,84,88","90,86,90","111,106,111","117,113,119","110,108,114","110,108,116","117,117,125","117,117,125","117,116,124","110,108,115","109,105,111","127,122,126","130,121,124","137,128,129","121,111,112","118,110,111","107,101,104","125,121,125","142,140,143","144,142,146","140,140,145","118,119,124","116,118,123","136,138,144","153,154,159","135,136,138","94,94,93","114,112,110","146,145,141","141,137,133","136,133,128","150,147,143","166,162,159","158,154,151","144,140,139","147,143,142","152,147,147","142,138,138","137,132,133","136,131,132","118,112,114","130,126,127","141,135,139","138,133,137","146,140,144","138,133,138","128,124,130","130,126,133","124,120,127","123,119,126","140,136,143","134,129,136","117,115,122","142,137,145","142,140,147","133,128,137","139,136,145","138,133,142","128,124,133","125,121,129","117,116,122","119,120,125","126,128,132","142,143,147","152,152,157","149,148,153","146,145,150","123,123,128","130,128,134","128,126,131","116,114,119","126,123,128","144,140,146","133,128,134","118,114,120","134,132,141","151,150,160","138,137,147","125,123,132","124,120,127","126,119,126","132,125,130","149,142,145","160,152,155","145,139,141","144,138,141","153,149,152","139,137,140","136,135,139","148,147,151","132,130,131","122,118,116","132,130,126","139,139,135","139,141,138","141,146,143","134,141,137","110,118,114","99,106,104","121,127,125","122,123,123","120,118,120","123,117,121","137,127,132","142,131,137","134,126,132","131,127,134","120,117,123","121,119,124","132,128,134","123,119,124","120,115,120","121,116,120","122,117,121","121,115,118","116,110,112","124,118,120","144,135,138","145,136,138","134,125,128","134,127,132","130,123,130","122,112,120","119,110,115","117,106,112","114,103,108","122,111,115","131,120,124","118,109,113","121,115,120","113,109,115","84,83,90","78,79,86","80,83,91","82,86,95","77,83,88","64,72,75","82,89,92","114,119,125","117,122,128","85,88,97","97,99,108","89,89,97","60,58,66","89,86,93","68,64,70","68,63,67","78,73,75","56,50,52","88,80,79","108,98,94","107,94,88","116,103,97","131,121,117","137,129,126","132,127,124","136,136,134","145,147,144","131,134,130","92,97,92","116,123,115","176,182,174","175,181,171","159,165,155","146,153,145","109,118,121","73,85,93","64,74,82","37,45,52","37,44,47","65,70,72","55,58,58","50,50,48","63,59,57","70,63,60","74,64,62","73,61,59","71,57,56","73,58,57","76,60,60","73,53,57","75,54,55","74,53,51","73,53,46","76,58,46","77,60,47","71,55,44","64,48,40","63,47,43","70,55,54","72,57,55","69,54,50","68,54,45","69,58,44","72,59,39","75,56,31","76,55,25","99,145,135","101,143,132","98,137,125","98,129,115","96,115,100","143,147,133","150,138,125","129,102,90","133,93,82","145,95,84","145,91,79","140,87,74","144,94,79","147,100,84","137,95,79","139,100,90","134,97,88","156,119,109","182,146,133","173,138,124","151,118,102","151,120,102","159,130,112","167,142,124","165,141,125","165,145,129","169,151,137","168,152,139","173,159,145","156,147,136","110,103,98","88,83,81","95,92,91","118,117,117","114,113,116","101,102,105","92,93,98","88,89,94","83,84,89","87,86,92","97,96,102","125,120,126","138,133,139","77,71,75","109,100,102","176,165,166","148,137,137","105,95,97","84,76,79","79,74,79","91,87,94","110,108,115","108,108,115","100,100,108","92,92,100","89,90,95","93,92,98","95,94,99","95,94,98","97,93,97","113,106,110","125,118,122","121,115,120","113,108,114","106,101,108","110,106,113","111,107,114","113,108,115","110,104,110","108,101,106","130,121,125","128,117,118","143,129,129","139,126,126","125,115,115","103,97,100","120,116,120","131,129,132","141,139,144","146,145,149","122,121,126","113,113,117","120,119,124","128,128,131","118,117,118","99,99,97","108,107,105","129,127,123","132,129,124","130,126,121","133,128,123","134,128,124","136,128,125","137,131,128","141,134,132","139,132,129","132,125,125","131,123,123","137,131,131","122,113,114","129,122,124","131,122,125","135,128,130","154,146,149","138,132,134","126,120,124","133,128,131","123,117,120","121,114,118","142,137,142","133,126,133","117,112,119","151,144,152","150,145,152","135,127,138","139,133,142","138,130,141","132,125,135","134,126,137","127,123,131","129,128,133","135,136,139","146,147,150","154,154,157","151,149,154","142,141,146","111,110,114","124,122,126","123,120,125","116,113,118","133,128,133","150,145,150","133,128,133","113,108,113","122,118,126","138,135,144","136,132,141","128,124,132","129,123,130","131,122,128","130,120,125","135,126,129","144,133,137","130,121,124","138,129,132","144,137,140","131,126,130","149,146,150","162,159,162","134,131,130","125,121,116","140,137,131","143,142,137","139,140,134","140,145,139","132,136,130","102,108,104","102,107,102","135,139,135","137,137,135","126,122,123","124,117,119","141,131,134","149,138,142","134,126,130","123,119,124","117,114,119","134,131,137","149,144,149","126,121,127","119,114,118","122,117,121","119,113,117","116,110,112","124,118,120","127,119,121","140,131,133","144,135,137","137,128,130","138,131,134","135,129,133","127,119,123","124,115,119","123,112,116","121,111,114","126,115,119","133,122,126","132,123,126","127,121,124","111,108,113","86,85,91","85,86,93","87,90,99","82,85,96","74,80,87","63,71,75","77,84,90","102,109,115","102,107,116","85,89,98","71,74,83","56,58,67","83,83,91","102,102,110","61,60,67","53,52,58","85,83,87","52,50,54","64,60,61","102,93,92","111,101,98","118,106,103","123,114,111","125,120,117","130,127,124","139,139,137","142,145,141","121,125,120","99,105,98","126,133,124","173,180,169","174,180,167","174,179,167","164,170,162","129,139,142","99,112,122","69,81,91","48,58,67","53,62,69","58,66,71","52,59,62","62,66,69","81,82,83","78,78,79","78,76,77","76,74,75","71,67,67","64,59,59","59,53,55","59,50,56","63,53,59","64,55,56","63,54,51","65,57,50","67,59,50","64,55,47","61,53,48","58,51,50","51,43,44","58,50,51","62,55,52","52,46,39","49,45,34","66,59,42","77,64,39","80,64,36","72,123,109","94,139,125","104,142,126","92,117,103","123,133,119","157,150,137","139,117,105","134,97,87","144,97,86","145,92,79","142,86,74","147,94,79","145,96,78","138,91,72","140,97,80","142,102,92","136,98,89","143,105,95","163,127,114","178,143,129","171,140,123","153,123,105","156,129,110","172,148,129","167,146,127","166,147,128","170,153,136","167,151,134","173,159,144","165,154,143","109,102,97","80,75,73","94,90,89","106,105,105","113,111,114","99,100,103","91,92,97","95,96,101","99,100,105","89,88,94","97,96,102","112,108,114","122,117,123","109,102,106","128,119,121","150,137,139","148,136,137","132,121,123","115,107,110","86,79,84","90,86,92","104,101,107","105,104,111","103,103,111","96,97,103","92,93,98","90,89,95","90,89,93","94,92,96","103,97,100","118,109,111","118,106,110","118,108,111","122,112,118","105,96,103","99,91,98","105,98,104","117,110,116","115,106,111","108,98,103","132,119,123","130,115,117","147,131,131","148,131,130","133,119,119","118,111,112","123,118,121","121,118,121","136,133,136","146,143,146","125,122,125","116,115,116","125,123,124","125,124,124","125,122,123","124,122,120","122,118,116","132,129,125","142,138,134","139,133,129","140,133,127","132,123,118","141,133,127","151,142,137","141,132,128","132,122,120","139,130,128","133,124,122","142,133,132","132,122,121","144,134,135","128,118,119","125,115,116","159,149,150","150,141,142","135,127,129","140,132,134","132,125,126","129,121,123","140,133,136","128,119,124","129,121,128","148,138,146","148,139,147","136,127,136","138,130,138","134,125,136","129,121,132","137,127,139","134,129,136","137,136,140","144,144,146","150,149,151","152,150,153","148,146,148","143,141,144","114,112,114","121,117,121","121,116,119","116,111,115","132,126,129","146,140,144","129,123,127","115,109,114","124,118,125","136,130,139","134,128,137","126,119,127","132,122,130","141,130,136","135,124,128","128,117,118","122,110,111","135,124,125","135,125,126","134,126,127","133,127,129","148,143,145","149,144,147","129,125,123","132,127,122","149,146,139","150,149,141","142,143,135","142,144,137","132,134,127","100,104,98","108,110,105","147,148,143","148,148,144","136,132,131","138,129,130","158,148,150","167,157,158","138,130,134","112,107,112","112,107,113","147,142,148","160,155,160","127,122,126","119,113,117","122,116,119","115,109,111","121,114,116","150,141,143","145,136,137","139,130,131","144,135,136","141,131,133","131,123,126","124,117,121","125,117,121","125,116,119","126,115,118","125,115,116","123,113,114","125,115,117","143,134,137","130,124,127","108,104,110","83,82,88","88,89,97","91,94,104","80,83,93","64,70,77","62,71,76","84,93,98","90,99,104","70,77,85","63,69,77","63,67,76","77,80,89","127,130,138","105,106,114","60,61,69","65,66,73","89,88,95","56,55,62","46,44,49","84,77,77","108,99,97","123,112,110","127,120,118","131,127,125","139,138,136","142,144,141","134,137,133","106,111,105","90,96,88","127,134,124","173,180,168","168,174,159","173,178,164","173,179,169","155,164,164","127,140,147","64,73,82","42,52,60","57,66,72","49,57,62","63,70,73","89,94,97","102,106,108","102,105,108","97,99,101","93,95,97","95,97,98","89,90,91","71,71,73","64,63,68","69,66,72","76,73,75","81,79,76","90,88,81","97,95,87","99,97,89","96,94,89","86,82,82","69,66,67","65,62,62","67,64,61","66,64,56","74,73,60","94,90,73","112,102,79","118,105,79","49,103,85","63,109,93","92,126,111","98,117,103","149,150,137","155,139,128","129,98,87","137,94,84","150,99,87","148,93,79","145,89,74","149,95,78","143,94,74","137,91,69","142,99,82","138,98,87","147,108,99","145,107,97","146,110,97","168,134,118","181,151,133","168,140,121","156,130,110","161,138,117","168,147,128","175,156,136","172,155,137","168,152,135","177,161,146","169,157,145","120,113,108","83,78,76","89,86,85","100,99,99","109,108,110","100,101,104","88,89,94","95,96,101","117,118,123","96,95,101","107,106,112","117,112,118","87,82,88","111,104,108","141,131,134","132,118,120","132,118,119","144,132,134","136,126,129","93,85,90","77,71,76","91,88,94","103,101,108","104,103,110","100,100,106","93,93,99","93,92,97","97,96,98","92,90,92","98,92,93","122,111,112","116,103,104","120,107,109","131,120,123","108,97,102","100,90,96","108,97,103","119,109,114","122,111,115","112,101,104","129,114,116","135,119,119","147,128,127","150,132,129","137,123,122","120,113,114","118,113,115","114,109,112","131,125,128","144,140,141","127,123,123","122,119,117","129,125,123","128,126,123","132,128,126","131,126,123","124,119,116","135,132,128","145,142,137","140,133,129","136,127,122","129,119,114","141,131,126","148,138,133","132,122,118","133,123,120","145,135,132","146,135,134","152,142,140","135,125,123","149,138,138","138,128,128","129,118,119","154,143,143","152,142,142","147,137,137","142,132,132","137,127,127","138,128,129","142,133,135","130,120,124","139,129,134","149,138,145","146,136,143","137,127,135","137,126,135","132,121,132","131,120,130","139,129,138","138,131,138","136,134,136","136,135,135","139,136,137","144,141,142","148,145,145","147,144,146","118,114,115","110,105,108","117,112,113","123,115,119","126,119,121","137,129,132","133,125,127","122,115,119","130,124,129","141,135,142","136,129,136","132,123,131","140,129,135","148,137,140","145,134,136","127,115,115","114,102,102","137,126,125","140,130,130","138,129,129","143,135,136","138,132,134","127,122,124","127,122,120","139,134,128","152,148,140","149,148,140","144,144,136","146,146,138","134,134,127","104,104,97","102,102,97","132,131,126","137,134,130","134,129,126","136,127,127","163,152,153","167,156,157","134,126,129","113,108,112","124,119,124","154,149,154","154,149,153","125,119,123","120,114,117","125,119,121","119,112,114","134,126,127","161,151,152","149,140,140","142,132,132","138,129,129","137,127,128","123,114,116","114,107,109","119,110,112","130,121,123","142,132,133","136,126,126","125,115,115","123,113,114","145,136,139","128,123,126","101,97,103","83,82,89","93,94,103","94,96,107","78,81,92","63,69,78","72,80,86","103,111,117","82,90,95","58,65,71","73,79,87","71,76,84","102,107,115","145,149,156","98,102,109","56,60,67","68,72,79","75,77,85","56,58,66","42,42,48","57,52,54","101,92,92","123,114,114","131,125,123","137,134,133","143,142,141","145,148,145","122,127,122","95,100,94","93,99,90","134,142,130","179,186,172","170,176,160","167,172,156","173,178,166","166,174,170","146,156,158","62,70,75","35,44,48","55,63,67","46,52,56","70,77,80","100,105,107","110,114,116","119,124,126","113,117,118","102,106,106","100,104,104","95,98,98","79,81,82","68,70,74","64,65,70","75,75,77","85,85,82","103,104,97","115,117,108","125,126,117","119,119,113","104,103,101","84,82,82","70,68,66","67,65,60","72,70,61","84,83,68","98,95,76","111,105,83","115,107,83","71,124,106","44,90,72","73,104,89","121,134,120","156,149,138","150,127,117","130,94,83","140,94,83","154,101,89","157,103,89","156,102,85","150,98,79","144,96,74","143,97,74","145,101,82","141,99,87","150,111,101","150,112,102","146,110,97","156,123,106","170,140,121","171,144,123","158,134,112","151,129,106","161,141,121","174,156,136","170,153,135","169,153,136","177,161,145","172,158,147","145,137,132","86,81,79","80,77,76","108,106,106","108,107,109","94,95,98","92,93,98","97,98,103","125,126,131","110,109,115","110,109,115","125,120,126","81,76,82","99,93,97","147,137,139","155,141,141","134,119,119","137,124,125","137,126,129","103,95,99","69,63,69","85,81,87","106,104,110","105,103,109","101,100,106","95,94,100","100,98,102","103,101,104","90,87,89","95,88,89","136,123,124","129,115,115","126,113,113","133,120,121","108,96,99","106,95,99","113,103,106","123,112,115","134,122,125","123,110,111","128,113,113","144,126,124","146,127,124","153,134,130","146,131,128","128,120,120","120,116,117","119,113,114","132,126,127","147,141,140","131,124,122","124,117,114","132,125,122","131,124,121","130,123,120","121,116,112","113,108,104","127,123,119","145,141,137","149,142,138","145,135,130","138,127,121","145,134,128","143,132,127","127,116,112","140,129,125","143,132,128","145,134,132","156,145,143","133,122,120","139,128,126","136,124,124","127,115,115","144,132,132","146,136,135","146,136,135","143,133,132","148,138,137","153,143,143","150,140,141","137,126,129","143,132,136","155,144,150","151,140,146","145,134,141","141,130,138","138,127,136","138,127,136","143,132,140","140,132,138","130,127,127","128,126,125","134,131,130","143,139,139","148,144,143","150,146,146","129,123,123","112,106,107","120,114,115","132,123,125","125,116,117","136,127,128","144,135,136","126,118,120","132,124,129","146,139,146","137,129,137","140,130,138","147,137,141","149,139,139","148,136,137","120,108,107","120,108,107","136,125,123","147,137,136","148,139,138","151,143,143","130,124,125","114,108,109","130,124,122","146,142,134","151,148,139","146,144,134","144,143,135","144,144,136","131,130,123","108,106,98","108,105,100","126,122,117","130,125,121","136,128,126","131,122,121","158,148,147","153,142,143","124,116,118","117,111,115","132,127,131","144,139,143","134,128,132","120,114,117","123,117,119","127,121,123","121,112,113","136,127,128","145,135,136","136,126,127","137,127,126","129,119,118","126,116,116","126,117,117","125,118,119","121,112,113","136,128,127","157,147,147","140,130,129","125,115,114","124,114,114","136,128,129","120,115,118","96,92,97","90,89,96","100,101,109","93,95,106","72,76,87","60,66,75","85,92,98","117,124,130","76,83,88","78,85,90","105,113,117","69,77,81","102,109,114","145,150,155","102,107,113","65,70,76","67,72,79","66,70,79","74,77,86","72,73,81","59,55,59","98,91,93","122,115,116","130,125,126","132,131,132","136,137,136","134,138,135","101,107,102","90,97,90","108,115,106","144,152,140","179,186,171","175,182,164","168,174,155","170,176,160","169,175,167","159,165,162","71,78,77","34,41,41","56,63,62","55,61,62","73,78,80","88,92,93","102,106,107","110,114,115","107,111,110","96,100,99","87,91,90","76,81,79","60,64,63","69,73,77","61,65,70","70,75,75","73,77,71","89,93,83","95,98,87","106,108,98","102,102,95","95,94,89","80,78,75","75,71,68","75,71,65","74,71,59","77,74,57","85,83,63","87,83,62","87,83,61","86,134,118","48,90,73","86,112,98","149,157,145","153,140,131","141,112,104","140,99,89","141,93,82","149,98,85","155,104,88","156,106,87","152,103,82","146,100,77","144,96,74","143,97,79","143,100,87","144,103,91","151,112,99","158,123,106","158,126,108","157,129,108","164,138,116","169,147,123","162,142,118","151,132,111","154,137,117","168,151,133","174,157,140","174,157,143","177,163,153","165,156,152","99,94,92","81,78,76","107,105,105","109,107,110","92,93,96","104,105,110","102,103,108","101,102,107","104,103,109","96,95,101","112,108,114","110,105,111","92,86,90","122,112,115","167,152,152","149,134,134","131,118,119","139,127,130","105,97,101","69,63,68","82,78,84","109,107,113","111,108,115","102,100,106","102,100,106","103,101,104","96,94,97","90,87,87","99,92,92","137,124,123","139,124,123","134,120,119","133,120,120","111,99,100","112,100,102","122,110,112","136,124,125","145,133,134","129,116,115","130,115,113","144,126,122","147,127,122","156,135,131","153,138,134","144,137,136","132,127,127","126,120,120","140,133,132","160,151,149","143,134,132","132,123,119","141,133,128","141,132,128","138,129,125","122,116,110","103,98,93","116,111,105","144,140,135","156,150,146","152,143,138","150,140,135","154,144,139","141,132,127","121,111,107","133,123,119","138,128,125","156,146,143","165,155,153","134,124,123","134,124,123","134,123,124","128,117,118","142,132,132","139,129,130","139,130,129","154,146,144","175,166,165","178,169,169","157,148,149","132,122,124","140,130,132","148,139,143","146,137,140","146,137,140","150,140,146","150,140,146","147,138,143","148,138,144","146,139,141","140,136,135","141,137,135","152,148,145","156,152,149","146,141,139","148,140,139","137,130,129","127,120,119","125,117,116","129,119,119","127,117,117","145,135,134","150,141,140","125,115,115","132,124,126","150,143,149","135,129,134","138,130,134","150,140,142","154,144,144","153,141,141","123,112,111","128,117,115","141,130,127","149,139,137","147,138,136","150,142,140","130,125,124","115,109,108","129,124,121","143,138,132","148,143,136","147,142,135","144,140,133","140,138,130","129,125,120","114,109,105","114,109,105","130,123,120","133,125,123","138,128,127","134,124,125","154,144,145","145,134,135","117,108,110","108,101,105","117,111,114","123,117,120","118,113,115","119,113,115","129,121,124","126,118,119","113,104,105","127,117,117","134,124,124","137,126,126","136,125,125","133,122,122","121,110,110","122,113,112","129,122,121","115,108,106","123,115,112","145,135,133","125,115,113","116,106,104","130,120,120","130,121,123","110,104,107","93,89,94","97,96,102","102,103,111","88,91,101","72,75,86","64,69,77","105,110,115","113,119,123","71,77,80","105,111,115","128,134,137","92,98,101","120,126,129","146,151,155","122,127,131","99,104,109","78,83,90","70,74,83","88,92,102","99,101,109","83,80,86","88,83,84","116,111,114","126,124,126","123,123,124","132,135,134","113,117,115","82,88,84","95,103,94","119,127,115","150,159,145","179,187,170","177,184,165","175,180,158","173,180,160","173,179,167","165,172,164","89,96,90","40,46,41","48,53,50","61,66,65","76,80,81","69,73,74","81,85,86","88,92,92","83,87,88","70,74,73","62,66,65","59,64,61","55,60,57","67,74,77","65,72,75","76,83,83","71,76,72","73,80,69","70,75,64","79,81,71","75,75,68","76,75,70","75,72,69","80,75,72","83,77,71","79,73,60","76,71,53","79,75,55","81,76,57","79,78,57","84,128,113","71,106,92","109,128,116","144,145,136","136,117,110","130,97,91","140,97,88","140,93,82","140,94,79","145,100,82","148,103,83","147,101,80","144,98,75","142,94,72","141,94,74","148,102,88","141,99,85","150,110,94","163,127,109","163,132,112","159,131,109","163,139,116","171,149,125","169,150,126","151,133,112","142,125,106","163,145,129","177,159,145","173,156,144","175,161,152","167,158,154","117,113,110","83,80,79","94,92,92","107,105,108","96,97,100","100,101,106","105,106,111","101,102,107","108,108,114","101,100,106","109,105,111","124,119,125","104,98,102","111,102,104","136,122,122","138,123,123","123,109,109","133,121,123","120,110,114","84,77,81","81,75,81","103,99,106","114,111,118","109,107,113","110,108,113","108,106,109","98,96,97","98,93,94","94,87,86","119,105,104","142,127,124","149,135,133","149,136,135","127,116,115","119,107,107","123,112,112","135,123,123","145,133,132","133,118,115","134,119,114","149,130,124","152,133,126","162,142,136","160,146,141","153,146,145","137,132,132","125,118,117","139,130,128","167,157,154","158,148,143","147,136,130","147,136,130","149,138,132","156,145,139","143,134,129","112,105,99","108,104,98","134,131,126","150,144,139","147,139,134","155,146,141","160,151,146","135,126,121","109,100,96","122,112,109","138,128,126","171,161,159","181,171,170","145,135,134","134,124,124","127,117,118","121,111,112","137,128,129","133,124,125","131,123,122","150,142,140","182,174,173","191,183,183","162,154,155","125,116,117","127,118,119","141,132,134","136,127,128","135,126,129","145,136,137","152,144,145","151,142,144","145,137,139","142,137,136","138,134,131","127,122,119","132,127,124","140,135,132","138,133,130","137,130,127","118,110,108","108,100,98","106,98,96","118,108,107","127,117,116","152,142,141","158,147,147","129,118,118","122,114,116","129,124,128","122,117,120","132,126,126","146,138,137","149,139,138","147,137,135","120,110,106","123,113,108","132,123,118","137,127,125","134,127,124","139,134,131","125,121,118","112,107,106","131,127,123","144,139,134","145,140,134","147,142,136","146,141,135","137,132,126","123,118,114","113,105,102","115,108,105","130,120,119","134,124,124","141,130,131","143,133,134","160,149,150","148,136,139","117,108,111","107,100,103","116,110,113","119,113,115","116,109,111","125,118,120","135,126,127","123,114,115","107,97,98","122,112,112","131,121,120","141,130,130","137,125,125","137,125,125","121,110,110","117,108,106","127,121,118","111,104,101","116,108,105","136,126,124","113,104,101","111,101,99","135,125,124","127,118,120","101,96,98","87,83,88","96,95,102","98,99,107","84,86,97","81,84,96","89,94,101","113,118,121","89,94,97","69,74,77","130,134,136","152,158,158","132,136,137","136,142,141","133,139,140","141,146,149","143,148,152","107,112,117","88,93,100","99,102,113","109,110,120","105,104,110","84,79,84","116,113,116","127,126,129","110,111,113","124,128,128","98,104,102","80,86,82","109,117,108","135,143,130","159,167,153","179,186,168","177,182,161","175,180,157","169,176,153","161,169,152","160,170,160","120,130,121","69,79,71","44,50,46","54,61,60","74,80,81","63,68,71","62,67,70","67,72,75","65,70,73","58,63,65","55,61,61","60,66,65","65,73,72","68,77,82","64,74,80","76,87,88","69,79,75","70,80,70","68,77,66","78,83,74","71,73,67","70,70,67","74,71,70","79,75,73","79,74,68","73,68,58","73,68,51","79,74,55","81,79,61","81,80,62","87,124,111","96,124,112","112,124,116","104,97,92","130,106,102","146,111,106","140,99,91","142,99,88","140,100,82","141,103,83","143,105,82","144,103,82","146,102,80","148,100,80","149,101,81","157,112,95","150,109,91","149,110,91","155,120,99","160,129,107","161,135,110","159,136,111","163,143,119","173,154,132","162,145,124","141,124,105","148,130,116","169,150,138","176,157,148","177,161,155","162,153,151","139,134,132","93,90,89","75,74,74","96,95,97","105,106,109","99,100,105","106,107,112","115,116,121","112,111,117","112,111,117","112,107,113","108,103,109","119,113,116","120,110,113","127,112,111","129,113,113","117,103,103","127,115,117","150,139,143","116,109,112","78,73,77","85,82,86","112,110,115","118,116,122","117,115,120","116,111,115","111,107,108","109,105,105","89,81,79","101,87,83","137,123,117","157,143,139","158,145,142","136,125,123","115,104,102","117,107,105","133,122,121","149,138,136","146,132,129","151,136,131","162,144,137","160,141,134","169,150,141","167,152,147","155,148,147","137,132,133","116,109,108","124,115,113","156,145,142","158,145,139","151,138,131","145,132,123","145,135,126","160,149,140","154,145,137","116,110,104","103,98,93","126,122,117","147,142,137","149,142,139","161,153,150","169,161,158","137,129,126","105,97,94","116,108,106","145,137,135","166,158,157","181,172,172","148,139,140","133,124,124","119,110,113","113,104,107","135,126,129","138,129,132","136,129,130","139,133,133","162,156,156","173,167,167","149,143,143","108,102,102","102,96,96","125,119,119","114,109,106","102,97,95","108,103,100","117,111,108","113,108,105","100,95,92","90,85,82","83,78,74","74,67,64","70,63,60","80,72,69","95,87,84","106,97,95","84,74,72","71,61,59","74,64,62","92,81,79","103,92,90","126,115,113","138,127,125","121,111,109","106,99,99","103,100,102","118,115,117","146,141,141","161,153,152","152,144,141","145,135,133","121,112,107","118,109,104","125,117,110","128,120,115","126,120,114","134,130,125","122,119,115","112,108,105","134,129,126","147,142,138","146,141,137","146,141,137","145,138,134","135,128,124","119,110,109","106,96,95","123,113,112","136,124,125","140,128,130","141,129,131","144,132,136","153,141,145","138,126,130","114,104,108","108,101,104","123,117,119","128,122,124","123,115,117","130,121,124","132,123,124","115,105,106","100,90,89","122,111,110","135,123,123","141,129,128","132,121,119","134,123,121","119,109,107","114,105,103","126,120,115","119,112,107","126,119,113","136,128,123","114,105,101","118,108,106","136,127,125","115,106,108","94,89,91","88,85,90","99,98,104","93,94,103","79,82,93","90,93,105","93,96,103","90,93,97","85,87,90","109,113,113","149,152,150","156,160,156","151,154,150","136,141,137","138,142,140","144,149,148","148,152,155","126,129,135","126,129,137","134,136,147","135,136,146","116,114,122","78,73,80","120,119,124","140,139,144","109,110,114","113,118,118","95,101,98","92,98,94","123,130,122","144,152,139","162,170,154","178,185,164","176,181,158","175,179,155","168,174,150","157,170,152","153,169,157","141,155,146","108,121,115","66,78,77","56,69,69","67,78,80","60,70,74","55,64,70","58,67,73","61,69,75","61,69,74","57,65,69","55,63,66","56,66,69","63,77,85","58,76,84","69,85,89","60,75,74","66,79,73","69,81,73","79,88,81","67,72,70","60,64,64","68,69,71","73,72,74","72,71,68","68,66,59","70,67,55","74,72,56","75,74,59","74,75,59","77,108,98","91,113,105","101,107,102","94,83,81","147,121,119","176,140,137","146,107,99","136,98,85","137,102,85","137,104,83","138,105,83","142,105,84","146,105,84","151,104,84","152,104,84","156,111,92","152,110,90","148,109,88","149,115,91","156,125,101","162,136,111","162,140,114","164,145,120","173,155,132","171,154,134","153,136,120","142,124,112","151,132,122","170,151,144","178,162,156","163,154,152","151,146,144","111,108,107","76,75,75","84,83,86","106,106,110","108,109,114","111,112,117","128,129,134","120,120,125","119,118,124","111,107,113","84,79,85","101,95,99","105,94,97","126,110,109","135,120,118","131,117,117","128,116,117","145,134,137","121,113,117","86,81,85","79,76,80","109,107,112","122,120,124","126,124,127","124,120,121","116,112,113","118,113,112","92,83,81","97,83,78","131,117,111","152,139,133","154,142,137","133,122,119","107,97,94","116,106,103","136,125,122","156,145,141","159,146,141","164,149,142","165,148,140","156,138,128","163,143,133","163,149,142","158,151,150","143,137,138","117,107,107","115,104,102","142,131,127","148,135,127","145,132,124","145,132,123","144,131,122","156,143,135","152,142,133","116,108,102","101,96,91","127,123,118","153,149,145","157,151,148","160,153,150","171,164,161","141,134,131","107,100,97","111,103,101","143,136,135","162,154,156","181,173,174","152,144,145","137,129,131","124,116,119","118,110,114","138,131,134","143,137,139","143,138,140","129,124,126","130,124,125","129,124,124","109,103,104","72,67,67","65,59,59","73,68,65","60,55,52","49,44,40","52,48,43","58,54,48","55,51,46","47,43,38","40,35,30","39,34,30","41,33,30","37,29,26","35,27,24","43,35,32","62,53,51","52,42,40","47,37,35","50,40,38","62,51,49","61,49,47","74,62,61","89,77,75","88,77,75","80,73,73","80,78,78","106,104,104","143,139,136","158,153,150","152,145,142","153,145,140","140,131,126","125,116,109","130,123,115","132,125,118","131,126,120","141,139,134","131,130,125","121,120,116","138,136,131","151,146,143","151,146,142","145,139,136","139,130,128","134,125,123","126,115,115","114,103,103","124,111,114","135,122,125","140,127,130","137,124,127","140,128,133","145,133,138","132,120,125","117,108,111","111,104,106","125,118,120","131,124,127","129,121,123","133,124,126","131,121,122","114,104,105","101,91,90","127,117,116","141,129,129","137,125,125","134,123,121","132,121,119","119,109,107","115,107,103","121,115,109","123,116,110","131,124,117","126,117,111","111,102,96","125,115,112","128,119,117","102,94,93","95,90,92","99,96,100","105,104,111","92,93,101","79,81,93","100,102,115","98,99,106","90,91,94","115,116,117","148,149,148","145,146,143","145,147,142","155,157,152","146,148,142","146,150,146","146,150,147","140,143,145","138,142,146","154,157,163","149,152,162","141,142,153","115,113,122","81,78,84","125,124,130","151,151,156","113,114,118","99,104,104","92,98,97","104,111,106","133,142,133","146,154,142","160,169,152","177,184,163","176,182,158","176,181,154","170,177,152","162,178,160","149,171,160","140,159,151","121,139,134","95,112,112","77,95,96","66,81,86","59,74,82","61,75,84","59,72,82","62,73,83","62,73,82","58,70,77","59,71,77","67,81,89","59,78,90","55,75,88","67,87,96","57,78,80","66,83,82","73,90,86","87,100,97","71,81,82","57,65,69","68,72,77","76,78,83","76,78,79","74,75,71","74,74,65","75,75,63","76,77,63","76,77,64","60,86,80","62,79,74","71,74,72","82,71,70","128,102,101","173,140,137","161,125,119","138,103,91","133,101,85","134,104,84","136,106,84","142,108,86","147,106,87","151,104,84","153,104,84","160,115,95","157,115,94","156,116,95","154,120,96","153,122,98","157,130,104","165,142,116","167,148,122","166,148,125","175,158,138","179,162,145","155,137,123","139,120,109","155,136,127","168,152,147","161,153,149","149,144,142","132,129,127","101,99,99","81,80,82","94,94,98","114,114,119","108,109,114","121,122,127","123,123,129","119,118,124","112,110,115","86,83,88","81,77,82","83,74,76","112,98,98","129,114,112","134,120,120","142,129,130","139,129,130","122,114,117","100,94,97","83,79,83","108,106,110","119,118,120","133,131,133","130,127,128","113,109,110","121,114,115","98,89,87","96,83,77","127,113,107","149,136,130","156,144,139","137,126,122","108,98,93","123,113,109","139,128,124","161,149,145","166,153,147","168,153,146","162,145,137","147,129,119","154,135,125","158,145,137","161,155,153","152,147,147","125,117,116","116,106,102","140,128,123","146,132,125","145,132,123","157,143,134","154,141,132","161,148,140","158,148,139","124,115,109","107,101,96","130,125,121","160,155,151","164,159,155","153,147,144","166,160,157","146,139,136","116,109,106","111,104,103","142,135,134","161,153,154","177,170,171","146,139,141","130,123,125","116,109,112","106,98,102","117,110,114","111,105,108","101,96,98","86,81,82","76,71,72","68,64,64","56,51,52","36,31,31","39,35,33","36,32,28","30,26,22","27,23,18","31,27,20","32,29,22","31,28,21","33,28,22","34,29,23","35,27,24","35,26,24","38,29,27","35,26,24","29,20,18","40,30,28","35,24,22","37,26,24","39,28,26","45,34,32","34,22,21","39,25,24","48,34,33","50,37,36","48,40,39","48,44,43","57,55,54","80,76,73","91,86,83","93,88,83","113,106,101","117,110,103","117,110,102","124,117,109","127,120,112","129,125,117","144,142,135","137,136,129","128,127,122","141,138,134","156,151,148","163,155,153","150,142,140","136,127,125","137,127,126","141,130,132","137,125,127","126,112,116","138,125,129","143,129,134","136,123,128","138,126,132","140,128,135","130,118,124","127,117,121","119,111,114","124,116,118","132,123,126","137,128,130","143,134,136","141,131,133","123,114,115","103,93,93","128,118,118","139,128,128","129,118,117","136,125,123","128,117,115","114,104,102","118,110,106","121,116,111","125,120,114","130,123,116","111,101,96","105,95,90","132,122,118","122,113,111","91,83,82","93,89,90","97,96,99","96,96,102","78,80,88","73,76,86","105,108,120","105,106,112","108,107,108","146,145,144","157,157,155","138,138,135","143,144,139","147,149,143","142,145,139","148,150,146","159,161,159","146,147,148","145,146,150","152,154,159","143,145,154","151,151,160","134,133,140","104,102,108","133,132,137","153,153,158","109,110,114","83,87,89","90,96,95","115,122,118","146,155,147","149,158,147","160,169,153","178,186,165","177,183,159","174,179,152","168,177,151","162,180,162","155,179,168","146,169,161","126,149,144","115,137,136","104,126,129","85,105,111","70,90,99","56,74,85","65,81,94","78,93,106","80,94,105","67,81,91","63,76,84","71,86,95","58,79,93","57,82,96","75,98,109","63,86,92","66,87,88","73,92,94","90,106,107","77,91,94","64,75,81","70,78,85","74,79,87","74,79,82","74,78,77","75,77,72","75,77,68","71,73,61","70,72,59","51,69,70","43,58,57","42,47,49","61,55,57","103,86,86","150,126,124","170,140,137","156,125,117","138,108,96","139,109,93","143,111,92","144,111,90","152,115,94","156,116,93","161,120,99","170,126,109","167,124,106","164,124,106","159,123,102","155,122,100","161,131,107","166,140,115","165,142,117","164,143,119","170,152,130","179,162,143","172,155,137","153,136,121","144,127,114","145,133,123","159,152,144","140,137,132","145,142,138","119,115,114","76,74,74","82,80,83","107,106,111","102,102,107","106,107,112","112,113,118","115,116,121","100,101,106","86,88,92","66,68,72","64,61,63","97,89,89","116,104,106","136,123,124","156,142,144","148,134,136","131,118,119","104,94,95","81,75,75","104,103,101","114,115,113","150,150,149","159,158,158","123,120,121","121,116,117","97,88,88","94,83,80","120,108,103","145,134,129","160,149,144","149,138,134","119,108,103","124,112,107","144,132,127","161,147,141","169,155,147","168,153,146","159,143,135","153,136,128","153,137,128","152,142,134","169,164,159","164,160,156","134,128,124","114,106,101","134,123,118","142,130,123","141,129,120","158,145,136","162,148,140","171,158,150","169,159,150","137,128,120","115,108,101","131,125,118","166,159,153","174,166,159","148,139,133","162,154,147","151,142,135","119,110,104","116,108,102","134,126,121","153,144,141","152,143,140","120,111,109","99,90,88","86,77,77","76,66,66","72,63,63","58,50,50","43,36,36","38,31,30","35,28,27","33,26,25","33,26,24","30,23,22","34,27,24","34,27,24","34,27,23","35,28,24","36,29,25","34,27,23","31,25,20","32,25,20","34,25,22","34,24,22","32,21,19","34,23,21","34,23,21","30,20,18","32,22,20","32,19,18","31,18,17","33,20,18","35,22,21","31,18,17","33,19,18","36,22,21","37,23,22","37,25,24","33,25,24","33,25,23","38,30,28","42,34,30","45,37,31","57,48,43","62,53,47","69,62,55","78,71,64","90,83,77","106,100,93","124,120,113","130,126,120","131,127,121","138,132,128","150,142,139","157,148,146","145,136,134","135,125,123","145,135,133","153,143,143","147,137,137","130,119,120","140,129,131","142,132,134","138,128,131","137,127,132","134,124,128","132,122,126","136,125,129","126,115,117","129,119,121","138,127,131","137,128,131","135,128,132","146,139,144","117,110,115","106,99,102","121,114,117","126,117,119","117,108,107","130,119,118","127,116,113","114,104,101","114,108,105","122,121,118","123,119,117","127,118,116","107,95,94","107,94,93","143,131,130","112,103,101","97,92,91","100,100,100","86,90,91","85,92,95","72,79,84","68,75,82","105,111,117","107,107,109","123,119,117","159,156,153","157,153,150","138,135,132","127,127,124","123,123,120","123,124,120","133,134,133","150,151,150","153,154,154","147,146,148","145,144,146","149,148,151","155,153,156","148,146,147","133,131,134","146,146,148","140,141,144","103,104,108","80,84,88","98,103,105","138,145,145","148,157,154","150,159,150","166,175,161","180,189,170","175,182,159","170,178,151","169,179,152","164,178,156","161,180,163","165,185,171","153,173,164","122,144,139","127,150,150","125,148,152","83,105,112","53,74,84","71,89,100","103,119,130","91,105,115","72,84,93","62,72,78","66,77,86","63,82,94","71,95,108","86,109,120","68,91,99","67,87,93","71,90,95","88,106,108","80,94,98","67,79,83","65,74,79","65,73,78","72,78,80","79,83,81","81,83,80","77,80,73","73,76,66","73,75,63","59,71,76","55,65,69","47,53,56","64,62,66","105,97,99","142,127,128","166,145,143","170,144,139","151,123,113","144,114,101","145,115,97","149,117,97","155,122,99","151,118,95","166,130,108","167,124,108","166,124,110","168,127,110","164,126,108","163,128,108","169,137,115","167,138,114","165,139,115","167,144,120","165,146,122","168,150,128","178,161,141","170,155,137","149,133,117","139,128,113","153,148,137","143,140,133","148,145,139","131,127,124","92,88,88","81,78,80","98,96,101","114,113,118","118,118,123","113,114,119","113,116,121","85,90,94","75,82,85","56,64,66","65,68,70","132,130,132","127,119,122","129,117,119","149,133,136","155,137,141","145,128,129","113,100,100","84,77,75","92,91,85","113,115,110","161,163,158","186,186,186","161,159,160","132,127,129","104,95,97","98,88,86","114,104,100","144,133,129","167,156,152","165,154,150","137,125,120","127,115,109","142,128,122","156,141,134","174,159,153","176,161,154","161,146,138","159,144,135","161,145,137","158,147,140","170,166,160","170,166,161","142,136,131","118,110,105","136,127,122","145,135,130","142,131,125","149,136,129","157,144,137","172,160,154","175,165,156","141,132,123","111,102,93","125,117,108","159,150,142","165,155,146","151,141,131","174,164,154","158,148,139","112,102,93","98,88,79","98,89,80","117,108,101","108,98,92","84,73,68","65,55,49","55,45,41","47,36,33","39,28,25","33,22,19","29,19,17","28,18,16","28,18,16","31,21,19","33,24,22","34,25,23","33,24,22","34,25,23","35,25,23","35,25,23","34,25,22","31,22,19","28,19,16","26,16,14","26,15,13","28,15,13","28,15,13","28,14,13","28,15,14","30,17,15","31,18,17","33,19,18","34,20,19","35,21,20","35,21,20","36,22,21","39,25,24","40,26,25","41,27,26","42,29,27","43,30,27","44,31,28","44,31,28","43,32,29","44,34,30","44,35,30","44,35,30","41,32,27","45,36,31","53,46,40","68,62,56","87,80,74","105,99,93","119,113,107","130,121,117","140,129,127","142,132,130","134,124,122","134,124,122","147,137,135","151,142,141","141,133,131","127,118,116","138,129,129","141,134,134","143,136,137","139,133,135","130,123,125","132,123,126","141,130,133","133,121,122","136,123,125","142,131,134","136,127,132","130,124,129","151,146,153","114,110,116","105,102,107","118,114,119","119,113,116","113,106,106","125,116,115","124,113,110","118,109,106","119,115,114","125,126,126","120,115,116","119,109,112","112,97,99","115,99,101","138,124,124","99,90,89","96,94,93","104,109,107","89,98,97","86,99,98","71,84,86","73,84,88","119,126,129","125,124,123","146,138,134","165,158,154","143,138,135","123,119,117","112,110,111","105,103,104","98,98,99","104,104,105","126,126,128","152,151,152","151,148,149","145,141,141","153,149,148","150,146,144","145,143,140","141,141,138","152,152,152","129,130,132","102,106,109","86,91,95","110,117,120","153,161,163","145,154,153","148,158,151","171,180,168","182,191,174","173,182,160","168,177,151","170,180,153","169,180,155","173,186,165","176,190,173","172,189,174","117,136,129","107,129,126","130,154,156","93,116,121","60,82,89","74,93,102","84,101,108","63,75,83","75,85,92","78,85,90","66,74,80","60,78,87","78,101,112","91,114,123","68,91,99","67,87,94","73,91,97","95,111,116","85,100,102","68,79,81","67,76,77","70,77,77","77,82,80","81,86,82","81,83,80","76,78,73","77,80,72","79,82,71","71,80,85","73,80,86","63,67,71","68,68,70","98,94,94","125,116,114","139,125,120","163,144,136","165,143,132","146,121,107","140,112,95","155,125,105","159,127,104","144,112,89","166,129,110","163,123,107","164,122,108","168,128,111","165,127,109","164,128,109","168,136,114","166,136,112","168,141,117","170,147,123","164,143,119","164,146,123","177,160,140","177,162,143","162,146,130","150,139,123","147,142,131","152,148,140","146,141,135","144,139,136","122,118,117","81,78,80","81,79,83","107,105,111","113,113,119","112,113,118","122,126,131","101,106,110","87,95,98","66,75,77","75,82,84","143,143,145","132,126,129","123,113,115","142,128,131","159,141,144","156,138,139","130,117,116","100,92,89","77,75,70","109,110,105","141,143,138","166,165,165","183,180,181","145,139,143","129,120,122","120,110,107","117,107,103","141,130,126","161,149,145","166,152,149","150,136,133","136,122,118","142,128,124","159,145,140","189,175,171","200,187,182","177,163,158","155,142,135","152,138,132","149,140,135","167,163,158","192,188,184","176,171,167","140,131,128","136,126,122","138,127,123","140,127,124","154,140,136","150,137,132","160,147,142","180,169,163","167,157,150","134,125,117","127,118,109","137,128,118","130,119,110","124,112,102","138,125,116","117,105,96","78,66,57","67,54,46","63,51,42","73,61,55","70,57,51","58,45,39","49,36,31","42,29,26","38,24,21","34,21,18","32,21,18","35,25,23","34,24,22","33,23,21","35,25,23","35,25,23","34,24,22","31,21,19","29,19,17","28,18,16","28,18,16","27,17,15","25,15,13","23,13,11","22,12,10","22,10,9","22,8,7","25,11,10","28,14,13","30,16,15","33,19,18","35,21,20","36,22,21","40,26,25","40,26,25","40,26,25","40,26,25","42,28,27","43,29,28","44,30,29","46,32,30","48,34,31","48,34,31","48,34,31","47,35,31","47,36,32","47,36,32","47,36,32","47,38,33","44,35,30","40,31,26","39,31,26","46,39,33","61,54,48","78,71,65","93,84,79","103,92,88","111,100,98","122,111,109","138,128,126","151,141,139","152,143,142","144,135,134","126,118,116","134,127,125","135,129,129","136,130,130","134,128,128","130,124,124","138,131,132","149,139,140","137,125,127","129,117,120","128,117,121","125,116,121","123,118,124","152,147,154","121,118,125","107,105,111","125,122,127","126,121,125","122,116,117","129,122,121","122,113,111","130,121,119","136,133,133","127,128,129","118,114,116","114,104,108","122,107,110","131,115,118","125,110,111","103,94,94","102,100,98","103,109,106","97,107,106","86,98,98","66,80,81","78,90,93","123,132,134","127,128,130","152,147,145","165,159,159","139,135,136","122,119,120","124,123,125","99,99,102","73,74,78","73,73,77","94,95,97","131,131,132","145,142,142","143,139,138","152,147,145","156,152,149","146,146,142","140,142,138","150,152,150","119,122,123","104,108,111","91,97,100","122,130,133","156,164,166","143,151,152","152,160,155","175,182,172","183,190,175","175,181,161","171,176,153","172,177,152","171,177,154","181,188,169","174,184,167","174,188,173","127,142,136","83,102,99","117,139,141","124,148,153","79,101,107","66,86,93","63,81,88","60,74,82","80,90,96","73,81,87","64,74,78","52,70,78","76,100,110","90,113,121","64,87,95","63,82,89","73,92,98","102,119,124","88,102,104","69,80,82","75,85,85","81,88,86","82,87,84","78,83,79","76,78,74","73,75,70","80,83,75","82,85,74","90,94,99","94,97,102","81,84,87","78,78,79","98,96,95","118,114,110","127,120,112","150,139,129","166,151,138","152,133,117","135,113,94","149,123,102","160,130,109","148,116,95","171,134,115","168,129,112","163,121,107","161,122,105","159,121,103","158,121,102","165,131,110","166,136,113","165,138,115","169,144,121","168,145,122","166,145,124","176,157,137","180,163,144","171,154,138","163,151,136","148,140,129","147,142,133","142,137,128","149,144,140","139,135,133","98,95,95","81,79,81","100,98,103","108,108,113","110,111,116","125,130,134","102,109,112","82,90,93","55,65,66","59,66,68","108,111,112","114,113,115","113,107,108","134,122,124","155,139,141","160,144,145","151,137,135","111,102,99","75,71,66","102,101,97","122,123,118","130,127,128","154,149,150","134,124,129","120,109,112","115,103,101","109,97,94","132,120,116","143,131,127","147,133,131","143,129,127","135,121,118","132,119,116","130,117,114","142,129,128","156,143,140","147,134,131","136,123,120","134,122,119","134,125,124","153,147,145","172,167,164","157,150,148","125,116,113","124,113,111","129,116,115","136,121,119","140,126,124","134,120,117","150,136,133","186,173,168","183,171,165","138,127,121","106,96,89","97,86,78","80,67,58","63,50,41","61,48,39","52,39,30","46,33,24","52,39,31","49,36,28","47,34,28","48,35,29","48,35,29","46,33,27","43,29,26","41,27,24","40,26,23","40,27,25","39,29,27","37,27,25","36,26,24","36,25,23","35,24,22","31,21,19","28,18,16","23,13,11","22,12,10","21,11,9","21,11,9","21,10,8","22,12,10","23,12,10","24,12,11","26,12,11","30,16,14","34,20,18","37,23,22","39,25,24","41,27,26","41,27,26","41,27,26","41,27,26","41,27,26","41,27,26","42,28,27","43,29,28","44,30,29","45,31,29","47,33,30","47,33,30","47,33,30","46,33,29","45,33,30","44,33,29","44,33,29","46,37,32","47,38,33","44,35,30","38,30,25","36,28,23","39,32,26","48,41,35","55,46,41","57,46,42","62,51,48","78,67,64","97,87,85","113,103,101","123,113,112","131,121,120","125,117,115","128,121,119","123,117,116","120,114,114","122,116,116","129,123,123","147,140,140","147,137,139","126,116,118","121,110,114","118,109,113","118,110,117","115,110,116","136,133,140","111,110,116","112,111,117","124,123,129","124,122,127","126,121,124","131,126,128","120,114,113","132,126,126","134,134,134","118,119,120","119,116,119","116,107,110","129,113,119","140,124,128","121,107,109","124,115,116","118,115,115","103,107,106","97,107,106","86,98,99","75,87,89","97,109,112","131,139,144","111,114,117","128,127,129","143,141,144","131,131,134","114,114,118","116,118,123","92,94,99","77,80,85","76,77,82","73,73,77","102,102,103","129,127,127","137,133,133","146,142,139","148,144,141","148,148,143","145,150,146","143,147,145","105,111,109","98,104,107","95,103,105","133,142,144","154,162,164","143,151,152","158,166,161","181,187,177","185,190,177","177,180,163","175,177,157","173,177,154","176,179,158","177,181,163","176,181,165","170,181,167","155,169,161","109,125,122","106,126,126","142,163,167","104,125,130","61,81,88","64,82,89","66,83,89","69,82,86","72,82,86","82,95,98","58,77,85","78,102,112","82,105,113","59,81,89","61,80,87","73,91,97","104,118,123","86,99,102","74,85,86","79,88,87","84,91,89","84,89,86","81,86,80","78,81,76","76,78,72","79,82,73","79,82,71","102,99,104","103,101,105","89,88,92","83,83,82","96,97,93","111,113,105","120,120,110","134,132,119","156,149,133","161,149,132","137,119,101","139,116,96","159,132,111","157,126,105","172,135,117","163,124,108","157,115,101","157,118,101","158,119,102","157,120,101","164,130,109","167,138,114","161,134,110","166,140,117","171,148,125","168,147,126","174,154,134","176,159,140","173,156,140","171,157,142","158,148,137","145,137,128","146,139,131","150,145,140","144,140,137","124,121,120","97,95,97","98,97,102","108,109,114","111,114,119","122,127,131","97,105,108","83,91,94","63,71,74","67,75,77","118,124,125","121,123,124","102,99,99","110,100,101","131,116,118","148,132,133","158,143,142","128,117,115","96,90,87","99,97,93","123,121,117","129,124,126","132,124,127","121,109,115","96,83,86","101,86,85","105,91,88","129,115,112","135,121,119","137,123,122","140,126,125","141,127,126","141,129,128","118,107,105","99,87,87","103,91,90","116,105,104","134,123,122","145,134,134","144,135,135","140,133,134","130,123,123","114,105,105","110,100,100","132,120,120","140,126,125","141,125,125","132,116,116","124,109,108","133,118,115","146,132,129","126,112,109","84,72,68","62,50,46","57,45,39","45,32,24","41,28,19","44,31,22","40,27,18","40,27,18","44,31,23","38,25,17","34,21,15","37,24,18","40,27,21","41,28,22","39,25,22","38,24,21","38,24,21","39,26,24","38,27,25","35,24,22","33,22,20","32,21,19","31,20,18","28,17,15","25,14,12","21,10,8","20,9,7","21,10,8","22,11,9","23,12,10","26,15,13","27,16,14","29,17,15","31,17,14","34,20,17","37,23,20","39,25,22","41,27,24","42,28,25","42,28,25","42,28,25","42,28,25","41,27,24","41,27,24","42,28,25","44,30,27","45,31,28","47,33,30","49,35,32","49,35,32","49,35,32","48,34,31","48,34,31","46,35,31","46,35,31","40,29,25","43,33,29","46,37,32","43,34,29","42,33,28","42,34,29","46,38,32","49,39,34","45,34,30","40,29,25","40,29,25","44,33,30","50,39,37","63,53,51","77,67,65","85,76,75","98,90,88","106,98,96","112,105,103","118,112,112","126,120,120","145,137,138","142,132,135","125,114,118","121,112,116","115,108,113","115,109,115","109,105,110","126,123,130","107,106,112","111,111,116","112,111,117","113,112,116","115,113,117","120,118,120","112,109,111","120,117,119","116,117,119","104,106,108","117,115,118","117,109,112","120,106,111","131,114,120","118,104,106","129,120,121","114,112,112","101,105,104","97,107,106","87,99,100","84,95,97","114,124,130","147,155,161","113,118,124","116,119,124","122,124,129","118,122,128","88,93,100","82,88,95","72,77,85","87,93,99","83,86,93","61,62,67","84,84,87","121,120,120","138,135,134","142,137,134","132,127,124","141,141,137","148,154,150","128,135,133","92,100,98","91,99,101","106,116,118","142,152,154","153,162,163","144,152,152","164,170,166","185,189,182","186,188,177","179,179,165","178,178,160","176,177,157","186,186,168","177,177,161","183,186,170","167,173,161","178,188,181","152,166,162","101,118,118","132,152,154","132,152,157","90,110,116","76,95,101","61,79,84","76,93,97","108,123,126","106,122,125","72,92,99","85,108,118","73,96,105","60,82,90","70,88,95","77,94,101","103,118,122","86,99,101","86,96,96","83,91,90","83,89,87","85,89,86","86,89,84","84,85,80","79,80,73","78,80,69","77,79,66","128,118,125","124,116,121","107,104,106","99,99,97","101,104,99","106,110,102","115,120,108","129,132,117","152,151,133","170,163,145","151,137,119","138,118,99","156,129,109","161,128,110","169,132,115","162,122,107","155,114,99","157,118,101","161,122,105","159,123,104","165,131,110","168,138,114","162,133,110","168,141,118","173,149,126","169,147,125","172,151,132","175,156,138","174,155,140","175,158,144","173,161,149","159,150,140","155,146,138","148,141,135","142,137,134","133,129,128","98,96,98","82,82,85","96,99,103","111,116,120","122,127,131","94,101,104","82,89,92","60,68,70","62,70,72","129,138,139","148,154,153","125,124,123","109,101,101","107,93,94","116,101,101","135,120,119","145,133,131","125,118,114","98,93,90","114,110,107","131,125,127","129,119,123","128,115,122","114,99,103","122,106,106","122,106,105","129,114,112","130,116,115","137,123,123","141,128,127","151,138,137","156,144,145","139,127,128","120,109,109","116,105,105","121,110,112","133,124,126","135,126,128","134,125,127","148,139,140","145,136,137","144,134,135","143,132,133","145,132,132","134,118,119","136,119,120","143,126,127","122,105,105","94,77,76","77,61,59","66,51,48","55,41,38","49,35,32","48,35,29","45,31,23","47,33,24","48,34,25","41,28,19","34,21,12","34,20,12","32,18,11","36,22,16","39,25,19","40,26,20","40,27,21","40,25,22","39,25,22","39,25,22","37,25,22","33,22,20","29,18,16","26,15,13","25,14,12","24,13,11","24,13,11","22,11,9","21,10,8","21,10,8","23,12,10","25,14,12","27,16,14","28,17,15","29,18,16","30,18,16","32,18,15","33,19,16","34,20,17","35,21,18","37,23,20","38,24,21","38,24,21","40,26,23","40,26,23","40,26,23","41,27,24","42,28,25","44,30,27","45,31,28","46,31,28","46,32,29","47,32,29","47,32,29","47,33,30","47,33,30","46,34,30","46,34,30","46,35,31","46,35,31","46,36,31","43,33,29","42,33,28","42,34,28","44,36,30","46,35,30","47,35,30","48,36,32","48,36,32","45,34,31","42,31,28","40,29,27","38,28,26","34,24,23","55,47,45","76,68,66","93,86,84","105,98,97","116,109,108","134,126,126","139,130,132","130,122,125","121,114,118","106,100,104","102,97,102","94,92,97","119,116,123","113,112,118","112,113,118","104,105,110","110,110,115","107,107,112","107,107,111","108,107,111","110,111,114","105,109,112","98,102,105","114,114,117","117,110,114","111,97,102","121,104,110","118,103,107","116,106,108","105,101,103","101,104,104","94,102,102","83,94,95","76,87,90","103,113,119","131,138,146","111,118,125","115,122,129","115,122,130","122,129,138","88,96,104","79,86,95","70,78,88","92,100,108","68,73,81","49,52,57","77,77,81","119,118,119","141,138,137","143,137,134","125,120,117","135,137,133","150,159,154","114,124,121","88,98,97","88,98,99","125,135,136","148,158,160","149,158,159","144,152,150","166,172,168","186,189,183","183,184,175","177,175,163","180,177,162","179,176,159","184,180,164","177,174,159","184,183,170","169,172,161","182,189,182","177,187,183","127,141,140","126,144,145","134,153,157","106,125,130","86,105,110","71,90,94","75,94,98","90,107,110","86,105,108","76,96,104","87,110,120","67,89,99","68,88,96","81,99,106","82,99,105","107,122,126","91,104,104","93,104,103","88,95,93","85,90,86","88,92,86","90,93,86","87,89,81","81,83,74","81,81,69","81,80,67","143,128,135","136,123,128","124,116,117","119,117,114","116,119,113","113,119,109","123,130,117","140,145,130","156,158,141","176,173,154","167,155,138","146,127,109","152,126,108","158,125,109","164,127,112","175,135,121","162,121,106","159,120,103","157,119,101","154,118,99","162,128,107","170,138,115","168,138,115","173,145,123","175,148,126","167,143,122","170,147,129","177,156,139","176,155,141","174,156,142","176,161,148","177,164,154","163,152,143","150,141,134","153,147,143","143,140,138","105,103,103","78,78,81","91,94,97","108,113,117","114,119,123","84,89,93","82,87,91","68,76,79","71,79,81","135,147,147","160,167,166","139,140,139","124,117,117","116,103,104","110,94,95","115,99,99","135,123,121","123,114,112","100,94,91","110,106,103","129,123,124","126,116,120","131,117,124","136,121,125","120,105,106","122,107,106","128,112,112","139,125,125","152,139,139","141,129,129","137,125,125","142,130,132","142,130,132","143,133,135","137,126,129","125,116,119","128,119,122","127,118,121","127,118,120","144,135,136","144,135,136","151,141,142","149,137,138","135,120,122","115,98,99","125,106,108","107,88,89","88,68,69","68,49,49","53,36,36","53,36,33","53,39,36","50,35,32","48,35,29","51,37,29","44,30,21","41,27,18","40,26,17","39,25,16","34,19,11","29,14,7","37,22,17","37,22,17","36,21,16","36,21,16","37,22,19","37,22,19","36,22,19","34,20,17","29,17,15","24,13,11","19,8,6","18,7,5","19,8,6","20,9,7","20,9,7","23,12,10","25,14,12","27,16,14","29,18,16","30,19,17","28,17,15","28,17,15","28,16,14","31,17,14","31,17,14","31,17,14","32,18,15","33,19,16","35,21,18","36,22,19","35,21,18","35,21,18","35,21,18","37,23,20","39,25,22","41,27,24","42,28,25","44,29,26","45,30,27","45,30,27","46,31,28","46,32,29","47,33,30","47,33,30","47,33,30","47,36,32","47,36,32","48,37,33","48,38,34","48,39,34","47,38,33","47,38,33","48,37,31","50,37,31","51,37,33","49,35,32","49,38,34","52,41,37","48,37,35","38,28,26","32,22,20","45,36,34","51,42,41","58,50,48","69,61,59","84,76,74","109,100,100","119,111,113","122,115,119","129,123,127","122,116,120","118,113,118","99,95,100","107,105,111","98,97,102","114,113,119","102,103,108","113,114,119","102,104,109","96,98,103","105,107,111","105,108,112","104,110,113","103,108,111","113,114,117","121,115,119","112,100,105","124,107,113","128,113,118","106,96,99","103,99,101","98,99,101","83,89,91","79,89,92","77,87,91","93,102,108","104,111,119","96,104,112","102,111,120","92,102,111","101,111,121","80,90,99","92,101,111","92,101,112","111,121,130","65,72,79","53,56,62","78,80,84","112,111,113","128,125,124","130,125,123","115,110,107","132,135,131","156,165,161","109,119,117","94,104,103","90,101,101","137,149,149","147,157,158","142,151,151","143,150,147","167,172,168","184,187,182","179,179,171","173,171,160","178,175,162","179,174,161","178,172,158","186,180,167","186,183,170","180,181,171","174,177,171","174,182,178","162,173,172","131,145,145","128,146,147","128,146,149","95,113,117","77,96,100","68,87,91","62,80,83","82,103,106","74,95,104","82,104,116","62,83,94","72,92,101","88,105,113","83,100,106","113,126,131","95,107,108","92,101,101","89,97,93","89,94,89","92,96,88","94,97,88","92,95,84","89,90,79","87,87,74","86,84,71","136,114,120","126,107,111","117,104,104","115,108,106","111,111,104","112,116,105","126,130,118","137,141,127","152,154,138","169,166,147","178,167,150","148,129,114","139,114,99","157,126,112","154,118,104","168,129,114","167,128,113","165,126,109","157,118,101","154,117,98","162,127,106","171,138,115","176,146,123","179,150,129","176,149,128","171,145,125","171,146,129","174,152,135","178,156,142","180,159,145","178,160,146","179,163,152","179,166,156","159,149,140","150,143,137","153,150,147","134,134,133","91,92,93","94,97,100","122,127,130","112,117,121","87,92,96","88,93,97","84,90,93","91,100,101","140,152,152","167,177,175","153,154,153","156,149,149","173,160,161","161,144,145","130,112,112","121,107,106","129,118,116","116,109,106","109,103,100","119,113,115","118,109,112","119,107,113","122,109,112","117,104,105","124,112,111","123,109,109","137,125,125","150,138,138","137,125,125","133,122,121","141,131,131","146,136,137","146,136,137","135,125,126","130,121,122","139,130,132","141,132,134","139,130,131","146,136,137","140,130,131","135,123,123","122,109,110","103,88,89","84,66,68","79,59,61","66,45,46","58,38,39","53,33,33","49,31,30","52,35,32","53,38,35","50,35,32","46,31,26","43,29,21","38,24,15","35,21,12","35,21,12","37,23,14","37,22,15","37,22,15","39,24,18","36,21,16","32,17,12","32,17,12","34,19,16","34,19,16","31,16,13","27,13,10","24,10,9","21,8,7","19,6,5","20,6,5","21,8,7","23,10,9","26,13,11","25,12,11","28,15,14","31,18,16","30,17,16","29,15,14","27,14,13","28,15,14","30,17,14","31,17,13","30,17,12","30,17,12","31,18,13","32,19,14","35,22,17","36,23,18","35,22,17","34,21,16","34,20,15","34,21,16","36,23,17","38,25,19","39,26,20","39,25,21","41,25,22","43,27,24","45,30,27","47,33,30","50,35,32","49,35,32","49,35,32","50,37,34","49,36,33","47,36,32","46,35,31","46,35,31","47,36,32","47,36,32","47,35,30","48,35,29","48,35,30","48,35,30","50,38,32","53,41,35","51,40,36","48,37,34","47,37,35","47,37,35","46,36,34","44,35,33","41,31,30","46,37,35","66,57,57","84,77,78","105,99,101","127,121,124","126,120,123","110,104,107","97,92,96","106,102,106","113,111,114","113,112,118","90,91,95","97,98,103","94,97,102","94,98,104","101,105,111","102,108,112","102,110,113","101,107,110","109,109,114","109,104,109","119,107,113","128,114,120","113,98,103","108,98,101","91,87,89","95,96,98","91,97,100","88,98,101","94,103,109","104,112,120","106,113,123","89,96,106","94,104,113","78,88,99","105,115,126","76,87,99","126,137,148","142,152,162","115,125,135","80,86,95","69,72,80","69,71,77","94,94,97","120,117,118","115,110,108","109,106,103","139,143,139","149,158,154","106,116,115","85,95,94","109,121,120","140,152,151","142,152,152","146,155,154","147,153,151","167,172,168","180,182,178","177,177,170","175,173,163","179,175,166","183,177,167","181,174,163","187,179,167","189,183,172","189,187,178","188,189,182","185,191,186","178,186,185","151,163,163","128,143,143","132,149,150","118,136,138","82,101,103","71,91,92","67,88,90","80,101,105","65,87,97","58,80,93","66,87,98","68,87,97","85,102,111","98,115,121","98,110,115","88,99,100","91,100,98","90,98,92","89,95,88","89,93,85","89,92,82","90,91,80","90,90,78","84,82,70","87,84,70","100,74,79","95,71,74","94,75,77","96,83,82","93,85,79","90,87,77","98,96,85","115,114,102","137,134,120","160,154,139","176,164,148","161,143,129","146,120,107","155,126,114","149,114,101","162,124,111","168,129,114","166,127,110","160,122,104","159,122,103","165,130,109","172,138,116","176,145,123","178,149,128","177,150,129","177,150,130","178,151,134","180,154,139","183,158,145","184,161,147","183,162,148","179,161,147","185,170,158","166,154,146","148,141,134","150,147,142","137,138,136","96,99,100","91,95,98","111,116,119","104,109,113","98,103,107","100,105,110","87,92,96","97,106,108","146,158,158","122,131,129","133,134,133","175,168,168","191,176,178","188,169,170","157,139,139","120,105,104","112,100,99","121,113,111","111,106,103","111,105,107","120,114,116","118,109,113","131,121,124","132,121,122","133,123,122","122,112,111","130,120,119","142,132,131","136,126,125","141,131,130","151,141,140","137,127,126","122,112,111","133,123,122","151,141,140","151,141,140","139,129,128","129,119,118","119,109,108","109,97,97","94,81,81","80,65,65","69,52,52","62,43,44","59,39,40","59,37,39","57,35,35","53,32,31","53,33,31","55,36,34","53,35,32","48,31,28","41,25,19","35,21,13","35,21,12","35,21,12","35,21,12","35,21,12","36,20,13","36,21,14","38,22,17","37,22,17","35,20,15","34,19,14","33,18,15","30,15,12","27,12,9","24,9,7","21,6,5","21,7,6","23,9,8","25,11,10","26,12,11","28,14,13","29,15,14","27,13,12","28,14,13","29,15,14","29,15,14","28,14,13","29,15,14","30,16,15","30,16,13","29,15,11","30,17,11","31,18,12","32,19,13","32,19,13","32,19,13","32,19,13","31,18,12","32,19,13","32,19,13","34,21,15","37,24,18","39,26,20","40,27,21","44,28,24","47,29,27","47,31,28","49,33,30","50,34,32","51,36,33","51,36,33","50,36,33","48,34,31","47,33,30","44,33,29","43,32,28","43,32,28","44,33,29","45,34,30","46,34,29","47,34,28","48,35,29","50,37,31","52,39,33","52,39,33","51,40,36","51,40,36","49,38,36","52,41,39","56,46,44","56,46,44","44,34,33","37,28,26","43,35,33","57,49,49","74,67,69","88,82,84","92,86,87","93,85,87","106,100,102","133,127,129","151,147,148","137,135,137","104,104,107","85,87,91","87,91,96","101,105,111","97,102,108","100,109,114","102,111,116","98,106,109","107,110,114","107,103,109","122,110,116","128,114,120","107,93,98","111,101,105","94,90,93","100,102,104","83,89,93","89,97,102","97,104,112","101,106,116","98,103,114","86,94,103","82,91,101","105,113,124","115,125,135","66,77,87","115,125,135","161,171,180","119,128,137","90,97,106","92,98,105","78,80,86","95,95,98","119,118,119","113,109,109","113,111,109","144,148,146","139,148,145","97,107,106","83,93,92","123,133,132","143,155,153","140,150,149","141,151,149","143,151,148","165,170,167","179,182,177","179,179,174","177,175,169","180,175,169","185,179,171","187,179,169","184,176,165","186,178,168","193,190,181","193,193,185","184,188,182","177,184,180","162,172,169","126,139,138","128,143,143","120,137,138","82,100,102","79,99,100","80,100,103","79,99,104","73,94,103","61,83,95","67,87,99","71,89,99","84,101,110","109,124,130","98,110,115","93,103,104","91,99,97","93,99,94","96,100,93","98,101,91","97,98,86","91,91,79","87,85,73","92,87,73","98,93,77","90,61,65","88,60,64","91,65,68","95,74,73","94,77,74","92,79,72","97,86,78","109,100,89","122,111,100","153,139,127","166,149,136","173,151,139","158,132,120","148,119,109","151,117,107","162,124,110","165,126,111","164,127,109","162,125,107","165,128,109","169,134,113","171,137,115","169,138,116","169,139,118","172,143,122","177,149,130","181,154,137","184,157,142","186,158,146","185,159,146","185,161,147","177,155,142","180,163,151","173,160,150","156,148,139","149,145,138","137,138,134","105,109,108","89,93,96","100,106,109","97,104,107","89,94,100","98,102,108","93,96,103","99,107,109","164,176,176","132,140,139","129,128,127","150,140,141","150,133,136","161,141,143","172,152,153","147,130,130","112,99,98","122,116,113","112,108,105","101,98,99","119,115,117","115,109,113","134,126,129","129,121,122","132,124,125","123,115,115","127,120,119","137,130,128","136,128,126","145,137,135","142,133,131","128,119,116","126,115,112","145,134,132","163,152,149","149,138,135","115,104,101","90,78,76","76,64,62","67,54,52","57,42,41","50,33,33","49,30,29","52,32,31","57,36,35","59,35,35","57,35,33","56,34,31","56,37,33","55,37,32","51,33,27","43,26,21","38,21,14","36,19,11","38,21,13","40,23,15","41,24,16","40,23,15","37,20,13","36,19,12","38,20,16","40,22,18","41,23,19","38,20,16","33,15,13","29,11,9","26,9,7","24,9,7","23,7,7","25,9,9","26,10,10","28,12,12","30,14,14","31,15,15","31,15,15","34,18,18","32,16,16","29,13,13","29,13,13","29,13,13","30,14,14","28,12,11","28,13,10","30,17,12","32,19,13","33,20,14","34,21,15","33,20,14","31,18,12","29,16,10","28,15,9","30,17,11","33,20,14","37,24,18","40,27,21","42,29,23","43,30,24","48,32,28","51,33,31","50,32,30","49,31,29","49,31,29","47,32,29","47,32,29","47,32,29","46,32,29","46,32,29","47,33,30","47,34,31","46,35,31","46,35,31","47,36,32","48,35,30","49,34,28","49,34,27","50,35,28","50,37,30","52,39,33","53,40,34","54,41,35","53,42,38","57,46,42","64,53,51","62,51,49","48,38,36","35,25,23","34,25,23","41,32,32","47,37,38","51,42,42","56,47,46","74,64,64","108,98,99","149,140,141","172,166,165","167,163,162","134,133,134","96,96,99","93,95,99","112,117,122","102,109,114","108,116,122","102,112,117","92,101,105","103,106,111","107,103,109","118,107,114","123,108,115","110,96,103","116,105,111","119,114,118","111,112,116","92,97,101","97,104,110","108,114,123","100,104,115","104,107,119","96,102,112","66,74,83","132,139,148","123,131,140","66,75,84","105,114,123","176,185,194","110,118,127","101,108,117","116,122,129","83,85,91","91,92,95","111,111,113","117,114,113","125,123,122","150,152,151","128,135,135","89,97,96","93,102,101","134,144,143","150,160,158","139,150,146","134,144,141","140,148,145","166,172,169","184,187,183","185,185,180","180,179,175","181,178,174","185,180,176","189,181,173","184,176,165","184,177,167","192,188,179","189,187,179","176,177,171","177,182,176","177,183,179","142,152,151","118,130,131","121,136,136","107,124,125","88,106,108","75,94,98","92,113,118","76,96,106","63,82,96","54,72,84","72,90,100","79,95,105","102,117,123","90,103,105","96,107,107","97,106,103","99,105,99","106,110,102","115,118,106","122,123,108","119,120,106","116,114,99","121,115,99","125,118,100","113,80,84","106,76,77","104,74,75","105,77,77","106,81,79","108,85,82","114,93,88","119,98,92","123,102,95","146,125,117","156,134,125","159,135,126","157,130,121","139,112,101","157,125,115","159,122,108","162,123,108","162,125,107","163,126,108","167,130,111","171,135,115","168,134,112","163,131,110","162,131,110","166,135,115","171,142,123","179,150,133","183,154,140","184,156,144","184,157,144","186,160,145","177,154,138","175,157,144","179,165,154","164,156,147","154,150,144","145,146,142","123,127,125","86,92,93","90,97,100","93,101,104","72,77,83","109,114,120","128,132,138","100,105,109","140,150,150","155,162,161","132,130,130","131,119,121","168,149,152","191,170,172","195,173,175","172,154,155","125,113,111","107,101,98","99,98,94","97,96,96","113,112,113","114,111,114","117,115,118","126,123,124","131,128,127","127,123,123","126,122,121","127,122,120","127,121,119","137,129,126","129,120,117","140,131,126","158,148,142","163,152,146","156,143,136","131,118,111","90,77,69","59,46,40","54,41,37","54,39,36","53,37,35","53,35,33","54,35,31","55,35,32","56,34,32","55,32,29","54,30,26","53,29,25","51,31,25","50,30,24","46,27,20","41,22,15","39,21,14","40,23,15","40,23,15","40,23,15","39,22,14","39,22,14","40,23,16","41,24,17","39,21,17","41,23,19","43,25,21","38,20,17","32,14,12","27,9,7","25,7,5","27,10,9","28,12,12","28,12,12","27,11,11","27,11,11","28,12,12","29,13,13","31,15,15","36,20,20","33,17,17","30,14,14","30,14,14","31,15,15","30,14,14","27,11,10","30,15,11","36,23,17","35,22,16","34,21,14","33,20,13","32,19,12","31,18,11","30,17,11","31,18,11","33,20,13","36,23,17","40,27,20","42,29,23","43,30,23","43,30,24","46,30,26","48,29,27","47,28,26","45,27,25","43,25,23","44,26,24","43,28,25","44,29,26","48,33,30","48,34,31","49,35,32","49,36,33","48,36,32","48,36,32","48,35,31","49,35,29","49,34,28","49,34,27","48,33,26","49,35,28","50,36,30","52,39,33","53,40,34","57,45,42","58,46,43","58,47,45","56,45,42","45,34,32","36,26,24","36,26,24","39,29,28","42,31,30","43,32,31","44,34,31","55,44,41","82,71,68","121,110,108","149,140,137","164,158,155","147,143,142","119,118,118","96,98,101","101,107,110","99,107,111","98,106,113","97,107,112","95,105,110","104,107,112","110,106,113","116,106,114","120,105,113","119,106,113","121,111,117","122,118,123","103,104,109","98,102,107","102,107,114","96,101,111","88,90,103","118,120,132","110,113,122","77,80,87","140,144,150","136,141,148","83,90,97","130,138,147","198,206,215","93,102,110","108,115,122","120,126,132","76,79,85","83,85,90","106,106,109","121,120,122","137,135,136","148,148,149","114,119,120","88,93,94","108,115,115","140,148,147","149,158,156","139,150,146","131,140,137","143,152,148","170,176,173","188,192,188","187,189,186","181,181,178","180,179,177","182,181,177","183,178,170","185,179,168","188,182,171","188,183,173","182,180,171","179,180,172","183,186,180","185,189,184","162,168,166","131,140,140","131,143,144","126,139,141","99,115,117","80,97,101","102,120,126","84,102,114","73,92,106","53,71,85","86,104,114","90,104,115","103,117,124","97,107,110","120,129,130","131,139,136","126,132,125","125,130,120","134,135,123","143,144,129","147,147,132","148,146,129","143,137,119","142,132,115","122,87,90","115,82,83","112,78,80","110,77,77","110,77,77","110,77,76","111,78,77","120,89,86","132,101,98","142,112,107","148,120,113","138,110,104","148,121,114","139,113,104","159,130,119","158,121,107","161,122,107","161,124,106","163,126,107","168,131,112","170,133,113","166,132,110","164,131,110","164,132,111","165,134,113","169,139,120","176,147,130","182,153,139","186,156,145","186,157,145","191,164,148","185,160,144","174,154,140","181,166,154","168,159,150","158,154,148","154,155,151","130,135,132","82,90,90","91,99,101","96,104,107","59,65,70","111,116,122","156,159,166","114,120,124","122,130,131","173,178,177","178,174,175","149,136,138","172,152,155","204,181,184","201,179,181","175,157,157","134,123,121","96,91,88","95,94,90","107,108,107","116,118,118","119,119,121","109,110,112","136,136,138","134,134,135","127,126,127","121,120,119","120,117,115","123,120,116","131,125,121","131,122,117","137,128,120","148,137,128","150,136,128","133,118,109","102,87,76","72,57,45","53,39,29","49,35,29","50,37,31","53,37,32","55,37,32","56,36,31","55,34,30","55,32,28","54,30,25","52,28,22","48,25,18","45,23,16","44,22,15","41,22,13","40,21,13","40,22,14","41,24,16","39,22,14","36,19,11","35,18,10","38,21,13","42,25,17","45,28,21","40,22,17","40,22,18","40,22,18","36,18,15","31,13,11","28,10,8","27,9,7","29,12,11","31,15,15","29,13,13","26,10,10","25,9,9","26,10,10","27,11,11","30,14,14","31,15,15","30,14,14","30,14,14","33,17,17","35,19,19","34,18,18","32,16,15","34,19,15","38,25,18","35,22,14","31,18,10","29,16,8","29,16,8","30,17,9","32,19,11","37,24,16","39,26,18","40,27,19","41,28,20","42,29,21","42,29,21","41,28,21","42,26,22","44,24,23","43,24,23","42,24,22","42,24,22","44,26,24","43,28,25","44,29,26","48,33,30","47,32,29","47,33,30","46,32,29","45,31,28","44,30,27","44,30,26","46,32,26","48,33,27","48,33,26","47,32,25","48,33,26","49,34,27","50,37,31","51,38,32","53,39,36","54,41,38","55,44,40","54,43,40","50,39,37","45,34,32","42,32,30","39,29,27","39,28,26","44,32,29","44,32,28","43,30,26","51,40,34","79,67,61","106,94,89","133,125,120","135,130,125","131,129,127","99,101,101","90,95,97","101,107,111","95,104,108","97,107,112","101,111,116","104,108,113","114,111,117","118,108,115","119,106,115","129,116,123","125,115,121","130,126,132","112,112,117","108,112,118","126,130,137","86,90,101","95,97,110","142,142,154","115,115,122","101,102,106","137,138,141","136,138,142","81,85,91","136,142,149","197,203,210","95,102,110","116,122,130","115,120,126","77,80,86","91,93,98","114,114,118","128,128,130","141,140,141","138,138,140","102,103,107","92,94,97","121,126,126","138,143,142","145,153,150","141,150,147","130,139,136","149,158,153","171,179,174","184,190,186","182,186,183","177,179,177","176,177,176","177,178,175","177,174,166","187,183,171","192,188,176","184,180,169","179,177,168","185,185,176","188,189,182","182,184,179","168,173,169","149,156,155","137,148,148","128,140,142","111,124,127","95,110,115","104,120,127","92,109,122","82,101,115","55,73,87","93,110,121","99,113,124","102,115,122","111,121,124","144,153,153","150,159,154","143,149,141","138,143,131","140,142,128","143,144,129","144,143,127","142,139,122","137,129,111","133,122,104","118,83,83","117,81,82","118,80,81","118,80,81","118,79,80","116,76,77","112,72,73","120,81,81","134,96,95","138,102,101","141,109,106","131,102,96","142,116,109","152,129,120","151,124,113","157,122,108","163,125,109","163,126,108","163,126,108","166,129,110","168,132,112","167,132,110","168,135,114","170,138,117","168,137,117","173,142,123","180,149,133","185,155,141","186,156,145","186,157,143","195,167,151","193,168,151","172,151,137","176,160,148","168,157,148","163,159,152","165,166,162","131,136,133","91,99,98","102,110,112","103,111,114","65,70,76","92,97,103","136,139,146","136,140,144","144,150,152","166,168,169","186,180,181","162,147,149","168,146,150","192,167,170","184,161,163","171,153,153","149,138,136","117,112,109","101,102,97","108,111,110","118,123,122","119,122,123","121,126,126","143,146,148","127,130,131","116,119,119","115,116,114","119,119,116","124,122,118","123,118,113","114,106,98","100,90,81","92,80,69","95,81,69","90,73,60","70,54,39","57,41,26","53,37,24","47,34,26","47,33,27","48,32,25","50,31,24","51,31,25","53,31,25","55,31,25","56,31,25","54,29,22","49,25,18","45,22,13","42,20,10","39,19,9","39,20,9","38,20,10","35,18,10","36,19,11","36,19,11","38,21,13","40,23,15","42,25,18","44,27,20","40,22,17","37,19,15","35,17,13","33,15,11","31,13,11","31,13,11","30,12,10","31,13,12","30,14,14","29,13,13","29,13,13","30,14,14","30,14,14","30,14,14","30,14,14","26,10,10","29,13,13","34,18,18","38,22,22","39,23,23","37,21,21","36,20,19","35,20,16","35,22,15","32,19,11","30,17,9","29,16,8","32,19,11","34,21,13","37,24,16","42,29,21","43,30,22","41,28,20","41,28,20","39,26,18","38,25,17","38,25,17","39,23,18","41,21,20","42,22,21","43,23,22","44,26,24","46,28,26","45,28,26","46,29,26","44,29,26","43,28,25","41,27,24","40,26,23","40,26,23","40,26,23","40,26,22","43,29,23","46,31,24","48,31,24","48,31,24","47,32,25","47,32,25","46,33,27","47,34,28","44,31,26","48,35,30","51,40,36","54,43,40","56,45,41","53,42,39","49,38,36","43,31,28","39,27,23","41,28,23","42,28,22","40,26,19","41,27,19","53,39,32","66,54,47","75,66,58","84,77,72","89,85,82","69,69,68","66,70,72","77,83,86","78,87,91","83,94,98","87,97,101","90,94,99","108,106,113","117,107,115","122,109,118","140,127,135","128,118,126","137,133,139","110,110,115","115,119,125","138,142,150","89,93,104","121,122,135","150,149,161","113,111,118","123,121,122","139,137,139","137,137,140","94,96,100","150,154,159","197,201,208","143,149,156","139,144,151","114,118,124","90,93,98","104,106,111","119,120,124","129,130,133","143,143,145","132,132,136","96,96,100","100,100,103","133,135,136","137,141,140","147,153,151","146,155,152","132,141,137","157,166,161","171,179,175","178,185,182","176,181,179","173,177,176","174,177,177","176,179,176","176,175,167","186,183,172","192,189,177","184,181,170","181,178,168","184,184,174","183,183,176","177,179,173","170,173,169","150,156,155","136,144,145","135,144,148","121,133,136","103,116,121","107,121,129","83,99,112","71,88,103","47,64,79","86,102,115","98,111,122","85,98,105","109,119,123","150,160,160","160,169,164","159,164,156","158,162,150","159,161,147","158,159,144","156,155,138","152,149,131","151,144,125","146,134,117","107,75,73","107,76,74","111,75,75","115,77,80","121,82,84","124,84,87","123,83,84","122,82,83","126,88,89","132,98,96","136,104,101","137,109,104","142,117,110","171,147,139","141,113,102","158,125,109","165,128,112","166,129,111","164,127,109","165,128,109","168,131,112","168,133,112","172,138,117","173,140,120","171,140,120","175,144,125","183,151,135","186,156,141","184,155,141","181,152,138","192,164,148","195,169,154","168,147,133","170,154,141","167,156,145","170,164,158","177,176,172","146,149,146","107,112,112","93,98,100","95,100,104","104,108,113","110,114,119","116,117,125","138,140,144","143,148,149","161,162,162","174,167,169","173,159,162","180,159,163","174,150,153","171,148,151","168,148,150","152,139,138","137,132,129","98,97,94","92,94,92","114,119,118","118,122,122","150,155,155","152,156,157","123,126,127","110,112,112","112,113,111","117,116,113","112,109,105","92,87,82","72,64,57","63,53,45","54,41,31","43,29,19","46,30,16","52,35,21","51,33,19","47,30,18","47,33,24","47,32,25","49,32,24","51,33,26","53,33,26","54,32,25","56,32,25","58,34,26","57,34,26","55,30,22","49,27,16","44,22,11","40,20,8","39,20,7","36,17,6","32,12,4","36,18,11","43,25,17","47,29,22","48,29,22","45,27,20","42,24,18","40,21,17","35,17,13","30,12,8","29,11,8","32,14,12","33,15,13","33,15,13","30,12,11","25,10,8","29,13,12","34,18,17","36,20,20","36,20,19","33,17,17","31,15,14","27,12,11","34,18,16","40,24,24","42,27,25","40,24,23","36,20,18","33,17,16","32,17,12","32,18,10","32,19,11","34,20,13","37,23,16","40,27,19","43,30,22","46,33,25","43,30,22","42,29,21","40,27,19","38,25,17","36,23,15","36,23,15","36,23,15","37,21,16","39,20,18","41,21,20","43,24,22","44,26,24","43,27,25","45,27,25","42,27,24","41,26,23","40,25,22","38,24,21","37,24,20","38,25,22","40,26,23","42,28,25","43,28,24","45,29,22","47,30,24","48,30,24","47,32,26","46,31,26","44,31,25","44,31,25","41,28,22","43,30,24","43,32,28","47,36,32","52,41,37","54,43,40","53,42,39","53,41,37","48,34,27","40,25,19","40,26,18","45,30,22","46,30,22","44,30,21","46,33,24","53,41,33","55,45,39","45,38,34","38,35,33","47,47,47","41,44,45","51,55,58","66,72,75","69,75,79","76,78,83","105,102,108","121,112,120","132,120,127","154,143,151","138,129,135","139,134,140","90,88,94","124,126,132","130,131,138","107,107,117","150,148,159","143,140,149","103,98,103","112,107,106","125,120,121","122,120,122","109,108,113","161,161,166","186,187,193","185,187,194","170,172,179","121,122,129","102,103,108","107,109,114","114,114,119","125,125,128","147,146,149","137,134,137","100,97,99","111,108,110","144,143,144","143,144,144","157,160,159","158,163,162","138,145,143","168,174,172","175,182,180","177,184,182","175,180,179","176,180,179","180,183,183","183,184,182","182,181,174","184,181,171","188,184,175","189,185,175","185,181,170","179,176,166","176,173,165","172,173,164","172,174,169","164,168,165","134,141,142","129,137,140","132,144,148","117,133,139","97,113,122","71,87,101","66,83,98","55,73,87","98,115,128","112,128,139","83,98,104","110,123,125","152,163,162","161,171,166","162,168,160","162,166,155","161,164,151","161,162,147","160,160,143","161,159,139","165,159,140","159,149,132","94,77,72","107,87,84","110,87,84","108,80,81","114,84,86","122,91,93","115,85,87","112,84,84","113,90,88","114,93,89","117,97,90","129,108,100","148,126,116","168,144,135","169,141,129","151,118,102","162,126,108","168,131,113","165,128,110","162,123,106","164,126,108","171,134,116","173,137,119","175,141,122","180,149,129","184,153,133","182,152,134","180,153,134","181,156,137","183,157,140","183,160,145","187,164,150","185,164,151","174,158,147","165,151,143","167,156,150","166,160,156","160,155,154","116,114,114","93,93,94","105,105,110","118,119,123","116,117,121","111,111,116","140,141,144","164,166,165","182,183,180","178,174,174","171,161,163","176,162,165","174,156,160","165,146,149","146,127,130","138,122,125","139,127,128","108,99,100","85,81,81","128,128,126","124,125,124","148,149,149","145,145,145","117,116,115","117,116,114","118,116,113","103,99,96","81,76,72","57,50,47","53,44,40","50,40,36","45,32,26","40,27,21","39,24,17","39,24,16","42,25,17","45,28,20","49,32,25","49,32,25","48,31,24","49,31,24","55,37,29","62,42,35","64,44,37","57,36,28","51,31,22","51,28,20","51,28,20","48,26,15","43,21,10","41,19,8","39,16,7","37,12,5","47,23,16","55,30,23","54,31,24","49,27,21","45,24,17","42,22,15","40,20,15","37,18,13","36,16,13","36,17,13","37,19,15","38,20,16","36,18,14","34,17,13","34,20,14","35,21,17","36,22,18","34,20,16","32,18,13","30,16,13","30,17,12","35,21,18","38,25,19","41,27,24","42,28,23","39,26,22","36,23,18","34,20,16","37,22,16","41,27,19","39,24,15","39,24,16","45,29,21","48,34,25","49,35,26","47,33,24","44,31,22","40,27,18","36,23,14","35,22,13","36,25,16","37,27,17","38,27,18","40,26,20","43,28,24","46,29,27","46,30,28","46,30,27","44,29,26","42,27,24","39,25,22","38,24,21","36,25,21","35,24,20","33,24,19","34,24,19","35,25,20","36,25,21","38,25,21","40,25,20","43,28,24","46,31,27","47,32,28","45,30,27","40,26,22","37,23,20","37,26,21","41,30,26","42,31,27","41,31,27","45,36,31","50,41,36","51,41,36","51,39,32","55,39,31","53,36,26","40,24,14","33,16,6","38,21,11","44,29,20","44,30,21","50,36,28","54,41,33","51,40,34","46,36,31","44,36,31","42,35,30","43,38,35","43,40,39","55,50,53","62,58,61","100,94,98","140,132,136","136,127,131","144,135,141","153,145,148","153,146,151","110,104,108","143,137,141","144,138,142","120,112,119","158,148,156","166,157,163","125,116,118","123,117,116","144,139,139","128,124,126","139,134,140","119,114,121","134,129,136","183,179,187","127,123,133","98,95,104","121,118,126","121,119,125","97,96,101","120,120,123","124,122,124","120,112,112","121,111,109","126,116,115","139,132,130","153,147,147","163,160,161","157,157,159","151,152,154","167,168,170","179,181,182","181,184,184","180,180,180","183,183,182","186,185,183","181,178,177","181,177,175","185,178,176","187,179,177","185,178,172","179,172,162","175,168,157","174,166,155","175,170,158","174,173,163","171,175,167","159,168,163","122,136,135","121,140,143","110,132,137","80,101,111","74,90,104","86,102,117","71,89,103","97,119,130","118,143,149","85,109,112","101,123,124","144,162,160","159,170,167","166,173,167","170,174,166","163,166,155","156,159,146","156,160,145","151,155,137","163,161,146","160,158,141","114,106,98","118,108,102","117,102,99","117,98,96","123,99,101","120,96,98","101,79,80","100,81,80","108,93,89","106,95,89","115,103,95","138,123,113","162,143,132","169,146,134","163,133,121","152,119,101","160,125,106","165,128,110","162,125,107","159,120,103","163,124,107","171,133,115","176,139,121","177,143,124","179,146,127","181,152,131","183,155,134","183,158,136","182,157,135","180,158,138","179,157,143","182,160,148","185,166,153","177,160,149","169,154,146","173,161,154","174,163,159","174,165,162","138,132,130","102,98,98","95,93,95","112,112,114","122,122,126","117,116,120","142,142,143","168,170,168","170,171,168","160,158,156","158,152,152","168,157,159","166,151,154","155,138,141","151,133,137","147,131,134","145,130,133","115,103,105","89,81,81","125,122,121","136,135,133","163,163,161","141,139,137","116,112,110","105,100,98","88,83,80","62,57,54","50,43,40","46,38,35","51,42,39","49,39,37","46,32,29","42,28,25","39,25,21","34,20,17","36,21,17","40,25,19","48,31,24","52,35,28","52,34,28","50,33,25","54,37,29","61,43,36","65,46,39","60,40,31","55,35,26","52,32,22","52,31,22","49,27,16","42,20,9","41,19,8","43,19,9","46,19,12","54,27,20","58,31,24","56,30,24","51,26,21","47,23,18","47,24,18","45,24,19","43,22,17","42,21,18","41,22,17","42,23,19","41,23,19","39,20,16","36,19,14","33,19,14","34,21,15","35,21,16","34,20,14","32,19,13","32,19,13","34,20,14","45,32,26","46,32,26","43,29,24","39,26,20","37,24,18","37,24,18","39,24,18","42,26,19","46,29,21","46,29,21","48,31,23","51,34,26","52,35,27","48,32,24","43,29,20","38,24,15","38,25,16","38,25,16","37,24,15","36,24,14","37,26,17","41,29,20","45,31,25","48,33,29","47,32,29","46,31,28","44,30,27","41,27,24","39,25,22","38,24,21","34,23,19","34,23,19","33,23,19","32,23,18","33,24,19","33,24,19","35,25,20","37,24,20","39,24,21","42,27,24","43,28,25","43,28,25","42,27,24","39,25,22","37,23,20","39,28,24","42,31,27","43,32,28","41,31,27","44,35,30","47,38,33","47,37,32","47,34,26","54,38,29","58,41,32","45,28,18","29,12,3","30,13,4","41,24,16","48,32,23","55,41,32","56,42,33","56,41,34","56,43,35","58,45,37","54,41,33","44,33,26","29,19,16","35,25,25","44,34,37","79,70,70","121,112,115","126,119,121","136,129,131","138,131,133","112,104,107","107,99,102","150,142,145","159,151,154","135,125,130","150,139,143","146,136,140","143,136,137","154,150,149","174,168,169","146,141,145","133,126,133","126,119,126","153,147,155","178,171,180","112,105,116","101,96,106","126,121,130","124,121,129","109,107,113","122,121,126","124,121,124","109,100,99","116,103,98","133,119,118","146,136,134","160,151,152","165,159,159","162,158,162","158,157,159","169,169,171","185,185,187","189,189,190","183,182,183","182,180,179","178,176,173","169,166,164","171,165,167","174,166,169","175,166,167","175,165,163","173,163,155","175,165,154","178,169,156","179,173,157","177,175,160","175,179,167","175,184,175","139,154,150","95,116,117","129,154,158","104,129,137","92,109,122","89,102,118","71,90,101","90,115,122","96,124,130","76,104,106","89,114,114","145,164,162","162,175,171","169,177,172","171,175,169","158,161,152","145,150,139","144,150,136","139,145,130","151,154,139","148,150,135","135,130,121","138,131,123","139,127,121","136,119,115","128,107,106","113,93,93","98,78,79","95,80,78","99,88,82","100,89,83","111,102,93","142,129,119","172,155,143","169,148,136","149,121,109","154,121,103","161,126,107","164,127,109","163,125,108","162,123,106","167,128,111","174,136,118","178,141,123","175,140,122","172,139,120","173,144,124","180,152,131","183,158,136","180,155,133","175,153,133","185,164,148","186,165,151","187,168,155","179,161,149","171,155,145","174,160,152","173,161,156","167,158,153","152,145,142","119,115,113","89,87,86","98,97,97","113,113,115","119,120,121","142,143,144","141,144,141","137,140,137","138,137,135","152,148,147","164,155,156","152,141,143","138,122,125","147,132,135","148,132,135","143,131,133","123,114,115","100,94,94","115,114,112","127,127,125","154,154,152","134,132,128","99,95,92","72,67,64","53,48,45","41,36,33","45,38,35","54,44,42","51,40,38","45,34,31","43,30,27","42,28,25","40,25,20","36,21,16","37,22,17","42,27,21","50,33,26","58,40,34","61,42,36","59,40,34","62,43,36","67,48,41","70,50,43","64,44,35","58,38,29","56,34,24","55,33,22","50,28,17","44,22,11","42,20,9","47,22,13","54,27,20","57,30,23","59,32,25","56,30,24","51,26,21","50,26,20","51,27,22","53,29,24","51,28,23","48,26,21","45,26,20","46,26,23","45,26,22","42,23,19","38,21,17","36,20,16","38,22,17","39,23,18","38,22,17","38,22,17","39,23,18","41,25,21","49,34,29","47,32,27","44,28,23","40,25,20","41,25,20","43,28,23","46,30,25","47,31,24","49,30,23","52,33,26","53,34,27","52,35,27","49,32,24","45,28,20","41,25,17","37,22,14","40,26,17","43,29,20","43,29,20","42,28,19","44,31,22","48,35,26","51,37,30","50,35,31","48,33,30","44,29,26","40,26,23","37,23,20","36,22,19","35,21,18","32,21,17","32,21,17","32,21,17","32,22,17","32,23,18","33,24,19","34,25,20","37,25,21","40,25,22","39,24,21","39,24,21","39,24,21","40,25,22","39,25,22","40,26,23","42,31,27","44,33,29","44,33,29","42,32,27","43,34,29","44,35,30","44,34,28","42,29,22","50,34,27","58,41,34","48,31,23","31,16,7","26,12,3","35,21,12","43,29,20","47,33,24","65,51,42","78,64,55","74,61,52","65,52,43","55,42,33","44,31,23","33,21,16","32,20,19","33,21,21","57,46,45","98,88,88","118,109,109","122,113,113","113,105,106","102,96,97","115,110,112","141,135,139","144,139,143","138,133,137","154,149,153","162,158,160","163,160,161","154,153,152","155,153,154","139,135,139","121,117,123","125,121,128","160,155,165","178,173,183","131,127,138","120,118,128","121,118,127","110,108,116","109,108,114","111,110,116","119,116,120","112,103,102","120,107,102","137,125,123","148,138,136","154,145,146","157,151,152","158,154,158","158,157,159","171,171,173","186,186,188","187,187,188","176,175,176","171,169,169","167,166,162","159,157,155","167,162,165","170,164,168","170,161,163","170,161,158","171,161,154","176,166,156","181,171,158","181,175,159","176,173,157","176,177,164","180,186,176","152,163,157","86,102,100","104,125,128","127,149,155","126,141,153","96,109,125","80,99,110","93,117,124","80,107,113","82,110,112","97,122,123","159,178,178","161,173,172","170,177,174","172,175,171","157,160,153","146,151,141","148,154,142","145,151,138","146,150,137","143,145,132","116,114,104","123,120,109","136,127,119","141,127,122","133,114,112","122,103,103","123,105,105","128,116,114","131,123,116","129,122,114","132,126,115","155,145,135","182,167,157","175,156,145","149,124,111","151,120,101","159,124,105","165,128,110","167,129,112","169,130,113","172,133,116","176,138,121","180,143,125","176,141,123","171,138,119","172,142,122","180,152,131","185,159,137","181,156,134","174,152,131","184,163,145","184,163,147","184,165,150","178,160,145","172,155,143","176,162,151","175,163,154","173,164,157","173,165,159","136,131,127","92,90,87","100,99,97","115,115,114","115,116,116","122,125,123","118,124,120","117,122,118","127,128,125","149,147,145","159,152,153","145,135,137","135,122,124","149,135,138","144,131,134","136,126,127","119,111,112","105,100,99","103,102,100","107,107,105","120,119,117","98,95,92","70,65,62","48,43,40","46,40,37","51,44,41","53,44,41","50,40,38","45,34,32","41,30,26","41,27,24","41,27,23","40,24,20","38,22,17","41,25,20","46,30,24","51,34,27","62,44,37","69,50,44","71,52,46","74,55,48","76,57,49","76,56,48","65,44,35","58,36,28","56,33,23","55,33,22","52,29,18","47,24,13","47,23,12","53,28,18","61,34,26","60,33,26","59,32,25","55,29,23","53,28,22","54,29,24","56,31,26","57,33,28","55,31,26","52,28,24","50,27,23","49,27,24","47,27,23","44,24,20","42,24,19","43,25,20","43,27,21","44,27,21","43,25,20","42,25,20","44,27,21","46,29,24","47,30,24","45,30,24","47,29,23","48,31,25","51,33,28","51,34,29","51,33,27","50,32,25","51,32,25","53,33,26","52,32,25","49,29,22","45,27,19","43,25,18","42,25,17","43,26,18","44,29,20","47,32,24","50,36,27","52,38,29","52,39,30","53,39,31","53,38,32","51,35,31","47,31,28","41,26,23","36,22,19","33,19,16","32,18,15","32,18,15","32,20,16","32,20,16","31,20,16","31,21,16","31,21,17","32,23,18","34,24,19","37,25,21","39,24,21","38,23,20","37,22,19","37,22,19","39,24,21","39,25,22","41,27,24","44,33,29","44,33,29","44,33,29","43,32,28","41,32,27","40,31,26","39,30,24","38,25,19","44,29,23","53,37,31","49,33,27","37,22,16","32,17,9","33,19,10","36,21,13","49,35,26","65,51,41","78,64,54","83,69,59","82,68,57","70,57,46","49,36,26","41,26,20","38,23,20","35,19,17","45,31,28","71,58,56","94,84,82","94,84,83","82,74,74","89,83,83","114,110,111","120,118,121","119,118,121","129,129,132","142,143,146","154,155,156","144,145,146","127,127,127","116,115,117","121,119,124","127,125,132","117,115,123","120,118,128","134,132,144","116,114,126","117,115,127","117,115,126","114,114,122","125,124,132","112,112,119","113,111,115","125,116,116","136,124,119","144,133,130","150,139,138","153,144,145","156,152,152","157,152,156","157,156,158","172,172,174","186,187,189","186,186,187","174,174,174","169,169,168","169,168,165","165,164,161","172,168,171","175,168,174","175,166,169","174,166,164","177,166,160","179,169,158","181,172,159","183,176,159","179,174,157","175,173,159","180,182,171","166,172,164","119,129,125","84,98,98","118,134,137","127,140,151","90,103,118","86,104,116","96,118,127","73,100,106","86,114,116","103,127,128","169,187,188","159,171,171","170,176,175","174,177,174","162,165,160","154,159,152","159,165,157","159,165,155","158,161,152","157,158,149","110,111,99","106,104,92","122,116,108","147,135,130","154,138,135","149,133,132","155,140,140","159,149,146","159,154,147","155,151,143","146,143,132","158,150,139","179,168,156","174,157,146","147,124,110","145,113,96","154,118,99","162,125,107","168,130,113","172,133,116","173,134,117","174,137,119","179,142,124","178,144,125","174,141,122","175,146,125","181,153,132","185,159,138","183,158,136","178,156,134","182,161,142","181,160,142","181,162,145","176,157,141","172,155,140","178,162,149","177,164,152","181,171,161","186,178,169","149,144,138","107,104,99","103,102,99","105,105,103","101,104,102","98,101,100","104,111,107","97,104,99","98,101,97","109,110,107","115,111,111","111,103,104","117,107,108","120,110,111","117,107,108","118,109,110","104,97,98","97,93,92","87,86,84","81,81,79","75,74,72","66,62,59","57,52,49","44,38,36","44,37,34","49,40,38","46,36,34","44,34,32","46,34,31","45,31,28","44,29,25","42,27,22","40,22,18","38,20,16","42,24,20","49,31,24","53,34,27","62,43,36","73,54,47","82,63,56","88,68,61","85,65,56","76,54,46","64,41,33","57,35,25","55,31,21","57,33,23","55,31,21","52,28,18","54,30,18","60,35,24","66,39,30","63,36,28","59,32,25","56,29,22","56,30,23","57,32,26","60,35,30","60,35,30","57,33,28","55,30,26","53,29,25","53,29,25","50,28,23","47,26,22","46,26,21","48,28,22","47,29,23","47,27,22","45,26,20","45,26,21","47,28,22","50,31,25","50,30,25","50,32,26","54,34,28","58,39,33","61,40,35","56,37,31","50,30,25","50,30,23","54,34,27","51,31,24","48,28,21","45,25,18","45,25,18","47,27,20","48,30,22","51,32,25","49,32,24","51,34,27","55,39,31","58,43,35","57,42,33","53,37,29","50,33,28","50,32,29","45,29,26","39,24,21","34,19,16","32,17,14","30,16,13","31,17,14","34,20,17","34,20,17","32,21,17","31,20,16","31,20,16","32,21,17","32,22,17","35,23,19","37,22,19","38,23,20","38,23,20","39,24,21","40,25,22","39,25,22","40,26,23","42,31,27","41,30,26","42,31,27","42,32,28","39,30,25","37,28,23","36,27,22","36,23,20","39,25,22","44,29,27","46,31,28","45,30,26","41,26,20","35,20,14","33,18,11","54,40,31","60,46,37","65,51,40","74,60,48","86,72,60","87,73,61","71,57,45","51,35,25","41,23,16","46,28,22","47,30,24","45,30,26","59,47,44","66,56,53","71,61,60","91,86,84","110,108,108","99,100,101","96,99,101","116,121,124","122,129,132","129,136,137","129,133,134","132,134,135","112,112,115","109,111,115","125,127,133","114,116,123","88,89,100","88,89,101","97,98,110","108,109,121","121,121,133","130,130,140","132,132,140","111,111,119","100,99,104","121,114,114","136,125,120","143,132,129","150,141,139","159,152,152","163,159,159","158,155,159","154,154,156","167,168,170","184,185,187","187,188,189","179,180,180","177,177,175","176,175,172","170,169,166","174,170,174","175,169,176","175,168,171","176,168,166","180,170,165","182,172,161","183,174,158","183,174,157","181,174,156","172,166,151","179,177,164","182,184,174","166,171,163","124,132,126","94,105,104","95,104,113","76,87,102","89,105,118","95,116,125","73,99,104","79,105,108","95,117,120","166,183,186","165,177,179","173,179,181","177,180,179","166,168,166","158,162,158","160,166,161","158,163,157","156,159,152","156,157,151","147,151,136","127,129,115","139,135,124","169,159,152","174,162,157","161,149,145","163,151,149","164,156,151","164,161,154","164,163,153","152,152,140","160,156,144","183,173,161","178,163,153","150,129,115","144,114,98","152,117,98","159,122,104","165,128,110","171,132,115","172,133,116","171,133,115","175,138,120","177,143,124","177,144,125","177,148,127","180,152,131","180,155,133","182,157,135","182,160,138","188,167,148","184,165,146","182,164,145","175,157,139","171,153,136","174,158,142","171,158,143","172,160,147","184,173,163","167,160,152","138,134,128","112,111,106","100,101,97","124,127,124","131,136,133","120,129,124","111,119,114","101,106,102","99,102,99","99,97,96","96,92,91","106,100,99","102,95,95","114,107,107","129,122,122","102,96,96","82,78,77","62,61,59","56,56,54","43,42,39","58,52,49","61,54,51","45,37,35","37,27,25","38,28,26","39,28,26","48,36,33","53,39,36","50,35,32","47,31,27","43,26,22","39,20,15","37,18,13","43,25,19","53,33,27","57,38,31","64,44,37","77,56,49","94,72,65","102,80,72","91,69,61","71,47,40","64,40,31","60,36,26","59,32,23","61,34,24","60,34,23","58,32,21","61,35,24","66,39,29","68,39,31","63,35,27","58,31,23","57,30,22","58,31,24","61,34,28","63,37,30","62,35,31","60,33,29","58,31,27","55,31,26","57,30,27","55,30,26","52,27,24","51,27,23","52,29,24","52,31,24","51,30,23","50,29,23","50,30,24","54,32,26","57,36,29","60,39,33","58,38,32","60,37,32","62,42,36","65,43,38","61,41,34","56,33,28","55,33,27","58,36,29","53,30,24","50,27,20","50,28,22","54,32,26","57,35,29","57,37,30","56,36,29","56,38,30","60,40,33","62,44,36","61,43,36","56,40,32","51,33,26","48,30,25","48,30,27","44,27,24","40,23,21","36,20,18","33,18,15","33,18,15","33,18,15","36,22,19","36,22,19","34,21,18","32,20,17","31,20,16","31,20,16","31,21,16","34,21,17","36,21,18","39,24,21","40,25,22","42,27,24","41,26,23","39,25,22","39,25,22","38,27,23","35,24,20","38,27,23","41,31,27","38,29,24","35,26,21","35,25,21","35,24,22","35,22,22","38,24,24","40,29,27","45,31,29","44,30,26","39,25,20","37,23,15","50,37,28","65,52,42","69,55,44","65,51,40","73,59,45","87,73,58","92,78,63","76,58,46","54,34,24","58,38,30","54,35,26","38,20,13","44,28,22","49,37,32","56,47,43","71,66,64","99,99,97","108,111,111","133,140,140","174,184,185","175,187,188","170,182,183","176,183,183","185,189,190","160,163,165","153,157,160","148,153,158","154,158,164","146,149,160","141,144,156","163,166,178","158,162,174","161,163,175","154,156,167","130,130,139","116,116,125","114,110,117","121,113,114","130,120,115","139,128,125","146,138,135","156,150,150","163,160,159","158,156,159","153,154,156","165,166,168","178,179,181","179,180,181","173,174,173","174,174,173","175,175,172","169,169,167","174,171,175","175,170,176","173,167,171","174,166,164","178,169,164","181,171,162","183,173,159","181,172,155","179,170,153","176,168,152","175,169,154","188,185,172","183,183,173","163,165,157","111,115,111","86,91,99","86,95,109","102,117,130","91,110,120","75,100,105","69,94,98","92,114,118","165,182,186","170,181,184","175,181,184","177,180,182","168,169,170","159,163,162","157,163,161","149,155,151","153,158,153","156,161,156","172,178,162","156,159,144","166,165,153","186,181,171","176,167,160","153,143,137","155,147,141","160,155,149","160,160,152","162,164,154","152,153,143","158,155,144","179,172,160","172,159,150","141,121,107","151,121,104","155,120,101","159,122,104","164,126,109","170,131,114","172,133,116","171,133,116","176,139,121","181,146,128","184,151,132","184,155,134","182,154,133","180,155,133","185,160,138","188,167,144","186,165,146","181,163,143","180,162,142","176,158,138","174,156,136","179,162,143","178,162,145","179,165,149","186,175,162","179,171,161","171,167,158","154,150,144","148,148,143","190,193,190","204,210,206","187,196,191","187,196,191","183,188,184","182,185,182","174,175,172","160,159,158","156,153,152","165,159,159","186,180,180","181,175,175","111,105,105","59,55,54","39,37,35","51,50,47","40,36,33","42,36,33","55,46,44","48,38,36","44,34,32","45,34,31","39,27,23","38,24,21","48,34,31","49,34,29","47,30,26","44,26,21","39,20,14","39,20,14","48,28,22","59,38,33","66,45,38","71,49,42","84,61,55","104,81,74","112,89,81","96,72,64","67,43,34","66,41,31","65,41,31","64,37,26","65,37,26","64,37,26","63,35,24","66,39,27","69,41,31","68,39,31","63,35,27","58,31,22","58,31,23","61,33,26","63,35,29","65,38,31","64,36,31","62,34,30","60,32,28","60,32,28","61,31,29","60,32,29","57,31,27","56,31,26","58,33,28","58,33,28","58,33,28","59,35,29","62,37,32","66,41,36","69,44,39","70,45,40","66,41,36","63,38,33","64,40,34","69,44,38","69,45,39","67,42,37","64,39,34","61,36,31","57,30,25","56,30,25","59,34,29","65,41,35","68,43,38","65,42,36","63,40,34","67,47,40","72,51,45","70,50,43","64,44,37","57,38,31","54,33,27","50,32,26","48,29,27","46,28,26","44,25,23","41,24,22","39,23,20","38,22,19","37,22,19","39,25,22","38,24,21","36,22,19","34,20,17","32,20,17","31,20,16","33,20,17","34,19,16","36,21,18","40,25,22","44,29,26","45,30,27","43,28,25","40,25,22","37,23,20","35,24,20","33,22,18","37,26,22","40,30,25","38,29,24","34,25,20","34,25,21","34,24,23","33,22,23","34,22,22","37,25,25","40,28,27","40,29,27","43,29,26","45,32,25","54,41,33","66,53,43","69,55,44","65,51,40","74,60,46","85,72,56","88,73,58","95,76,63","74,53,40","59,39,25","50,30,18","40,20,11","46,27,20","33,19,12","33,22,17","70,63,60","86,85,82","94,97,95","128,136,134","181,193,192","191,206,205","188,202,202","192,202,201","191,197,197","184,189,191","208,215,217","186,193,198","188,196,202","207,214,224","202,209,220","204,210,221","190,195,207","187,191,203","167,169,179","120,120,130","120,120,129","128,124,131","136,127,128","142,131,126","144,134,131","146,138,135","151,145,145","158,157,155","160,160,162","162,163,165","176,177,179","180,181,183","170,171,172","162,163,163","168,168,167","176,177,173","176,176,173","180,179,182","178,176,181","172,167,171","169,163,163","175,167,161","180,171,161","182,173,160","180,170,154","183,172,155","191,182,165","175,167,151","186,179,164","180,175,162","162,157,146","167,165,160","118,120,126","118,125,137","114,126,138","81,100,107","73,96,102","61,84,88","100,120,123","172,187,190","169,179,182","172,178,181","175,177,181","169,170,174","163,166,168","160,165,166","148,156,153","152,158,158","156,160,159","148,157,138","147,152,135","171,172,158","183,180,169","179,171,163","163,154,148","158,150,145","168,166,159","166,167,159","166,168,158","162,164,153","147,146,135","168,163,151","185,175,165","150,132,120","141,111,95","149,114,95","157,120,102","163,125,108","168,129,112","172,133,116","176,138,121","180,143,125","181,147,128","184,151,132","184,155,135","182,154,133","177,151,129","182,157,135","189,168,146","191,170,151","183,165,145","178,160,140","182,163,143","181,161,141","188,170,150","189,172,153","189,174,157","191,178,164","186,177,165","183,175,165","171,167,160","151,152,147","166,168,166","195,201,199","188,197,192","182,191,186","175,180,176","198,201,198","201,202,200","204,204,202","200,199,197","195,191,190","192,188,187","145,139,139","73,67,67","47,41,41","51,45,46","47,42,41","45,38,36","44,36,34","48,38,36","50,39,37","48,37,34","45,32,29","44,29,26","44,30,25","48,31,26","49,31,27","50,31,27","48,29,23","42,21,16","41,20,15","52,29,24","63,39,35","72,48,42","84,59,52","97,72,65","117,92,85","109,84,77","89,63,55","76,49,40","71,44,35","72,45,35","71,43,32","64,36,25","64,36,24","70,42,30","74,45,33","71,43,32","68,40,29","66,38,27","61,33,22","62,34,24","69,40,32","70,41,35","65,36,30","63,34,28","65,36,30","67,38,34","65,35,31","65,35,31","67,37,34","69,39,36","71,42,38","72,43,37","64,36,30","60,32,25","67,39,32","78,51,44","83,55,48","77,49,42","75,47,40","76,48,41","77,49,42","78,50,43","77,50,43","75,47,40","74,46,39","71,43,37","67,38,35","66,37,33","68,40,36","75,47,43","78,52,47","79,52,47","76,50,45","80,55,50","84,60,55","80,57,51","70,47,41","65,42,37","64,42,36","62,40,35","60,39,35","58,38,36","55,35,34","52,33,32","51,33,31","50,32,30","47,31,28","44,29,26","45,30,27","41,26,23","35,21,18","33,19,16","33,19,16","37,23,20","40,26,23","42,28,25","44,29,26","46,31,28","45,30,27","41,26,23","38,23,20","38,24,21","39,25,22","39,28,24","40,29,25","42,31,27","38,28,24","34,25,20","31,22,17","32,22,19","30,20,19","31,21,22","34,24,25","33,23,22","33,23,21","37,27,25","43,32,28","43,32,25","41,28,21","49,35,26","61,47,36","71,57,45","73,59,46","73,58,44","76,59,44","87,69,54","84,63,49","67,45,31","51,30,16","42,22,10","37,19,8","35,18,9","34,21,13","48,39,34","74,70,65","99,101,96","128,136,131","164,176,172","170,185,181","171,185,182","174,185,183","177,184,183","178,184,185","175,184,186","174,183,187","176,186,191","184,193,202","188,198,206","186,195,204","180,189,198","184,190,201","162,164,175","126,126,135","117,117,125","125,121,128","142,133,134","144,134,128","143,134,131","150,142,139","155,149,149","153,152,151","156,156,158","157,158,160","166,168,169","181,185,186","171,175,175","172,175,174","174,176,174","174,175,171","174,175,172","177,175,178","178,176,181","174,170,174","168,162,162","175,168,164","186,179,170","185,178,165","173,166,149","164,155,139","176,167,150","182,173,157","181,173,159","177,168,156","172,164,153","167,161,155","161,160,163","179,184,195","106,118,126","72,90,96","89,110,114","54,77,79","102,122,124","176,191,193","172,180,184","174,178,182","173,173,178","164,164,169","156,159,162","151,155,158","148,156,156","154,160,162","157,163,164","151,160,141","141,147,129","162,163,148","180,177,165","183,175,166","172,163,157","169,162,156","176,173,167","168,169,161","169,171,162","170,173,162","155,156,145","169,166,155","188,179,169","164,146,134","139,109,93","149,113,94","157,120,102","163,125,107","167,128,111","171,132,115","174,136,118","178,141,123","180,146,127","183,150,131","184,155,135","181,153,132","175,149,127","178,153,131","184,163,143","188,170,151","183,165,146","180,162,143","185,166,146","183,162,142","189,167,148","189,168,151","187,170,153","188,173,158","185,173,161","182,174,165","168,164,157","140,141,136","145,148,147","173,179,177","179,186,182","167,174,170","145,151,147","155,159,156","164,166,163","182,182,180","187,186,184","178,175,173","164,159,158","117,110,110","63,56,56","49,41,42","52,43,44","43,34,35","39,30,29","41,30,28","43,31,29","44,32,29","45,32,29","44,30,27","44,28,24","44,28,23","44,27,22","46,28,23","48,29,23","49,29,23","45,24,18","46,24,19","58,34,29","69,44,38","77,51,44","92,66,59","107,81,73","122,96,88","108,83,74","88,62,52","78,51,41","74,47,36","75,47,37","73,44,33","67,38,27","66,37,26","71,41,30","73,42,31","70,41,30","69,41,30","68,40,29","67,39,28","70,41,31","75,46,37","75,46,38","69,40,33","62,32,26","73,42,37","79,47,44","70,38,34","63,31,29","71,38,36","82,48,46","81,49,44","73,42,35","71,41,34","73,42,35","81,51,44","92,62,54","94,63,57","87,56,49","88,56,50","87,57,49","89,57,51","88,58,50","87,56,49","84,54,46","83,52,46","80,49,44","78,47,44","79,50,46","82,53,49","86,57,53","88,60,56","89,60,56","88,60,56","85,57,53","82,55,51","75,49,44","69,45,39","71,45,40","73,49,43","70,46,41","67,44,41","65,44,42","61,41,40","59,39,38","58,38,37","56,38,36","53,35,33","49,32,30","43,28,25","42,27,24","43,28,25","43,29,26","45,31,28","46,32,29","47,33,30","44,30,27","44,29,26","45,30,27","43,28,25","40,25,22","37,22,19","37,23,20","38,24,21","42,31,27","43,32,28","41,30,26","37,27,22","32,23,18","30,21,16","30,21,17","31,22,20","34,27,26","38,31,30","36,26,26","31,22,20","34,25,22","43,32,28","46,36,31","37,25,18","40,26,18","51,37,28","67,53,43","76,62,50","76,61,49","76,59,46","74,56,41","75,55,39","76,55,41","72,52,37","64,44,30","55,35,23","49,30,21","49,32,25","63,50,44","85,76,71","108,105,99","135,138,132","168,176,170","172,184,178","173,186,180","180,189,186","182,189,187","181,190,188","180,190,190","182,192,193","182,193,196","183,195,200","186,197,203","187,196,204","184,192,199","183,188,197","155,157,164","119,119,127","115,111,120","121,115,121","136,128,127","140,131,125","139,131,127","146,141,137","155,151,150","157,156,155","159,159,161","160,161,163","165,169,170","183,187,188","173,177,177","174,177,176","174,177,175","173,175,170","173,173,170","171,169,172","174,172,177","175,170,175","166,161,161","166,160,156","176,169,161","181,173,162","177,170,157","173,165,151","177,168,154","180,171,157","181,171,158","178,168,156","172,162,151","164,156,150","155,152,154","159,162,169","118,129,133","76,93,96","106,127,127","62,83,83","117,136,137","176,190,191","171,179,181","174,177,181","173,173,178","169,169,174","163,166,169","160,165,168","159,168,170","158,164,167","159,166,168","142,151,130","128,136,115","150,152,136","175,172,159","183,176,166","175,167,159","175,169,163","181,178,173","170,170,164","170,172,164","178,180,170","169,170,159","174,171,161","187,178,168","172,154,143","136,106,90","148,112,93","156,119,101","162,124,106","167,128,111","171,132,115","173,135,117","175,138,120","175,140,122","177,144,125","179,150,129","178,150,129","174,148,126","178,153,131","184,163,143","190,171,154","186,168,151","182,163,146","185,165,146","181,158,140","186,163,145","186,165,147","186,167,151","187,170,155","184,170,159","184,174,166","169,165,160","135,136,132","133,134,135","159,163,163","175,181,177","169,175,171","144,150,146","137,142,138","141,142,139","157,156,154","160,158,157","148,144,144","124,118,118","82,73,74","54,44,45","55,46,47","59,48,50","51,38,40","46,33,33","46,33,31","43,29,26","42,28,25","43,28,25","45,30,27","47,30,26","46,28,24","46,27,22","47,28,22","50,30,25","51,30,25","49,26,20","50,27,21","61,36,31","73,47,42","85,58,51","101,74,66","114,87,78","125,98,89","107,80,71","85,57,48","77,48,38","78,50,39","79,49,39","76,46,35","71,41,30","71,39,28","72,40,29","72,40,29","68,38,27","66,37,26","67,39,28","71,43,32","75,46,35","78,48,38","76,46,37","70,40,32","67,36,30","83,50,45","91,58,53","79,45,40","73,39,37","85,50,48","95,60,57","90,56,51","80,47,39","82,50,41","87,55,46","96,63,55","105,73,64","106,73,65","99,66,57","102,69,60","101,69,60","102,68,60","99,67,58","97,65,56","95,63,54","94,61,54","93,60,54","93,61,57","97,65,62","99,67,64","98,67,64","96,66,63","97,67,64","98,69,65","94,65,61","89,60,56","81,53,49","76,49,45","78,51,46","78,52,47","75,49,45","69,46,43","66,45,44","64,44,43","63,43,42","62,42,41","61,42,40","58,39,38","54,36,34","47,32,29","49,34,31","52,37,34","53,39,36","52,38,35","51,37,34","49,35,32","45,31,28","44,29,26","45,30,27","45,30,27","44,29,26","44,29,26","44,30,27","44,30,27","45,34,30","44,33,29","41,30,26","36,26,21","32,23,18","32,23,18","33,24,19","34,27,23","37,31,28","40,35,32","35,29,26","30,22,19","32,24,21","41,32,27","46,36,31","37,25,19","33,20,13","37,22,15","51,36,28","64,50,41","74,58,49","79,62,52","74,58,44","75,57,42","81,63,48","82,63,48","78,56,43","70,49,36","62,41,31","56,36,29","54,36,29","70,57,49","90,82,74","117,115,107","153,155,148","163,169,161","171,180,172","186,192,187","188,194,191","186,194,190","187,196,194","189,199,199","190,201,202","186,200,202","185,198,201","186,197,201","190,199,203","190,194,201","159,159,166","127,124,131","125,118,125","126,116,122","140,130,130","144,135,129","141,133,129","145,140,136","152,148,147","154,153,152","153,154,156","153,156,157","164,168,169","183,187,188","174,178,178","175,179,178","176,180,177","174,177,172","173,173,170","174,172,174","178,176,179","178,174,178","165,161,161","160,155,151","164,159,154","171,166,156","176,169,158","177,169,159","176,168,156","177,168,156","176,167,156","173,163,153","167,157,148","161,153,147","158,155,155","152,156,158","142,151,152","99,115,113","130,149,147","77,99,95","133,151,149","175,189,189","165,173,175","168,172,175","170,170,175","169,169,174","166,170,173","164,171,174","165,174,176","163,171,173","163,171,173","133,141,119","126,131,112","152,152,137","175,171,157","182,173,164","173,164,156","173,166,160","186,182,177","179,178,173","175,177,169","188,189,181","189,188,179","189,185,176","191,179,172","176,157,147","133,103,87","148,112,94","156,119,101","160,122,105","167,128,111","173,134,117","174,137,119","174,137,119","172,137,119","172,139,120","173,144,123","174,146,125","172,147,125","179,154,132","185,164,144","182,163,148","179,160,145","176,157,141","181,160,142","180,157,139","189,166,148","194,171,154","193,171,156","189,171,157","184,170,160","186,176,169","173,168,164","136,136,135","128,130,133","155,159,161","183,189,186","192,197,193","173,178,174","154,157,153","148,149,147","160,159,157","164,161,159","133,128,127","92,83,84","55,45,46","46,36,37","57,44,47","61,47,49","55,40,43","52,36,37","55,41,39","47,33,30","40,26,23","40,25,22","44,28,24","48,30,26","50,31,27","49,29,24","50,30,25","54,33,28","57,34,29","54,30,24","55,30,24","66,39,34","78,51,47","95,67,60","108,79,71","116,88,80","123,95,87","103,75,67","82,53,43","73,44,33","82,53,42","83,53,42","78,48,37","75,44,33","75,43,31","75,43,31","74,41,30","72,40,29","69,40,29","72,44,33","79,51,39","84,55,44","84,54,44","82,51,42","78,46,39","80,46,40","90,56,50","93,59,55","89,52,48","93,56,54","105,68,65","104,67,64","98,61,55","95,60,51","97,62,53","100,66,57","106,71,62","113,79,70","117,82,72","112,78,68","115,80,71","113,80,70","113,77,68","110,75,66","109,73,64","107,73,64","107,72,64","107,73,67","110,76,73","114,79,77","113,80,77","107,74,72","101,69,66","102,70,67","103,73,70","104,74,70","102,73,69","98,69,65","93,65,61","89,60,56","84,56,52","83,54,51","77,53,50","72,50,49","69,48,47","68,47,46","67,46,45","65,45,44","62,43,42","58,40,38","57,40,38","58,41,39","58,43,40","57,43,40","55,41,38","53,38,35","50,35,32","49,34,31","50,35,32","49,34,31","49,34,31","49,34,31","50,35,32","49,35,32","48,34,31","45,34,30","42,31,27","40,29,25","38,27,23","36,27,22","37,28,23","38,30,24","38,32,27","37,33,28","35,31,26","29,25,19","27,20,16","32,24,19","38,29,24","38,29,24","36,25,20","29,17,11","29,14,9","36,20,15","48,31,25","62,45,38","77,60,52","80,65,53","78,64,48","78,62,46","77,59,44","79,60,46","79,57,45","69,45,35","56,32,24","52,32,24","60,42,34","71,57,49","93,84,76","126,122,113","142,143,132","164,167,157","185,188,181","186,191,185","184,191,185","185,194,189","189,199,196","190,202,201","187,201,201","183,197,197","181,191,194","190,197,200","186,189,194","152,152,157","128,123,128","132,124,129","130,118,122","139,129,127","142,133,126","139,131,127","142,136,133","150,146,145","153,153,152","151,153,155","149,153,154","162,166,167","181,186,187","174,180,179","177,181,180","178,183,180","177,180,176","177,177,174","175,173,174","177,173,176","175,170,172","167,163,162","165,160,157","169,166,161","175,171,164","178,172,164","175,169,160","175,167,157","175,168,157","172,165,156","167,158,150","164,154,147","165,157,152","163,160,159","154,157,157","155,164,162","124,139,135","141,160,155","96,116,110","139,157,152","176,190,187","161,170,170","164,168,170","165,166,168","165,166,169","164,168,170","164,171,172","164,174,174","163,172,173","164,173,174","147,155,132","147,151,131","171,171,154","185,181,167","189,181,171","182,173,165","179,171,165","189,184,179","184,183,177","178,179,171","190,191,183","198,196,189","199,193,185","193,180,174","178,158,148","137,107,92","151,116,97","157,120,102","160,122,104","167,128,111","175,136,119","176,138,121","176,139,121","174,140,121","172,139,120","170,141,121","171,143,122","169,144,122","175,150,128","181,160,142","189,171,157","185,166,154","181,160,146","181,158,143","174,151,134","182,158,140","186,162,146","194,171,156","192,173,160","185,170,160","188,178,172","176,171,170","136,136,137","123,126,131","149,154,156","174,179,177","182,186,182","165,167,164","138,139,136","128,129,127","139,139,137","147,144,143","108,103,102","62,53,54","37,27,28","43,29,31","53,37,41","58,40,43","57,39,43","54,37,38","56,41,40","47,33,30","40,25,22","38,22,18","41,23,19","46,27,22","50,31,25","49,28,23","50,29,24","57,35,29","61,38,32","60,35,30","62,36,31","74,46,41","87,60,53","104,75,67","115,86,78","119,90,82","122,93,85","99,70,62","81,52,42","78,48,38","88,58,47","85,55,44","80,48,37","78,46,35","79,47,34","79,47,34","80,46,34","78,46,34","75,46,35","78,50,38","85,57,45","90,61,50","88,58,48","87,55,47","86,53,46","94,59,53","95,60,54","94,58,54","100,62,59","111,73,70","119,80,78","111,72,69","107,69,63","114,78,69","116,79,70","114,77,68","115,78,69","121,84,75","127,90,81","126,90,81","127,91,81","125,89,80","124,87,78","121,85,76","120,83,74","122,86,77","123,86,78","125,88,82","128,91,88","127,92,90","124,89,87","115,81,79","108,74,72","109,75,73","112,78,76","112,81,78","113,82,79","115,84,81","110,81,77","103,74,70","96,67,63","96,67,64","95,69,66","89,66,65","83,62,61","79,58,57","76,55,54","73,53,52","69,50,49","65,47,45","67,49,47","67,49,47","64,49,46","62,47,44","60,45,42","58,43,40","56,41,38","57,42,39","58,43,40","55,40,37","53,38,35","52,37,34","50,35,32","47,33,30","44,30,27","44,33,29","42,31,27","40,29,25","39,29,25","40,31,26","41,32,27","41,33,27","39,33,27","35,31,25","28,25,19","22,19,12","24,19,13","30,24,18","33,26,20","30,21,16","27,16,12","28,16,12","33,18,13","34,18,14","38,20,16","48,30,26","65,48,43","73,59,49","73,61,46","71,58,42","73,55,41","81,62,48","87,64,52","74,47,38","56,30,21","55,31,23","54,31,23","56,36,27","70,55,46","97,88,77","118,113,100","152,150,138","181,181,172","185,188,181","186,190,183","187,196,189","190,201,195","191,203,200","189,201,200","186,198,198","183,193,194","187,194,197","172,174,178","134,132,135","121,114,118","137,126,130","134,122,124","145,134,131","148,140,133","145,138,134","146,142,138","156,152,151","162,162,160","158,160,162","151,156,157","162,167,167","181,187,187","175,181,180","177,182,181","180,184,182","180,183,178","180,181,178","178,176,177","176,171,175","172,168,169","169,165,166","172,168,167","177,173,170","180,176,172","178,174,168","173,168,161","173,167,159","174,169,162","172,166,159","164,157,150","164,155,150","171,163,159","177,174,170","172,174,170","167,174,170","142,156,148","141,159,151","100,121,113","128,147,139","173,187,182","164,173,170","164,168,169","164,165,167","165,166,168","164,169,169","164,172,171","163,173,172","164,174,174","164,174,175","160,168,145","160,164,143","175,173,155","179,173,160","190,181,171","192,183,176","186,178,172","188,183,177","182,180,175","176,176,170","181,182,174","192,189,182","196,189,183","192,179,173","183,162,153","147,117,102","160,124,106","162,125,107","160,122,105","166,127,110","175,136,119","176,138,120","176,139,121","174,139,121","173,140,121","173,144,123","173,145,124","169,144,122","171,146,124","173,153,134","177,158,144","178,159,147","181,159,146","186,163,148","182,158,143","191,165,150","194,171,155","194,172,157","188,169,156","183,167,158","191,181,175","183,178,176","141,140,145","124,127,133","148,153,156","172,176,174","177,180,176","169,169,167","150,149,147","140,139,137","137,136,134","134,130,129","90,85,85","51,42,43","43,32,32","54,39,41","54,36,39","55,35,39","58,37,42","52,34,34","48,32,30","45,30,26","41,26,22","39,23,18","40,22,18","43,24,19","47,28,22","50,30,24","55,32,27","62,37,32","67,42,37","67,39,35","68,40,36","79,51,45","91,63,56","109,80,72","125,96,88","128,99,91","122,93,84","98,68,58","88,58,48","97,67,57","99,67,57","89,57,46","81,47,37","81,47,37","84,50,38","85,51,39","87,53,41","87,56,44","83,54,43","84,55,44","90,60,49","94,64,53","92,61,51","91,59,50","94,61,53","108,73,67","107,72,66","107,71,65","117,79,74","124,85,82","125,86,83","124,84,81","127,88,82","134,95,87","134,96,87","130,92,83","129,91,82","133,96,87","140,102,93","144,106,97","140,101,93","137,100,91","136,97,89","134,96,87","136,98,89","139,101,92","142,104,95","144,107,101","145,107,105","140,104,103","134,99,97","126,91,89","122,87,85","123,89,87","126,92,90","127,93,91","122,91,88","121,90,87","121,90,87","116,85,82","110,79,76","110,79,77","109,82,80","103,81,79","96,75,74","91,70,69","88,67,66","86,66,64","84,64,63","82,63,61","82,64,62","82,64,62","81,63,61","77,60,58","72,57,54","67,52,49","62,47,44","63,48,45","63,48,45","59,44,41","57,42,39","56,41,38","54,39,36","50,36,33","46,33,29","43,32,28","40,29,25","39,28,24","40,29,25","41,32,27","41,32,27","39,31,25","34,29,21","30,28,19","27,25,16","22,19,11","22,18,10","25,21,13","29,22,16","26,17,12","25,14,10","29,17,13","34,19,17","34,18,16","34,16,15","40,23,21","55,39,36","62,50,41","68,58,45","74,61,47","74,59,46","77,58,46","85,61,51","82,56,47","73,45,37","69,40,32","63,37,27","58,36,25","63,44,33","81,65,54","102,89,77","145,137,124","178,175,164","186,187,178","191,196,189","197,204,197","197,206,201","191,203,199","187,199,195","184,195,194","185,194,193","188,195,195","169,170,172","132,128,130","130,122,123","154,141,143","147,132,133","152,141,138","155,148,141","152,144,140","150,147,142","160,156,155","167,167,165","163,164,166","154,159,160","166,172,172","184,190,190","175,181,180","177,182,180","179,183,181","178,183,178","180,183,179","181,180,180","179,175,178","176,171,173","173,170,170","173,172,170","173,171,168","172,171,167","171,170,165","168,166,160","166,163,157","168,165,160","168,164,160","161,156,152","161,154,151","167,161,158","187,184,179","185,187,181","175,182,175","139,153,143","137,155,144","93,112,102","113,130,121","168,182,175","169,177,172","167,172,169","166,168,167","167,169,169","167,172,172","166,174,174","164,174,173","163,173,173","162,172,173","147,153,134","150,153,136","158,155,141","159,152,141","175,165,158","188,179,173","183,176,171","181,179,173","180,181,175","176,178,171","179,179,172","187,184,177","195,186,180","196,183,177","188,167,158","154,121,107","165,129,111","165,128,110","161,123,106","165,126,109","173,134,117","175,136,117","173,135,117","171,135,116","171,138,119","176,147,126","177,149,128","173,148,126","174,149,127","174,150,133","179,156,141","183,161,146","185,163,149","188,167,153","184,163,150","188,167,154","189,168,154","187,166,153","186,165,153","181,162,154","192,177,171","192,183,180","150,147,149","132,133,138","150,153,157","157,161,159","159,165,161","172,175,172","169,169,167","165,164,162","151,149,147","132,127,126","100,93,91","72,61,60","65,52,51","69,53,53","60,42,43","52,33,33","51,32,31","43,25,24","44,26,24","46,30,25","47,30,26","46,28,24","44,25,21","45,25,20","48,27,22","55,31,27","62,36,33","69,41,37","73,44,41","74,44,40","72,42,38","78,48,42","89,59,52","111,80,72","132,101,93","137,106,97","125,92,84","100,67,58","97,64,55","113,80,71","104,72,61","91,57,47","82,47,38","83,48,39","87,52,43","89,55,43","92,57,48","95,61,52","95,64,54","96,66,56","99,67,58","101,68,59","101,67,59","103,70,61","109,75,67","118,83,76","120,84,77","125,87,81","133,93,88","131,92,86","129,89,84","137,97,92","144,104,99","145,107,99","147,108,100","144,104,96","141,101,93","145,106,98","153,112,105","155,115,108","151,110,103","147,108,100","147,106,99","147,107,99","150,109,102","152,113,105","156,115,108","158,118,113","157,117,116","151,112,112","144,105,104","137,99,98","135,98,97","137,101,99","140,104,102","141,107,105","133,98,96","126,92,90","124,93,90","122,90,88","117,85,82","113,82,80","112,82,81","107,81,79","101,76,74","97,72,70","94,71,68","94,72,69","96,74,71","96,76,72","97,76,75","97,77,75","96,77,75","92,74,71","84,66,63","73,57,54","64,48,46","63,47,44","63,47,44","62,46,43","61,46,42","62,47,44","64,49,45","59,45,42","52,41,37","42,31,27","40,30,25","38,28,24","39,30,25","38,31,26","36,29,24","34,26,21","30,25,18","29,26,19","29,26,20","24,21,15","21,17,11","23,18,12","27,20,15","27,19,14","28,19,14","27,16,12","30,17,15","31,17,16","29,14,13","36,21,20","55,39,37","64,50,43","71,57,46","79,65,53","78,63,50","73,54,43","77,55,45","85,62,52","90,64,54","77,49,40","67,41,31","58,33,23","54,32,21","59,40,28","74,55,43","115,100,87","158,147,137","177,173,164","194,193,187","199,203,198","195,203,198","186,197,193","178,191,188","178,190,189","179,190,189","187,194,193","171,173,172","143,138,137","147,137,136","167,151,150","156,139,137","145,134,131","142,135,130","135,130,126","141,138,135","156,156,154","167,168,165","164,168,168","161,166,166","171,177,177","188,193,193","178,183,183","176,180,180","176,178,177","176,178,176","178,179,177","172,171,172","170,169,169","171,169,170","171,171,169","173,172,170","174,173,169","174,173,169","173,172,167","167,164,159","163,159,154","164,160,154","166,160,155","161,154,150","160,151,148","162,156,152","174,173,164","171,174,164","168,176,165","134,146,135","133,147,137","93,107,99","112,126,120","174,184,180","170,178,176","167,172,173","165,168,170","164,167,171","163,169,172","164,171,175","165,175,177","156,165,167","152,162,164","129,133,118","152,153,140","166,163,153","168,162,153","175,166,160","183,176,171","184,180,174","181,181,175","182,184,177","177,181,172","181,183,175","188,185,178","194,186,178","198,184,177","173,151,142","146,113,101","158,120,106","163,126,110","163,125,109","164,125,108","168,130,112","172,134,114","176,138,118","173,137,117","173,140,120","179,150,129","177,148,129","174,149,129","179,153,134","177,152,132","179,151,131","181,157,137","179,158,141","177,159,145","181,166,155","185,170,160","184,169,158","182,164,152","194,174,163","178,159,149","180,162,153","193,180,175","154,145,143","137,133,136","153,155,156","158,164,162","142,150,147","167,171,170","163,164,163","164,162,161","155,151,149","128,121,119","105,94,92","83,70,68","64,50,47","60,45,41","63,48,43","61,44,39","53,36,31","47,30,26","45,27,25","47,29,26","48,30,26","48,29,25","46,26,23","48,24,21","49,25,21","53,26,22","63,35,32","71,41,38","77,46,43","87,53,51","83,49,47","79,44,42","88,54,48","112,77,70","132,97,89","140,105,97","122,87,79","106,71,62","109,73,65","111,76,68","104,69,60","97,61,52","92,55,47","94,57,49","97,60,52","97,60,51","97,61,53","99,63,55","104,69,63","111,76,71","105,69,64","102,66,61","110,73,69","117,81,76","126,89,83","124,86,79","133,94,87","142,102,95","142,101,94","138,98,91","141,100,94","145,104,97","150,108,102","156,115,109","157,114,109","153,111,105","153,110,105","160,118,112","168,124,118","166,124,118","167,123,118","162,119,113","163,120,114","167,124,118","169,126,120","165,124,118","166,122,117","166,124,120","167,124,123","162,119,120","153,110,111","146,104,105","146,106,105","148,107,107","146,107,106","146,108,108","142,106,103","136,100,98","128,94,92","123,89,87","118,84,82","115,81,78","110,78,76","107,76,74","104,74,72","98,70,66","92,65,61","90,64,60","93,67,64","98,73,69","101,77,74","102,80,77","104,82,80","100,81,77","92,72,69","80,61,58","70,51,49","64,46,42","65,47,42","66,48,44","68,50,46","68,52,48","70,55,50","64,50,46","52,41,37","45,35,31","43,34,30","41,32,30","39,31,28","37,30,26","33,27,23","31,25,22","30,25,21","31,26,24","30,25,22","24,19,15","21,16,12","24,19,15","28,20,17","25,17,14","26,17,14","20,11,8","29,20,15","39,29,25","31,20,16","29,17,14","53,40,35","65,51,44","65,48,40","72,54,45","84,66,56","86,67,57","77,57,48","80,59,48","90,69,58","87,64,54","75,52,41","64,40,28","62,39,26","60,37,24","67,44,31","95,74,61","127,110,101","157,145,138","191,184,180","198,197,193","193,198,194","188,199,195","179,193,191","189,204,204","183,196,195","188,196,195","168,170,169","146,141,139","159,146,143","164,147,143","158,140,135","149,138,135","139,134,131","121,119,116","138,139,136","167,170,167","167,172,168","172,177,175","172,178,176","175,181,179","187,192,192","180,184,185","175,177,179","168,168,170","171,170,173","178,178,180","166,166,168","165,166,166","168,169,168","167,167,165","167,168,164","169,168,164","167,165,161","164,161,156","167,162,156","170,165,159","173,166,159","172,164,156","170,162,154","171,162,154","171,165,156","175,176,163","167,173,159","173,181,168","172,181,170","127,136,128","96,104,100","134,142,141","185,192,194","174,179,184","171,177,182","166,172,179","158,164,170","152,158,165","156,163,170","166,173,179","158,165,171","150,159,163","129,133,119","152,153,141","174,171,162","185,180,172","190,181,176","188,181,176","183,180,175","184,185,179","188,192,185","181,187,178","183,187,178","188,186,177","191,183,176","196,181,174","172,148,140","141,108,97","151,114,100","157,120,104","162,124,108","167,128,110","170,132,113","170,132,112","176,139,118","175,140,118","175,141,121","178,149,129","176,147,128","173,148,128","179,153,135","177,152,132","182,155,132","184,158,137","180,159,142","177,159,146","177,164,154","180,167,158","180,167,157","180,164,153","191,172,161","177,157,146","177,158,148","189,174,168","154,144,142","138,132,134","154,155,156","164,171,168","153,161,158","176,181,178","175,176,174","172,170,168","148,143,141","112,103,101","83,72,69","69,56,53","63,48,44","61,46,41","61,45,38","55,39,32","50,35,28","49,33,27","45,27,24","45,27,23","45,26,22","45,25,22","46,25,22","49,26,22","51,26,22","55,27,24","65,36,33","71,41,38","77,46,43","89,55,52","88,54,50","85,50,47","93,58,53","113,75,69","136,98,90","144,106,99","127,89,82","116,78,70","118,80,73","116,78,70","106,68,61","102,64,56","102,64,56","105,67,60","104,66,59","103,65,57","106,68,60","112,73,67","117,79,77","117,79,76","112,73,71","115,76,73","120,82,78","123,85,80","133,94,89","142,102,96","152,110,104","158,116,110","155,113,106","151,109,102","153,111,103","156,112,106","159,115,109","162,119,113","161,117,112","162,117,111","168,123,117","178,133,127","183,138,132","179,135,129","180,134,128","173,129,123","173,128,122","177,133,127","180,135,129","175,131,125","173,127,122","171,126,122","171,125,124","171,125,125","166,121,120","160,115,115","157,114,112","153,110,110","147,106,104","141,101,100","138,99,95","133,95,93","128,91,88","125,89,86","123,87,83","122,85,83","117,82,79","111,78,75","108,76,72","101,71,67","96,66,62","94,65,61","96,67,64","98,72,68","103,77,73","102,78,74","102,78,76","98,75,73","91,69,66","82,61,58","74,54,51","71,53,47","72,55,48","73,55,49","73,55,50","73,57,52","74,59,54","68,54,49","56,45,40","53,43,39","48,39,34","44,35,33","41,33,30","39,32,29","35,29,25","30,25,21","27,22,19","29,24,21","29,23,21","25,20,17","23,18,15","26,21,18","29,21,18","27,19,16","28,19,17","22,13,10","31,22,17","41,32,27","35,25,19","30,20,15","48,36,31","67,51,45","72,53,46","74,55,46","79,61,51","82,62,53","80,60,50","82,62,51","87,67,56","86,64,53","82,59,48","72,49,37","66,43,30","62,38,26","64,40,27","81,59,45","104,85,76","131,117,111","167,157,154","183,181,177","193,197,193","194,204,201","180,194,194","184,199,199","180,192,192","187,195,194","168,169,167","148,142,139","165,152,149","169,151,146","150,131,125","144,133,129","138,135,132","124,123,121","141,143,140","170,173,170","170,175,172","171,177,175","170,176,174","174,180,178","181,186,186","174,178,179","179,180,182","179,179,181","181,179,183","182,181,184","171,171,173","174,175,175","180,181,179","177,177,175","168,169,164","163,163,158","161,158,153","161,158,152","169,164,158","172,166,159","177,170,162","180,172,164","181,172,163","178,169,160","172,166,156","178,181,167","169,177,163","168,176,164","184,191,182","117,124,118","77,83,80","166,172,173","183,188,192","170,176,182","172,178,184","168,175,182","159,166,173","154,161,168","156,163,171","164,171,176","163,170,175","157,165,169","150,154,140","161,162,150","179,176,167","192,186,178","194,186,180","189,182,177","186,183,179","186,187,181","186,190,183","181,186,178","183,187,178","188,186,177","192,184,177","199,184,177","175,153,145","141,108,97","147,111,96","153,116,100","160,123,106","171,132,114","177,139,120","173,136,116","178,142,120","178,143,121","177,143,124","180,151,131","177,149,130","176,151,131","181,157,138","180,155,135","180,154,131","182,156,135","179,159,141","177,161,147","177,163,153","179,166,157","181,168,158","183,166,156","188,169,158","178,158,147","178,160,149","187,172,166","159,148,146","138,133,135","152,152,153","167,173,170","157,164,161","169,173,169","168,169,166","159,157,154","122,116,114","83,74,72","62,50,47","57,43,40","59,44,40","59,44,39","56,39,32","51,34,27","48,33,26","49,33,27","45,27,23","43,24,20","42,23,19","45,25,22","50,29,26","56,33,29","60,35,31","63,36,32","71,42,38","74,44,41","78,47,43","91,58,53","93,59,54","92,56,52","99,62,57","111,72,66","136,97,90","146,107,100","132,93,86","125,86,79","128,89,82","120,81,74","106,67,60","105,66,59","111,72,65","115,76,69","110,71,64","107,68,61","112,73,66","121,81,76","125,86,83","120,81,79","122,82,79","134,93,90","138,98,94","136,96,91","146,104,99","160,117,111","169,125,120","174,130,123","169,125,118","165,121,114","167,122,115","169,123,117","168,122,116","165,119,113","166,119,113","170,123,116","178,131,125","187,140,134","192,145,139","189,143,136","190,142,137","183,136,129","182,134,128","186,140,133","190,141,135","183,136,130","177,129,124","174,126,122","175,128,124","178,129,128","175,127,125","170,123,121","164,118,115","157,112,109","147,104,100","143,101,98","141,100,94","137,95,92","133,91,87","128,88,84","126,87,81","126,86,82","119,82,77","110,75,71","108,74,69","104,71,66","101,69,66","100,69,66","102,71,68","102,74,70","102,73,71","101,74,71","100,73,72","97,71,70","91,67,65","84,61,59","78,57,53","76,57,52","78,60,54","77,60,53","76,59,52","77,61,55","78,62,58","73,59,53","63,51,45","55,43,39","47,37,33","41,31,29","40,31,29","41,33,30","38,30,27","30,24,20","24,19,16","25,20,17","26,21,18","27,22,19","27,22,19","29,24,21","30,22,19","29,21,18","31,21,19","25,15,11","32,23,18","43,33,28","39,28,22","32,21,15","39,27,21","60,44,37","72,54,47","76,57,48","75,57,47","75,55,46","80,60,51","86,66,55","89,69,58","89,67,56","92,70,58","81,59,46","71,48,35","66,42,30","63,40,27","69,47,34","76,57,47","93,79,73","130,120,115","158,155,151","190,192,189","204,213,210","189,200,199","189,202,202","188,199,199","188,196,195","168,168,166","150,143,140","167,154,151","170,151,146","152,133,127","151,141,136","147,144,140","127,127,125","136,138,135","162,164,161","165,170,167","168,174,172","168,174,172","178,184,182","181,186,185","174,178,179","183,185,186","187,187,189","188,187,191","185,184,187","173,173,175","176,177,177","183,183,181","180,180,178","174,175,170","172,172,167","174,171,166","174,171,165","181,176,170","186,180,174","186,179,171","179,171,163","173,164,155","173,164,155","175,170,159","183,185,173","170,177,165","177,184,175","185,191,185","113,119,115","110,115,115","166,171,174","170,176,180","167,175,180","170,177,183","168,175,181","162,169,175","160,167,172","159,167,171","158,166,169","164,170,174","160,166,169","157,161,147","156,157,145","165,162,153","178,172,164","184,175,170","184,177,172","189,186,181","189,190,184","186,190,183","181,187,178","184,187,178","187,184,175","189,181,173","195,181,174","172,151,142","144,112,100","147,111,96","150,113,97","159,122,105","172,135,117","180,142,123","176,139,119","178,142,120","177,142,120","175,142,122","179,150,129","176,149,129","176,151,131","182,159,140","183,158,138","177,151,129","179,154,134","179,159,142","178,162,149","177,163,154","179,166,158","183,170,161","187,170,161","188,169,158","185,165,154","186,167,157","190,175,168","166,155,152","139,134,134","149,148,149","171,175,174","164,170,166","161,165,161","159,160,156","145,142,139","98,90,88","59,49,47","54,41,39","56,41,38","57,41,37","55,38,33","52,35,28","51,34,27","49,33,25","49,32,25","47,30,24","44,27,21","43,24,19","46,26,21","53,32,27","60,37,33","67,42,37","71,44,40","78,49,44","78,48,43","80,49,44","93,60,55","95,61,55","94,59,53","100,62,56","110,70,63","135,94,88","147,106,100","138,97,91","133,93,86","135,95,89","124,83,77","113,72,66","116,75,69","124,83,77","126,86,79","119,78,72","115,74,68","122,82,75","130,90,84","131,90,86","126,85,82","136,92,89","155,112,109","159,117,112","151,108,103","156,112,107","171,126,121","181,135,129","185,138,132","181,135,128","178,131,124","180,133,126","182,134,127","179,131,124","176,127,120","178,130,122","182,133,125","185,135,128","186,138,130","190,141,133","192,144,136","195,145,138","189,141,132","188,140,132","193,145,136","194,145,138","186,138,129","179,130,123","176,127,121","179,129,125","181,130,127","177,127,124","171,121,118","165,117,112","158,110,106","148,101,96","147,100,97","147,101,95","144,97,94","139,93,88","132,88,83","128,85,79","127,84,79","120,80,74","110,73,68","108,72,67","107,71,65","107,70,66","106,72,68","106,72,69","105,74,69","103,71,69","103,73,70","104,74,73","103,74,72","99,71,69","93,66,64","87,62,59","82,59,55","80,60,55","79,60,54","77,59,52","78,61,55","80,64,58","76,61,56","68,55,49","57,43,40","46,36,32","40,30,26","39,30,27","41,32,29","37,29,26","31,23,20","25,18,15","24,19,16","25,20,17","28,23,20","30,24,21","30,23,20","30,22,19","30,22,19","30,21,17","26,17,12","33,23,18","43,32,27","40,29,23","31,20,14","31,19,12","49,35,27","69,52,45","79,62,52","77,59,49","70,51,42","72,54,44","83,63,52","89,69,58","88,67,56","94,73,61","83,61,48","71,49,36","67,44,32","63,41,27","65,42,29","65,45,36","74,59,53","102,91,86","131,126,122","173,173,171","198,205,202","185,194,193","187,198,197","194,204,204","186,193,192","171,170,169","157,151,148","163,150,147","161,143,138","158,139,134","159,148,145","153,151,147","130,130,127","132,134,131","155,158,154","163,168,164","167,173,171","166,172,170","180,186,184","183,188,187","175,179,180","182,184,186","185,185,187","186,184,188","181,181,183","175,175,177","175,177,176","175,175,173","169,169,167","168,169,164","172,172,167","176,173,168","177,173,168","179,174,168","173,168,161","171,164,156","174,165,157","178,169,160","179,170,161","176,171,161","181,181,173","171,176,168","188,193,187","181,186,182","136,141,140","156,160,162","167,172,176","176,182,186","168,176,179","169,177,181","165,173,176","163,172,175","167,177,178","164,173,175","151,161,161","174,179,182","173,177,179","162,165,151","157,159,146","162,159,150","172,167,159","179,170,165","178,172,167","180,177,173","180,181,175","180,184,177","178,184,175","183,187,177","187,184,175","189,181,173","195,180,173","173,152,143","145,115,103","148,112,97","150,113,97","158,121,105","171,134,115","177,140,121","172,135,115","173,138,116","172,139,116","171,139,119","176,147,126","173,146,127","173,148,128","178,155,136","178,155,134","180,153,133","181,157,136","181,161,145","181,164,152","177,163,155","177,164,156","183,169,161","190,174,164","189,170,159","191,171,159","192,174,163","192,176,168","172,161,157","141,133,133","142,141,141","164,167,165","168,172,169","161,163,160","166,166,162","153,149,146","101,93,91","70,59,56","64,50,47","62,47,43","60,43,39","55,37,31","51,34,27","53,36,29","52,35,27","50,33,25","52,34,27","51,33,26","49,30,24","50,29,24","55,33,27","63,39,34","72,46,40","82,53,48","88,58,52","86,55,49","87,55,48","100,65,59","100,65,59","97,62,55","104,66,58","113,72,66","132,90,84","147,105,99","145,103,97","141,100,94","141,99,93","130,88,82","127,84,78","129,87,81","135,93,87","133,91,85","125,82,76","120,79,73","131,88,82","140,97,91","140,96,93","141,96,93","153,107,103","173,128,124","179,132,128","167,119,115","165,119,114","181,134,128","191,142,137","195,147,141","193,145,137","193,143,136","194,144,137","192,142,134","189,139,130","187,137,127","188,137,127","187,135,126","182,130,121","176,125,115","179,127,118","186,135,125","197,145,136","195,145,134","198,147,138","201,150,140","199,146,138","189,138,128","184,131,123","183,130,123","186,133,127","186,132,127","181,127,122","173,120,115","167,115,109","161,109,103","152,102,95","146,95,89","148,98,91","149,99,93","145,95,88","138,89,82","134,85,78","133,84,78","127,82,76","119,78,73","116,75,71","114,74,69","112,73,70","110,72,69","108,70,67","104,68,64","101,65,63","101,67,66","104,71,69","104,73,71","102,71,69","97,67,65","92,63,61","87,63,58","84,63,58","81,62,56","78,59,53","79,60,54","81,64,57","79,61,57","71,56,51","67,52,49","57,45,40","49,38,34","43,34,30","41,31,29","37,27,25","31,23,19","28,20,18","27,20,18","26,21,18","29,24,21","32,25,22","30,22,19","28,20,17","30,22,19","29,20,15","28,19,13","35,24,18","42,31,25","40,29,23","31,20,14","26,13,6","41,28,19","64,48,40","82,65,55","87,69,59","75,57,47","65,47,37","73,53,42","82,63,51","85,65,54","89,68,56","81,59,46","72,50,37","68,46,33","63,41,27","64,42,29","63,43,33","63,47,39","76,64,58","96,89,83","140,138,134","177,181,178","178,184,183","186,195,194","193,201,200","184,189,187","177,175,174","167,160,157","160,148,144","151,132,128","156,137,133","155,144,141","151,149,145","134,133,131","135,137,134","160,163,160","170,176,172","172,178,176","165,171,169","178,184,182","181,186,185","171,175,176","174,176,178","176,176,178","177,176,179","176,175,178","181,181,183","180,182,181","175,175,173","168,168,166","170,171,166","176,177,172","182,179,174","179,175,170","174,169,163","173,167,160","171,164,156","172,163,155","170,161,152","166,157,148","158,153,144","154,154,147","148,152,146","153,158,154","150,154,153","140,144,145","129,133,137","170,175,179","185,191,194","169,177,180","169,177,180","161,170,172","161,171,172","170,180,180","168,178,177","150,160,159","171,175,176","171,173,174","177,181,167","174,175,163","174,171,162","179,173,165","184,176,170","184,178,173","181,178,174","175,176,170","176,180,173","177,182,173","184,188,178","188,186,177","190,182,174","196,182,175","174,153,144","146,115,104","151,117,102","156,120,104","164,128,111","174,137,118","175,138,119","167,130,110","172,137,115","174,141,119","174,142,122","179,150,129","174,148,129","172,147,127","174,151,132","172,150,129","179,152,132","180,156,137","182,162,148","182,167,155","177,166,157","178,167,158","187,174,165","195,179,168","189,170,157","194,172,159","192,172,160","188,170,162","172,160,154","138,130,128","138,136,134","161,163,161","169,172,167","152,154,149","159,158,154","149,143,140","99,90,88","80,68,65","71,56,52","69,51,47","69,50,46","62,42,36","56,37,31","57,38,31","57,37,30","54,34,27","53,34,27","58,38,31","60,39,32","59,38,32","63,40,34","73,48,43","86,59,53","97,68,61","103,72,65","101,68,61","102,69,61","115,79,73","116,79,71","112,74,67","116,76,69","121,78,71","131,87,81","149,105,98","154,110,103","149,104,98","145,100,94","137,94,87","141,96,90","142,98,92","143,98,92","138,93,87","129,83,77","126,81,75","136,91,85","145,99,94","147,99,95","153,105,101","165,117,113","185,137,132","193,144,139","184,135,130","180,131,126","188,139,133","196,146,138","202,151,144","201,150,141","201,148,140","200,147,139","195,142,134","192,139,130","190,138,126","185,132,120","181,128,116","179,126,114","176,124,112","181,127,116","189,136,124","195,141,130","197,144,132","203,149,139","205,152,140","198,145,134","189,135,123","185,131,120","188,134,124","195,140,131","195,139,132","190,133,126","181,125,118","175,119,112","168,113,105","159,106,97","149,95,87","153,100,91","158,105,96","155,102,93","148,95,86","142,89,81","140,88,79","134,85,79","125,81,75","123,79,73","121,77,71","121,77,72","118,75,72","114,72,68","108,68,63","104,64,62","104,65,63","103,68,66","103,69,67","103,69,67","102,68,66","100,67,65","96,71,66","94,72,66","88,68,61","83,64,57","82,62,56","83,65,58","80,63,56","72,56,50","69,54,49","63,49,44","55,42,39","47,36,32","43,32,28","38,29,24","35,26,22","34,26,22","31,23,20","30,22,19","32,24,21","32,24,21","28,20,16","27,18,13","30,21,16","29,18,14","32,21,16","37,26,20","42,30,24","41,28,20","34,21,13","26,13,5","36,23,14","55,39,31","77,60,51","93,76,66","88,70,60","70,52,42","69,51,39","80,62,50","87,67,56","88,67,55","81,62,48","78,58,45","74,52,39","65,43,30","67,46,32","66,47,36","59,42,33","58,44,36","64,56,48","103,100,94","150,151,148","166,170,169","186,192,192","197,203,202","189,191,191","178,175,175","164,157,154","160,147,144","153,135,131","157,139,135","155,144,140","153,150,146","135,134,132","133,135,132","159,161,158","173,178,174","174,180,178","166,172,170","175,181,179","175,180,179","164,168,169","170,172,173","174,174,176","177,176,180","177,176,179","170,170,172","172,173,173","173,173,172","168,168,166","166,167,162","169,169,164","173,170,165","173,170,164","176,171,165","177,171,165","175,168,160","169,161,153","163,154,145","160,151,142","159,153,144","158,157,151","152,154,150","140,142,139","142,144,144","125,128,130","119,123,126","172,177,181","179,185,189","169,177,180","173,182,184","163,173,173","157,168,167","166,177,174","168,180,176","155,165,161","163,168,167","162,163,163","178,182,168","178,179,167","179,176,167","183,177,169","190,182,176","192,186,181","189,186,181","181,182,176","183,187,180","182,187,178","184,188,178","192,190,181","187,179,172","196,182,175","169,149,140","141,111,99","150,117,102","159,124,108","166,131,113","174,137,119","175,138,119","170,134,113","174,139,117","176,143,120","175,143,123","178,150,130","176,151,130","171,148,127","171,150,130","171,149,130","180,155,135","177,156,137","180,161,147","177,163,152","176,165,157","181,170,162","193,179,171","199,182,172","188,170,156","195,173,160","189,167,155","177,158,150","169,156,150","140,131,129","140,137,134","171,172,169","174,176,172","155,155,151","152,148,145","127,120,117","82,72,68","72,58,55","71,53,50","70,51,47","71,51,46","68,47,42","63,41,35","58,36,30","56,35,28","56,35,27","55,34,27","61,40,33","66,44,37","72,48,42","80,54,47","87,60,52","97,68,61","109,78,70","116,83,75","116,82,74","118,83,74","127,90,82","128,89,82","126,85,78","129,87,79","132,87,80","137,90,84","151,104,97","158,111,105","155,108,101","150,104,97","144,98,92","152,105,99","156,110,103","155,107,101","146,100,93","137,89,83","136,90,84","147,99,93","152,104,98","152,102,98","160,110,106","169,120,115","185,136,130","194,145,139","194,143,139","194,143,137","194,143,135","199,145,137","204,150,142","204,150,142","203,149,141","201,145,137","194,138,130","189,134,124","186,132,120","182,129,116","182,129,116","184,131,118","186,133,120","190,137,124","197,143,131","195,141,128","199,145,132","204,150,138","204,150,138","196,142,129","188,135,122","186,132,119","191,137,125","200,144,134","201,145,135","196,139,129","188,131,122","185,128,118","178,123,113","170,115,104","157,102,92","158,103,93","163,108,98","165,110,99","160,104,94","151,96,86","147,94,83","143,92,85","135,87,82","129,82,78","126,79,74","126,80,75","124,79,76","120,76,72","114,72,67","111,70,68","112,72,69","111,73,69","109,73,70","107,71,69","107,71,68","106,72,69","103,74,69","98,75,69","93,72,66","89,69,62","88,68,62","88,68,62","82,63,57","74,57,50","70,53,48","64,49,43","57,43,40","52,38,34","47,34,29","42,30,26","40,28,24","38,29,25","34,25,22","30,21,19","30,21,19","29,21,17","26,18,12","26,17,12","31,21,16","30,19,14","34,22,16","38,27,20","42,30,23","43,30,22","39,26,18","31,18,10","31,17,9","43,28,19","65,49,39","88,72,61","95,78,68","84,66,56","74,56,44","77,59,47","92,73,61","90,70,58","86,67,53","84,64,51","78,57,44","68,47,33","67,47,33","68,48,35","62,44,33","57,42,33","55,45,37","81,75,70","124,122,118","152,154,153","180,183,183","203,206,206","197,197,197","176,172,172","152,143,141","157,144,140","157,141,136","159,143,138","159,151,146","152,150,146","130,130,127","126,128,125","154,156,153","171,176,173","179,185,183","166,172,170","176,182,180","178,183,182","166,170,171","173,175,176","179,179,181","183,181,185","181,180,183","174,174,176","172,173,173","178,179,177","174,174,172","165,166,161","164,164,159","163,160,155","167,164,158","173,168,162","168,162,155","168,161,153","174,166,157","178,169,160","177,168,159","172,165,157","173,170,166","167,168,165","154,156,154","143,145,145","107,109,113","136,140,143","166,171,175","169,175,179","167,175,178","172,181,183","168,178,178","159,170,169","159,171,168","160,173,167","156,167,161","167,172,170","166,167,166","177,181,167","179,181,168","184,181,172","189,183,175","193,184,179","190,184,179","186,183,178","180,181,175","186,190,183","183,189,180","181,185,175","198,196,187","189,181,173","205,191,184","171,151,142","138,107,96","149,116,101","158,125,108","163,129,111","168,133,114","172,137,117","176,141,120","177,142,120","173,141,118","172,142,120","175,148,127","176,151,130","172,149,128","171,150,131","177,156,137","187,163,144","181,159,142","179,162,148","169,156,146","172,161,154","180,169,162","191,177,169","195,178,168","188,169,156","197,175,161","186,163,150","167,147,140","169,155,149","151,142,139","146,142,139","168,169,164","174,176,171","168,166,162","153,148,144","111,102,99","75,62,59","67,52,49","72,53,50","68,48,43","66,44,39","70,47,41","67,44,38","56,33,27","53,30,22","58,34,26","62,37,30","69,44,37","75,49,41","87,60,53","99,70,62","100,70,62","104,72,64","119,85,77","127,92,83","134,97,88","138,100,91","140,99,91","140,99,91","141,98,91","145,100,93","151,103,96","151,103,96","153,105,97","158,110,103","160,112,104","156,108,101","150,102,95","156,107,100","164,116,108","166,117,110","154,106,99","146,97,90","148,99,92","155,106,99","158,109,103","161,111,106","167,117,111","175,125,118","183,133,126","190,140,132","197,144,137","199,146,139","197,143,135","198,144,136","203,148,140","205,151,141","204,148,139","198,141,131","191,134,124","186,130,118","181,128,115","186,133,119","191,138,124","193,140,126","194,141,127","194,141,127","195,142,128","199,146,132","204,151,137","207,154,140","203,150,136","197,144,130","193,140,126","192,139,125","195,142,129","202,148,136","206,151,139","200,145,133","194,139,127","195,140,128","194,138,127","186,129,118","168,111,100","160,103,92","163,106,95","171,114,103","170,113,102","161,104,93","157,102,91","158,105,97","152,102,96","142,93,88","135,86,81","131,84,78","128,82,77","124,79,73","119,75,69","115,73,69","116,76,72","117,78,73","114,76,72","109,70,68","106,68,65","104,67,64","101,70,65","97,71,66","95,71,66","96,74,68","98,77,70","95,75,68","87,67,61","78,60,53","75,57,51","67,50,44","61,46,41","57,43,38","51,38,32","45,31,27","41,28,25","39,29,26","35,26,23","29,20,18","28,18,16","27,18,14","25,16,11","29,18,13","34,23,17","29,18,12","33,21,15","37,24,17","41,28,20","46,33,25","45,32,24","36,23,15","28,14,6","33,19,10","50,36,25","70,56,45","88,71,61","91,74,64","78,60,48","69,51,39","93,75,63","89,71,58","87,68,54","85,66,52","78,59,45","69,50,36","65,46,31","61,42,27","59,40,28","58,42,32","59,47,38","70,62,56","101,97,93","141,141,140","170,171,171","192,192,194","196,194,195","173,167,167","147,138,136","153,140,137","154,138,133","156,140,136","161,153,149","143,141,137","125,125,122","126,128,125","161,163,160","176,181,177","184,190,188","161,167,165","174,180,178","187,192,191","176,180,181","180,182,184","184,184,186","184,182,186","183,182,185","178,178,180","166,168,167","174,175,173","171,171,169","162,163,158","163,164,159","160,157,152","165,162,156","174,169,163","174,168,161","178,171,163","181,173,164","178,169,160","172,163,154","167,159,151","171,169,163","175,175,173","173,173,172","154,155,155","121,122,125","157,160,163","179,183,187","174,180,183","167,175,178","167,176,178","168,178,178","164,175,174","153,166,163","147,162,156","152,164,159","171,177,174","167,170,169","180,184,170","181,183,170","185,181,172","188,183,175","191,182,177","188,182,177","184,181,176","179,181,175","186,190,183","184,190,181","181,185,176","198,196,187","190,182,174","200,186,179","168,147,138","143,114,102","154,122,106","162,129,112","165,131,113","166,131,112","169,134,114","174,139,118","176,143,120","174,144,120","174,145,123","176,149,128","176,151,131","173,151,130","177,156,137","184,163,144","186,164,145","182,162,146","182,166,154","172,160,151","173,163,155","177,166,159","185,171,163","190,173,162","185,166,153","192,170,156","184,161,148","170,150,141","174,159,152","161,150,147","150,145,141","156,156,151","175,175,170","162,160,156","134,128,125","95,84,81","69,56,52","61,45,41","66,46,43","65,43,39","64,40,35","67,43,37","65,41,35","59,35,28","59,34,27","65,40,33","72,45,37","83,55,47","89,60,52","99,68,61","108,76,68","113,79,71","122,86,78","133,95,87","140,101,93","149,108,100","155,113,105","160,114,107","160,114,107","160,113,106","162,114,108","167,117,110","165,115,108","164,115,108","166,116,109","165,115,108","160,110,103","153,104,97","158,109,102","167,118,111","172,123,116","166,116,109","159,109,102","159,109,102","163,114,107","166,116,109","169,119,112","176,126,118","185,135,126","190,140,132","194,144,135","195,143,135","195,142,132","190,136,127","194,140,131","201,147,137","203,149,138","201,144,134","194,137,126","188,131,120","187,131,119","190,136,123","196,142,129","201,147,134","202,148,136","200,146,133","197,144,131","196,142,129","202,148,135","207,153,140","209,156,143","207,153,140","202,148,136","199,146,133","199,146,133","202,149,136","207,154,141","210,157,144","205,153,140","202,149,136","203,151,138","203,150,138","197,142,130","181,126,114","170,114,103","166,111,99","171,115,104","172,115,104","166,109,98","164,109,98","164,111,102","161,109,103","154,105,99","147,98,92","139,91,84","132,85,78","128,82,76","127,82,76","123,80,75","120,79,74","118,78,73","116,77,70","113,73,70","109,71,67","106,69,64","102,70,65","98,71,65","96,71,65","98,74,67","102,77,72","101,79,72","95,74,67","88,69,62","79,60,54","70,52,46","63,46,39","56,41,36","50,36,30","45,30,25","42,28,24","40,28,25","36,26,22","31,22,18","31,21,18","30,20,16","27,17,13","29,18,12","32,21,15","28,16,9","32,20,12","36,23,15","40,27,19","46,32,23","45,32,23","38,24,16","31,17,8","34,20,11","45,31,20","57,43,32","71,56,45","80,65,54","79,62,49","73,57,44","85,67,55","86,68,55","89,70,56","88,70,56","81,62,48","73,54,39","70,51,36","65,45,31","60,42,28","57,40,29","55,41,32","64,53,47","92,85,82","127,125,123","154,152,152","180,177,179","187,183,184","167,159,159","157,146,145","148,135,132","149,132,129","159,143,139","159,151,147","140,138,134","123,123,121","129,131,128","166,168,165","175,180,177","179,185,183","154,160,158","171,177,175","187,192,191","180,184,185","184,186,187","185,185,187","182,181,185","183,182,185","176,176,178","165,167,166","176,176,174","174,174,172","166,167,162","168,168,163","163,160,155","166,163,157","175,170,164","174,168,161","176,169,161","177,169,160","174,165,156","172,163,154","172,165,156","176,173,167","168,167,164","164,164,162","161,161,161","137,138,140","166,168,172","176,179,184","170,176,179","171,179,182","164,173,175","160,171,172","160,172,171","156,170,168","154,169,165","154,169,165","164,174,171","160,167,166","178,182,168","180,181,169","185,182,173","190,185,177","193,184,179","190,184,179","184,181,177","181,183,177","186,190,183","184,190,181","179,183,174","195,193,184","190,182,174","195,180,173","164,144,135","141,113,100","152,120,104","161,128,111","164,130,113","164,129,110","167,132,112","175,141,119","176,145,121","173,144,120","174,146,124","175,149,127","173,150,129","174,153,132","180,161,141","188,168,148","186,165,146","187,168,152","189,174,162","177,165,156","174,164,156","176,167,159","185,172,163","190,173,162","186,166,153","188,166,152","182,160,146","171,151,142","172,155,148","159,148,144","142,136,132","147,145,141","176,174,170","154,150,145","112,105,101","79,68,64","69,54,50","65,47,43","66,43,40","63,40,36","62,37,32","64,39,34","64,39,32","62,37,30","65,40,32","73,46,37","85,54,46","95,63,55","100,66,59","108,74,66","117,81,73","122,84,77","131,92,85","141,99,92","149,105,97","156,110,102","161,115,107","164,115,108","165,116,109","165,116,108","169,119,112","175,125,118","176,125,118","177,126,119","177,126,120","175,124,117","168,117,110","160,109,103","164,112,106","172,121,114","181,129,122","179,129,122","175,123,117","172,122,115","174,122,116","174,124,117","177,127,118","182,132,123","189,139,130","194,144,135","195,145,135","194,143,133","193,141,130","190,136,126","195,141,129","203,149,137","203,148,136","198,142,131","194,138,125","192,136,124","194,141,128","201,147,135","205,152,140","209,155,143","208,155,142","204,152,139","202,148,136","199,146,133","205,151,139","208,156,143","211,157,145","209,156,144","207,154,142","206,153,140","207,153,141","206,155,142","206,157,143","209,160,146","206,157,144","204,155,141","206,157,143","208,158,144","203,153,140","194,142,129","180,127,115","171,118,106","171,117,105","173,118,107","171,116,105","171,116,106","171,118,109","168,117,110","164,115,108","157,108,101","149,101,93","141,94,86","136,91,84","135,90,84","129,86,80","124,81,75","118,77,71","116,76,70","116,77,71","113,75,69","109,73,67","103,71,65","98,70,64","97,70,63","97,72,65","100,75,69","100,76,71","97,74,68","92,72,65","82,62,56","72,54,48","65,46,40","58,42,36","52,36,31","45,30,25","43,29,23","41,29,24","36,26,22","33,24,19","34,24,20","33,23,18","30,19,13","28,17,11","30,19,13","26,13,5","30,17,9","35,22,14","39,26,17","45,31,22","46,32,23","40,26,17","34,20,11","37,23,14","43,29,19","51,37,26","62,48,37","77,63,52","81,66,53","78,62,49","80,62,50","83,65,53","87,69,55","86,68,54","77,58,44","70,51,37","71,52,37","68,47,33","62,43,28","57,39,27","53,39,29","61,50,43","87,78,73","117,113,111","142,138,137","169,165,166","174,168,169","153,144,144","146,135,134","142,129,126","145,129,126","158,143,140","157,150,146","135,133,129","121,121,118","132,134,131","171,174,170","179,184,181","181,187,185","157,163,161","178,184,182","189,194,193","177,181,182","179,181,182","180,180,182","180,179,183","187,186,189","181,181,183","170,172,171","179,180,178","175,175,173","168,169,164","174,174,169","169,166,161","168,165,159","174,169,163","175,169,162","177,170,162","177,169,160","173,164,155","173,164,155","177,169,161","190,186,179","173,172,168","163,162,158","161,161,159","136,136,136","158,160,163","169,172,176","167,172,176","169,176,180","161,171,173","158,169,171","159,171,173","158,173,172","154,170,168","151,166,163","152,165,164","156,167,166","169,173,159","174,175,163","182,178,169","189,184,176","194,185,180","192,185,180","186,183,179","184,185,179","186,190,183","185,190,181","179,183,174","193,191,182","193,185,177","191,176,169","163,143,134","153,124,112","159,127,111","164,133,115","166,134,115","163,131,111","164,132,111","173,140,118","177,146,123","177,148,124","178,150,128","177,152,130","177,154,133","180,159,138","185,167,147","189,170,151","182,162,145","186,167,152","190,175,163","176,165,156","170,161,154","174,165,157","187,174,165","187,171,160","183,163,150","183,161,147","183,160,146","176,156,145","176,159,151","165,152,149","140,133,129","146,143,138","168,167,162","136,132,127","89,80,77","65,52,49","67,51,47","67,49,45","66,44,40","65,40,36","64,37,33","65,38,32","66,40,33","68,41,34","73,45,37","80,50,42","91,58,50","97,62,54","102,64,57","113,75,68","126,86,79","130,88,81","136,93,86","143,97,91","147,99,92","151,101,94","153,102,94","156,104,96","160,106,99","164,110,103","169,115,108","175,121,113","180,126,118","186,132,125","189,135,128","186,132,125","179,124,117","170,117,109","169,114,107","173,120,112","183,128,121","186,133,126","183,129,122","179,127,119","180,126,119","181,129,120","180,131,122","183,135,124","187,139,127","191,142,131","194,144,133","194,144,133","195,145,132","196,145,132","200,148,135","204,152,139","202,149,135","199,145,132","199,146,132","204,151,137","208,156,143","211,160,148","212,161,150","212,161,150","209,158,147","206,155,144","205,154,143","204,154,143","207,156,145","207,157,146","211,159,148","209,159,148","210,159,148","209,158,147","211,159,148","208,160,148","206,160,147","206,161,148","206,160,147","205,159,146","206,160,147","209,161,149","207,159,147","202,153,141","190,140,129","178,128,116","175,123,112","175,123,112","175,123,112","176,124,113","177,125,115","173,124,115","169,121,111","164,116,106","159,112,102","155,108,98","147,103,94","142,98,89","134,91,84","127,85,78","119,79,71","116,76,69","116,77,70","116,78,71","113,77,70","107,74,69","102,74,67","100,73,66","99,73,66","98,73,66","97,72,65","94,70,64","90,70,63","83,63,56","73,54,48","66,47,41","60,43,36","54,37,30","48,31,25","45,28,24","41,28,24","36,26,22","34,24,19","35,24,20","34,23,18","30,19,13","30,17,11","31,18,10","24,11,3","29,16,8","35,21,12","38,24,15","43,29,20","45,31,22","41,27,18","34,21,12","37,24,15","46,33,22","53,40,28","66,52,41","83,69,58","87,71,58","79,63,50","73,57,44","76,60,46","79,61,47","78,60,46","72,54,40","68,50,36","72,53,38","68,48,31","65,43,28","62,42,28","60,43,32","65,52,44","86,76,71","114,106,104","134,128,128","151,145,147","152,145,147","139,129,130","130,119,118","149,136,135","153,138,135","154,141,137","158,151,147","139,137,133","123,123,120","135,136,134","173,176,172","180,185,181","184,190,188","162,168,166","178,184,182","187,192,191","174,178,179","178,180,182","181,181,183","183,181,185","192,191,194","191,191,193","179,180,180","183,183,181","172,172,170","166,167,162","176,176,171","173,170,165","169,166,160","171,166,160","175,169,162","180,173,165","181,173,164","177,168,159","176,167,158","178,171,161","175,171,161","170,168,161","181,180,174","189,189,185","155,156,154","165,167,167","170,174,178","169,174,178","169,176,181","163,172,176","157,167,172","154,167,169","152,168,169","152,168,168","148,166,165","146,163,162","149,165,165","160,164,150","163,164,152","170,167,158","177,172,164","185,176,171","186,180,175","184,181,177","179,180,174","176,180,173","179,185,176","176,180,171","191,189,180","193,185,177","181,167,160","154,134,125","152,124,111","153,121,105","157,126,108","163,131,113","164,131,111","165,133,112","174,142,120","177,146,122","176,147,123","177,149,127","176,151,129","178,155,134","181,162,140","181,163,143","177,160,140","176,157,141","178,160,146","182,167,156","172,161,153","171,162,155","173,163,157","181,169,161","180,164,153","179,159,145","178,155,141","183,160,146","185,164,153","186,169,161","183,169,165","152,144,140","144,139,135","149,146,141","110,104,100","71,62,59","56,43,39","61,43,40","63,43,40","66,43,39","68,44,39","69,43,36","71,44,37","74,47,40","79,52,44","84,56,47","89,59,50","98,62,54","105,65,58","109,68,61","122,80,74","136,93,86","139,95,88","143,97,90","144,95,88","145,94,88","148,95,87","150,95,88","153,98,91","161,103,97","168,110,103","172,115,108","175,119,112","182,127,120","189,134,127","194,139,132","191,136,129","185,130,123","179,124,117","172,117,110","173,118,111","180,125,118","187,132,125","185,130,123","182,127,120","182,127,120","184,132,124","185,136,126","186,138,127","188,140,128","192,143,131","196,146,135","198,149,136","201,152,138","204,154,139","204,153,140","205,153,139","203,151,137","205,153,138","209,157,141","216,164,148","218,167,153","217,168,155","217,168,157","215,166,155","213,163,152","211,161,150","211,162,151","212,163,152","210,160,150","210,160,149","209,160,149","210,161,150","211,162,151","213,163,152","213,164,152","212,165,153","210,167,153","208,166,152","207,165,151","206,165,151","207,165,151","209,166,152","211,166,153","204,158,145","199,151,139","190,142,130","183,134,123","180,130,119","179,130,118","180,130,119","181,132,121","180,132,121","176,128,118","173,125,115","169,122,112","164,117,107","156,111,102","149,106,97","143,100,92","135,95,86","126,86,78","118,80,72","116,77,69","115,78,69","115,79,71","112,80,72","109,80,73","108,80,73","106,79,71","103,76,68","97,72,65","94,69,64","91,68,62","83,60,54","74,54,47","68,49,43","65,47,40","58,41,34","50,33,26","45,29,24","41,28,23","36,26,21","34,24,18","34,23,19","32,21,16","29,18,12","29,16,8","30,17,9","23,10,2","29,16,8","35,21,12","37,23,14","41,26,17","43,28,19","41,26,17","35,21,12","37,24,15","43,31,20","49,37,25","66,53,41","87,73,62","89,74,61","75,60,47","68,52,39","69,53,39","73,56,41","76,58,44","74,56,42","72,55,40","76,58,42","68,48,31","66,45,28","68,49,33","66,49,37","66,51,43","79,68,64","105,94,92","125,116,115","139,130,133","139,131,133","135,125,125","137,126,125","168,155,153","166,152,149","158,145,142","161,155,151","142,140,136","128,128,125","138,140,137","170,173,169","173,178,174","179,185,183","160,166,164","173,179,177","180,185,184","172,176,177","183,185,187","187,187,189","187,185,189","191,191,194","188,188,190","174,176,176","175,176,174","162,163,160","158,159,154","171,171,166","167,164,159","163,160,154","168,163,157","172,166,159","179,172,164","182,174,165","180,171,162","177,168,159","176,169,159","168,164,153","171,168,158","189,188,180","196,195,189","155,157,152","164,166,165","170,172,175","166,172,176","166,174,180","161,171,176","154,167,171","153,167,171","158,173,177","160,178,181","157,176,177","143,163,162","124,144,144","154,159,145","154,156,143","156,154,143","161,155,147","170,162,157","176,170,165","179,175,171","175,176,170","170,174,167","181,186,177","181,185,175","198,195,185","198,190,182","179,165,157","149,128,118","155,128,114","150,119,102","152,121,103","161,129,110","165,131,111","165,132,111","171,139,117","175,145,121","176,147,123","176,149,127","176,151,129","179,157,136","183,163,142","177,159,139","169,151,131","178,159,142","172,156,141","174,161,150","173,162,154","178,169,161","176,166,159","172,160,152","180,164,154","186,166,153","177,155,141","182,159,146","186,164,153","187,168,160","190,175,169","156,146,141","134,129,124","126,121,116","89,82,79","65,55,51","57,44,40","61,44,40","64,44,40","66,44,39","70,45,40","74,48,41","78,51,43","83,55,47","90,63,54","96,68,59","102,69,61","113,73,65","123,80,72","126,83,75","135,90,83","143,96,90","143,95,88","148,98,90","148,97,90","150,97,90","154,98,91","157,99,92","159,100,94","163,104,97","168,109,101","174,115,107","182,125,118","186,131,123","191,135,127","193,137,129","191,135,127","187,131,123","184,129,121","179,123,116","177,122,115","182,127,120","189,134,127","188,133,126","185,130,123","187,133,125","190,138,129","189,141,129","191,143,131","194,146,134","197,149,136","200,152,138","202,153,139","203,154,140","204,155,140","202,153,139","204,152,138","205,153,139","210,158,142","214,164,148","219,168,153","220,169,157","218,169,159","220,171,161","220,172,162","219,171,161","217,169,159","216,168,158","216,168,158","213,165,155","212,164,154","211,163,153","212,164,154","213,165,155","215,167,157","215,167,157","214,169,158","213,173,159","210,170,156","208,169,155","208,168,154","208,167,152","209,166,153","211,167,154","203,159,147","205,159,146","201,154,142","192,145,133","186,138,126","183,135,124","183,135,124","184,136,125","186,138,126","186,138,128","182,135,125","174,127,118","165,119,109","158,114,105","155,112,103","153,110,101","145,105,95","135,95,87","123,85,76","115,77,68","114,76,67","115,80,71","114,81,73","111,81,73","111,82,74","109,81,72","104,77,69","98,73,66","94,69,63","91,67,61","81,57,51","73,53,46","69,50,44","67,48,41","60,42,36","52,34,27","47,30,23","43,28,22","37,26,20","34,23,17","33,22,16","31,20,14","28,16,10","28,15,7","30,17,9","24,11,3","30,17,9","35,21,12","37,22,13","40,24,16","42,26,17","40,25,15","35,22,12","36,23,14","36,23,13","38,26,14","58,44,33","85,71,60","87,73,61","73,59,46","70,54,41","71,55,41","75,59,44","80,63,48","80,62,48","75,58,43","75,57,42","66,46,29","67,46,29","73,52,37","69,50,38","63,46,37","69,55,50","90,79,77","112,104,103","138,129,131","133,124,126","124,115,115","141,130,129","161,149,147","161,147,143","157,145,141","156,149,145","137,135,132","126,127,125","139,141,138","167,170,167","167,171,169","174,180,178","160,166,164","181,187,185","181,187,185","170,174,174","181,184,184","186,187,188","185,184,187","190,190,192","185,185,187","172,174,175","176,176,175","164,164,162","161,161,158","174,175,170","169,166,161","164,160,155","167,162,156","167,162,154","173,166,158","179,172,162","179,171,161","177,168,159","175,168,157","174,171,159","175,174,162","184,183,173","183,184,177","149,151,146","165,167,165","169,172,175","163,168,172","164,173,178","159,170,175","154,167,172","155,170,176","157,173,178","146,164,169","128,149,151","112,134,135","99,123,123","158,165,149","154,158,144","150,150,138","151,146,138","158,151,146","167,161,158","175,172,168","175,175,170","174,177,170","182,186,177","185,188,177","200,197,185","203,196,185","180,167,156","150,128,115","157,125,110","155,119,102","159,123,106","167,131,112","171,135,115","169,134,113","168,135,112","173,142,118","176,147,123","175,148,126","176,150,129","180,157,136","182,160,141","178,157,139","171,152,134","178,160,144","172,156,140","171,157,144","172,160,149","176,166,156","175,164,155","170,158,149","180,165,156","188,171,160","181,161,149","185,165,153","184,164,152","177,158,147","183,165,156","153,139,131","121,113,106","100,93,87","72,63,59","63,51,46","65,51,46","68,51,45","67,47,42","67,45,39","72,48,41","80,53,46","88,60,52","96,67,59","104,74,66","112,80,71","119,82,73","131,86,76","139,90,80","142,93,83","147,96,88","151,99,91","150,97,89","152,97,88","157,100,93","161,104,96","165,107,99","166,106,97","166,104,98","167,106,97","172,110,102","178,117,108","190,130,120","196,138,126","196,139,127","193,136,124","191,133,123","191,133,123","189,133,122","189,132,123","187,130,122","186,130,123","188,132,125","189,132,127","190,133,128","194,138,133","198,145,136","200,149,138","198,148,135","199,147,135","203,152,140","207,157,144","210,159,147","210,160,147","205,156,143","202,153,140","204,153,142","209,158,147","213,162,151","215,166,155","220,170,158","221,171,161","220,171,162","221,171,164","222,172,164","220,171,162","218,169,161","217,168,160","216,167,159","213,164,156","213,164,156","213,165,156","214,165,157","215,166,158","215,166,158","215,166,158","215,168,159","216,171,160","215,171,160","213,170,159","212,167,157","210,165,154","210,164,155","212,166,155","206,160,151","206,159,148","204,156,148","199,152,141","194,145,136","188,139,129","184,135,127","184,136,127","186,139,130","190,143,134","189,142,133","180,134,127","169,124,117","161,117,109","157,114,107","158,116,108","152,111,102","142,102,93","130,91,83","122,84,75","120,81,72","120,82,74","117,82,73","114,82,73","113,83,73","112,82,72","108,78,69","102,74,66","98,70,62","93,67,59","81,55,49","75,51,44","71,49,42","69,49,41","65,45,39","57,37,31","49,30,23","42,26,19","37,24,18","37,24,17","36,23,16","34,21,14","31,18,11","32,19,11","34,21,13","26,14,6","29,18,10","32,21,12","33,21,12","34,22,13","36,24,15","38,26,17","34,21,14","32,19,11","29,16,8","30,17,7","46,32,21","69,55,44","79,64,52","75,60,46","71,55,41","76,60,46","85,68,53","89,71,58","85,67,54","76,57,46","72,52,40","68,45,31","69,43,30","77,52,39","73,51,41","56,38,31","57,41,36","82,69,67","109,99,98","134,126,125","114,107,106","104,96,95","129,119,117","146,137,133","149,140,134","155,146,141","152,149,146","132,133,133","120,122,123","135,138,139","165,170,170","173,178,177","170,176,175","160,166,164","182,188,186","187,193,190","176,181,178","174,178,175","175,179,175","177,180,177","185,187,187","180,181,183","176,176,180","180,179,182","173,173,173","167,168,166","171,172,167","164,164,157","161,159,151","169,167,157","171,168,157","172,168,156","183,177,165","178,172,159","174,166,154","174,169,155","163,165,151","172,178,164","182,187,175","158,163,154","154,157,152","168,172,171","164,168,171","159,164,169","165,174,180","158,171,177","153,169,175","146,164,169","118,139,143","72,96,99","63,91,92","64,94,93","61,94,93","171,180,162","168,174,157","163,164,152","161,157,149","163,156,151","170,162,161","177,172,171","177,176,172","177,179,173","180,183,174","183,184,173","195,193,179","201,194,179","180,166,151","150,125,110","152,115,99","156,115,98","161,120,103","167,128,109","172,135,114","173,137,115","169,135,113","169,137,114","169,139,116","169,142,120","173,146,125","178,152,133","180,155,138","177,154,138","174,153,136","172,156,140","170,155,139","169,156,140","171,159,144","174,163,151","177,164,154","178,165,156","182,169,160","185,171,162","180,163,153","185,168,156","183,164,152","173,153,141","173,152,139","139,122,110","97,85,77","75,65,59","59,48,42","60,46,39","68,53,46","73,55,48","70,51,43","73,50,43","81,55,47","90,61,54","99,69,60","107,75,67","114,81,71","121,86,77","130,88,78","140,90,79","145,91,79","150,95,84","154,99,88","158,102,91","159,101,91","157,100,89","165,105,96","171,111,102","175,114,106","176,114,104","174,110,102","176,112,103","180,117,108","186,123,113","194,133,119","200,141,125","199,140,125","193,134,120","191,132,119","193,135,123","194,136,125","192,133,124","190,131,123","187,130,123","187,130,123","191,133,129","196,138,134","202,144,140","206,151,143","208,155,144","204,151,139","204,151,138","208,155,144","215,162,151","216,164,153","216,164,153","208,158,149","205,155,145","206,156,149","212,162,155","215,165,158","215,166,158","219,170,162","222,173,165","223,172,165","224,171,165","222,170,163","220,169,162","218,168,161","218,168,161","217,167,160","214,165,158","215,166,159","216,167,160","216,167,160","216,167,160","216,167,160","215,166,159","215,167,159","217,168,161","219,170,163","218,169,162","214,166,159","212,164,156","212,163,156","214,165,157","210,162,154","207,159,151","205,156,149","203,155,147","199,150,142","191,142,135","184,135,128","182,134,127","183,136,129","186,139,133","188,141,134","184,139,133","177,132,126","168,123,117","162,117,111","160,117,110","155,112,105","148,106,98","139,98,90","133,93,85","129,90,81","127,88,80","126,90,80","123,90,80","120,88,78","117,85,75","113,82,73","108,79,69","103,74,65","98,71,62","87,60,52","80,55,47","74,50,43","70,48,39","67,45,37","61,39,32","52,33,26","44,27,20","41,26,19","40,26,19","38,24,16","35,21,14","34,20,12","37,24,16","39,26,18","27,17,8","29,19,10","31,21,12","32,22,13","31,22,13","34,24,15","37,28,19","33,21,15","29,15,10","27,13,7","29,15,7","39,25,16","55,41,29","71,55,42","76,60,45","72,56,41","80,63,49","90,72,58","93,75,62","87,69,59","77,58,49","72,50,42","72,46,35","71,43,31","78,50,40","77,51,44","55,35,28","52,34,30","80,66,64","105,95,94","118,111,109","95,90,87","92,87,84","117,111,107","136,130,125","140,133,127","149,144,138","150,150,149","131,134,137","117,121,125","136,140,144","169,174,176","181,186,188","166,172,171","157,163,161","175,181,179","184,190,185","178,185,179","175,180,174","179,185,178","183,188,182","189,194,189","179,180,183","178,177,184","178,177,183","174,174,178","172,172,172","171,172,167","166,167,158","164,164,154","175,175,162","180,178,164","178,176,161","186,182,166","179,173,158","175,168,153","175,170,155","161,164,149","170,179,165","180,188,176","147,154,145","162,167,163","173,178,178","161,168,171","155,164,168","161,172,178","160,175,181","144,165,170","104,129,133","51,80,83","34,68,68","74,111,111","88,127,124","86,127,123","182,189,171","184,188,171","184,183,172","183,179,170","182,175,170","181,173,172","182,174,175","179,177,175","180,181,175","182,183,176","185,184,173","194,190,176","199,189,173","178,161,146","149,122,107","154,116,101","157,114,98","158,116,100","162,122,103","167,130,108","171,135,113","172,138,116","166,134,111","161,132,110","165,137,116","171,143,123","176,150,132","179,153,136","176,153,137","172,151,135","166,149,133","164,149,133","167,154,138","171,158,144","176,164,152","180,168,157","182,169,160","186,173,164","186,173,164","176,160,151","177,161,149","181,162,150","178,158,144","164,142,128","115,97,84","70,56,48","62,50,42","59,46,39","64,48,41","70,53,46","75,57,49","78,57,47","84,60,51","90,64,54","98,68,58","104,73,62","110,76,66","116,80,69","122,85,74","128,86,75","140,89,76","148,94,81","156,100,87","159,103,90","161,104,92","162,105,93","164,106,94","173,114,103","179,119,108","184,123,112","185,123,112","182,120,109","182,120,109","186,122,112","190,126,115","193,131,117","196,137,122","195,136,121","191,132,118","192,133,119","195,137,124","196,138,127","191,134,124","189,132,123","190,133,126","193,136,129","197,141,136","202,146,141","207,151,146","210,155,147","211,157,146","209,155,145","212,158,147","216,162,152","219,167,156","219,166,156","215,162,154","211,161,154","209,159,152","209,160,153","215,165,158","217,168,162","216,167,161","219,170,165","223,174,168","225,175,168","224,174,167","223,172,166","222,172,165","221,171,164","221,171,164","220,170,163","218,169,162","219,170,163","219,170,163","220,171,164","220,171,164","219,170,163","218,170,162","218,169,162","217,168,163","219,170,165","218,169,164","216,167,161","213,164,159","212,163,158","212,163,158","211,162,157","210,161,155","208,159,153","205,156,150","201,152,147","196,147,141","190,141,135","184,136,130","180,133,127","181,134,128","182,135,129","183,137,131","181,136,130","176,131,125","171,126,120","163,120,113","159,116,109","154,111,104","147,105,97","140,100,92","136,96,88","134,95,87","134,98,88","133,99,89","128,95,85","124,91,82","119,88,79","115,85,75","109,80,71","105,77,69","97,70,61","91,64,56","81,56,49","73,49,41","66,43,35","61,39,32","56,37,30","52,34,27","47,31,24","43,28,21","37,22,15","34,19,12","34,19,12","37,24,16","39,27,19","27,17,8","29,19,10","31,21,12","32,22,13","33,24,15","35,26,17","39,30,21","35,23,18","30,17,12","27,12,7","28,14,6","37,23,14","51,37,25","66,50,37","73,57,42","73,57,42","79,62,48","85,67,53","89,71,58","87,69,59","80,61,53","75,53,45","76,50,40","74,45,34","76,47,38","74,48,41","54,34,27","53,35,31","75,62,59","96,86,84","113,105,103","106,100,98","112,107,103","132,127,122","139,134,128","136,130,122","143,138,132","146,147,146","126,132,135","116,123,127","140,147,150","172,180,182","179,186,187","163,169,168","158,163,161","181,185,183","178,184,179","172,177,171","180,184,177","191,196,188","190,195,188","188,191,186","183,183,186","180,177,184","175,173,178","172,170,173","176,176,173","181,181,175","179,178,169","175,173,161","174,172,158","176,173,158","179,173,158","174,168,152","173,166,150","173,165,149","171,163,149","173,170,158","174,174,164","178,179,171","163,166,159","160,165,161","174,180,180","163,173,175","156,171,173","150,169,172","136,160,162","122,151,153","95,129,130","70,109,109","96,139,135","111,154,150","122,164,160","126,168,164","180,184,167","186,188,172","191,189,178","193,188,180","193,184,180","190,180,179","187,179,180","183,180,177","182,181,176","181,181,174","184,181,171","192,185,172","194,182,166","172,154,139","147,119,105","157,117,104","160,116,102","160,118,102","163,122,105","167,130,110","172,136,114","174,141,118","171,139,117","168,139,117","170,142,121","173,145,125","175,148,131","176,150,135","174,151,137","172,150,136","169,152,136","168,153,137","169,156,140","173,160,146","177,165,153","179,167,156","179,166,157","185,172,163","184,171,162","177,161,151","173,157,145","176,157,146","177,157,144","149,126,113","95,74,61","57,41,31","63,48,39","71,54,46","73,55,47","74,54,47","78,57,47","84,61,49","90,63,52","94,66,54","101,69,57","105,71,59","110,74,62","116,78,66","122,83,72","130,86,74","141,90,76","153,99,85","162,106,93","164,108,95","163,107,94","167,110,97","172,114,102","183,124,113","189,129,118","193,132,121","194,132,121","191,129,118","188,127,115","190,126,116","191,130,116","193,134,120","193,135,119","191,133,119","191,132,118","192,134,121","196,138,126","198,140,129","193,136,126","192,135,126","195,138,131","198,142,135","202,147,142","205,150,145","208,153,148","210,155,149","212,157,149","212,158,148","214,161,151","217,165,155","219,168,157","219,166,157","214,164,155","216,166,159","215,165,158","215,166,159","219,170,163","220,171,166","218,169,164","220,171,166","223,174,169","224,175,169","224,175,168","224,174,167","224,174,167","223,173,166","222,173,166","222,173,166","222,173,166","222,173,166","223,174,167","223,174,167","222,173,166","221,173,166","220,173,165","219,171,164","218,169,164","219,170,165","218,169,164","217,168,163","215,166,161","212,163,158","211,162,157","209,160,155","210,161,156","209,160,155","206,157,152","205,156,151","203,154,149","198,149,144","190,142,136","182,135,129","178,131,125","177,130,124","179,134,128","181,136,130","179,134,128","174,129,123","169,126,119","166,123,116","161,118,111","154,112,105","147,107,99","142,102,94","139,100,91","135,98,89","132,96,87","128,95,85","127,94,85","126,93,84","123,92,82","116,87,78","110,81,73","105,78,69","100,74,65","91,66,59","80,55,48","69,46,38","63,41,34","60,40,33","56,38,31","51,35,28","45,30,23","39,24,18","36,21,14","35,20,13","36,23,15","37,24,16","28,18,9","30,20,11","32,22,13","33,23,14","34,25,16","36,27,18","40,31,23","40,28,23","33,20,15","26,11,6","25,11,2","32,18,9","44,30,17","61,45,31","70,54,39","72,56,41","75,59,44","79,61,47","82,64,52","86,68,58","85,66,57","80,58,51","81,55,45","74,46,35","68,39,30","61,35,28","47,26,19","50,33,27","70,56,51","82,71,68","96,87,84","106,98,95","122,115,111","138,133,129","136,130,124","128,122,114","137,132,126","144,146,145","123,131,133","112,120,123","137,146,148","170,178,180","172,180,182","160,166,165","160,165,163","183,187,185","177,181,177","171,174,169","179,181,175","185,186,180","180,181,175","176,177,171","184,182,183","185,183,187","179,177,179","173,172,170","175,173,169","180,177,169","178,175,165","179,173,161","180,174,159","178,172,156","184,176,161","171,160,146","175,163,149","179,165,152","174,162,150","180,168,159","179,170,164","180,172,169","166,163,160","144,147,145","167,177,177","160,176,176","149,171,172","130,158,159","109,144,143","99,140,138","96,140,138","99,147,144","117,167,161","108,156,150","117,159,155","116,153,151","178,179,163","183,182,167","189,183,173","192,182,176","192,180,177","190,179,178","189,179,180","185,179,178","183,180,175","182,179,172","182,178,169","189,180,168","188,173,159","168,146,133","146,115,102","155,114,102","159,116,102","162,120,104","165,124,107","166,129,110","170,133,113","171,138,115","173,141,119","173,144,123","172,144,124","170,143,124","170,144,126","172,146,131","174,151,137","177,155,141","180,163,147","177,162,146","176,163,147","178,165,151","181,169,157","182,170,159","183,170,161","185,172,163","181,168,159","182,167,157","176,160,147","171,152,140","169,149,135","134,111,97","88,66,53","59,41,31","70,51,41","79,59,50","81,59,50","80,56,47","84,59,47","93,65,53","101,71,59","105,74,60","110,75,62","113,74,61","116,77,63","120,81,66","127,86,73","136,90,77","150,97,82","161,105,90","169,113,98","170,114,99","170,114,99","175,118,103","183,125,111","190,132,118","194,136,122","197,139,125","199,140,126","199,140,126","199,140,126","201,140,126","202,142,128","202,144,130","197,139,125","193,135,121","192,134,121","192,135,123","192,135,123","193,136,125","189,133,123","189,134,124","193,139,131","198,143,136","202,148,142","204,151,146","206,153,149","208,155,149","213,160,152","212,159,151","212,159,151","213,161,153","215,164,155","216,166,158","217,167,160","219,170,163","217,168,162","219,170,165","223,175,170","222,175,169","220,172,167","220,172,168","222,175,170","223,176,170","223,176,170","223,175,169","223,175,169","222,175,169","222,175,169","222,175,169","222,175,169","222,175,169","223,176,170","223,176,170","222,175,169","221,174,168","220,173,167","219,171,166","219,170,165","219,170,165","219,170,165","218,169,164","216,167,162","213,164,159","209,160,155","206,157,152","209,160,155","208,159,154","204,155,150","206,157,152","208,159,154","203,154,149","197,149,143","189,142,136","181,134,128","177,130,124","176,130,124","176,131,125","174,129,123","172,127,121","174,131,124","171,128,121","167,124,117","161,119,111","153,113,105","146,106,98","142,103,95","136,98,89","130,94,85","128,94,85","129,95,86","129,96,87","125,94,85","115,85,77","106,78,69","107,80,71","104,77,69","98,73,66","88,63,56","77,54,46","68,45,38","62,40,34","55,36,30","50,34,29","47,32,27","44,29,24","41,26,21","38,23,18","32,19,13","31,18,12","28,17,11","30,19,13","32,21,15","33,23,16","33,24,17","35,26,19","39,30,23","41,29,25","34,20,15","22,8,3","21,7,0","27,13,4","37,23,10","55,39,26","69,53,38","77,61,46","80,63,48","80,62,48","81,63,50","85,67,57","87,68,60","84,62,55","82,56,46","69,41,29","54,26,17","45,20,12","41,18,11","53,34,28","71,56,50","77,63,60","83,74,69","92,83,80","106,98,95","126,119,114","128,121,115","130,123,117","146,142,138","147,151,150","118,128,129","104,114,116","131,141,143","164,173,175","165,173,174","158,164,164","162,167,165","176,179,177","177,178,174","177,178,173","183,183,178","182,180,176","176,174,169","182,180,177","184,183,181","186,184,185","187,184,183","183,178,175","178,174,168","178,172,163","176,169,159","177,168,156","178,168,155","177,166,151","184,171,156","173,159,145","175,161,148","178,162,149","177,161,150","188,169,164","191,173,170","185,173,172","164,160,157","146,150,150","167,180,179","140,163,161","109,140,139","88,127,124","82,127,123","81,130,126","88,141,135","109,163,157","107,163,155","109,160,153","107,146,143","86,117,117","183,180,165","187,182,168","190,181,172","191,179,174","191,177,174","190,176,177","189,178,179","187,180,179","184,180,176","181,178,171","184,177,168","189,178,166","187,170,156","168,143,131","148,115,103","154,113,101","159,116,103","162,120,105","164,123,106","163,126,107","165,129,109","167,133,111","170,138,117","171,142,121","170,142,123","168,140,121","167,141,125","171,145,130","175,152,138","179,158,144","181,164,148","178,163,147","174,161,145","175,163,148","178,166,154","181,169,158","183,170,161","186,173,164","179,166,157","184,168,159","179,163,150","170,151,139","163,144,130","125,102,88","91,68,55","71,50,38","78,57,45","86,63,51","88,63,52","89,63,53","98,69,58","108,78,66","117,84,71","121,87,72","124,85,72","124,84,69","127,84,70","132,89,73","139,94,80","148,100,85","163,109,93","170,114,99","175,119,104","177,121,105","178,122,106","184,128,113","193,136,121","196,139,124","197,140,124","199,141,126","202,144,129","205,147,132","209,151,135","210,152,137","212,154,139","209,151,137","200,143,129","197,139,126","197,139,127","195,139,126","193,136,124","191,136,124","189,135,125","190,136,128","195,141,133","199,146,139","204,151,146","206,154,149","208,156,152","209,158,153","214,162,155","213,161,154","212,162,153","213,163,154","215,166,157","219,169,162","222,172,166","220,171,165","218,169,164","220,171,167","224,177,172","224,177,172","221,174,171","221,174,170","223,176,171","222,176,172","222,177,171","223,177,171","223,177,171","223,177,171","223,177,171","223,177,171","223,177,171","223,177,171","224,177,172","224,176,171","223,176,171","221,174,169","220,173,168","220,172,168","220,171,167","219,170,165","219,170,166","219,170,166","217,168,164","213,164,159","209,160,155","206,157,152","210,161,157","207,158,154","203,154,149","204,155,151","207,158,154","202,153,149","197,149,144","193,146,140","186,139,133","180,133,127","175,130,124","174,129,123","174,129,123","173,128,122","175,132,125","174,131,124","171,128,121","167,125,117","159,119,111","153,113,105","147,108,100","142,104,95","136,100,91","132,97,87","130,96,87","130,97,88","127,94,85","117,87,79","107,78,70","108,79,71","104,77,68","99,73,66","92,67,60","83,59,51","73,49,42","63,41,35","54,35,30","49,33,28","47,32,27","45,30,25","43,28,23","39,24,19","31,18,12","27,14,8","29,18,12","31,20,14","32,21,15","32,22,16","31,22,15","33,24,17","36,27,20","39,27,22","31,17,12","21,7,2","22,8,1","27,13,4","34,20,7","49,33,20","65,49,34","79,63,48","85,68,54","84,66,52","81,63,51","85,67,57","88,69,61","86,64,57","84,58,49","68,40,29","49,21,12","40,15,6","42,19,11","59,40,33","73,55,49","75,61,55","90,78,73","90,80,75","98,89,86","121,113,108","129,122,116","134,128,122","150,148,143","143,149,148","111,122,123","99,111,113","132,143,145","165,175,176","164,171,173","157,162,162","165,168,167","182,183,182","181,181,178","185,184,180","192,189,185","187,182,179","179,173,170","187,182,179","179,177,173","179,178,175","184,181,177","183,178,172","180,175,165","180,172,161","176,167,155","176,165,152","182,169,155","181,167,152","187,172,157","189,172,159","185,168,155","182,164,153","186,169,158","193,176,171","195,179,178","186,177,175","150,149,148","132,142,141","123,144,142","81,111,107","45,84,80","31,76,71","37,87,82","40,93,87","46,99,93","80,133,127","97,150,143","106,152,147","84,118,118","64,92,93","184,178,164","187,180,167","191,179,171","192,178,173","192,177,175","191,178,178","191,180,182","190,183,181","186,182,178","184,178,173","186,178,170","192,177,167","188,168,155","171,142,132","153,118,106","158,116,106","162,119,107","164,122,108","163,122,107","162,124,106","165,128,109","168,133,113","170,137,117","171,141,121","171,143,124","171,144,125","170,144,128","172,146,132","174,151,138","179,157,144","186,169,153","180,165,149","175,162,146","174,162,147","176,164,152","179,167,156","182,169,160","188,175,166","177,164,155","182,166,156","180,164,152","172,153,141","161,141,128","120,97,83","94,71,57","81,58,46","84,59,47","85,59,47","88,60,49","93,65,53","105,74,62","118,83,71","127,91,76","130,92,77","133,91,76","135,91,75","137,93,77","144,99,83","153,106,91","162,112,96","174,120,104","179,123,106","181,125,108","183,127,110","186,130,113","194,138,121","202,146,129","203,146,129","201,144,127","201,144,127","202,145,128","205,148,131","207,151,134","209,152,135","210,153,137","206,149,135","196,140,126","195,139,126","201,145,132","202,146,134","199,144,133","198,144,133","201,147,139","203,149,142","205,152,145","207,155,149","209,157,153","210,159,155","211,160,156","211,161,156","214,163,157","215,165,158","216,166,159","217,168,161","219,170,164","223,174,168","225,177,172","220,172,167","216,170,165","219,173,168","223,178,173","224,179,175","221,176,173","220,176,172","222,178,174","223,179,175","223,180,175","224,180,175","224,179,175","224,180,175","224,180,175","225,180,175","224,179,175","224,179,174","226,178,175","226,178,174","225,177,173","223,175,171","222,174,171","222,173,169","221,172,168","219,170,166","220,171,167","220,171,167","219,170,166","213,164,160","207,158,154","208,159,155","213,164,160","209,160,156","201,152,148","201,152,148","204,155,151","198,149,145","194,146,141","193,146,140","189,142,136","184,137,131","178,132,126","176,131,125","178,133,127","180,135,129","173,130,123","173,130,123","174,131,124","171,128,121","165,125,117","160,120,112","154,115,107","149,112,103","143,105,96","134,99,90","130,96,87","132,99,90","132,99,90","126,95,87","118,88,80","109,80,72","102,75,66","96,69,62","91,65,58","86,61,54","76,52,45","65,43,37","55,36,31","48,32,27","45,30,25","43,28,23","42,27,22","38,23,18","31,18,12","26,14,8","30,19,13","32,21,15","32,21,15","31,21,14","29,20,13","31,22,15","34,25,18","35,23,18","26,13,8","20,6,1","26,12,4","31,17,8","34,20,7","44,28,15","57,41,26","70,54,39","80,63,49","81,63,49","78,60,48","83,65,55","90,71,63","90,68,61","92,65,57","76,48,38","54,26,17","45,19,10","48,24,17","64,42,34","69,50,44","64,48,41","78,64,58","80,69,63","96,86,81","130,122,116","144,137,131","145,139,133","152,150,145","136,143,141","103,117,116","98,112,113","140,151,153","173,183,184","166,174,175","154,160,159","163,166,165","184,185,184","177,176,174","182,178,175","195,190,186","194,186,183","182,174,171","186,178,174","180,176,172","177,177,170","181,178,170","183,178,168","186,179,168","187,178,166","181,169,156","176,163,149","183,169,154","184,168,153","188,171,157","202,185,172","190,173,161","182,166,155","191,176,167","183,171,166","186,179,176","184,184,180","129,137,133","96,115,112","58,87,83","32,71,65","35,81,75","60,110,105","85,137,132","86,138,133","55,106,99","61,108,103","99,144,139","87,127,124","60,90,91","67,92,94","181,172,159","185,175,163","190,177,170","192,177,172","191,176,174","190,177,177","190,180,181","189,183,181","183,179,175","182,176,170","184,175,166","194,177,168","185,162,150","157,126,116","157,119,108","167,124,115","165,122,110","162,120,106","161,120,105","163,125,107","167,130,112","170,135,116","170,137,117","169,140,119","171,142,123","173,145,128","174,147,132","176,150,136","177,153,141","178,156,143","182,165,149","183,168,152","181,168,152","177,164,150","173,161,149","175,163,152","181,168,159","185,172,163","180,167,158","179,163,154","171,155,142","168,149,138","171,151,138","134,111,97","89,65,52","82,56,44","85,57,46","87,59,47","91,62,50","98,68,56","111,77,65","122,85,72","130,92,77","133,93,78","133,91,75","135,89,74","144,97,81","157,109,93","166,117,101","171,120,104","177,123,108","180,124,108","182,126,111","188,132,116","195,139,123","201,145,129","204,148,133","204,147,132","206,149,133","207,150,135","205,149,133","207,150,134","208,153,136","206,150,134","199,145,130","195,141,127","194,140,126","198,144,130","207,152,139","211,157,145","212,159,147","211,158,148","214,162,153","214,162,154","212,161,154","210,161,155","210,160,155","211,162,158","213,164,159","215,165,161","218,168,163","219,169,163","219,171,165","220,173,166","222,173,168","223,174,170","223,177,172","220,174,170","219,174,170","221,176,172","222,178,174","223,179,177","224,179,177","223,180,177","224,182,179","226,185,182","226,186,182","228,186,182","227,185,182","227,185,180","226,183,180","226,182,179","227,183,180","226,181,178","226,179,178","224,178,175","224,176,175","225,177,175","226,178,176","225,177,173","224,175,171","220,171,167","219,170,166","219,170,166","218,169,165","214,165,161","211,162,158","210,161,157","212,163,159","209,160,156","205,156,152","203,154,150","202,153,149","200,151,147","197,149,144","195,148,142","193,146,140","188,141,135","182,136,130","178,133,127","178,133,127","180,135,129","176,133,126","174,131,124","171,128,121","169,126,119","164,124,116","159,119,111","155,116,108","153,115,106","148,110,101","140,104,96","134,99,90","131,97,88","131,98,89","131,98,90","128,98,90","114,85,77","109,81,73","101,74,67","93,66,59","87,62,55","80,55,49","70,46,42","58,38,34","50,34,30","47,32,28","45,30,26","44,29,25","41,26,22","34,20,16","30,17,12","32,21,16","31,20,16","30,19,14","30,20,15","31,22,16","34,25,19","35,26,20","34,22,19","29,15,10","26,12,7","33,19,11","38,24,15","37,23,11","40,24,11","45,29,14","57,41,26","75,58,44","80,62,48","76,58,45","85,67,57","98,79,71","101,79,72","97,72,63","88,60,50","69,41,32","56,29,20","60,36,27","70,48,39","68,49,40","64,46,39","68,53,46","71,59,51","96,87,79","131,123,118","143,136,130","148,142,137","152,151,146","136,143,141","106,120,120","109,121,123","148,159,161","172,182,183","164,172,173","157,163,162","164,168,167","182,183,181","181,179,176","181,176,173","185,179,176","188,180,177","185,176,173","183,174,172","177,173,168","175,175,166","185,181,172","187,180,170","186,178,167","195,184,172","186,174,160","169,156,142","177,164,148","184,169,155","188,174,160","193,179,166","185,172,161","182,169,159","185,177,167","170,169,161","177,184,178","174,188,183","102,123,118","78,108,102","73,111,104","68,114,107","88,138,133","102,153,148","109,160,155","105,152,148","80,123,119","66,103,100","70,104,102","54,84,82","60,86,87","81,105,107","177,167,155","182,172,160","188,174,168","190,175,170","188,174,171","187,174,174","187,177,178","186,180,179","182,178,174","180,175,170","183,174,166","195,179,169","184,159,148","149,117,107","158,119,110","171,128,119","167,123,112","161,119,106","160,119,105","161,123,107","165,128,110","166,131,113","168,135,116","170,140,121","171,142,125","174,145,130","175,148,135","176,150,137","176,152,140","175,154,140","176,159,143","180,165,149","180,167,151","175,163,148","170,158,146","171,158,148","177,164,155","175,162,153","175,162,153","175,159,149","164,148,136","165,146,135","178,158,145","150,127,113","98,74,61","81,53,42","84,56,45","89,59,48","95,65,54","104,71,59","113,78,66","122,84,72","131,90,76","135,91,78","135,90,76","137,90,75","148,100,84","163,114,99","172,122,105","176,122,106","179,123,108","180,124,109","183,127,112","191,135,120","199,143,128","204,148,133","206,150,135","205,149,134","208,152,137","211,155,140","207,153,138","208,154,139","210,157,141","206,152,136","199,146,131","198,145,131","201,148,134","206,154,140","214,162,148","220,167,155","222,170,158","219,169,158","218,168,159","216,166,159","212,163,158","210,161,156","210,161,156","213,164,159","216,167,163","219,170,165","221,172,167","220,173,167","221,174,168","222,174,169","221,175,171","221,176,171","222,177,172","222,177,174","223,178,175","223,179,176","224,180,178","225,181,180","224,183,181","226,184,182","227,186,184","230,190,187","230,191,188","232,191,189","231,190,188","230,189,187","229,187,185","227,185,183","229,185,184","227,183,181","227,181,181","225,179,178","226,178,178","226,178,178","226,178,178","227,178,177","225,176,173","222,173,169","219,170,166","218,169,165","217,168,164","215,166,162","214,165,161","211,162,158","210,161,157","209,160,156","207,158,154","204,155,151","203,154,150","202,153,149","199,151,146","196,149,143","195,148,142","191,144,138","183,138,132","179,134,128","177,132,126","178,133,127","179,136,129","176,133,126","172,129,122","169,127,119","165,125,117","160,120,112","157,117,109","155,117,108","152,115,106","147,110,101","140,103,95","133,99,90","130,97,88","131,98,91","132,99,92","121,91,83","115,87,79","105,76,70","93,66,59","85,60,53","79,54,47","70,45,41","60,39,35","53,37,33","49,34,31","46,31,28","44,29,26","41,26,23","36,22,19","34,20,17","36,25,21","34,23,19","32,21,17","32,22,18","34,25,20","36,27,22","36,27,22","37,25,22","34,21,16","32,18,12","38,24,16","43,29,20","41,27,14","41,25,12","43,27,12","54,38,23","74,58,43","81,63,49","77,59,46","84,66,56","97,78,70","104,82,75","103,78,69","98,70,60","79,52,42","63,36,27","67,43,33","72,49,40","69,47,37","66,47,38","59,42,34","62,49,40","92,81,72","125,115,108","134,127,121","142,137,132","150,149,144","136,143,142","107,118,120","109,120,122","149,159,161","171,179,181","164,169,172","158,162,162","163,165,164","180,179,179","184,182,179","185,181,178","186,180,177","191,183,180","194,184,182","190,181,177","178,174,166","174,174,162","178,176,165","175,170,159","178,170,157","192,182,170","192,180,166","185,173,159","196,184,169","182,170,156","173,161,148","178,168,156","189,181,170","192,185,176","182,182,173","169,181,172","177,199,190","135,163,155","84,118,111","92,132,124","102,147,140","108,156,150","112,163,157","95,144,140","90,135,133","88,128,126","81,115,114","68,96,97","61,85,85","65,86,87","68,92,94","86,110,112","176,166,154","182,171,160","188,174,167","189,174,170","186,173,170","185,174,173","185,177,177","184,181,178","180,179,174","181,177,171","184,176,168","196,181,171","183,160,149","150,117,107","157,117,109","169,126,116","166,122,111","162,120,107","161,120,105","160,122,107","161,124,107","159,125,106","165,132,114","168,138,120","170,141,124","173,144,130","175,148,135","177,150,139","176,152,142","176,155,141","176,160,144","178,163,147","176,163,147","173,161,146","170,158,146","170,157,147","173,160,151","175,162,153","176,163,154","176,160,150","165,149,137","160,141,130","168,148,135","147,125,111","105,81,67","82,54,43","86,58,47","91,61,51","97,66,56","104,71,60","112,77,65","120,82,70","128,87,74","134,90,77","137,92,77","141,94,80","152,103,88","167,115,101","175,122,108","176,122,108","179,122,109","181,123,111","186,128,116","193,136,124","200,144,131","205,149,136","208,152,139","205,151,138","208,154,140","211,158,144","210,157,143","210,157,143","210,158,144","207,155,141","205,153,139","207,155,141","211,159,145","216,165,151","222,171,158","224,174,163","224,173,164","221,172,162","219,169,162","217,167,160","213,164,159","210,163,157","211,163,159","215,167,163","219,171,167","221,173,169","220,173,169","219,174,169","221,176,171","222,177,173","222,177,174","223,178,175","222,178,175","225,181,180","226,182,181","225,181,180","223,181,182","225,183,184","227,185,186","229,188,188","230,191,190","232,195,193","232,196,194","234,196,195","233,195,194","232,193,193","231,191,191","229,189,189","228,186,187","228,186,187","228,184,185","227,182,184","226,180,182","225,178,181","226,177,179","226,178,177","226,176,175","222,172,171","220,170,169","218,168,167","218,168,167","216,166,165","214,164,163","210,160,159","209,159,158","208,158,157","207,157,156","205,155,154","204,154,153","203,153,151","200,152,147","197,150,144","196,149,143","191,144,138","184,138,132","179,134,128","176,131,125","177,132,126","179,136,129","177,134,127","175,132,125","172,130,123","169,129,121","165,125,117","162,122,114","158,119,111","156,118,109","152,114,106","147,110,102","140,106,97","136,102,93","132,99,92","131,98,91","127,97,89","121,92,84","108,79,73","96,69,62","88,61,54","82,54,48","71,45,41","64,43,39","58,42,39","53,38,35","48,33,30","45,30,27","42,27,24","39,25,22","36,22,19","36,25,21","35,24,20","33,22,18","34,24,19","34,25,20","34,25,20","32,23,18","37,25,21","36,23,18","34,20,14","37,22,14","41,27,18","43,29,16","44,28,15","45,29,14","53,37,22","67,51,36","77,59,45","76,58,45","76,58,48","85,66,58","96,74,67","105,82,72","100,74,65","80,53,43","66,39,28","70,43,32","69,45,33","68,44,33","69,48,37","51,33,22","57,41,31","90,78,68","120,111,103","133,126,119","143,138,133","154,153,148","139,145,145","108,117,119","109,118,120","154,162,165","178,185,187","168,173,175","160,164,164","166,168,167","184,184,183","188,185,183","190,186,183","192,187,184","194,189,185","194,187,184","188,183,177","175,174,165","175,175,164","172,170,158","167,163,151","176,168,156","184,174,161","187,178,163","189,180,165","183,174,160","182,174,161","178,173,161","179,176,166","181,182,172","177,181,171","163,173,164","148,174,162","160,199,187","97,139,127","95,139,129","118,164,154","104,151,144","111,159,154","98,146,143","82,126,124","75,114,114","79,112,113","83,110,112","77,97,101","69,86,88","67,85,87","66,88,91","83,109,110","180,170,158","185,175,163","191,178,171","192,178,173","190,177,174","188,178,177","188,182,181","184,182,179","179,180,174","181,180,173","186,180,170","197,182,172","183,160,148","148,116,106","156,116,108","162,119,110","163,119,109","162,120,108","162,121,108","161,122,107","160,123,107","159,125,106","163,130,112","165,134,117","167,138,121","171,143,128","174,148,135","178,151,140","178,154,144","179,157,144","177,159,145","177,162,146","176,163,147","174,161,147","172,160,148","172,159,149","174,161,152","176,163,154","173,160,151","170,154,144","161,145,133","157,137,126","155,136,122","135,112,98","101,77,64","90,62,52","93,65,55","98,68,58","103,71,61","108,74,64","113,77,67","118,79,70","125,83,73","132,89,77","140,94,81","145,98,84","154,105,92","167,115,101","174,121,107","176,122,108","180,123,111","184,126,115","190,132,121","197,139,128","203,146,135","207,151,140","209,155,143","210,156,145","212,159,146","215,161,149","213,161,147","211,159,147","209,158,144","207,156,144","208,157,143","211,160,146","215,164,150","219,170,156","223,173,161","223,173,162","221,172,161","218,170,160","219,170,162","217,170,162","215,168,162","214,167,161","216,168,164","220,172,168","223,176,172","223,177,173","221,176,171","221,176,172","222,178,173","223,179,175","225,181,178","225,181,178","225,182,179","227,184,183","226,185,184","225,183,184","225,184,185","226,186,186","228,188,189","230,191,191","231,194,193","231,197,195","232,198,196","233,199,197","234,198,196","233,196,195","232,193,193","231,191,191","230,188,189","229,187,189","231,187,189","230,185,187","228,182,185","226,179,182","226,177,180","226,176,179","226,176,176","222,172,171","220,170,169","219,169,168","218,168,167","216,166,165","214,164,163","209,159,158","209,159,158","208,158,157","207,157,156","205,155,154","204,154,153","203,153,151","201,152,148","198,151,145","196,149,143","192,145,139","185,139,133","179,134,128","176,131,125","176,131,125","178,135,128","176,133,126","175,132,125","173,131,124","170,130,122","167,127,119","164,124,116","160,121,112","157,119,110","153,116,108","150,113,105","147,110,102","139,105,96","133,98,91","126,93,86","127,97,89","122,92,85","113,84,78","105,77,70","100,73,66","93,65,60","79,53,49","71,50,47","66,49,46","58,42,40","51,36,34","48,32,30","45,29,27","42,28,25","39,25,23","30,19,15","29,18,14","29,18,15","30,20,16","31,21,17","31,21,17","29,19,15","33,20,18","34,20,15","32,17,12","32,18,9","36,22,13","40,26,13","42,26,13","41,25,10","43,27,12","56,39,24","70,52,38","75,57,44","72,54,44","73,54,46","84,62,54","99,75,67","97,71,62","78,51,40","66,39,28","69,42,31","69,42,31","70,44,32","71,48,36","47,28,16","52,35,23","85,72,62","110,100,92","123,116,110","135,130,125","151,148,146","135,139,140","106,112,115","114,119,123","159,163,168","178,183,186","165,168,172","160,161,163","171,171,171","198,197,197","195,193,191","192,189,186","191,187,183","189,184,180","183,178,174","177,172,166","168,167,158","176,178,165","176,177,163","176,174,161","186,181,169","180,172,159","175,167,155","179,172,159","172,167,155","176,174,162","174,175,163","167,173,163","167,176,167","166,179,169","156,176,167","126,163,150","113,160,147","66,115,103","86,133,123","102,149,141","97,142,138","96,140,138","72,113,112","82,119,120","88,123,124","86,115,117","73,98,101","62,82,85","59,76,79","61,80,81","70,94,95","85,114,115","180,170,158","185,175,163","191,178,171","191,178,173","189,177,174","187,179,177","186,182,181","182,183,179","178,180,174","180,181,174","184,181,171","194,181,171","180,158,146","147,115,105","155,117,108","158,114,105","161,118,108","162,120,108","163,122,109","162,124,109","163,126,110","163,128,112","166,133,116","168,137,120","170,141,124","172,144,130","174,147,134","175,148,137","175,151,141","174,153,140","174,156,142","174,159,143","174,161,145","172,159,145","170,158,146","171,158,148","174,161,152","173,160,151","163,150,141","158,142,132","156,140,128","156,137,125","153,133,119","133,110,96","104,80,67","100,72,63","103,73,65","106,76,67","108,76,67","110,76,68","114,78,70","119,80,71","124,84,75","134,90,81","142,96,84","147,100,87","155,105,94","166,116,103","173,121,109","176,121,110","182,125,115","187,129,120","194,135,127","199,142,133","204,147,138","207,152,143","209,155,145","214,160,150","215,163,151","216,164,154","216,165,153","212,160,150","206,157,144","206,156,146","210,160,147","214,165,151","218,169,155","221,172,158","223,173,161","221,172,161","219,171,161","219,171,161","219,172,164","219,172,165","218,172,166","217,172,167","219,174,169","222,177,172","224,179,176","224,179,176","222,177,174","223,178,175","224,180,177","225,181,179","227,183,182","227,184,183","227,185,183","227,185,185","227,185,186","227,186,186","227,187,187","228,188,189","230,190,191","231,191,192","230,193,194","230,196,195","230,197,196","232,198,197","232,197,196","231,195,195","230,192,193","229,190,191","230,189,190","230,188,190","232,187,190","230,185,188","229,183,186","227,180,183","228,179,182","227,178,180","226,176,176","223,173,172","220,170,169","219,169,168","218,168,167","216,166,165","215,165,164","210,160,159","210,160,159","208,158,157","207,157,156","205,155,154","203,153,152","202,152,150","200,151,147","197,150,144","196,149,143","193,146,140","186,140,134","180,135,129","177,132,126","177,132,126","177,134,127","175,132,125","174,131,124","173,131,124","171,131,123","167,127,119","163,123,115","159,120,111","156,118,109","154,115,108","151,113,106","148,111,103","141,106,97","132,97,91","124,90,84","122,91,83","118,88,81","114,84,78","110,82,76","109,82,75","102,74,69","87,61,57","75,54,51","67,50,50","59,43,43","51,35,35","46,30,30","43,27,27","39,25,24","37,23,22","27,16,14","26,15,13","27,16,14","29,18,16","30,20,18","31,21,19","29,19,17","32,19,17","33,20,15","32,17,12","31,17,9","35,21,12","40,26,13","41,26,12","39,23,8","38,22,7","50,34,19","66,48,34","76,58,45","73,55,45","71,52,44","76,54,48","93,69,62","99,72,64","83,55,45","70,42,31","71,44,32","71,44,31","69,43,30","69,45,31","48,26,13","48,29,18","79,63,54","96,84,77","109,102,95","123,118,113","144,141,139","127,129,130","104,108,112","118,120,125","156,158,163","168,170,174","156,157,161","154,154,156","168,168,168","201,199,199","193,192,190","188,187,183","188,186,182","187,184,179","181,178,173","177,175,168","170,171,161","178,181,168","182,183,170","182,181,169","190,186,174","181,176,164","172,167,155","174,170,158","173,172,160","166,169,158","162,169,158","165,178,167","168,185,175","148,170,160","112,140,131","74,116,104","46,96,84","42,91,80","54,101,91","53,98,91","76,118,114","86,125,124","70,106,107","88,122,124","97,128,130","83,112,114","59,85,87","52,76,78","63,85,86","72,95,95","78,107,107","90,121,122","177,168,155","182,173,161","188,176,169","187,176,171","185,175,172","184,177,175","183,180,179","180,182,178","176,181,174","178,181,173","181,179,169","190,178,167","176,155,143","145,113,103","155,117,108","158,114,105","161,118,109","164,122,111","165,124,111","164,126,111","166,129,113","167,132,116","172,139,122","174,143,126","173,144,129","173,145,131","172,145,133","172,145,134","169,145,135","168,147,135","169,151,137","172,157,141","174,161,145","171,159,144","168,156,144","170,157,147","176,163,154","179,166,157","168,155,146","161,145,135","161,144,132","157,138,126","147,128,114","130,107,93","109,84,73","105,78,70","108,79,71","109,79,72","110,79,71","112,79,71","117,82,73","122,84,76","128,89,80","137,94,86","146,100,90","151,103,92","157,107,97","167,116,105","174,122,111","178,123,114","185,127,119","191,132,126","198,139,133","202,144,138","205,148,141","207,151,145","210,155,148","213,160,153","214,162,152","215,163,156","216,166,156","212,162,153","205,157,147","208,159,150","214,165,154","219,171,157","222,174,160","224,176,162","223,175,162","221,173,161","221,173,163","222,175,165","221,174,166","221,174,168","221,176,171","222,177,172","223,178,174","224,179,176","224,180,177","223,179,176","223,179,176","224,180,177","226,182,180","226,183,182","227,185,184","228,186,186","229,188,187","228,186,187","229,188,188","230,190,190","231,191,192","232,193,194","233,193,194","231,193,195","229,195,194","228,196,194","228,197,195","230,198,196","230,197,195","229,194,194","229,191,192","228,189,190","229,189,190","229,187,189","230,185,188","228,183,186","228,182,185","228,181,184","230,181,184","229,180,182","227,177,177","223,173,172","221,171,170","220,170,169","219,169,168","217,167,166","215,165,164","212,162,161","212,162,161","210,160,159","207,157,156","204,154,153","201,151,150","200,150,148","198,149,145","195,148,142","195,148,142","193,146,140","188,142,136","182,137,131","179,134,128","179,134,128","177,134,127","176,133,126","175,132,125","174,132,125","171,131,123","167,127,119","161,121,113","158,120,111","156,118,109","153,114,107","152,113,106","150,112,104","144,107,99","133,98,92","125,90,84","123,91,83","118,88,81","113,83,77","111,82,76","113,84,78","107,79,74","93,67,63","78,56,54","67,50,50","59,43,43","52,36,36","46,30,30","42,26,26","37,23,22","35,21,20","31,20,18","29,18,16","29,18,16","29,19,17","31,21,19","32,22,20","32,22,20","33,20,18","34,20,15","34,20,15","33,19,11","37,23,14","43,29,16","43,27,14","37,21,6","40,24,9","51,34,19","63,45,31","72,54,42","74,56,46","73,54,45","71,49,43","86,62,55","99,72,64","90,62,51","73,45,34","73,45,33","75,47,35","69,41,28","64,39,25","52,29,16","47,29,16","76,60,51","87,75,68","102,96,89","121,116,112","149,147,145","132,132,134","115,115,120","130,130,135","158,158,163","166,166,171","160,161,164","157,157,159","165,164,164","196,195,195","187,187,184","185,184,180","190,188,184","190,188,183","185,183,178","182,181,174","175,177,166","177,180,168","181,183,170","177,177,165","178,176,163","177,174,162","168,165,153","163,161,149","169,171,160","159,165,154","142,155,145","134,152,142","132,156,146","116,145,135","85,119,111","75,120,109","76,124,113","97,144,135","87,132,124","52,92,89","51,88,86","69,103,104","85,116,119","96,125,129","80,109,112","66,94,97","64,92,94","75,103,103","82,112,110","82,113,111","86,119,117","92,127,126","175,169,156","180,173,161","185,176,168","186,176,171","184,175,172","183,176,175","182,180,178","180,181,179","177,180,174","178,180,172","180,177,167","188,176,165","174,153,141","144,112,102","155,118,107","159,117,107","163,120,110","166,123,113","165,125,112","165,127,111","166,130,114","169,134,118","172,141,123","174,144,126","173,145,129","173,145,131","172,146,133","171,145,132","168,144,132","167,146,132","168,151,136","174,158,142","177,163,147","173,160,145","169,157,144","172,160,148","180,167,156","187,174,163","177,164,153","170,154,143","168,151,139","158,139,126","145,124,110","133,110,96","119,94,83","106,79,70","107,80,72","108,79,72","109,79,71","112,81,72","119,84,75","125,89,80","133,94,85","142,99,91","150,105,95","154,106,96","158,109,100","168,117,107","175,123,112","180,125,116","187,129,122","193,135,129","200,141,136","204,145,140","204,148,143","206,151,146","209,154,149","211,158,152","212,159,152","213,162,155","216,166,158","213,163,155","206,158,150","212,162,155","219,170,161","222,174,162","224,176,163","224,176,164","222,174,163","220,173,162","221,174,165","224,177,168","222,175,167","221,176,169","224,179,174","225,182,176","226,182,179","226,181,178","223,180,176","222,180,176","222,180,177","224,181,179","225,183,182","226,185,183","228,187,185","229,188,188","230,189,190","228,188,188","229,190,190","233,193,194","235,196,197","235,197,198","234,197,199","233,195,198","230,195,196","227,196,194","228,197,195","230,197,196","230,196,195","229,194,194","229,191,192","228,189,190","229,189,190","228,186,188","228,183,186","226,182,184","226,180,183","228,181,184","231,182,185","230,181,181","227,178,176","224,174,171","221,172,169","220,171,168","219,170,167","217,168,165","215,166,163","214,164,161","213,163,160","211,161,158","207,158,155","203,154,151","201,151,148","199,149,147","196,147,143","194,146,141","195,148,142","194,147,141","189,143,137","184,139,133","181,136,130","180,135,129","178,134,128","177,134,127","177,134,127","176,134,126","173,132,124","168,127,119","162,121,114","159,120,112","157,118,110","153,114,107","152,113,106","151,113,106","146,109,101","135,100,94","127,92,86","132,100,92","124,93,86","115,85,80","112,83,77","113,85,78","109,82,76","97,72,66","82,60,57","71,54,51","63,47,45","56,40,38","50,34,34","45,29,29","39,25,24","35,23,21","34,23,21","31,20,18","28,18,16","28,18,16","29,20,18","31,21,19","31,21,19","30,19,16","32,19,14","34,20,14","33,19,11","37,23,14","43,29,18","42,26,13","36,20,6","44,28,14","52,35,20","59,41,27","65,47,35","71,53,43","72,52,43","66,44,36","75,51,44","93,66,58","89,62,51","70,44,31","71,44,32","77,51,38","69,42,28","60,35,20","49,28,14","43,25,14","71,56,46","80,68,60","99,92,85","122,117,112","156,154,151","141,140,142","126,126,130","139,138,144","160,159,164","169,168,173","170,169,174","162,162,164","162,162,162","194,194,193","186,185,183","186,185,181","191,190,185","189,188,182","181,181,174","176,176,168","173,174,163","173,175,161","176,178,165","170,170,157","160,160,147","165,165,152","152,153,140","131,135,124","136,146,135","130,144,133","112,132,121","100,126,115","106,137,127","111,147,138","104,143,134","97,140,131","106,150,141","99,141,135","93,133,129","77,113,111","51,84,85","69,99,102","94,122,126","81,109,113","64,93,96","66,96,97","77,108,108","77,110,107","76,111,106","86,122,116","107,142,138","111,146,145","179,177,165","182,178,169","183,176,170","183,174,171","185,176,175","187,179,179","184,180,180","181,179,177","179,178,175","181,180,173","183,177,167","195,181,171","171,148,136","150,118,107","158,122,110","160,122,109","165,126,112","170,131,118","169,133,117","167,132,115","164,131,114","165,133,116","168,137,119","170,140,122","165,137,120","162,135,118","167,141,125","176,150,134","176,152,136","168,147,131","166,147,132","168,151,136","173,156,142","173,159,144","169,156,142","169,156,143","175,161,148","181,167,155","173,159,146","164,148,135","159,141,128","154,135,121","149,127,114","136,111,99","117,91,80","111,86,74","108,82,72","106,78,68","106,77,66","111,80,69","119,86,74","127,91,79","136,97,88","145,103,92","152,108,97","158,112,100","163,115,104","168,120,108","174,123,112","179,127,116","185,132,122","191,137,128","198,142,135","201,146,138","203,149,142","205,152,144","208,155,147","208,155,147","209,156,148","211,159,152","215,163,157","217,165,160","217,166,161","221,168,164","222,172,166","223,173,165","222,173,165","222,173,165","223,175,167","223,176,169","225,178,171","225,179,173","220,175,170","221,177,173","226,182,178","225,184,179","225,183,181","223,182,180","224,183,181","225,185,182","226,186,183","226,185,185","227,185,186","227,187,186","228,189,187","229,190,190","230,191,192","230,191,192","230,193,195","233,194,197","233,196,198","234,197,199","232,197,201","233,197,200","232,197,198","232,198,197","231,198,197","232,197,196","231,195,195","231,193,193","231,193,192","230,191,191","231,189,190","230,188,189","230,186,188","228,184,184","228,182,182","226,180,181","228,180,180","227,179,176","226,179,174","226,179,173","224,177,171","221,173,168","221,173,167","219,171,165","217,168,163","212,163,159","211,162,157","209,159,155","208,157,153","206,156,152","204,153,149","201,150,146","198,147,142","194,145,139","195,146,140","194,145,139","192,144,137","188,141,134","184,138,130","182,135,127","182,136,128","182,138,130","182,139,130","183,139,131","183,140,131","179,136,127","170,126,119","162,120,114","159,117,112","154,113,109","153,113,108","154,115,109","151,113,107","141,106,100","133,100,93","135,105,98","124,94,86","114,87,79","111,86,77","114,89,80","109,86,76","98,76,67","81,62,56","70,52,47","63,46,42","57,40,36","52,36,33","48,32,30","39,25,23","33,22,18","31,20,16","29,18,15","26,16,14","24,15,13","25,17,14","26,19,16","29,21,17","28,19,13","29,18,11","28,18,9","30,17,8","32,18,9","35,23,11","38,24,12","40,24,11","43,25,14","50,31,18","55,35,24","59,39,28","68,48,37","74,52,42","70,48,38","69,46,35","78,54,42","81,57,44","73,49,34","68,45,29","70,47,31","68,45,29","61,39,24","49,28,15","42,24,11","55,39,30","75,63,55","99,90,84","121,115,110","142,138,135","142,141,141","140,140,142","155,156,158","152,153,156","173,174,176","164,164,167","160,160,162","173,173,173","188,188,187","180,180,177","191,190,185","200,200,192","195,195,185","186,186,175","180,180,167","174,174,156","189,189,167","201,201,181","177,179,159","149,153,137","148,156,140","133,145,131","108,124,111","105,126,115","100,128,116","86,118,107","98,136,126","111,151,141","107,150,141","115,160,150","107,148,140","106,144,136","87,124,119","71,105,104","71,105,106","74,108,110","78,111,114","75,107,111","63,95,98","58,90,92","67,97,98","68,100,96","57,90,84","48,82,74","57,91,84","104,137,133","99,132,130","177,178,167","180,179,170","181,176,172","180,174,171","185,176,176","188,179,181","186,180,182","182,178,178","179,176,174","180,177,171","181,173,165","195,179,170","168,143,132","150,118,107","158,122,109","156,119,105","160,123,107","163,127,111","163,128,112","162,129,112","165,133,115","170,139,121","173,143,125","174,145,127","172,144,125","168,141,122","167,142,123","171,146,126","170,148,127","168,146,128","172,150,136","171,152,138","173,156,141","175,159,144","172,158,142","169,156,140","172,159,143","172,159,143","165,152,136","161,144,130","158,140,126","153,131,118","148,126,113","136,109,98","113,87,75","104,81,67","102,78,65","102,76,63","103,76,62","109,80,66","117,86,72","126,91,77","137,99,86","144,104,92","151,108,95","157,113,100","164,116,104","168,120,108","173,123,112","178,127,116","185,133,122","190,138,127","196,144,133","200,148,137","203,151,140","206,153,144","208,155,147","210,157,149","213,160,152","215,162,155","217,164,158","220,167,163","221,168,164","222,169,165","223,171,167","223,172,168","222,172,168","221,172,167","223,174,170","224,176,172","224,178,174","224,179,174","221,177,173","223,179,176","226,184,181","227,186,182","225,185,183","224,184,182","225,187,184","226,188,186","227,187,187","227,187,187","227,187,187","227,188,188","228,190,189","229,190,190","230,191,192","230,193,195","231,195,197","232,196,198","233,197,199","233,198,202","233,198,202","233,198,202","234,199,202","237,201,202","236,200,200","234,198,198","233,195,196","232,193,194","231,191,192","230,190,190","233,191,192","232,190,191","233,189,188","231,186,185","230,184,182","228,182,179","228,180,177","226,179,174","225,178,171","226,179,171","224,177,169","221,174,166","220,173,165","219,171,163","216,167,160","212,163,156","210,161,154","209,159,152","208,158,151","209,156,150","207,154,148","203,151,145","198,148,142","196,146,139","195,146,139","194,145,138","193,144,137","190,141,134","186,138,131","184,137,129","183,136,129","185,138,130","183,139,130","184,140,131","186,142,133","183,139,130","175,130,122","166,122,116","161,117,113","155,113,109","153,112,108","153,114,109","151,113,107","145,108,102","136,103,96","135,105,97","124,96,88","116,89,80","112,88,78","111,89,78","106,85,74","96,77,66","83,64,56","72,54,48","64,47,41","57,40,35","51,36,31","47,32,28","39,25,22","32,21,17","30,19,15","28,18,14","25,16,14","24,16,13","24,17,13","24,19,15","27,21,16","30,21,15","29,20,11","28,18,9","27,17,7","30,18,9","34,21,12","38,24,13","41,27,16","44,26,16","49,31,20","53,33,22","58,37,26","67,45,34","72,50,39","71,49,36","68,46,33","73,51,37","78,56,41","75,53,37","69,46,30","67,44,28","65,44,27","59,39,23","48,29,15","41,23,12","50,35,25","72,61,52","97,87,79","118,109,104","135,129,126","142,141,138","146,147,146","162,163,164","154,156,157","174,175,177","160,161,163","154,154,156","168,168,168","174,174,173","179,179,175","188,188,182","186,186,178","183,183,171","188,189,175","193,193,176","194,193,170","189,188,162","185,185,161","170,172,151","144,150,133","129,142,125","120,136,123","108,131,119","110,139,128","115,149,140","112,151,142","113,155,146","108,152,143","96,141,132","93,138,129","89,126,120","86,117,114","79,111,109","79,113,113","92,126,127","93,128,130","72,107,111","52,88,90","49,84,85","52,88,88","55,90,88","63,97,92","79,112,104","82,114,105","75,106,98","89,120,117","69,99,99","169,171,160","174,174,165","176,172,168","176,170,167","181,172,173","185,176,178","184,177,179","180,176,176","177,175,172","179,176,170","181,173,165","195,179,169","168,142,131","149,117,106","156,120,108","157,119,106","159,122,106","158,122,106","157,122,105","159,125,109","167,134,117","175,143,125","172,143,125","168,139,121","169,141,122","173,146,127","173,147,127","170,145,125","173,148,129","178,155,138","178,156,142","173,154,140","172,155,140","174,158,143","172,158,142","168,155,139","167,154,138","160,147,131","153,140,124","158,141,126","158,140,126","148,127,114","137,115,102","125,98,87","104,77,66","93,70,56","93,70,56","97,71,58","102,75,61","109,81,67","118,87,74","126,91,78","137,99,87","144,104,92","151,108,97","156,112,101","162,115,103","167,119,107","173,123,112","178,128,117","186,134,123","191,139,128","197,145,134","200,148,138","204,151,143","207,154,146","209,156,148","215,162,155","218,165,159","219,166,160","220,167,161","221,168,164","221,168,164","221,168,164","222,169,165","223,172,168","223,172,168","222,173,168","223,175,170","224,176,172","224,178,175","225,180,177","224,180,177","226,182,179","227,186,183","229,188,186","228,188,186","228,188,186","227,189,186","227,189,187","228,188,188","228,188,188","228,188,188","228,189,189","229,191,190","228,192,191","229,193,193","231,195,197","233,197,199","233,199,200","234,200,201","235,200,204","235,200,204","235,200,204","236,201,204","237,203,204","236,201,202","235,199,199","233,196,196","232,193,194","230,191,191","229,189,189","231,189,190","230,188,189","231,187,186","229,184,184","228,182,182","226,180,180","227,179,178","224,177,174","222,177,172","225,178,172","223,176,170","220,173,167","219,172,166","218,170,164","215,166,161","212,163,158","210,161,156","209,158,154","208,157,153","207,156,152","205,154,150","202,151,147","200,149,145","198,148,143","196,147,142","194,145,140","193,144,139","190,141,136","188,140,134","187,140,134","186,139,133","186,140,134","183,138,132","182,138,132","183,140,133","182,139,132","176,133,126","169,126,120","164,120,116","156,114,111","152,111,107","149,110,105","148,111,105","145,108,102","140,107,100","137,107,99","130,101,93","123,96,87","116,92,82","111,89,78","104,83,72","97,77,66","87,69,61","78,61,54","69,52,45","61,44,37","54,39,33","50,35,30","42,29,23","36,25,19","32,20,17","29,19,15","27,17,15","25,16,14","24,16,13","26,18,15","28,21,16","31,23,17","32,22,14","30,20,10","27,17,7","30,17,8","34,21,12","39,25,14","43,28,17","48,30,20","50,31,21","51,31,20","55,34,23","62,40,29","68,46,35","68,46,34","64,42,29","67,45,31","74,52,38","74,52,38","71,48,33","68,45,29","65,42,26","60,38,22","50,30,16","44,26,14","52,35,26","71,57,49","91,79,72","110,101,96","128,122,118","133,132,129","138,140,139","154,156,155","153,155,154","170,170,172","161,161,163","153,153,155","171,171,171","183,183,181","190,191,186","194,195,189","185,186,177","182,182,170","187,188,174","186,186,169","175,174,153","179,178,153","193,193,171","184,187,168","145,153,138","120,133,118","112,129,118","106,130,119","104,132,124","107,138,132","117,153,146","112,150,144","110,149,144","105,147,141","82,122,117","72,107,103","69,100,97","68,101,100","76,111,110","85,119,120","76,112,113","60,96,98","51,89,90","57,95,96","67,105,104","75,112,109","89,124,119","103,138,130","113,145,137","110,141,133","84,116,112","56,88,87","165,167,156","171,170,161","175,172,167","176,169,167","179,170,171","183,174,176","183,176,178","178,174,174","176,174,171","180,177,172","184,176,168","199,183,173","170,144,134","148,116,105","154,118,106","156,119,105","160,123,108","159,122,107","155,119,104","158,123,108","166,133,116","172,140,124","173,142,125","168,138,121","167,139,121","175,148,129","179,152,133","175,149,130","177,151,133","182,159,143","178,156,142","171,153,139","170,153,138","172,156,141","170,155,140","164,151,135","161,148,132","158,145,129","156,143,127","163,146,131","162,144,130","150,128,115","135,113,100","119,92,81","96,70,59","85,62,48","88,65,51","95,69,56","103,76,63","111,83,70","120,89,77","127,93,80","138,101,89","145,105,94","151,109,97","155,112,101","161,114,102","165,118,106","172,123,112","178,127,116","185,133,122","191,139,128","197,144,134","201,148,139","205,152,144","208,155,147","210,157,150","214,161,155","217,164,158","218,165,160","220,167,161","221,168,164","221,168,164","221,168,164","221,169,165","222,171,167","223,173,169","223,174,170","222,174,170","223,175,171","224,178,175","225,180,177","225,181,179","227,183,181","227,186,184","229,188,186","229,189,188","229,189,188","228,190,188","228,190,188","229,190,189","229,190,189","229,190,189","229,191,190","230,192,191","230,193,193","231,195,195","232,197,198","234,198,200","234,200,201","235,201,202","236,202,205","236,202,205","236,202,205","235,201,204","234,200,201","234,199,200","233,198,198","232,195,196","232,194,194","231,192,193","231,191,192","230,188,189","229,187,188","229,185,185","228,183,183","226,180,180","225,178,178","225,177,176","223,176,173","222,177,171","224,178,172","221,175,169","219,172,166","219,172,166","218,170,164","214,165,160","212,163,158","211,162,157","210,159,155","209,158,154","208,157,153","206,155,151","202,151,147","200,150,146","198,149,144","197,148,143","194,145,140","192,143,138","190,141,136","188,141,135","188,141,135","188,142,136","188,143,137","185,140,134","181,137,131","181,138,131","180,137,130","175,132,125","170,127,122","165,121,118","157,115,112","151,110,106","148,108,104","146,109,103","146,109,103","143,110,103","139,107,100","134,105,97","128,100,92","120,94,85","111,87,77","103,81,70","97,76,66","91,71,63","82,65,58","72,55,48","63,46,39","58,40,35","52,36,31","46,31,26","41,27,22","35,22,19","31,21,17","29,19,16","27,18,15","26,18,15","28,20,17","30,22,17","32,24,18","33,23,15","30,20,10","27,17,7","30,17,8","33,20,11","38,24,13","42,27,16","50,32,22","49,30,20","50,30,19","54,33,22","59,37,26","63,41,30","64,42,31","59,38,26","61,41,27","68,47,33","73,51,37","73,50,34","69,46,30","65,42,26","60,37,22","51,30,16","45,27,14","52,35,25","67,54,45","85,73,66","105,95,89","124,118,113","135,133,130","142,143,141","152,153,151","150,151,150","160,160,161","155,155,156","146,146,147","171,171,171","189,189,186","186,187,182","191,192,186","193,193,184","188,189,177","184,186,172","178,179,162","175,175,155","184,185,163","193,195,175","170,176,159","132,142,127","118,133,121","113,132,123","107,130,122","105,131,128","93,123,119","100,134,130","94,129,126","100,135,132","104,140,138","70,105,103","63,96,93","67,100,96","75,109,108","79,115,113","67,104,104","51,90,89","50,88,89","58,99,98","69,108,108","78,118,116","91,129,126","103,140,134","101,136,129","107,141,132","114,148,140","63,96,92","38,71,70","166,168,157","174,173,164","179,176,171","180,173,171","182,172,173","185,176,178","186,179,181","180,176,176","176,174,171","182,179,174","187,180,171","203,187,177","173,147,137","149,118,107","153,117,105","150,112,99","157,119,106","157,119,106","153,116,102","156,121,107","165,131,116","169,137,122","178,145,130","178,147,132","173,145,129","178,151,134","182,155,138","180,154,137","179,153,137","180,157,142","175,153,139","169,150,136","169,151,137","170,154,139","167,152,137","161,148,132","159,146,130","164,151,135","165,152,136","168,152,137","167,149,135","155,133,120","138,116,103","117,90,79","91,64,53","82,59,45","87,63,50","96,70,57","105,78,65","114,85,74","123,92,80","130,96,84","139,103,91","144,107,95","150,109,97","153,111,99","159,112,102","164,116,106","171,123,111","176,127,115","183,131,120","189,137,127","195,142,134","199,146,138","203,150,142","207,154,147","210,157,151","212,159,153","214,161,155","216,163,158","218,165,161","219,166,162","220,167,163","221,168,164","221,168,165","221,170,167","224,174,170","225,176,172","222,174,170","222,174,170","223,177,173","226,181,178","227,183,182","228,184,183","227,186,184","229,188,186","231,191,191","231,191,191","229,191,190","229,191,190","230,192,191","230,192,191","230,192,191","231,193,192","231,194,193","232,195,195","233,197,197","233,199,199","234,200,201","235,201,202","236,202,203","235,203,206","235,203,206","235,203,206","234,201,203","232,198,199","232,198,199","232,198,199","232,197,197","232,196,196","233,195,195","234,194,195","231,191,192","231,189,190","232,188,189","230,185,186","229,183,183","227,181,181","226,180,179","223,178,174","222,177,172","223,178,172","221,176,170","219,173,167","219,172,166","217,170,164","214,167,161","213,164,159","211,162,157","209,160,155","209,160,155","208,157,153","206,155,151","202,152,148","199,150,145","197,148,143","196,147,142","194,145,140","192,144,139","189,142,136","187,140,134","187,140,134","187,142,136","188,143,137","185,142,135","180,137,130","178,135,128","178,135,128","173,130,124","170,127,123","167,123,120","159,117,114","152,111,107","147,107,103","144,107,101","146,109,103","145,110,103","136,104,97","131,102,94","126,98,90","118,92,83","109,84,74","100,77,66","94,72,62","88,67,59","80,61,54","71,52,46","62,44,38","59,40,34","54,37,30","48,31,27","43,28,23","39,26,23","36,24,21","32,22,18","30,21,17","30,20,18","31,22,19","33,24,19","34,25,19","34,25,16","33,23,13","30,20,10","32,19,10","33,20,11","37,23,12","40,25,14","49,31,21","47,28,18","48,28,17","53,33,22","57,35,24","59,37,26","61,39,28","59,39,26","59,40,26","65,44,30","71,49,35","72,49,35","66,43,27","61,38,22","57,34,20","47,26,13","42,24,11","48,31,21","62,47,38","79,66,59","102,91,85","126,119,113","143,139,136","152,152,150","155,155,153","152,152,150","152,152,152","152,152,152","142,142,141","170,170,169","184,184,181","176,177,172","185,186,179","189,190,181","181,183,171","180,182,168","187,189,173","179,184,164","176,182,162","179,186,169","164,176,160","129,145,132","106,126,115","91,115,108","81,108,103","79,108,106","75,106,105","83,115,114","78,111,111","83,116,117","90,123,124","69,102,102","65,99,97","67,102,99","74,109,108","77,114,112","67,105,104","54,94,93","56,97,95","69,110,108","83,124,122","86,127,124","86,126,121","93,131,125","100,136,129","101,137,129","90,126,118","50,85,81","37,71,70","168,170,159","177,176,167","182,179,174","182,176,173","184,174,175","186,177,179","187,180,182","182,178,178","178,176,173","183,180,174","187,179,171","202,186,177","173,147,137","151,119,108","156,120,108","150,112,99","158,119,107","157,119,106","151,114,100","155,119,105","165,130,116","168,135,120","173,140,125","176,144,129","175,145,130","175,148,131","177,150,133","181,154,137","185,159,142","183,159,144","173,152,138","170,152,138","171,154,140","171,155,140","167,153,137","163,150,134","163,150,134","171,158,142","169,156,140","165,149,134","162,144,130","155,133,120","140,118,105","113,87,75","84,58,46","82,59,46","86,63,51","95,70,58","105,77,66","115,86,74","124,93,82","131,98,86","140,104,92","145,108,96","150,108,98","153,110,100","158,111,101","163,116,106","170,122,112","175,126,116","180,130,120","186,135,126","192,141,132","197,146,138","201,150,143","205,154,147","208,157,150","210,159,154","212,161,156","214,162,158","216,164,160","218,166,163","219,167,164","219,167,164","220,168,165","221,170,167","224,174,170","225,176,172","223,174,171","221,173,171","222,176,174","227,181,180","229,185,183","229,185,184","228,186,186","230,189,189","233,193,193","233,194,194","230,192,191","230,192,191","231,193,192","231,193,192","231,193,192","230,194,193","231,196,194","232,197,196","233,198,198","232,198,199","233,199,200","233,200,201","235,202,203","235,203,206","235,203,206","235,203,206","234,202,204","233,200,202","233,200,202","233,199,200","234,198,200","233,197,199","234,196,198","235,196,197","233,193,194","233,192,193","232,190,191","231,187,188","230,185,186","229,183,184","228,182,182","225,179,177","222,178,173","224,179,173","222,177,171","219,174,168","218,173,167","218,171,165","215,167,162","212,164,160","211,163,158","210,161,156","209,160,156","208,158,154","206,156,152","202,153,149","198,149,145","195,147,142","195,146,142","193,145,141","192,144,140","189,141,137","185,139,134","183,138,132","182,137,132","185,140,135","184,141,134","179,136,130","177,135,129","176,134,128","172,131,125","169,127,122","166,124,120","160,119,115","153,112,108","147,108,103","144,107,101","146,109,103","145,110,103","135,103,96","130,100,92","125,95,87","118,89,81","111,83,74","102,76,66","94,68,60","85,63,56","77,57,50","69,49,43","63,44,38","60,41,35","57,39,32","52,34,28","45,30,24","43,29,25","40,27,23","37,24,20","34,23,19","33,23,19","33,24,20","35,26,21","36,26,20","36,26,18","35,25,16","34,24,14","36,23,14","36,23,14","38,24,13","40,25,14","48,30,20","45,27,16","47,27,16","54,34,23","57,35,24","57,35,24","59,37,26","57,36,25","55,36,23","60,39,26","69,47,33","72,49,35","66,43,28","61,38,23","59,36,22","49,28,14","44,24,10","46,28,17","56,39,30","70,57,48","95,82,76","122,113,107","140,135,131","152,151,147","155,154,151","156,155,152","153,152,151","156,156,154","146,146,144","176,176,174","187,187,184","179,181,175","184,186,179","183,186,176","177,181,168","182,185,170","189,194,178","178,187,169","170,184,165","169,184,168","150,169,153","112,134,122","96,122,111","99,129,123","107,139,135","119,153,152","120,155,154","112,146,147","100,135,137","88,121,123","74,107,109","64,97,98","71,105,104","70,104,103","66,102,101","65,102,101","63,102,101","62,102,100","65,107,103","74,116,113","88,130,126","91,133,128","88,128,122","94,132,126","108,145,138","97,133,125","64,99,93","52,88,84","47,83,81","167,169,158","176,176,166","182,178,174","181,175,172","182,172,173","184,175,177","185,178,180","183,179,178","181,178,176","182,179,173","184,176,168","199,183,173","171,146,135","152,120,109","160,124,112","161,122,109","166,127,115","162,124,111","153,115,102","155,119,105","166,130,116","168,135,120","167,134,119","172,140,125","177,146,131","171,142,126","167,139,123","173,146,129","182,155,138","181,156,141","174,152,138","173,155,141","175,157,143","175,159,144","170,155,140","166,153,137","169,156,140","178,165,149","171,158,142","164,147,132","160,142,128","155,134,121","144,122,109","115,88,77","81,58,45","83,61,48","87,64,51","94,70,58","103,77,65","113,86,73","122,93,81","129,97,86","139,104,93","145,108,96","149,109,99","152,109,100","157,112,101","163,116,105","170,122,112","175,126,116","178,128,119","184,134,125","190,140,131","195,145,137","199,149,142","203,153,146","206,156,149","211,161,156","213,162,158","215,164,160","216,165,161","217,166,163","218,167,164","218,167,164","218,167,164","220,169,166","224,174,171","226,177,173","223,174,171","221,173,171","222,176,175","227,181,181","231,187,186","231,187,186","230,188,189","233,191,192","235,195,195","235,196,196","232,194,193","231,193,192","232,194,193","232,194,193","231,195,193","231,196,194","232,197,195","232,198,196","233,199,198","232,198,199","233,199,200","232,200,201","233,201,202","234,202,205","234,202,205","234,202,205","235,203,206","237,205,208","236,204,206","236,202,203","236,201,203","235,200,202","236,198,200","236,197,198","233,193,194","232,192,193","231,189,190","229,187,188","229,185,186","227,183,184","227,181,182","224,179,178","223,180,175","225,181,175","223,178,173","219,174,169","219,174,169","219,172,167","216,168,164","213,165,161","211,163,159","210,161,157","209,160,156","208,159,155","206,157,153","203,154,150","197,149,145","193,145,141","194,146,142","193,145,141","192,144,140","188,141,137","183,138,133","181,136,131","177,132,127","180,137,131","182,139,133","179,136,130","176,135,129","176,135,129","173,132,126","169,128,123","165,124,120","161,120,116","155,114,110","148,109,104","145,106,101","145,108,102","145,110,104","138,105,98","133,101,94","127,95,88","121,91,83","116,86,78","107,78,70","97,69,61","86,62,55","77,56,50","71,51,44","68,48,41","66,45,40","63,44,38","58,39,33","52,34,28","46,30,26","43,29,24","40,26,23","37,24,21","36,24,20","36,25,21","38,27,21","38,28,22","39,28,20","39,29,19","39,29,19","40,27,18","39,26,17","39,25,14","40,25,15","45,27,17","43,24,14","48,28,17","55,35,24","58,36,25","55,33,22","57,35,24","52,31,20","48,28,16","53,32,21","65,43,29","72,48,36","69,46,32","67,44,30","67,44,30","58,35,21","50,28,15","48,27,17","51,32,24","60,44,37","83,68,62","110,99,93","136,130,124","153,151,146","156,155,150","158,157,153","153,152,149","156,155,153","142,142,140","172,172,169","184,185,181","176,178,172","178,181,173","182,185,175","189,193,180","192,196,182","179,187,171","164,180,161","165,187,168","162,186,170","133,162,146","117,148,135","130,165,153","131,170,163","118,158,153","116,156,154","113,153,153","94,134,134","98,136,137","91,128,129","67,102,104","65,99,101","65,99,100","72,106,106","78,114,114","76,112,112","68,107,106","62,103,99","59,100,96","55,97,93","55,97,92","67,109,103","88,128,123","104,142,136","106,143,136","81,116,109","53,88,82","60,96,92","53,89,87","177,179,168","179,179,170","181,177,173","181,174,172","182,172,173","184,175,176","185,178,180","188,184,183","184,181,179","183,179,174","187,179,171","196,180,170","179,153,142","147,115,104","161,124,113","159,119,109","156,116,106","162,122,111","170,132,121","169,132,120","162,125,113","159,124,112","164,130,118","174,142,128","179,147,134","172,142,128","168,139,125","176,148,133","179,152,137","174,149,135","177,156,142","179,160,146","175,157,143","169,153,138","170,155,139","175,162,146","180,167,151","184,171,155","169,156,140","177,160,146","171,153,139","142,121,108","131,109,96","106,80,69","82,59,47","81,60,49","85,64,53","96,73,61","105,80,68","112,85,74","120,91,80","131,99,88","141,106,96","147,109,99","150,112,102","154,113,104","159,115,106","163,119,109","170,122,114","174,125,118","178,128,121","183,133,126","189,139,132","195,145,138","200,150,143","204,154,149","208,157,153","210,159,155","213,162,158","215,164,161","215,164,161","215,164,161","215,164,162","217,166,165","219,168,167","220,169,168","223,172,171","225,175,174","225,177,176","225,177,177","225,178,178","226,180,180","231,186,187","232,188,189","231,189,190","233,191,192","232,192,193","230,191,192","228,189,190","228,190,190","228,192,190","229,194,192","231,196,194","231,196,194","231,197,195","232,198,197","235,201,200","232,199,200","231,199,200","232,200,201","233,201,202","233,203,205","235,205,207","236,206,208","238,207,209","238,206,209","235,203,206","232,200,203","232,198,202","233,199,201","234,198,200","233,197,199","234,195,196","234,194,195","233,191,193","230,188,189","228,186,187","227,185,186","228,184,184","227,183,181","225,181,177","222,178,172","220,176,170","218,175,169","217,174,168","216,172,166","214,169,164","212,164,160","211,163,159","210,162,158","211,163,159","210,161,157","207,158,154","202,153,149","200,151,147","198,150,146","197,149,145","195,147,143","194,147,143","192,147,142","189,145,139","186,143,137","178,135,129","179,136,130","180,137,131","179,138,132","178,137,131","174,133,127","169,128,122","165,124,119","162,121,117","161,120,116","157,116,112","151,112,107","147,108,103","144,107,101","143,107,101","142,107,101","138,105,98","134,101,94","127,97,89","118,88,80","107,77,69","97,68,60","91,64,57","84,60,55","76,53,47","68,47,40","65,44,38","62,43,36","60,40,35","55,38,31","52,34,28","46,31,25","42,27,22","39,26,20","39,26,20","39,26,21","38,26,21","34,23,17","37,27,19","44,34,24","46,36,26","46,33,24","44,31,22","40,26,15","35,20,10","37,19,9","42,23,13","48,28,17","52,31,20","53,31,20","52,30,19","53,31,20","52,31,21","52,32,21","54,31,21","55,33,20","62,39,26","69,44,32","66,41,28","57,34,20","53,30,16","52,30,17","51,29,18","52,32,24","56,38,31","71,54,47","100,86,80","124,117,109","149,146,138","155,152,145","153,151,145","163,162,158","157,156,152","150,150,146","171,172,167","184,185,180","177,179,173","177,180,172","181,186,175","184,190,177","182,188,174","173,184,167","160,181,163","163,193,175","154,186,169","117,154,138","119,159,146","122,166,154","113,160,152","118,166,160","110,159,156","97,145,143","62,109,109","67,111,111","75,117,117","57,96,97","55,91,92","73,108,110","94,128,129","88,124,124","57,93,93","57,96,93","63,104,100","71,111,107","88,129,123","72,114,108","49,90,84","57,96,90","86,124,116","86,123,116","64,100,94","59,94,89","59,93,92","58,93,91","185,187,176","186,186,176","187,183,179","186,180,177","187,177,178","187,178,180","188,181,183","187,183,183","182,180,177","183,180,174","187,180,171","194,178,168","176,151,140","143,111,100","159,121,111","161,121,111","154,113,104","157,117,107","169,129,120","173,133,124","167,130,119","163,127,116","163,128,117","168,134,123","172,139,127","166,134,122","162,133,120","170,141,128","175,147,134","173,147,134","176,155,142","177,158,144","172,155,141","166,150,135","167,152,137","174,161,145","179,166,150","180,167,151","165,152,136","174,158,143","169,151,137","140,118,105","125,102,89","102,75,64","81,58,46","81,60,49","85,64,53","95,73,60","104,80,68","111,84,73","118,90,79","130,98,89","140,106,96","145,109,99","149,111,101","153,114,104","158,115,106","162,118,109","168,122,114","173,125,118","177,128,121","183,133,126","189,139,132","194,144,137","198,149,142","203,153,148","207,157,153","209,159,155","212,162,158","214,163,160","214,164,161","214,164,161","215,164,162","217,166,165","219,168,167","221,170,169","224,173,172","225,175,175","225,177,176","226,178,178","225,179,179","226,180,181","229,185,186","231,187,188","230,188,189","232,190,191","232,192,193","231,191,192","230,191,192","229,191,191","228,193,191","230,195,193","231,196,194","230,196,194","230,196,194","230,197,196","233,200,199","232,199,200","231,199,200","232,200,201","232,200,201","233,203,205","234,204,206","235,206,208","236,206,209","235,204,207","233,201,205","230,198,202","231,198,202","233,198,202","234,198,201","233,197,199","234,195,198","233,194,196","232,192,193","230,188,190","228,186,188","227,185,186","227,184,185","227,184,183","225,182,179","222,179,174","219,177,172","218,175,170","217,174,169","217,172,168","215,170,166","213,166,162","212,165,161","211,163,160","211,163,160","210,161,158","207,158,155","202,154,151","199,151,148","197,149,146","195,148,145","194,147,143","193,148,144","194,149,144","192,147,142","189,146,140","183,140,135","182,140,134","181,140,134","180,139,134","178,138,132","174,134,128","169,129,123","165,125,120","163,123,119","161,121,116","157,117,112","151,112,107","148,109,104","144,107,101","144,107,101","142,107,101","140,105,99","138,103,97","132,99,92","124,91,84","111,80,73","101,71,63","92,64,57","85,59,53","77,52,47","71,48,42","68,45,39","65,44,37","59,39,33","54,35,29","53,35,28","49,32,25","44,27,22","40,25,20","40,25,20","39,26,21","38,25,20","38,26,19","42,32,23","47,37,27","46,36,26","44,32,23","42,29,20","38,24,13","33,19,8","36,18,8","45,26,16","52,32,21","55,34,23","54,32,21","53,31,20","53,31,20","50,29,20","49,30,20","52,30,21","52,30,19","59,35,23","67,43,30","67,41,28","60,35,22","53,29,15","56,33,19","56,33,21","57,35,25","56,36,28","63,44,36","83,68,61","104,95,87","133,129,119","146,143,135","150,147,140","164,162,157","154,153,149","149,149,145","172,173,168","186,187,182","173,175,169","173,177,169","183,189,179","185,191,180","180,187,173","174,185,169","158,181,164","144,177,160","131,168,151","106,147,131","109,155,142","116,165,154","103,155,146","109,162,156","116,169,164","88,140,137","60,110,108","51,98,98","60,104,103","69,110,109","71,107,109","92,127,129","84,117,119","60,93,96","44,80,80","77,113,111","103,142,139","101,141,135","104,145,139","98,139,133","79,119,112","59,97,90","60,96,90","68,103,97","61,95,92","51,86,82","46,80,78","45,78,77","175,177,166","177,177,167","179,176,171","180,173,171","181,172,173","182,173,175","184,177,179","181,177,177","179,176,174","184,180,175","188,181,172","194,178,168","176,150,140","145,113,102","161,123,113","163,122,115","156,113,106","155,113,106","163,123,115","168,128,120","165,127,118","163,125,116","163,127,118","166,131,122","168,135,125","164,132,121","161,130,119","166,136,125","173,143,132","174,147,134","164,142,129","167,148,134","167,150,135","165,149,134","165,151,135","169,156,140","173,160,144","175,162,146","166,153,137","170,153,139","166,148,134","142,121,107","123,101,88","105,79,68","87,63,51","81,60,49","85,64,53","94,72,61","102,79,68","109,82,73","116,89,78","128,97,88","138,105,95","145,108,99","149,111,102","153,113,105","157,114,105","161,118,109","167,122,114","172,125,118","177,128,121","182,133,126","188,139,132","193,144,138","197,148,143","202,153,148","206,157,152","208,159,154","210,161,157","213,163,161","213,163,162","213,163,162","214,164,163","216,166,165","219,169,168","222,171,170","224,173,173","225,175,176","225,177,177","226,178,178","225,179,180","226,180,182","227,183,184","229,185,186","229,187,189","230,188,190","231,191,192","232,192,194","232,193,195","230,192,193","229,194,192","230,196,194","231,197,195","230,196,194","229,195,193","229,197,195","231,200,198","232,200,200","231,199,200","231,201,201","231,201,201","232,202,204","234,204,206","234,205,207","235,205,208","234,203,208","233,202,207","233,201,206","234,202,205","236,202,206","236,201,205","236,200,203","234,196,199","233,194,197","232,192,193","230,189,191","229,187,189","227,185,187","226,184,186","226,184,184","225,184,181","221,180,176","219,178,174","219,176,172","218,174,171","217,173,170","215,171,168","213,168,165","211,166,163","211,163,161","211,163,161","210,162,160","207,159,157","204,156,154","201,153,151","197,152,149","196,151,148","194,149,146","195,150,147","195,151,148","193,149,146","191,147,144","186,145,141","184,143,139","182,141,137","180,140,136","178,139,134","174,135,130","169,130,125","166,127,122","164,125,120","161,122,117","157,118,113","152,113,108","149,110,105","144,107,101","143,106,100","142,105,99","141,105,99","139,104,98","136,101,95","130,96,90","121,87,80","111,79,72","100,71,64","91,64,57","84,58,51","77,52,45","74,49,44","71,47,41","63,42,35","57,37,30","56,36,30","51,33,27","46,28,22","43,26,20","41,25,21","41,26,21","39,25,19","39,26,19","41,31,22","44,34,25","43,33,23","41,28,19","41,28,19","39,25,14","35,21,10","36,18,8","47,28,18","57,37,26","61,40,29","59,37,26","55,33,22","54,32,22","52,32,22","52,33,24","53,33,24","53,32,22","58,34,22","62,38,26","66,40,27","64,38,25","62,36,23","61,37,24","57,32,21","54,31,21","51,31,22","55,36,27","71,56,47","88,78,69","118,113,102","134,130,121","140,137,128","155,152,146","147,145,140","147,147,143","171,172,167","178,179,174","175,178,172","181,186,178","187,193,183","181,188,177","174,182,168","173,185,169","148,171,154","125,157,140","130,165,150","122,162,147","111,156,143","115,165,154","105,158,149","98,153,145","104,158,153","100,153,149","65,115,112","54,101,99","68,111,110","75,115,114","98,133,135","108,139,143","67,98,102","56,86,90","81,113,115","104,140,138","102,140,136","92,131,125","93,132,125","93,132,124","99,137,129","71,108,101","51,86,82","60,92,89","61,92,91","48,79,78","56,87,86","58,90,89","168,170,159","171,170,161","174,171,166","177,170,168","179,169,170","180,171,173","182,175,177","179,175,175","177,175,172","184,181,176","188,180,172","192,176,166","176,150,139","144,113,102","159,121,111","160,120,112","159,116,109","159,116,109","160,118,111","160,120,112","159,120,112","162,124,115","163,126,117","163,128,119","165,131,121","162,130,119","159,127,116","160,128,117","167,137,126","172,145,133","166,144,131","166,148,134","166,149,134","164,148,133","163,149,133","167,154,138","173,160,144","177,164,148","172,159,143","170,153,139","164,146,132","144,122,109","121,98,85","109,82,71","95,71,59","80,60,49","83,63,53","92,70,59","100,77,66","106,80,71","114,87,77","126,96,86","136,105,95","143,107,98","147,109,101","151,112,104","156,113,106","160,116,109","165,121,114","170,124,118","176,127,122","181,132,127","187,138,132","191,142,137","195,146,141","200,151,146","204,155,150","206,157,152","208,159,155","211,161,159","211,161,160","212,162,161","213,163,163","215,165,165","218,168,168","222,170,171","224,173,174","225,175,176","225,176,178","224,176,178","224,177,179","225,179,181","225,180,182","227,183,185","228,186,188","227,185,187","229,189,192","234,194,196","234,195,198","231,193,194","229,194,193","230,196,194","231,197,195","229,196,194","228,196,193","228,197,194","230,199,197","231,201,200","231,201,201","230,200,200","231,201,201","231,201,203","232,202,204","233,204,206","234,204,207","234,203,208","234,203,208","235,204,209","237,205,210","239,207,211","239,205,209","237,202,206","234,198,200","234,195,198","233,192,195","230,189,192","228,188,189","227,186,188","227,185,187","227,186,186","227,186,183","223,182,178","221,180,176","220,178,174","219,177,173","219,175,172","217,173,170","215,170,167","213,168,165","211,165,163","211,165,162","211,163,161","209,161,159","206,158,156","204,157,155","202,157,154","200,155,152","198,153,150","198,153,150","197,153,150","195,151,148","191,149,145","189,148,144","185,145,141","182,143,138","179,140,135","177,138,133","172,133,128","169,130,125","168,129,124","166,127,122","161,122,117","157,118,113","154,115,110","151,112,107","146,109,103","143,106,100","138,101,95","139,102,96","140,103,97","140,104,98","137,101,95","129,94,88","122,89,82","112,81,75","102,74,67","93,66,59","83,57,50","78,53,47","75,50,43","69,46,40","64,44,37","60,40,34","55,36,30","50,31,25","46,29,22","45,28,22","44,27,21","41,26,21","37,24,17","38,27,18","40,30,20","38,28,18","37,24,15","39,26,17","40,26,15","37,23,12","36,18,8","47,28,18","59,39,28","64,43,32","63,41,30","58,36,25","53,32,22","53,33,25","54,35,28","56,37,28","55,35,26","55,31,21","56,31,19","62,36,23","66,39,26","68,41,29","66,40,27","56,31,19","51,28,17","49,28,18","52,32,23","65,48,39","78,67,58","106,100,89","123,119,108","131,127,118","147,144,137","139,137,131","142,141,136","168,169,164","179,181,175","180,183,177","177,183,175","174,181,170","173,181,169","177,185,171","180,192,177","159,178,163","125,151,136","129,158,146","122,156,145","100,138,128","108,153,144","114,162,155","109,159,153","108,158,153","108,158,154","77,124,121","51,94,93","67,106,106","95,129,130","112,143,145","92,121,126","71,99,106","90,118,122","109,139,141","115,148,146","111,147,143","101,138,131","97,134,126","96,132,125","96,132,125","65,100,94","46,77,74","55,85,82","62,91,91","57,86,86","70,99,99","72,103,102","174,176,165","177,176,167","180,177,172","181,175,172","183,173,174","182,173,175","183,176,178","180,176,176","179,176,174","185,181,176","184,177,168","188,172,162","172,146,135","140,108,97","152,114,103","155,115,107","161,118,111","164,121,114","163,121,113","158,118,110","161,122,113","167,129,120","166,129,120","163,127,118","164,130,120","165,132,121","162,130,119","158,127,116","165,135,124","177,150,138","181,159,146","172,154,140","163,146,132","158,142,127","155,141,125","162,149,133","175,162,146","181,168,152","180,167,151","170,153,139","161,143,129","143,121,108","112,90,77","104,78,66","93,70,58","79,59,50","81,62,52","90,69,58","97,75,65","103,78,69","113,85,75","125,95,85","135,103,94","141,106,97","147,109,100","150,112,103","155,112,105","159,115,108","164,119,113","169,123,117","175,128,122","181,132,127","186,137,132","190,141,136","194,145,140","198,149,145","202,153,149","204,155,151","207,158,154","209,159,157","211,161,160","211,161,160","212,162,162","215,165,166","218,167,169","221,169,171","223,172,173","224,174,175","224,174,177","223,174,177","222,175,178","223,177,179","223,178,181","228,183,186","228,186,188","225,183,185","228,187,191","234,194,198","234,196,198","230,193,193","228,193,192","230,196,194","231,197,195","229,196,194","227,196,193","228,197,195","231,200,198","231,201,200","231,201,201","230,200,200","230,200,200","230,201,203","231,202,204","232,203,205","232,203,206","232,201,206","232,201,206","234,203,208","237,205,210","238,206,211","237,202,207","234,199,203","234,198,200","233,196,198","232,193,196","231,190,193","229,189,190","227,187,188","228,186,187","228,186,186","228,187,184","224,183,179","222,181,177","221,180,176","220,179,175","220,177,173","218,174,171","217,172,169","215,170,167","212,167,164","211,166,163","212,164,162","210,162,160","207,159,157","207,160,158","207,162,159","204,159,156","202,157,154","200,155,152","197,153,150","194,151,148","190,149,145","188,147,143","186,145,141","183,144,139","180,141,136","178,139,134","173,134,129","169,130,125","168,129,124","166,127,122","160,121,116","157,118,113","155,116,111","153,114,109","148,110,104","144,107,101","137,100,94","137,100,94","139,102,96","140,103,97","140,103,97","135,99,93","130,96,89","123,91,85","112,83,77","99,72,65","87,60,53","80,54,47","76,51,44","72,48,43","69,47,41","64,42,36","58,39,32","52,33,27","48,30,23","46,29,22","45,27,21","42,25,21","38,24,17","38,27,18","39,29,19","36,26,16","35,22,13","37,24,15","39,25,14","36,22,11","36,18,8","44,26,15","56,36,25","64,43,32","66,44,33","61,39,28","53,32,22","47,27,19","48,29,22","53,34,27","54,34,25","52,29,19","50,25,13","59,32,20","66,39,27","65,37,25","66,39,26","60,34,22","57,33,22","55,33,23","53,32,22","58,39,29","65,52,42","92,85,73","112,108,97","128,124,114","147,144,136","135,133,126","133,132,127","161,162,156","180,181,175","174,178,171","171,176,168","175,182,170","181,189,176","177,186,172","164,176,161","135,147,135","83,99,88","73,93,82","73,98,88","63,96,87","76,115,107","82,124,117","85,130,124","100,144,141","95,138,136","77,117,116","60,95,96","78,110,111","105,133,134","100,126,129","75,100,107","69,94,102","79,105,111","69,97,100","71,102,101","82,115,110","83,117,110","95,130,123","106,140,133","83,116,109","58,91,86","61,91,88","73,100,99","73,100,100","71,97,98","70,97,98","68,97,97","179,181,170","182,181,172","185,182,177","185,179,176","185,175,176","183,174,176","183,176,178","181,177,177","181,179,176","184,180,175","182,174,165","186,170,160","174,148,137","142,110,99","151,112,102","153,111,103","162,118,111","167,124,117","166,124,116","162,122,114","164,125,115","168,130,121","168,130,121","165,128,119","167,132,122","173,139,129","171,138,128","165,134,123","171,141,130","185,158,146","182,160,147","172,153,139","162,145,130","156,140,125","152,138,122","157,144,128","170,157,141","177,164,148","180,167,151","169,152,137","161,143,129","146,124,111","108,85,72","100,74,63","91,68,56","79,59,50","81,62,52","88,68,59","95,73,64","101,77,67","110,83,74","123,94,86","135,103,94","140,106,97","146,109,100","149,111,102","155,112,105","158,115,108","164,119,113","169,123,117","175,128,122","180,133,127","185,138,132","189,142,136","193,146,140","196,149,144","200,152,148","202,154,152","205,157,155","208,160,158","209,161,159","210,162,162","211,163,163","215,166,166","218,167,168","220,168,170","221,170,172","222,172,173","222,172,175","221,172,175","220,173,176","221,175,177","223,177,180","229,184,187","229,187,190","223,181,185","226,185,189","234,194,198","234,196,198","228,192,192","227,192,191","229,195,193","230,196,194","229,197,194","228,197,194","229,198,196","232,201,199","231,201,201","231,201,201","229,201,200","229,201,200","229,200,202","230,201,203","231,202,204","231,202,205","230,200,204","231,201,206","234,203,208","236,205,210","236,204,209","235,200,205","231,196,200","233,198,202","233,197,200","232,193,196","230,190,194","229,188,192","228,187,190","228,186,187","228,187,186","229,188,185","225,184,180","223,182,178","222,181,177","221,180,176","221,178,174","219,175,172","218,174,171","215,171,168","213,168,165","211,166,163","211,166,163","210,164,161","209,161,159","208,161,158","206,161,158","203,158,155","201,156,153","199,155,152","197,153,150","194,152,148","190,149,145","187,146,142","186,145,141","185,146,141","183,144,139","181,142,137","176,137,132","170,132,127","168,129,124","165,126,121","159,120,115","156,117,112","156,117,112","155,116,111","151,113,107","146,108,103","140,102,96","139,102,96","137,100,94","137,100,94","138,101,95","135,98,92","133,97,91","128,96,89","120,91,83","107,78,70","94,67,58","86,59,52","80,54,47","74,49,44","69,46,40","65,42,36","58,39,32","52,33,27","47,29,22","44,27,20","43,26,19","40,24,18","36,22,15","37,26,17","39,29,19","37,27,17","36,24,14","39,26,17","41,27,16","38,23,13","35,17,7","40,22,11","50,30,19","62,41,30","69,47,36","64,42,31","52,32,22","44,24,16","46,26,20","55,35,28","57,37,28","52,29,19","46,22,10","56,29,18","66,38,26","62,34,22","66,38,26","62,35,24","61,35,25","59,36,26","53,30,21","51,31,22","53,41,30","77,70,57","98,93,81","118,114,103","143,140,131","134,131,124","133,132,127","161,162,156","174,176,169","166,170,163","175,180,171","187,193,182","176,186,172","147,157,142","124,133,119","100,108,96","51,60,51","42,53,45","56,73,65","60,85,79","59,90,85","47,81,77","51,89,85","83,122,119","93,130,128","87,120,120","86,114,115","76,100,103","57,77,80","50,69,73","71,91,99","62,85,93","52,76,83","41,69,72","41,70,69","33,64,59","37,69,63","68,101,94","80,111,103","70,101,95","75,105,100","90,119,116","83,110,108","62,86,88","57,81,83","57,82,84","57,84,85","180,180,170","183,182,173","186,183,176","187,181,178","187,180,176","186,180,176","186,181,178","184,180,176","182,178,173","185,178,171","184,173,164","189,170,160","179,153,142","152,120,107","158,121,109","153,114,103","161,118,109","164,122,112","164,123,113","163,123,113","162,123,113","161,123,112","161,123,112","161,124,114","165,130,120","173,139,128","174,141,130","168,139,127","176,147,135","186,161,148","171,150,135","168,149,135","167,150,135","166,150,135","163,148,133","161,148,132","168,155,140","171,157,143","175,161,147","167,151,136","163,145,131","150,128,115","111,88,75","102,76,65","94,71,59","79,59,50","81,60,52","86,65,57","95,71,63","101,76,66","111,83,74","123,93,85","133,101,93","139,105,96","146,108,100","149,111,102","153,112,105","157,115,108","163,118,112","168,122,116","174,127,121","179,132,126","184,137,131","188,141,135","192,145,139","196,149,144","200,151,147","202,153,151","205,155,153","208,157,156","210,159,158","210,160,161","212,162,163","215,165,165","217,167,167","218,168,169","219,171,171","221,173,173","220,172,172","219,173,173","220,174,175","219,175,176","222,178,179","227,185,186","228,187,188","223,182,184","225,184,188","233,193,197","233,194,197","229,191,191","226,191,190","229,194,193","231,196,195","230,197,196","229,197,196","230,199,197","233,202,200","232,201,201","232,201,201","230,200,200","229,201,200","229,200,202","230,201,203","231,202,204","231,202,204","232,202,204","234,203,207","236,205,208","238,207,210","237,205,209","235,201,204","232,197,201","234,198,202","233,197,201","233,194,197","230,191,194","230,189,193","228,188,191","227,187,188","228,188,187","228,189,185","225,186,181","222,183,178","221,182,177","221,181,176","219,178,174","219,176,173","218,174,171","216,172,169","213,168,166","212,167,164","211,166,163","210,164,161","209,162,160","206,161,159","203,159,156","201,157,154","199,155,152","198,155,151","197,153,150","194,152,148","191,150,146","187,146,142","187,146,142","187,147,142","186,147,142","184,144,139","179,140,135","173,134,129","168,129,124","164,125,121","159,121,116","156,118,113","157,118,113","156,117,113","153,114,109","148,109,105","145,106,101","141,102,98","138,99,95","136,97,93","135,96,92","134,95,91","133,94,90","133,98,91","128,96,89","117,86,78","106,76,68","96,67,60","87,60,53","77,52,47","70,46,40","64,41,35","57,36,30","51,30,25","46,27,21","43,25,19","42,24,17","39,22,15","35,20,13","35,24,15","38,27,18","37,27,17","40,26,18","44,30,22","46,31,22","44,28,18","37,18,10","37,18,9","44,25,16","58,38,29","67,47,38","63,43,34","53,33,24","48,28,21","51,32,25","60,40,33","64,44,35","54,31,22","45,21,11","55,28,17","64,38,26","66,38,27","65,38,27","58,31,20","55,29,19","56,32,22","54,30,20","54,32,21","53,38,25","69,60,44","83,75,62","103,97,85","132,127,118","131,128,123","140,139,135","171,173,167","181,184,177","168,172,163","179,182,170","177,181,166","143,149,132","113,119,98","111,115,94","114,116,100","81,83,71","67,71,60","72,80,69","70,83,74","56,71,65","40,58,54","47,68,65","58,81,79","72,93,94","99,119,121","88,107,111","52,69,73","42,58,62","47,62,69","42,56,66","49,64,74","50,68,75","41,61,67","47,68,71","37,60,60","30,54,52","45,69,66","49,73,69","69,93,90","89,113,110","87,109,109","54,75,76","23,41,44","25,43,47","40,58,62","40,59,63","188,185,173","190,187,175","191,188,177","187,185,175","182,180,170","182,180,170","185,183,173","188,184,174","184,178,168","184,173,163","190,173,161","185,162,150","164,136,123","153,122,108","158,123,109","150,113,97","153,114,99","152,113,98","160,120,106","167,127,114","164,124,111","166,127,114","167,129,116","165,129,116","164,130,118","165,133,120","172,143,129","182,155,140","185,157,143","179,154,138","173,153,136","172,154,138","161,144,129","156,140,125","158,143,129","160,146,133","169,155,143","173,159,148","170,156,144","173,156,144","166,148,135","139,117,104","111,89,75","104,79,66","95,72,60","81,57,51","78,55,49","82,58,51","92,67,60","101,75,68","111,83,75","120,90,82","128,95,88","135,100,92","143,105,98","149,110,103","155,114,108","158,117,111","163,120,113","167,122,115","171,124,116","173,126,119","181,134,128","189,141,136","194,145,140","197,147,143","201,151,148","203,151,148","204,152,149","206,152,152","208,154,154","212,155,157","215,158,160","217,161,162","217,165,164","214,167,164","214,169,166","216,172,169","218,174,171","220,176,174","221,178,176","220,178,177","223,182,180","223,183,182","225,185,184","226,186,186","227,187,188","228,189,190","228,189,190","228,190,191","228,192,193","232,196,197","234,198,199","233,199,199","232,198,199","233,199,200","233,200,201","235,202,203","235,203,204","234,202,203","232,201,202","232,202,202","232,202,202","232,202,202","234,203,204","234,204,204","235,203,205","236,204,206","235,203,206","234,202,203","234,200,201","232,198,199","235,199,201","233,197,199","231,195,197","231,195,197","233,194,197","231,192,195","229,190,192","226,188,188","224,187,185","222,185,182","221,184,181","221,183,180","221,182,179","218,178,176","216,175,173","214,173,171","214,173,171","215,171,170","211,167,166","209,165,164","208,164,163","209,163,163","208,164,162","206,163,160","204,163,159","200,159,155","197,156,152","194,153,149","192,151,147","190,149,145","190,149,145","187,146,142","184,143,139","182,141,137","181,140,136","180,139,135","177,137,133","172,133,129","168,129,127","164,126,123","161,123,120","157,118,116","154,114,112","151,111,109","150,110,108","147,107,105","145,104,102","143,101,99","140,98,96","138,96,95","137,95,94","136,95,93","137,96,93","135,96,91","128,91,86","118,83,77","108,77,69","100,71,63","87,60,53","73,49,41","66,43,35","58,38,30","52,32,25","47,27,20","45,26,19","45,24,18","43,24,17","39,24,16","39,28,19","41,29,21","39,26,18","40,25,18","45,30,23","48,31,24","45,27,20","47,28,22","40,21,14","39,20,13","47,28,21","56,37,31","60,42,35","60,41,35","56,36,30","50,30,23","57,37,30","63,43,34","48,25,17","43,19,10","52,28,18","55,30,19","62,35,25","61,34,23","60,33,22","59,32,21","60,33,22","61,35,23","61,37,23","52,32,17","55,40,22","71,58,43","95,86,75","114,107,99","117,114,110","136,136,134","167,169,166","174,176,171","173,176,166","189,191,176","161,161,141","131,130,104","141,138,107","131,129,97","127,127,100","118,119,97","87,87,68","75,73,58","94,90,79","83,77,69","63,58,54","67,63,61","74,70,70","77,75,78","79,80,86","61,66,72","56,63,71","52,62,70","51,62,71","56,64,74","41,47,59","27,33,44","30,38,47","40,49,58","45,55,62","48,58,65","45,56,62","42,53,58","63,75,79","69,81,85","52,64,68","45,57,61","28,40,44","21,34,39","38,47,54","36,45,54","186,182,170","191,188,176","192,190,178","187,186,174","178,178,167","177,177,165","181,180,168","186,182,170","184,178,165","188,174,163","194,176,163","190,165,152","169,140,127","154,123,108","155,122,107","146,110,94","155,117,100","153,115,99","158,119,105","168,129,115","170,131,117","170,132,119","171,133,121","163,127,114","156,121,109","162,130,118","168,139,126","165,138,124","165,139,125","170,148,132","171,150,133","173,154,138","166,149,133","163,147,133","165,150,137","164,150,138","169,155,144","174,160,149","172,158,147","173,156,144","163,145,132","135,114,100","109,87,73","103,78,63","94,71,58","80,55,49","77,53,47","82,57,50","93,67,60","102,75,68","111,82,75","119,89,81","127,94,87","134,99,93","142,104,97","149,110,103","155,114,108","158,117,111","163,120,113","166,122,115","171,124,116","173,126,118","180,133,127","189,141,135","193,144,139","196,146,142","201,150,147","204,151,149","205,151,149","207,152,152","209,153,154","212,154,156","215,157,159","217,160,161","215,163,162","212,166,163","212,168,165","214,170,167","217,173,170","218,175,172","219,177,174","218,177,175","222,181,179","223,183,181","227,186,186","230,190,190","231,191,191","231,192,192","229,190,191","229,191,192","229,193,195","232,196,198","232,196,198","231,195,197","230,195,197","231,196,198","232,198,199","234,201,202","234,202,203","233,201,202","232,200,201","230,200,200","230,200,200","231,201,201","232,202,203","235,203,205","235,204,205","237,206,207","236,205,206","235,204,205","235,202,204","233,200,202","236,201,204","234,198,201","232,196,199","231,195,198","232,194,198","232,194,198","230,193,196","227,191,190","223,188,185","221,186,182","220,185,181","221,184,181","221,183,180","218,179,177","216,176,174","214,173,171","213,172,170","215,171,170","213,169,168","212,168,167","211,167,166","212,166,166","206,163,161","200,159,155","200,160,155","199,159,154","197,157,152","194,154,149","191,151,147","189,148,144","189,149,145","184,144,140","180,140,136","178,138,133","177,137,133","178,137,133","177,138,133","176,138,134","175,137,134","171,133,130","166,128,125","161,121,119","155,115,113","150,110,108","147,107,105","147,106,104","146,104,102","145,102,100","142,99,98","142,98,97","141,97,96","141,97,96","139,97,94","137,97,92","132,93,88","122,86,80","114,81,74","105,76,68","93,66,59","80,56,48","73,50,42","65,44,36","57,37,30","52,32,25","50,30,23","50,29,23","49,28,23","45,28,21","43,30,22","43,31,22","42,29,21","45,30,22","49,33,26","49,31,24","44,25,18","37,18,11","38,18,12","40,21,14","45,26,19","51,32,26","55,37,30","58,39,33","57,37,31","54,34,27","52,32,23","54,34,25","53,30,22","49,26,17","49,26,15","53,30,20","64,40,30","64,39,29","63,37,26","60,34,23","59,32,21","59,33,21","60,36,21","54,33,17","56,37,20","66,50,35","86,74,62","103,96,88","107,103,100","126,126,124","158,160,159","175,178,173","172,175,166","172,173,159","141,141,121","110,107,81","151,147,115","139,134,102","133,130,104","135,132,111","123,118,100","100,91,76","102,89,78","124,108,101","105,88,84","68,50,49","65,47,49","74,58,62","79,67,73","57,51,58","49,46,55","48,48,57","52,55,64","57,58,68","46,46,56","43,43,53","57,58,67","58,58,67","46,48,56","44,46,54","46,49,57","39,42,50","37,41,47","34,40,45","30,36,41","36,42,47","32,39,44","33,41,46","43,49,56","39,45,52","189,185,173","193,189,177","194,192,180","190,189,177","182,182,172","179,179,169","181,180,169","182,178,167","181,174,163","186,172,161","193,175,162","190,165,152","170,141,127","153,122,107","150,117,102","149,115,99","161,124,109","156,119,105","154,116,103","164,126,113","168,130,118","164,127,115","162,125,113","157,122,111","153,119,108","150,120,109","155,128,115","164,139,126","171,146,134","172,150,135","165,145,128","169,151,134","165,148,132","165,149,134","167,152,139","164,150,138","166,152,141","175,161,150","172,158,147","170,153,141","159,141,127","131,109,96","106,84,70","102,77,62","94,71,58","78,53,47","75,51,45","80,55,48","91,65,58","101,74,67","110,81,74","118,88,80","125,92,85","131,96,90","141,103,96","148,109,102","155,114,108","158,117,111","163,120,113","167,123,115","172,125,117","172,125,118","179,132,126","187,139,133","191,142,137","194,144,140","199,148,145","205,152,150","207,153,151","208,154,154","208,154,154","211,155,156","213,157,158","214,158,159","214,161,161","214,166,164","215,169,166","217,171,168","218,173,170","220,175,172","221,176,175","221,177,176","223,180,179","224,183,181","228,186,186","230,189,190","232,191,192","232,192,192","231,191,193","230,192,193","231,194,196","231,195,197","229,193,195","228,192,194","227,191,193","228,193,194","230,196,197","232,200,201","233,201,202","232,200,201","231,199,200","229,199,199","230,200,200","230,200,200","231,201,202","234,204,206","235,205,207","237,207,209","237,207,209","236,206,208","236,205,207","235,203,206","236,203,207","234,199,203","230,195,199","229,194,198","230,194,198","231,195,199","232,196,199","229,193,193","224,189,186","222,187,183","222,187,183","223,186,183","223,185,182","220,181,179","218,178,176","216,175,173","216,175,173","216,172,171","215,171,170","213,169,168","212,168,167","211,166,165","205,163,160","200,162,156","201,162,157","200,161,156","198,159,154","193,155,149","189,150,145","185,147,141","183,144,139","177,139,133","172,133,128","168,130,125","168,129,124","168,130,125","169,130,125","169,131,127","169,131,128","166,128,125","164,126,123","160,121,118","156,116,114","152,112,110","149,109,107","147,106,104","146,105,103","145,104,102","143,101,99","143,99,98","142,98,97","141,97,96","139,97,94","137,97,92","134,94,89","125,89,83","118,85,78","112,82,74","100,73,66","88,63,56","79,56,48","70,48,40","60,40,33","55,35,28","52,32,25","52,31,25","52,30,25","48,31,24","43,30,21","42,28,19","42,27,18","45,29,21","48,30,22","46,26,19","41,21,14","39,18,11","42,22,15","45,24,17","47,27,20","51,31,24","54,35,28","55,36,29","57,37,30","58,38,31","51,31,22","49,29,20","60,38,29","54,31,23","44,22,11","51,29,18","63,39,29","66,42,31","66,42,30","63,37,26","59,32,21","58,32,19","59,34,19","57,34,18","56,35,18","59,41,27","76,63,51","97,87,80","108,102,98","133,131,130","167,168,167","184,186,182","172,174,166","167,168,156","145,145,127","95,93,70","129,126,98","140,135,108","137,132,112","128,121,105","127,117,105","115,101,91","92,73,65","105,83,77","117,92,91","104,78,78","98,71,73","102,76,80","99,76,81","70,52,57","60,44,50","60,48,54","69,59,65","52,43,50","60,53,61","75,69,76","75,68,77","64,58,66","57,53,61","57,53,60","60,57,64","58,56,62","49,49,54","47,48,53","43,44,49","35,37,42","23,26,31","24,27,32","25,28,33","25,28,33","181,177,165","182,178,166","183,181,169","185,183,172","184,184,174","182,182,172","181,179,170","179,176,166","179,172,161","184,170,160","191,173,160","189,165,151","171,142,128","154,122,107","148,115,100","155,122,107","165,131,118","157,122,109","151,114,102","158,121,110","161,124,114","155,118,108","155,119,109","160,127,116","161,129,120","155,127,116","157,130,119","170,146,133","174,152,140","166,146,132","161,142,127","165,146,129","160,143,127","161,145,130","166,151,138","163,149,137","166,152,141","175,161,150","171,157,146","166,149,137","154,136,122","128,106,93","106,84,70","104,78,63","96,73,60","79,54,48","75,52,45","79,54,47","90,64,57","99,72,65","108,80,72","117,87,79","123,90,83","129,94,88","139,101,94","148,109,102","155,114,108","158,117,111","163,120,113","166,122,115","172,125,117","172,125,118","177,130,124","185,137,132","190,141,136","193,143,139","198,149,145","204,153,150","206,154,151","207,155,154","207,155,154","210,156,156","212,158,158","213,159,159","214,161,161","215,166,164","216,168,166","219,170,168","220,173,171","222,175,173","223,176,175","223,176,176","225,179,179","225,182,180","226,182,183","227,184,185","229,186,187","231,189,190","233,190,193","232,192,194","232,193,195","231,194,195","228,192,193","226,190,190","225,189,189","226,191,190","228,194,193","233,199,199","234,201,201","232,201,200","232,200,199","231,200,199","231,201,199","232,201,201","232,202,203","234,204,207","235,206,209","237,208,211","237,208,211","236,207,210","236,206,209","235,204,208","234,203,207","232,199,204","228,195,200","227,194,199","229,193,199","230,195,200","231,195,200","230,194,195","228,192,189","226,189,186","225,188,184","225,187,184","224,186,183","222,182,180","219,179,177","215,174,172","213,172,170","212,170,168","211,169,167","211,167,166","209,165,164","205,161,160","200,160,157","197,161,155","198,160,155","195,159,153","191,154,149","184,148,142","178,141,135","173,136,130","171,133,128","165,130,124","163,125,119","159,123,117","158,121,115","156,119,113","154,117,111","151,115,110","150,114,110","151,114,111","152,114,111","151,113,110","151,112,109","150,110,108","150,110,108","146,106,104","145,105,103","145,104,102","142,101,99","141,99,97","140,97,96","140,96,95","139,96,93","137,95,91","133,94,89","127,90,84","122,87,81","117,86,78","106,78,72","94,69,62","82,59,51","74,52,44","64,44,37","58,37,31","55,33,27","54,32,26","52,30,25","49,32,25","44,31,22","40,26,17","41,24,16","43,25,18","45,26,19","47,25,18","45,23,17","48,24,18","47,24,18","46,23,17","46,24,18","51,31,24","56,36,29","54,35,28","55,35,28","60,40,33","56,36,28","55,35,26","65,44,35","54,33,25","42,20,9","50,28,17","59,36,25","64,41,30","67,43,31","65,41,29","61,36,25","59,33,21","58,32,18","62,37,22","59,36,20","54,35,21","65,49,38","83,70,64","97,89,86","129,125,123","168,166,165","184,185,183","175,175,171","167,169,159","151,153,139","94,93,76","86,85,63","126,122,101","148,140,126","129,118,109","113,98,92","110,92,86","96,72,69","87,58,57","102,69,70","112,78,79","106,69,72","117,81,84","126,92,95","111,80,84","108,78,82","104,78,81","102,79,82","84,65,68","87,70,74","84,70,72","74,60,65","75,62,66","80,67,72","68,56,61","61,51,56","69,61,67","58,53,57","58,54,58","58,54,60","44,40,46","28,27,32","26,25,30","24,23,28","28,27,32","164,160,149","164,160,149","166,164,153","172,171,159","176,176,166","178,178,168","179,177,168","180,177,166","181,174,163","186,172,162","190,171,160","188,163,152","173,144,132","156,125,112","150,117,103","159,127,113","165,132,119","156,122,110","151,117,105","156,122,112","157,121,112","153,117,108","156,121,112","158,127,117","163,134,124","175,148,138","179,154,144","172,149,138","164,144,132","164,145,130","162,143,127","164,145,128","158,142,126","161,145,130","167,152,139","166,152,139","168,154,143","176,162,151","170,156,145","163,146,134","151,133,119","126,105,92","107,85,71","106,81,66","98,75,62","81,56,50","76,52,46","77,52,45","86,60,53","95,68,61","105,77,69","115,85,77","120,87,80","126,91,85","137,99,93","147,108,101","155,114,108","158,117,111","162,119,112","167,121,115","172,125,117","172,125,118","177,130,124","184,136,130","188,139,134","191,142,138","197,148,144","203,152,149","204,153,150","205,154,153","206,155,154","210,156,156","212,158,158","214,160,160","213,162,161","213,164,162","215,165,164","217,168,166","219,170,169","221,173,171","222,174,173","222,174,174","226,178,178","225,179,178","223,178,180","224,180,181","226,182,183","230,186,187","234,190,193","234,192,194","231,191,192","230,192,193","228,192,192","226,190,190","224,188,188","225,189,189","226,192,191","232,198,197","233,199,198","231,200,198","231,200,198","232,201,199","233,202,200","235,204,203","234,204,205","234,205,208","235,206,210","237,208,212","237,208,212","236,207,211","235,205,210","234,203,208","231,200,205","229,198,203","227,195,200","227,194,199","229,194,200","230,195,201","230,195,200","230,194,196","231,193,191","228,190,187","226,188,185","225,187,184","223,185,182","220,180,178","216,176,174","213,172,170","210,169,167","208,167,165","208,167,165","209,165,164","206,162,161","200,157,156","192,154,150","188,152,146","186,151,145","183,148,142","178,143,137","171,136,130","165,129,124","160,125,119","156,121,115","154,119,114","152,116,110","150,115,109","149,114,108","146,111,105","143,108,102","139,104,99","138,103,99","140,103,99","139,101,98","140,102,99","140,102,99","142,102,100","142,102,100","144,104,102","144,104,102","144,103,101","142,101,99","140,99,97","139,97,95","139,95,94","139,95,92","138,96,92","134,93,89","129,91,85","125,89,83","120,89,81","110,81,75","99,72,65","89,64,57","81,58,51","72,50,44","65,44,37","62,39,33","59,35,30","55,32,28","52,34,27","46,32,23","42,26,18","42,24,17","46,26,19","52,29,23","61,36,31","70,43,38","72,45,40","67,40,35","56,30,25","50,27,21","57,35,29","63,43,36","61,42,35","57,38,31","61,41,34","63,43,34","65,45,36","68,48,39","57,37,27","50,28,17","53,31,20","57,35,24","60,38,26","64,40,28","64,40,28","63,39,27","61,36,23","59,33,20","62,36,21","59,34,19","52,29,16","55,36,27","68,52,45","80,70,66","116,108,107","158,154,153","177,176,176","173,173,170","161,163,157","164,165,156","138,138,126","76,75,60","72,68,54","87,79,71","101,88,85","111,94,93","119,99,97","130,103,103","122,91,91","104,69,70","100,61,63","112,72,74","123,81,82","138,97,98","136,96,97","142,102,103","140,102,100","132,98,96","116,88,86","94,70,68","77,55,54","79,59,59","85,65,65","81,62,63","72,54,56","76,59,61","81,66,70","56,43,47","45,35,39","50,41,45","45,36,41","43,35,40","40,34,39","33,28,32","37,32,36","168,164,153","173,169,158","175,173,163","175,173,164","172,172,164","174,174,166","180,178,170","183,179,169","183,177,166","185,171,161","187,168,157","185,159,148","173,144,133","159,127,115","153,119,107","168,136,125","167,136,124","159,127,116","157,124,114","159,126,117","156,123,114","156,122,113","158,125,117","158,127,119","163,134,126","175,148,140","177,153,146","168,147,138","162,143,133","163,145,132","160,141,126","163,144,127","158,141,125","162,146,132","170,155,142","169,155,143","170,156,145","178,164,153","172,158,147","164,147,136","152,134,120","127,106,93","107,85,71","105,80,65","97,74,61","85,60,54","77,53,47","75,50,43","82,56,49","91,64,57","103,74,66","113,83,75","118,85,78","124,89,83","136,98,91","147,108,101","155,114,108","158,117,111","162,119,112","167,121,115","173,125,117","173,124,117","177,128,123","183,134,129","187,138,133","191,142,138","196,147,143","201,152,148","202,153,149","203,153,152","205,155,154","208,157,156","211,160,159","213,162,161","214,163,162","213,162,161","215,164,163","217,166,165","219,169,168","221,171,170","222,172,172","222,173,173","224,176,176","225,177,177","225,176,179","225,178,180","227,182,183","231,185,187","234,189,192","233,190,192","229,189,190","230,191,192","230,191,192","229,190,191","226,189,190","226,190,190","227,191,191","229,195,194","230,196,195","231,197,196","232,198,197","231,200,198","233,202,200","235,204,203","235,205,206","234,205,210","233,206,211","234,207,212","235,207,212","235,206,211","233,204,209","231,202,207","231,200,206","229,198,204","228,197,203","228,197,203","230,197,204","230,197,204","229,196,202","230,194,196","231,192,190","228,188,186","225,185,183","223,183,181","220,180,178","215,175,173","211,171,169","209,169,167","204,164,162","200,159,157","197,156,154","194,153,151","187,146,144","178,137,135","168,130,127","161,127,122","159,126,121","158,125,120","155,122,117","151,118,113","149,116,110","146,113,108","142,108,103","140,106,101","137,103,98","136,103,98","138,105,100","139,106,101","139,106,101","138,104,99","137,102,98","134,99,95","131,96,92","131,93,90","132,94,91","134,95,92","135,96,93","141,101,99","141,101,99","142,102,100","143,103,101","144,103,101","143,102,100","142,101,99","141,98,95","139,97,93","136,95,91","131,93,87","127,91,85","123,92,84","114,85,79","103,76,69","93,68,61","87,64,57","80,57,51","73,50,44","68,45,39","63,39,34","58,35,30","53,35,27","47,32,22","44,28,18","46,28,18","51,29,21","62,37,30","85,56,50","104,74,69","112,82,77","103,73,68","81,53,47","61,36,29","58,36,28","66,45,37","69,49,40","65,45,38","58,39,32","61,42,33","68,50,40","66,46,37","63,43,34","64,43,32","61,40,29","62,40,29","58,36,24","56,34,21","58,35,22","61,37,25","61,37,24","59,34,21","60,33,19","59,31,19","56,29,17","55,32,23","58,39,33","62,49,44","96,84,82","138,131,129","162,158,157","167,165,163","160,159,157","174,173,168","180,179,172","126,126,117","98,96,89","72,65,63","53,44,44","80,67,67","134,115,117","164,140,143","179,150,152","172,140,141","153,116,116","145,106,105","144,102,99","146,103,99","137,92,88","142,97,92","143,98,92","139,98,91","128,93,86","111,80,75","107,77,71","112,83,80","107,79,76","94,68,65","97,71,71","109,86,87","118,98,99","107,89,90","94,77,79","83,67,70","58,45,49","51,39,42","46,34,38","44,33,37","51,40,43","188,184,173","193,189,178","193,190,181","186,184,175","176,176,168","175,175,167","182,181,173","185,181,173","182,175,166","184,170,162","182,163,153","181,156,145","170,141,130","159,127,115","150,118,105","167,136,125","167,137,126","165,133,122","163,131,121","160,127,118","154,121,112","157,124,115","159,127,119","161,131,123","165,136,129","161,135,128","156,133,125","163,143,134","162,143,133","162,144,131","160,141,126","162,144,127","160,143,127","164,148,134","172,157,144","171,157,145","169,155,144","175,161,150","174,160,149","166,149,137","152,134,120","128,107,94","107,85,71","100,75,60","94,70,57","86,62,55","76,52,46","75,50,43","80,54,47","88,61,54","99,70,62","111,81,73","118,84,78","122,87,81","135,97,90","146,107,100","155,114,108","158,117,111","163,120,113","168,122,116","172,124,116","173,124,117","177,128,123","182,133,128","186,137,132","189,140,136","195,146,142","198,150,146","201,152,148","202,153,152","205,156,154","208,158,157","210,161,160","214,163,162","216,165,164","216,165,164","217,166,165","219,168,167","222,171,170","223,173,172","224,174,174","224,174,175","224,176,176","225,177,177","227,178,181","230,181,184","230,184,186","231,185,187","232,186,189","230,186,188","226,187,187","228,189,189","231,192,192","230,191,192","229,191,191","228,191,190","227,191,191","228,193,192","228,194,192","227,193,192","229,195,194","231,199,197","233,201,199","234,203,201","234,204,205","233,205,209","234,206,211","235,208,212","235,206,211","234,205,209","232,203,207","231,201,206","231,200,206","231,199,205","230,198,204","231,198,204","232,199,205","230,196,203","229,195,200","229,192,194","228,188,187","226,186,184","224,184,182","221,181,179","216,176,174","210,170,168","205,165,163","199,159,157","192,152,150","183,142,140","176,135,133","169,128,126","158,117,115","146,105,103","136,99,96","131,98,93","131,98,93","131,98,93","133,100,95","133,100,95","132,99,94","131,98,93","132,99,94","131,98,93","129,96,91","128,95,90","132,99,94","136,103,98","138,105,100","140,107,102","139,104,100","134,100,95","130,96,91","130,94,90","132,95,92","135,97,94","136,98,95","137,98,95","139,100,98","143,103,101","145,104,102","146,105,103","146,105,103","145,104,102","144,101,99","142,98,95","140,98,94","134,96,90","130,93,87","125,93,85","116,86,81","107,80,73","95,70,63","87,63,56","79,55,50","74,50,45","70,46,40","64,39,35","56,32,27","50,31,23","47,30,20","47,29,19","49,29,20","55,31,23","70,43,36","101,69,64","128,94,89","136,103,99","128,96,91","102,72,66","72,44,38","54,29,22","61,37,30","65,44,36","67,47,40","59,40,33","59,41,32","67,49,39","65,46,36","65,46,37","71,51,40","68,48,37","71,49,38","63,41,29","55,33,20","54,31,18","57,33,21","59,36,22","60,35,22","63,36,22","61,33,21","59,31,19","57,32,25","51,31,24","45,27,23","71,58,54","110,101,99","141,136,133","161,157,155","163,161,158","162,161,157","166,165,160","169,168,163","187,186,183","172,170,171","75,71,73","36,27,31","106,92,95","129,111,112","150,128,129","175,148,148","164,133,130","148,113,110","151,113,107","151,112,104","142,99,90","140,97,86","136,93,81","134,92,79","128,90,79","120,86,76","119,85,75","120,87,79","114,83,77","106,77,70","98,69,65","86,58,55","82,59,56","100,78,77","110,88,89","105,85,86","81,61,63","75,57,60","75,58,60","73,57,59","80,65,65","190,186,177","190,186,177","188,185,176","184,182,173","179,179,171","178,178,170","180,179,171","181,178,170","181,174,165","188,174,166","182,163,155","183,158,149","169,139,129","160,128,117","146,114,101","148,117,106","156,126,115","164,132,121","160,127,117","150,117,108","147,114,105","154,120,111","155,123,115","149,119,111","148,119,112","155,128,122","152,128,120","165,144,136","156,137,127","169,151,139","170,151,135","168,150,133","166,150,134","169,153,138","176,161,148","177,163,151","171,157,146","169,155,144","174,160,149","167,150,138","147,129,116","128,106,93","105,83,69","95,70,55","87,64,51","85,60,54","69,46,40","74,49,42","79,54,47","87,60,53","92,63,56","104,74,66","117,84,77","121,86,80","131,93,87","145,106,99","155,115,108","159,118,112","165,122,115","170,125,118","171,123,116","173,124,118","178,129,124","183,134,129","185,136,131","187,138,134","193,144,140","195,147,143","197,149,145","201,153,151","205,157,155","207,159,157","209,161,159","213,163,162","216,166,165","218,167,166","218,167,166","219,168,167","221,170,169","222,172,171","223,173,173","223,173,174","226,178,178","228,180,180","230,181,184","230,182,185","230,184,186","230,184,186","228,183,186","226,182,185","225,184,184","226,186,186","228,188,188","229,190,190","230,192,191","230,192,191","228,192,190","228,193,191","227,192,190","225,191,189","226,192,190","230,196,194","232,198,196","231,198,196","229,199,198","229,200,203","233,204,208","236,207,211","235,205,209","232,203,206","231,201,205","231,200,204","231,199,204","231,199,203","231,199,204","231,197,202","230,195,201","227,192,197","225,190,195","225,188,190","226,185,184","225,184,182","222,181,179","217,176,174","208,167,165","195,155,153","185,145,143","177,137,135","170,130,128","160,120,118","150,110,108","143,103,101","135,95,93","127,87,85","121,84,81","118,85,80","119,86,81","122,89,84","126,93,88","129,96,91","128,95,90","125,92,87","132,99,94","137,104,99","138,105,100","136,103,98","137,104,99","140,107,102","143,110,105","145,112,107","142,109,104","136,103,98","133,100,95","136,102,97","140,105,101","142,104,101","141,103,100","137,99,96","140,101,98","143,103,101","145,105,103","146,106,104","145,105,103","144,104,102","144,102,99","143,99,96","142,99,95","138,98,93","132,95,89","124,91,84","117,86,81","112,84,78","100,74,67","87,62,55","75,50,45","72,47,42","71,46,41","66,41,37","57,33,28","49,29,21","49,32,22","53,35,25","56,33,25","60,32,25","77,47,41","113,78,74","139,102,99","145,108,105","146,110,106","126,93,88","102,72,66","64,37,30","65,40,33","63,42,33","65,46,38","67,49,41","63,45,36","65,47,37","63,45,35","58,40,30","62,42,31","69,49,38","75,55,44","75,54,43","68,46,33","59,37,24","55,33,20","56,34,21","57,34,20","65,38,26","59,31,19","55,28,17","60,35,27","53,32,25","44,25,19","62,47,42","94,82,78","124,116,112","141,135,131","152,148,145","155,152,148","158,155,153","166,163,161","171,170,169","185,186,187","124,126,128","57,55,59","85,79,81","80,70,70","101,87,86","143,124,122","158,135,130","150,123,118","159,129,121","155,122,112","149,113,101","142,105,90","132,95,79","131,95,79","130,95,80","124,90,76","129,96,84","134,102,90","123,91,81","114,84,73","107,77,69","100,72,65","94,67,62","85,59,56","86,61,60","92,69,68","94,71,71","94,73,73","99,78,79","91,72,70","88,71,70","188,184,175","189,185,176","188,185,177","185,182,175","181,181,174","181,181,174","184,182,176","184,180,172","183,176,167","190,176,169","185,166,158","184,159,150","166,137,127","158,126,116","149,115,104","151,119,107","151,120,108","154,121,109","155,121,111","151,118,108","150,115,106","152,117,108","162,129,120","159,128,119","147,118,109","153,125,117","155,131,122","172,151,141","156,136,126","162,143,130","174,155,140","174,156,139","172,155,139","172,156,141","177,162,149","179,165,152","175,161,150","173,159,148","175,161,150","166,149,137","146,128,114","121,99,86","101,79,65","101,75,60","86,62,50","84,59,52","67,44,38","72,47,40","79,53,46","88,61,54","90,61,54","98,68,60","114,80,74","119,84,78","129,91,85","143,104,97","154,113,107","159,117,111","165,121,115","170,124,118","173,125,118","174,125,118","177,128,123","181,132,127","184,135,130","186,138,134","193,145,141","197,149,145","199,151,147","203,156,153","205,159,157","206,160,158","208,162,160","211,165,162","214,167,165","217,167,166","218,168,167","219,169,168","221,171,170","221,172,171","222,174,173","223,175,175","224,176,176","225,178,178","227,180,182","228,183,184","229,185,186","229,185,186","229,184,187","228,184,187","227,186,186","228,188,186","230,190,188","231,191,190","231,191,190","230,191,189","228,190,188","227,190,188","225,190,187","225,190,187","227,192,189","229,194,191","231,196,193","229,196,193","226,195,194","225,196,197","229,199,201","232,202,203","231,201,204","230,199,201","228,197,200","229,196,198","230,196,201","230,197,199","231,197,202","231,195,199","228,192,197","224,188,192","221,184,188","221,183,184","222,179,179","213,170,169","202,159,158","190,148,146","177,136,134","163,122,120","152,112,110","145,105,103","141,101,99","136,97,94","130,91,89","126,87,84","124,85,82","123,84,82","121,84,81","121,86,83","123,89,86","126,92,88","127,93,89","129,95,92","133,99,96","137,102,99","143,109,105","150,116,112","153,119,116","152,118,115","152,118,114","152,118,115","151,117,113","149,116,112","147,114,109","143,110,105","142,109,104","145,111,106","146,112,107","145,109,105","143,106,102","144,106,103","145,106,103","147,108,105","148,109,106","149,109,107","148,108,106","147,107,105","146,104,101","145,101,98","144,100,97","140,99,95","134,97,91","127,93,86","120,89,84","116,87,81","104,77,70","92,66,60","80,55,50","75,50,45","73,48,43","70,45,41","65,41,36","60,40,31","58,40,29","58,38,27","60,35,26","69,40,32","91,57,52","123,84,80","143,103,100","153,113,110","151,113,108","138,102,97","124,91,85","87,58,51","77,51,42","71,49,40","67,48,40","67,50,42","64,47,37","61,43,33","57,40,30","57,40,30","59,40,28","60,41,29","66,46,35","73,53,41","73,53,39","66,45,32","60,38,25","56,34,21","52,30,16","63,37,24","61,33,23","58,31,22","60,36,26","56,34,24","46,28,19","54,37,29","72,59,52","103,92,86","127,118,114","149,142,138","159,153,151","165,159,158","171,166,166","174,172,172","179,183,183","170,175,178","125,129,130","90,90,90","66,63,62","74,66,64","102,91,87","141,126,120","142,124,116","148,126,116","145,121,109","148,120,107","151,122,106","145,115,100","142,112,95","144,113,98","137,106,91","136,106,93","139,109,95","130,99,88","122,93,82","116,87,77","110,82,74","107,80,73","100,74,68","102,77,72","108,83,79","107,82,79","104,80,77","106,82,80","104,84,79","104,85,80","185,181,172","186,182,173","186,183,176","184,182,175","182,181,176","183,182,177","186,184,179","184,180,174","181,174,166","191,177,170","187,168,160","183,158,151","162,133,123","157,124,114","151,117,107","150,116,104","147,114,102","151,116,104","155,120,108","153,118,107","153,116,107","158,121,112","172,138,128","169,136,126","154,124,114","158,130,120","161,135,125","178,154,143","161,139,128","164,145,131","171,152,136","173,155,138","173,156,140","172,156,141","175,160,147","176,162,150","174,160,149","171,157,146","167,153,142","155,138,126","147,129,115","124,102,89","98,76,62","107,81,66","91,68,55","85,60,54","66,42,36","69,44,37","77,52,45","87,60,53","89,60,53","95,65,57","112,78,72","118,83,77","128,90,84","142,103,96","153,112,106","158,116,110","164,120,114","169,124,117","174,126,118","173,124,118","176,127,122","180,131,126","182,133,128","186,137,133","193,145,141","198,150,146","200,153,149","203,158,155","206,161,158","207,162,159","208,164,161","210,166,163","213,168,166","217,168,167","218,169,167","219,170,168","220,172,170","221,173,171","222,174,173","222,175,175","222,175,175","223,177,177","225,180,181","227,183,184","229,185,186","228,186,187","229,185,187","227,185,186","227,186,186","228,188,186","230,190,188","230,190,188","230,190,188","229,190,187","227,189,186","226,188,185","225,188,185","225,190,186","228,193,189","230,195,191","231,196,192","228,195,191","226,193,191","225,194,193","227,196,196","229,198,197","230,198,198","230,196,196","228,194,196","228,194,194","229,194,196","229,194,194","230,194,196","227,191,192","222,184,187","216,178,179","210,171,174","206,165,167","199,156,156","185,141,140","169,125,124","155,113,111","145,104,102","137,96,94","131,90,88","133,93,91","133,93,91","131,93,90","128,90,87","123,85,82","120,82,79","122,84,81","125,87,85","128,93,91","136,100,98","141,105,103","141,105,103","143,108,106","152,115,114","160,125,123","163,127,125","169,133,131","171,135,133","168,133,131","167,130,129","164,129,127","161,124,123","155,121,118","152,119,114","151,118,113","152,119,114","152,119,114","151,118,113","148,114,109","145,109,106","150,112,109","150,112,109","151,113,110","151,113,110","152,112,110","151,111,109","150,110,108","149,106,104","146,102,99","145,101,98","140,99,95","135,97,92","129,94,88","124,91,86","118,89,83","109,81,74","99,72,66","86,61,56","78,53,48","74,49,44","73,47,42","72,46,42","68,47,39","65,47,35","68,47,35","74,48,39","88,57,49","108,72,66","123,83,78","130,87,83","138,95,92","137,95,92","133,96,90","129,96,89","99,70,62","87,62,52","90,68,58","76,56,48","69,52,44","66,49,40","58,41,31","54,37,27","59,42,32","59,41,29","55,36,24","57,37,26","67,47,35","72,53,39","71,51,37","68,46,33","60,38,25","52,30,16","56,30,19","58,30,21","59,32,23","59,35,25","56,34,23","51,32,21","54,37,25","63,47,38","87,73,65","116,105,98","144,134,129","159,150,147","167,159,158","173,165,165","174,170,170","180,183,184","173,181,182","167,174,174","123,127,125","77,78,75","77,76,71","85,80,75","110,102,95","126,115,106","130,117,106","126,111,98","131,113,99","142,121,107","143,121,106","142,118,104","148,123,109","139,114,99","139,112,97","143,116,101","138,111,98","137,110,98","134,109,97","128,103,92","121,96,87","117,92,83","121,96,89","127,102,95","123,98,92","118,93,87","117,93,86","117,95,88","118,99,91","172,167,161","174,169,162","174,171,164","173,171,164","171,170,165","172,171,166","176,174,169","176,172,166","174,167,160","187,172,165","184,165,158","178,152,145","153,124,115","150,117,108","149,115,104","150,116,101","153,117,103","158,121,108","157,119,107","145,108,96","140,102,92","149,112,102","166,130,118","168,133,122","163,130,120","166,136,125","159,132,120","170,147,133","161,138,126","172,150,136","159,140,124","165,147,130","167,151,135","169,153,138","171,156,143","171,157,145","168,154,143","161,147,136","154,140,129","139,122,110","149,131,117","135,114,101","93,71,57","104,79,64","100,76,63","87,63,56","67,43,37","67,42,35","74,49,42","86,59,52","89,60,53","97,67,59","110,77,70","116,81,75","126,88,82","141,102,95","152,111,105","157,115,109","163,120,113","170,124,117","175,125,118","174,124,118","176,127,122","179,130,125","181,132,127","185,137,132","192,144,140","196,151,146","199,154,149","203,158,155","206,162,159","207,163,160","208,164,161","211,167,164","214,169,166","215,170,167","217,171,168","218,171,169","219,174,171","220,175,172","221,175,174","220,176,175","219,175,174","220,177,176","222,180,180","225,182,183","227,184,185","226,186,186","227,185,187","226,184,185","225,184,184","226,186,184","228,188,186","228,188,186","227,187,185","226,187,184","225,186,183","227,188,185","227,189,186","226,191,187","229,194,190","232,197,193","232,197,193","230,196,191","228,195,191","228,195,193","229,195,194","230,196,194","231,195,195","231,196,194","230,194,193","227,192,191","229,190,192","228,190,190","225,187,187","219,180,180","210,170,171","200,160,160","191,151,152","186,143,143","175,131,131","158,113,113","142,98,97","134,91,90","136,93,92","137,95,93","137,96,94","139,99,97","135,95,93","131,93,90","129,92,88","124,89,85","125,90,86","134,98,94","147,109,107","156,119,117","166,127,127","173,134,134","174,135,135","175,137,137","182,142,142","187,150,149","180,140,140","180,141,141","177,138,138","170,133,132","169,130,130","167,129,127","162,124,124","157,122,118","154,122,117","154,122,117","154,123,118","156,123,118","154,121,116","150,116,111","148,113,109","153,117,113","154,118,114","155,117,114","155,117,114","155,116,114","154,115,113","153,114,111","152,109,107","150,105,102","146,102,99","141,100,96","136,97,92","130,94,88","126,93,88","121,92,86","115,86,80","107,79,73","95,68,64","85,57,53","77,50,46","74,46,43","72,46,42","70,49,41","70,52,40","74,53,41","82,56,47","98,66,58","114,75,70","116,73,70","115,70,67","130,85,82","138,94,91","143,104,99","139,105,98","107,77,69","87,59,51","94,71,60","79,61,52","68,53,45","64,47,38","54,37,27","51,34,24","59,42,32","59,41,29","53,35,23","52,33,22","59,40,27","64,45,31","69,49,35","72,52,38","66,47,33","58,37,23","50,27,17","54,28,21","59,34,25","57,35,24","54,32,19","56,35,22","61,42,28","67,49,37","77,63,51","102,89,79","128,115,107","145,133,128","155,145,142","163,153,152","163,157,156","165,165,164","154,159,158","178,183,182","160,165,162","114,116,112","86,86,81","71,69,64","95,92,85","139,133,126","142,134,125","129,119,109","121,109,98","124,110,98","124,109,98","126,109,97","128,110,96","118,100,84","117,97,82","121,101,86","118,98,83","121,100,86","122,102,88","118,98,85","114,91,79","110,88,76","116,94,83","123,100,90","119,96,86","113,90,79","111,89,78","111,89,79","113,93,82","175,170,164","176,171,165","176,173,167","174,172,165","172,171,166","173,172,167","176,174,169","174,170,164","172,164,158","185,170,165","183,163,157","173,147,140","144,114,106","140,107,98","144,110,99","149,113,99","152,116,100","161,123,108","163,125,111","151,113,100","142,104,91","150,112,99","159,121,110","163,127,115","167,133,122","171,140,129","158,130,118","166,140,126","162,136,123","178,155,141","165,144,127","167,148,131","169,152,136","170,154,140","174,159,146","175,161,149","170,156,145","157,143,132","155,141,130","135,118,106","146,128,114","145,123,110","88,66,52","94,68,53","97,74,61","84,60,53","66,42,36","67,42,35","75,49,42","85,58,51","88,60,52","97,67,59","110,77,70","114,79,73","125,87,80","139,100,93","151,110,104","156,115,109","162,119,112","169,123,117","175,125,118","174,124,118","176,127,122","179,130,125","181,132,127","184,136,131","191,143,139","195,149,145","198,153,148","202,157,154","205,161,158","207,163,160","209,166,162","210,169,165","213,171,167","215,170,167","216,171,168","217,172,169","219,174,171","219,175,172","220,176,174","219,177,176","218,177,175","220,179,177","222,180,181","223,183,183","225,185,185","225,185,185","225,185,186","224,184,184","223,182,182","224,183,181","226,185,183","227,187,185","226,186,184","225,185,183","224,184,182","227,189,186","227,189,186","226,191,187","228,192,189","231,196,192","232,197,193","231,196,192","231,196,192","232,197,194","231,195,193","229,193,191","230,194,192","230,193,191","228,190,189","225,187,186","223,185,184","222,182,182","215,175,175","205,165,165","192,152,152","180,138,139","171,128,129","166,122,122","157,111,111","141,96,95","130,86,85","130,86,85","138,94,93","142,100,99","143,102,100","138,98,96","129,89,87","123,85,82","128,91,88","134,99,95","144,109,105","162,126,122","180,141,139","189,149,149","192,152,152","195,155,155","197,156,157","195,155,155","194,154,154","194,154,154","189,149,149","186,146,146","179,139,139","172,132,132","170,130,130","170,130,130","166,127,127","159,124,120","155,123,118","154,123,118","153,122,117","154,121,116","153,120,115","152,118,113","152,118,113","155,120,116","157,121,117","160,123,120","161,124,121","161,123,120","158,120,117","156,117,114","156,113,110","154,109,106","150,106,103","144,102,98","138,99,94","131,95,90","127,94,89","123,94,88","119,90,84","112,85,78","102,74,70","94,66,62","85,57,53","78,50,46","72,45,41","71,49,42","73,55,44","75,54,43","78,51,42","91,57,51","110,71,66","119,73,70","118,70,68","132,84,83","155,109,107","170,128,124","164,127,121","128,96,89","91,63,55","88,64,54","81,62,53","68,53,45","58,42,32","48,31,21","46,29,19","51,34,24","53,36,23","52,34,22","52,34,22","55,37,24","59,40,26","63,44,30","69,50,36","70,51,37","66,47,32","57,35,25","56,33,27","59,37,29","58,36,25","52,31,18","53,31,17","60,41,26","69,50,35","76,59,43","91,75,62","110,94,85","129,116,108","147,135,130","158,147,145","160,151,149","158,155,153","157,158,155","162,164,161","158,160,157","161,162,157","112,112,107","66,65,60","68,66,61","109,106,100","120,116,108","112,106,98","104,96,88","107,97,88","111,101,92","116,105,96","124,112,99","118,105,89","119,106,90","120,107,90","114,99,83","114,98,82","117,100,85","116,98,84","114,95,81","110,91,77","116,96,82","123,101,88","121,99,85","116,93,80","116,94,81","110,91,77","112,93,81","184,179,173","185,180,174","184,181,176","181,178,173","178,177,172","178,176,171","181,178,173","181,177,171","181,173,167","194,179,174","189,171,164","175,150,142","141,112,103","138,104,95","145,110,99","153,116,100","146,109,91","155,116,99","169,130,114","167,128,113","155,116,101","150,112,98","155,117,104","158,121,108","161,127,114","168,135,123","159,129,115","166,139,125","158,132,118","172,149,134","172,152,136","169,151,134","165,148,132","166,150,135","171,156,143","173,158,146","167,152,142","159,144,134","178,163,152","153,136,124","145,127,113","147,125,112","90,67,53","86,60,45","86,63,50","75,51,44","63,39,33","70,45,39","77,52,45","84,57,50","85,56,50","94,64,57","107,74,68","113,78,72","123,86,79","138,99,92","149,109,103","155,114,108","161,119,112","167,122,116","172,124,117","174,124,118","177,128,123","181,132,127","181,133,127","183,135,131","188,141,136","192,147,142","195,150,145","199,155,152","204,160,157","204,163,159","207,166,162","211,170,166","214,172,168","215,171,168","215,171,168","216,172,169","218,174,171","218,176,172","219,178,175","219,178,176","219,178,176","219,179,177","221,181,181","223,183,183","224,184,184","223,185,184","223,184,184","222,182,182","222,181,181","224,183,181","226,185,183","227,187,185","228,188,186","227,187,185","227,187,185","228,189,186","227,189,186","225,187,184","226,189,185","227,192,188","229,194,190","231,196,191","231,196,192","232,194,191","229,191,188","226,188,185","227,189,186","226,187,185","224,184,182","221,181,179","217,176,175","213,172,170","204,163,162","192,151,149","179,137,136","167,123,122","158,114,114","154,109,108","147,102,102","137,92,92","132,89,88","138,95,94","146,102,101","146,105,103","143,102,100","139,99,97","134,94,92","139,100,98","155,117,114","166,130,127","175,139,135","186,150,147","200,161,159","204,162,163","198,156,158","196,154,156","199,157,158","200,158,160","195,153,154","188,146,148","190,148,150","188,146,147","181,139,141","176,134,135","176,134,136","176,134,136","172,131,132","163,127,124","156,124,120","154,123,118","151,120,116","151,118,114","152,119,114","155,122,117","157,124,119","157,122,118","161,126,122","165,130,126","167,131,127","167,129,126","163,125,122","160,121,119","161,118,115","160,115,112","156,111,108","149,107,103","142,103,98","135,99,94","131,98,93","126,96,91","120,91,85","115,87,81","108,80,75","101,74,69","94,66,62","84,56,52","75,48,44","70,48,40","75,55,44","79,57,46","80,52,44","90,56,50","115,74,70","133,86,83","133,84,82","132,83,82","161,114,112","178,135,132","171,133,128","140,108,101","98,70,61","86,62,52","86,67,58","73,57,48","55,41,30","46,32,21","45,28,18","43,26,16","46,30,17","50,34,21","52,34,22","58,40,27","61,42,28","60,40,26","62,42,29","68,49,34","72,52,39","64,45,35","56,37,30","54,34,26","56,36,26","54,35,21","51,31,16","56,36,19","65,45,28","71,52,35","79,62,46","95,79,66","120,106,96","148,134,127","164,152,147","166,156,152","163,158,155","162,161,157","161,160,156","153,152,148","168,167,163","153,152,148","115,114,110","58,56,51","68,65,60","90,85,80","94,88,82","96,88,83","105,97,91","111,102,97","114,105,98","112,104,93","109,102,86","115,107,93","119,110,94","110,99,83","109,98,82","114,102,86","116,102,86","115,98,83","110,92,77","113,94,79","118,98,84","117,96,81","113,92,78","114,94,80","117,99,85","119,101,87","181,180,171","182,181,172","181,179,173","179,176,171","177,173,169","176,172,168","177,174,169","182,178,172","189,181,175","197,185,177","194,177,168","173,148,139","137,106,95","138,101,90","147,107,94","157,116,100","150,109,92","149,109,92","160,120,104","168,128,114","164,125,110","152,113,100","150,113,100","153,117,105","154,121,110","160,128,118","158,128,118","162,134,123","157,131,120","170,146,135","174,155,142","165,148,134","160,143,130","160,144,131","169,152,140","176,160,148","169,151,141","160,142,132","177,160,147","160,141,128","144,124,110","137,114,100","94,71,56","82,56,41","77,54,41","70,49,42","66,44,38","70,46,42","76,51,47","81,56,51","83,55,49","89,60,56","103,72,67","112,78,73","123,88,82","137,99,93","147,108,104","154,114,108","160,119,113","166,123,116","171,125,118","172,125,118","176,130,123","180,134,127","180,134,128","181,135,129","185,140,134","190,146,140","194,150,145","199,156,151","204,160,156","204,162,158","206,164,160","209,167,163","211,169,166","213,170,168","212,170,167","213,170,167","214,173,170","217,176,173","218,177,175","218,177,175","219,179,177","221,181,179","223,183,182","224,184,183","223,185,183","223,185,183","222,184,182","222,183,183","225,183,184","225,184,182","226,185,183","226,186,184","227,187,185","227,187,184","228,188,185","228,190,186","227,188,185","225,188,183","226,189,183","226,191,186","228,193,186","229,195,188","230,194,190","231,192,190","227,189,187","224,186,185","225,185,184","223,183,182","220,179,180","217,176,175","211,169,169","206,164,163","196,153,155","185,143,142","174,129,131","164,119,120","157,112,114","152,109,108","146,104,102","143,100,99","143,102,100","150,108,107","155,113,113","156,115,114","155,114,113","156,116,115","159,118,118","172,131,130","187,148,147","197,158,156","198,160,158","201,162,160","209,169,166","211,169,168","202,159,158","197,153,153","197,154,154","199,156,156","194,152,152","188,146,146","184,142,142","183,142,141","179,138,138","175,133,133","174,133,132","174,134,133","171,131,132","166,130,129","160,127,126","153,121,119","150,117,115","150,117,113","152,119,114","156,122,118","160,126,121","161,125,120","164,128,123","168,132,128","173,134,130","172,133,131","169,130,128","165,126,124","164,122,120","163,119,116","158,115,111","150,109,105","144,106,100","138,102,96","133,99,94","128,97,91","121,91,85","117,88,81","112,82,76","105,77,71","98,70,65","89,61,56","81,53,48","74,50,43","76,54,45","81,57,49","86,58,51","100,66,61","121,81,78","136,92,89","139,92,90","136,89,86","159,113,110","174,132,128","165,127,121","142,109,101","102,73,64","78,54,43","85,65,55","80,63,53","59,45,34","46,32,21","49,32,22","43,27,16","42,26,14","49,31,20","51,31,21","61,40,31","64,41,31","60,36,26","60,36,26","67,42,31","72,48,38","71,51,43","55,37,29","48,29,20","57,37,27","59,38,26","53,30,17","56,34,19","63,41,26","64,43,27","71,51,37","89,72,58","119,104,93","148,135,126","164,153,145","165,157,150","159,157,151","159,161,156","168,170,165","159,160,155","157,158,153","172,172,167","165,164,160","105,102,96","86,82,76","98,92,85","99,92,85","97,89,82","103,94,87","100,90,83","104,94,87","103,95,88","99,93,85","101,95,87","108,100,89","110,103,89","112,103,89","113,104,88","113,102,86","109,96,81","109,94,80","109,92,80","111,94,83","112,93,85","111,92,85","113,96,89","111,97,87","109,96,85","176,181,169","179,181,170","180,179,172","180,175,170","178,172,168","177,170,167","176,170,166","177,171,165","182,175,167","188,178,168","189,174,163","165,140,128","134,102,89","146,106,93","157,112,99","161,116,99","155,111,95","148,106,90","150,108,93","159,118,104","164,124,110","158,120,108","155,119,108","161,127,116","162,129,121","157,127,118","160,131,124","162,133,126","164,136,131","172,147,141","177,157,149","165,148,139","165,148,139","164,147,137","172,154,144","185,166,155","175,156,145","163,143,131","158,137,124","152,130,116","138,116,102","116,93,79","90,67,51","78,52,37","75,51,40","79,59,52","76,56,52","68,46,43","70,47,43","78,54,50","84,57,53","88,60,57","98,68,65","109,78,74","122,89,84","134,99,95","144,106,103","151,112,109","159,119,115","165,125,119","169,126,119","170,127,118","176,133,124","181,138,130","181,137,130","181,137,130","185,142,135","191,148,141","194,151,145","198,155,149","202,159,153","203,159,156","205,161,158","207,163,160","208,165,162","209,168,166","208,167,165","209,168,166","213,172,170","216,175,173","215,175,173","214,174,172","216,176,174","218,178,176","221,181,179","223,183,181","221,183,180","221,183,180","222,183,180","223,183,182","225,183,184","225,184,183","225,184,182","226,185,183","226,185,183","226,187,183","226,187,182","227,188,183","227,188,183","226,189,182","226,189,181","225,191,183","226,192,183","228,193,184","229,192,187","229,190,190","227,187,187","223,183,184","222,182,182","219,179,179","216,174,176","212,170,172","207,163,165","203,158,160","194,149,152","184,140,142","176,130,133","170,124,127","167,121,124","160,117,117","155,114,112","156,116,114","158,118,116","163,123,122","169,128,128","174,132,133","178,136,137","183,141,142","190,148,149","197,155,156","203,162,162","206,164,165","207,165,166","208,166,167","210,167,165","208,164,161","203,158,155","200,156,153","198,155,151","196,154,150","193,152,149","189,148,146","181,141,139","182,142,140","180,141,139","176,137,135","172,133,131","168,130,128","165,127,127","163,128,127","159,125,126","152,118,118","150,116,116","153,118,116","154,119,115","155,120,115","159,124,118","166,129,122","169,131,125","172,134,129","176,137,133","177,137,135","174,134,133","171,131,130","167,127,124","164,123,119","158,118,113","152,112,107","145,108,102","141,104,98","133,98,92","129,95,88","124,92,85","120,89,82","114,84,76","106,77,69","99,70,62","92,64,56","85,59,51","81,57,50","78,55,48","80,55,48","92,64,57","113,78,74","131,91,89","140,98,94","142,97,94","142,97,94","158,113,110","178,136,130","171,133,125","157,121,112","118,87,77","76,50,38","73,52,41","79,61,51","66,50,40","49,34,23","51,34,24","44,27,17","38,20,10","46,27,18","48,28,19","58,37,29","62,38,30","59,34,26","62,35,28","68,39,32","67,39,32","76,54,47","59,42,34","47,29,19","56,36,27","60,38,27","54,30,18","59,34,21","67,42,29","63,41,27","68,47,33","86,68,55","115,101,89","144,133,121","159,152,140","161,158,146","160,163,155","161,169,161","161,167,161","159,162,157","166,169,162","177,178,172","180,180,173","170,167,160","143,138,130","120,112,104","95,86,77","77,67,58","82,72,63","79,68,58","83,73,66","80,71,69","86,80,79","85,80,78","82,76,69","80,75,65","76,69,57","78,71,56","86,77,62","92,82,69","99,88,76","92,79,71","87,73,68","84,68,68","81,63,67","80,66,68","82,73,70","78,72,64","172,176,165","175,176,165","177,175,168","178,172,167","177,169,166","175,166,164","173,164,160","170,163,157","174,167,158","179,169,159","181,166,155","161,136,123","137,104,90","155,113,100","167,120,108","169,123,107","152,107,92","148,105,89","155,112,97","152,111,96","146,107,93","151,113,101","160,123,113","172,138,127","173,140,132","158,128,120","156,127,120","163,134,128","163,135,129","161,136,130","170,151,144","165,148,140","165,148,140","161,144,135","165,147,137","174,155,144","169,149,138","168,147,135","165,143,130","150,127,115","131,108,94","107,84,70","85,62,48","79,53,40","80,57,46","89,69,63","84,65,61","67,46,43","63,41,38","77,53,49","88,62,59","90,62,59","97,67,64","106,75,72","120,87,83","132,98,94","142,105,102","150,112,109","158,119,115","164,124,119","169,128,120","173,130,121","179,136,127","185,142,134","185,142,135","185,142,135","189,146,139","193,150,144","191,148,142","189,146,142","192,149,145","200,156,153","206,162,159","209,165,162","208,164,162","206,165,163","207,166,164","211,170,168","215,174,172","217,176,174","214,174,172","211,171,169","209,169,167","211,171,169","215,175,173","218,178,176","218,179,176","219,179,177","221,181,179","221,181,180","222,179,180","223,182,181","225,184,182","227,186,184","227,186,184","226,186,182","225,186,181","226,187,182","226,187,182","225,188,180","225,188,180","226,190,181","227,191,182","228,192,182","229,191,185","230,190,189","226,186,186","222,182,182","219,179,179","215,175,175","210,169,170","206,164,166","206,162,164","203,159,160","195,151,153","189,144,146","183,137,139","179,133,135","177,132,134","174,131,131","172,131,129","173,133,131","176,135,133","180,139,139","186,145,145","191,150,151","195,154,155","197,157,157","200,160,160","204,163,164","206,165,166","205,165,166","206,165,166","207,166,167","205,164,163","200,159,157","199,158,155","199,157,155","196,155,152","191,151,148","186,147,144","181,142,141","176,138,136","174,137,135","173,137,135","173,137,134","170,134,132","164,129,127","159,123,122","154,119,119","150,116,119","150,114,117","151,116,116","153,118,116","151,116,113","154,117,111","158,122,116","168,131,123","172,135,127","177,138,133","180,141,137","180,140,138","178,138,137","175,135,134","171,131,129","167,126,123","160,121,116","153,114,109","146,108,103","141,104,98","132,97,91","129,94,88","126,93,86","122,90,83","115,85,77","108,78,70","100,71,63","94,65,57","89,61,52","83,58,51","77,54,48","78,53,46","92,62,56","116,82,78","140,100,98","150,109,105","151,107,104","149,104,101","158,114,110","175,133,127","178,139,132","173,137,128","134,101,91","83,54,43","61,38,27","69,51,41","70,53,43","57,41,31","51,34,24","42,25,15","38,21,11","45,27,17","47,28,19","59,38,29","63,39,31","63,37,30","67,39,33","70,40,34","66,37,31","73,52,45","68,52,44","53,35,26","48,28,19","60,38,27","59,35,23","60,34,21","69,43,30","68,46,32","65,44,30","74,56,43","99,85,72","129,119,107","150,144,131","158,155,143","159,164,154","158,166,158","160,167,159","162,167,160","161,164,157","162,162,156","172,171,163","185,182,174","179,174,166","131,123,115","94,86,77","87,78,70","99,89,81","104,94,85","92,83,76","76,69,69","83,77,80","85,80,81","76,72,68","69,65,57","64,59,49","71,65,52","95,88,74","123,115,103","126,116,107","114,103,98","100,89,86","86,73,75","71,56,62","64,51,56","59,48,48","53,47,41","169,171,160","170,171,160","174,170,163","176,169,164","175,166,163","172,162,160","168,158,155","165,157,151","168,159,151","169,157,148","170,152,142","153,126,115","132,98,85","148,102,92","151,103,91","162,115,102","150,104,89","152,109,93","160,118,102","154,113,98","145,105,93","153,115,104","161,124,114","176,141,131","185,152,145","173,142,135","165,136,129","166,137,131","169,142,135","172,148,141","160,141,134","157,140,132","156,139,131","154,136,128","158,140,130","162,144,133","158,138,127","160,139,128","157,135,122","142,118,106","124,100,88","103,80,66","84,61,47","79,53,41","79,56,47","87,67,62","88,69,65","70,50,46","61,39,35","75,51,47","87,63,59","90,63,60","94,65,61","103,72,69","117,84,80","129,96,91","140,104,100","149,112,108","157,119,115","164,125,119","171,130,122","176,134,125","181,139,130","184,141,133","184,141,134","184,141,134","186,143,136","189,146,140","187,144,138","183,140,136","184,140,137","191,147,144","201,157,154","206,163,160","207,166,162","204,163,161","205,164,162","208,167,165","211,170,168","212,171,169","209,169,167","206,166,164","205,165,163","207,167,165","212,172,170","213,173,171","214,174,172","214,174,172","217,177,175","219,178,177","221,177,178","222,179,179","223,182,180","224,183,181","224,183,181","223,184,180","222,183,178","224,185,180","224,185,180","225,188,180","226,189,181","227,190,182","228,191,183","228,191,182","230,192,186","231,191,190","228,188,188","224,184,184","220,180,180","216,176,176","211,170,171","207,165,166","205,161,162","202,158,159","198,154,155","193,148,149","190,144,146","189,143,145","187,142,144","188,143,144","188,145,144","186,145,143","188,147,145","189,147,147","193,151,152","196,155,155","198,158,158","201,161,161","203,163,163","204,164,165","204,164,165","202,162,163","201,161,162","201,161,163","198,161,161","194,158,157","190,154,154","184,148,148","177,141,140","169,134,133","162,128,127","159,124,124","160,125,126","153,119,119","146,114,114","149,116,117","152,119,120","152,119,120","150,117,118","151,117,119","150,115,118","150,114,115","149,114,114","148,113,111","145,110,106","149,113,107","156,119,113","170,133,125","174,137,130","181,142,136","184,144,140","183,143,141","181,141,140","178,138,137","174,134,131","170,129,125","163,123,118","156,117,112","149,110,105","144,105,100","136,100,94","131,96,90","128,94,88","125,92,85","118,88,80","111,82,74","104,75,67","98,69,61","93,65,56","89,63,56","82,58,53","77,50,44","82,51,46","101,67,62","128,88,86","148,105,102","157,112,109","158,113,110","155,110,107","159,116,111","171,130,123","178,140,133","150,115,105","98,67,56","56,31,20","57,38,27","68,50,40","62,45,35","52,35,25","45,28,18","41,24,14","43,26,16","49,31,21","59,40,30","62,40,32","62,38,30","67,40,34","71,42,36","67,39,32","68,47,40","77,61,53","62,44,35","45,25,14","62,40,29","65,40,28","59,33,20","68,42,29","71,47,34","61,39,25","61,43,28","79,65,51","107,97,85","133,124,113","145,141,129","151,153,143","157,162,155","167,172,165","172,177,170","169,172,165","165,166,160","169,170,162","173,171,164","147,143,137","92,87,81","85,79,73","120,112,106","131,124,117","136,127,121","123,116,112","116,111,114","105,102,106","81,79,80","72,71,69","84,80,76","84,81,73","79,76,66","92,88,77","118,113,102","121,116,107","114,106,102","104,95,94","88,78,81","68,57,63","60,49,55","56,46,48","54,45,42","167,168,159","167,166,158","170,164,160","173,164,161","174,163,161","171,159,156","165,154,150","159,149,143","159,150,141","161,148,138","164,146,134","152,124,114","137,101,90","148,101,92","144,95,84","153,106,94","156,110,97","162,118,104","164,121,108","158,116,104","152,112,101","153,115,104","154,117,107","158,124,115","165,132,125","167,136,128","167,138,132","162,133,127","161,134,127","168,144,137","157,138,131","153,134,127","147,128,121","149,131,123","157,139,129","158,139,129","153,133,123","148,127,116","140,118,107","129,107,94","115,93,80","98,74,62","79,55,43","68,44,32","66,44,34","73,53,48","86,67,63","76,56,52","65,44,40","73,49,45","83,59,55","88,61,58","92,64,60","101,71,68","116,83,79","128,95,90","139,104,100","147,111,108","156,118,114","162,123,117","167,127,120","172,132,124","175,135,127","176,136,128","177,137,129","177,136,130","177,136,130","180,139,133","182,141,135","182,141,137","182,141,137","184,143,139","191,149,146","199,158,156","203,162,160","199,158,156","195,155,153","192,152,150","191,151,149","190,150,148","190,150,148","189,149,147","190,150,148","193,153,151","197,157,155","199,159,157","202,162,160","206,166,164","211,171,169","216,175,174","221,177,178","221,177,177","219,176,175","219,177,175","219,178,176","221,180,176","222,181,177","223,183,179","224,185,180","226,187,180","228,189,182","228,191,183","229,192,184","229,192,183","229,191,185","228,188,187","226,186,186","223,183,183","220,180,180","218,178,178","214,173,173","211,169,170","205,161,162","202,158,159","198,154,155","195,150,152","194,148,150","193,147,149","194,148,150","194,149,150","195,151,150","193,151,149","194,152,150","194,152,152","195,153,154","196,155,155","196,156,156","199,159,160","200,160,161","200,161,162","196,158,160","192,154,156","188,150,152","185,149,151","177,144,145","165,136,139","161,132,136","156,127,131","151,121,125","143,114,118","135,107,111","130,101,105","130,101,105","121,92,96","119,91,95","126,96,100","130,100,105","130,99,104","130,99,104","136,103,108","143,107,110","146,110,111","150,115,113","150,115,113","147,112,108","150,113,107","156,119,111","169,130,123","176,137,130","183,144,137","186,146,140","185,144,140","182,141,138","180,139,137","176,135,132","170,129,125","164,123,119","158,117,113","152,113,108","147,108,103","140,103,97","134,99,93","129,95,89","126,94,86","120,90,82","114,84,76","107,77,69","100,71,63","95,67,58","94,69,62","94,68,63","91,62,57","91,59,54","99,61,58","115,75,73","139,95,92","153,108,105","157,109,107","151,105,102","147,103,98","164,122,116","182,142,135","170,132,124","128,93,84","71,43,33","51,30,21","58,37,28","61,42,32","56,38,28","51,34,24","47,30,20","43,26,16","49,32,22","57,39,29","58,37,29","55,32,25","59,34,26","65,37,30","63,36,29","62,41,34","77,62,53","71,53,43","50,30,19","62,40,28","67,43,30","59,33,20","63,37,24","65,40,27","56,34,20","54,34,20","66,50,38","91,79,67","117,108,97","134,128,117","139,139,128","152,155,146","165,168,159","168,171,162","174,175,167","182,183,175","180,181,175","169,168,163","138,137,132","88,85,80","69,65,61","92,87,83","101,96,92","109,102,100","106,101,99","103,100,104","95,94,100","74,73,78","64,63,64","70,69,66","69,68,64","68,67,59","71,69,60","73,70,62","78,75,70","79,74,73","80,74,76","71,65,71","58,51,59","54,47,54","64,54,58","66,56,56","177,176,169","176,172,167","177,169,166","180,169,167","183,169,167","180,166,163","175,161,157","167,155,148","168,157,148","173,159,148","174,153,141","156,126,116","139,99,91","149,101,94","146,95,87","156,108,98","166,121,108","172,128,116","170,127,116","165,123,111","159,119,109","154,115,107","152,115,107","152,117,108","149,116,108","153,122,114","164,134,128","162,133,127","154,127,120","157,133,126","160,140,132","156,137,129","147,128,120","151,132,123","160,141,131","157,138,128","154,134,125","142,121,111","126,104,94","112,90,80","97,75,63","82,59,47","66,43,31","58,35,23","58,36,27","69,48,43","83,64,60","78,59,55","70,50,46","74,51,47","80,55,51","87,62,58","94,66,62","102,73,69","114,84,79","128,95,90","138,103,99","146,110,107","154,117,113","160,123,117","167,127,120","171,131,123","171,131,123","169,128,121","170,130,122","172,131,124","171,130,124","168,127,122","170,129,124","174,133,128","174,133,129","173,132,128","174,133,129","178,137,135","179,138,136","173,133,131","167,128,125","162,123,120","160,120,118","161,121,119","163,123,121","164,124,122","166,126,124","168,128,126","171,131,129","175,135,133","182,142,140","192,152,150","202,161,159","210,168,167","217,172,173","216,171,172","214,170,169","214,172,171","216,174,172","218,177,174","221,180,176","219,180,175","221,182,177","223,184,177","226,187,180","227,189,181","227,190,182","227,190,181","226,187,181","224,184,182","222,182,181","219,179,179","218,178,177","216,176,176","213,172,172","210,169,169","207,163,163","204,160,160","200,156,156","197,152,153","195,149,151","194,148,150","195,149,150","196,150,150","196,151,150","198,153,152","199,156,155","200,158,158","199,157,158","197,157,157","197,157,157","196,156,158","194,155,157","189,151,153","181,145,148","175,139,142","171,135,137","168,134,137","160,131,136","149,124,131","139,116,123","131,108,115","124,100,107","115,91,98","102,78,84","91,67,74","86,61,68","84,60,66","94,69,75","109,83,89","115,88,95","112,86,92","114,86,92","115,84,88","117,82,85","125,88,89","137,101,100","146,110,107","147,112,106","150,112,105","154,117,109","168,129,122","177,139,131","185,146,139","189,148,143","187,146,142","183,142,139","182,141,139","178,137,134","173,132,128","167,126,122","161,120,116","155,115,110","149,110,105","143,106,100","138,101,95","131,96,90","128,93,87","122,90,83","115,85,77","108,78,70","102,72,64","97,67,59","93,64,59","95,66,62","99,69,64","104,71,66","109,71,68","119,78,76","136,92,89","147,102,99","147,99,97","151,102,100","146,98,94","161,116,111","180,137,131","182,141,134","155,118,109","97,67,58","59,33,25","51,28,20","59,37,29","55,36,26","50,32,22","49,32,22","43,27,17","47,31,21","57,40,30","58,39,29","51,30,21","52,28,20","57,31,24","59,33,26","57,37,29","73,58,48","75,58,48","57,38,27","57,35,22","64,40,27","63,35,23","63,36,23","65,40,26","60,37,23","58,38,25","66,49,36","86,73,61","114,104,92","136,129,117","144,142,132","155,155,146","161,161,153","160,161,152","167,168,160","179,180,172","176,178,171","169,170,164","167,167,162","145,144,140","99,97,94","86,82,79","96,91,90","99,93,94","93,89,91","84,82,87","83,83,89","78,78,83","77,78,80","87,88,87","86,87,84","83,85,80","84,84,79","83,82,78","86,85,82","89,87,87","94,93,95","92,90,94","84,80,89","87,82,90","89,81,85","91,83,85","185,181,177","181,176,172","180,172,169","183,172,169","187,173,170","185,170,167","181,166,161","171,158,150","176,163,153","185,170,159","180,159,147","151,121,111","130,89,81","147,97,91","151,99,91","149,101,92","156,109,100","164,120,110","168,124,115","165,123,114","161,121,112","159,120,112","155,118,110","162,127,119","167,134,127","161,131,123","161,132,124","165,136,128","166,139,132","169,144,137","163,141,133","162,142,133","151,131,122","151,131,122","156,136,127","151,131,122","154,134,125","139,119,110","115,95,86","94,71,63","75,52,43","61,39,29","55,33,22","58,35,26","64,44,35","77,58,53","82,64,60","76,57,53","72,52,48","75,53,48","80,57,52","91,66,62","97,69,65","103,75,71","115,85,80","129,96,91","138,104,99","145,110,106","152,117,112","159,122,116","164,125,118","166,126,118","160,120,112","153,112,105","151,110,104","151,110,104","149,108,102","146,105,101","147,106,102","149,108,106","152,111,109","152,111,109","150,109,107","145,105,103","140,99,97","132,93,91","128,90,87","128,90,87","132,93,91","140,100,98","146,106,104","149,109,107","151,111,109","152,112,110","154,113,111","157,116,114","165,124,122","178,137,135","190,149,147","200,157,157","208,163,164","210,165,166","213,169,168","215,171,170","218,174,173","219,176,173","220,179,175","217,176,172","219,178,174","221,182,175","223,184,177","225,186,179","225,186,179","225,186,178","225,186,179","224,184,181","221,181,179","219,179,177","217,177,175","215,175,173","212,171,169","209,168,166","210,166,165","207,163,162","203,159,158","198,153,152","196,150,150","195,149,149","195,149,149","195,149,149","197,151,149","200,154,153","202,157,156","202,157,158","198,155,156","193,152,153","190,150,151","187,148,151","181,144,146","172,136,139","161,127,131","156,122,126","156,122,127","157,126,131","153,129,136","138,119,128","115,97,106","95,77,86","83,65,74","76,57,67","66,47,55","57,37,45","56,35,43","56,34,42","66,44,51","80,56,63","82,58,66","79,54,62","83,57,64","91,61,65","95,60,62","99,61,62","109,71,70","122,84,82","133,96,90","142,104,97","151,113,105","168,130,121","178,140,131","188,147,141","191,150,145","188,147,143","184,143,140","183,142,140","182,140,137","178,134,131","171,128,125","163,122,118","156,115,111","150,110,106","142,104,99","137,100,94","131,96,90","128,93,87","123,90,83","116,84,77","109,78,70","103,73,65","98,68,60","92,62,57","92,62,58","98,67,62","107,73,68","118,79,77","133,92,90","150,105,102","160,113,110","159,110,109","165,115,113","151,102,98","158,109,105","173,126,121","188,142,137","179,136,129","124,88,81","70,42,34","51,24,17","59,36,28","53,32,23","43,25,15","47,31,21","45,31,20","47,33,22","63,46,36","65,47,37","57,36,27","52,29,22","56,31,24","58,33,26","57,38,29","68,53,43","76,59,48","63,44,31","50,28,15","58,34,21","67,39,26","66,38,24","67,40,26","64,40,25","60,39,24","61,43,29","76,60,47","103,91,78","128,119,108","145,139,130","152,150,140","160,159,149","167,168,157","173,174,166","175,176,168","174,177,170","170,173,166","168,170,165","171,171,168","126,126,124","102,100,99","108,104,105","95,90,92","95,91,94","95,93,99","95,96,101","89,90,94","87,88,90","94,96,94","90,92,89","84,86,83","89,90,86","94,96,92","93,94,92","91,92,91","96,96,97","94,94,98","88,86,94","93,91,97","97,93,97","101,97,98","177,173,171","178,173,169","177,169,166","179,168,165","186,172,169","186,171,167","176,161,155","167,153,145","173,160,150","183,168,155","182,162,149","149,118,108","123,81,74","147,97,93","149,97,92","148,100,94","144,98,91","146,102,94","156,111,104","162,119,113","162,121,114","158,119,111","156,119,111","159,125,116","168,135,128","168,138,130","159,130,122","160,131,123","173,146,138","175,151,142","155,133,124","166,144,136","163,141,133","157,136,127","157,135,127","153,132,123","149,129,120","126,106,98","101,81,73","78,57,49","57,36,28","50,28,21","58,37,27","68,47,39","75,55,47","77,58,53","74,56,52","71,53,49","75,55,50","77,56,51","79,57,52","86,61,57","95,68,64","105,77,73","117,87,82","129,98,93","137,105,100","144,109,105","151,116,111","157,120,114","161,122,115","153,113,106","141,102,95","132,92,85","127,87,81","124,84,78","120,80,75","119,78,75","120,79,76","122,81,79","126,85,83","128,88,87","125,84,83","118,78,77","113,74,72","113,75,72","114,77,74","119,83,79","127,89,87","135,96,93","140,100,98","143,103,101","143,102,100","143,102,100","146,105,103","150,109,107","157,115,113","166,123,122","178,135,133","189,145,145","200,154,156","204,159,160","210,165,165","214,169,168","216,171,171","217,173,170","217,174,170","216,174,170","218,177,173","221,181,174","223,183,177","223,184,177","224,185,178","225,186,178","226,187,181","227,187,183","225,185,183","223,183,181","221,181,179","217,177,175","214,173,171","210,169,167","210,166,165","208,164,163","202,158,157","197,152,151","195,149,149","194,148,148","195,149,149","197,150,149","199,153,150","204,157,156","203,157,157","197,153,153","191,148,149","188,146,148","188,148,149","177,138,141","168,132,134","156,122,126","146,114,119","145,114,118","144,114,119","139,110,116","125,105,113","105,92,101","73,60,70","53,39,50","49,35,45","38,23,33","44,28,39","58,40,49","57,38,48","66,45,54","75,54,63","75,53,62","70,47,57","67,44,52","62,36,43","66,35,41","74,38,40","76,37,37","81,43,41","93,54,52","108,70,65","128,90,83","148,109,101","172,133,124","178,139,130","186,146,139","190,149,143","189,147,142","186,143,139","183,141,138","183,139,137","179,135,132","172,128,125","165,122,119","157,116,112","151,110,106","143,104,99","138,101,95","132,96,90","126,91,85","124,89,83","117,84,77","109,76,69","104,73,66","99,69,61","92,61,56","91,59,56","95,62,58","103,68,64","118,79,77","138,97,95","159,114,111","170,121,119","172,122,121","176,125,124","168,118,115","159,109,106","163,113,109","186,136,132","193,146,141","150,110,105","87,54,48","52,23,17","64,38,31","49,26,18","39,21,11","43,29,18","46,34,22","42,29,17","65,52,40","74,58,48","62,43,34","53,31,23","58,34,27","58,34,27","54,35,26","63,49,38","75,59,46","68,50,36","51,29,15","52,28,14","65,37,23","69,41,27","67,39,25","64,37,23","61,38,24","59,40,26","65,48,34","85,71,58","109,98,87","124,116,106","137,133,123","157,154,145","170,169,159","173,173,164","172,173,165","175,178,171","171,174,167","163,164,159","171,172,168","121,120,118","89,86,86","93,88,90","89,82,84","86,80,84","91,88,93","91,91,95","85,86,89","82,83,84","84,85,84","83,84,82","81,82,79","83,84,81","85,86,83","80,81,79","76,78,76","78,79,80","79,79,82","77,77,82","79,79,83","82,82,83","85,87,85","173,169,168","178,173,172","180,171,168","180,169,167","187,173,170","188,173,168","175,160,153","167,153,144","171,158,146","179,164,150","181,160,147","146,116,106","121,80,73","149,99,95","149,97,93","155,107,101","153,106,101","152,107,101","153,109,104","157,114,108","161,120,114","162,123,116","166,129,121","163,129,120","161,128,121","162,131,123","154,124,116","154,125,117","166,139,130","168,142,133","152,127,120","163,140,132","164,141,133","157,134,126","155,132,124","149,128,119","132,112,103","106,86,78","86,66,59","66,46,39","51,31,24","50,30,23","59,39,31","66,46,39","67,48,42","68,49,45","70,52,48","75,57,53","78,60,55","78,57,52","78,56,51","82,57,53","90,63,59","101,73,69","115,86,80","128,97,92","138,106,101","142,109,104","146,111,107","148,112,106","145,107,101","135,96,89","125,86,79","119,80,73","117,78,71","114,75,69","109,70,65","107,67,64","108,68,66","111,71,69","115,75,73","119,79,79","119,79,79","119,80,79","119,81,79","120,85,81","122,87,83","126,91,87","131,95,91","135,97,94","137,98,96","138,98,96","140,99,97","141,100,98","145,104,102","152,111,109","159,115,114","164,120,119","173,129,128","183,138,138","194,148,150","200,154,155","207,161,161","211,165,165","212,166,166","212,167,165","213,169,166","216,173,169","218,177,173","221,180,174","223,182,176","223,184,177","224,186,178","227,188,180","228,189,183","228,188,184","227,187,185","225,185,183","223,183,181","220,180,178","215,175,173","211,170,168","209,166,164","206,162,161","200,156,155","194,150,149","192,146,146","192,146,146","195,149,149","199,151,150","201,152,151","200,150,150","199,151,151","197,152,152","193,149,150","186,143,145","178,138,140","161,123,126","157,122,125","162,129,134","164,132,137","145,116,121","113,85,90","89,64,70","76,59,67","51,40,51","23,14,25","29,18,29","28,16,26","20,8,18","46,31,41","59,43,53","74,57,67","95,75,84","115,94,103","117,95,103","109,85,95","99,74,83","78,51,58","67,34,38","71,33,35","76,38,38","84,46,44","94,55,52","107,68,62","128,90,82","150,112,103","173,133,124","177,137,128","183,143,135","188,147,140","190,147,141","187,144,139","184,140,137","183,139,136","181,136,133","174,129,126","167,123,120","160,117,113","153,112,108","146,106,101","140,103,97","135,98,92","128,92,86","126,91,85","120,86,80","111,78,71","108,76,69","103,72,64","93,60,56","89,55,53","91,57,53","97,61,58","112,72,70","134,91,90","156,110,108","168,118,117","172,121,120","179,126,125","183,130,127","166,112,110","158,104,102","179,125,123","194,142,139","168,125,121","102,66,62","53,22,17","66,38,32","49,26,18","43,25,15","42,28,17","44,33,21","37,27,15","62,50,38","76,62,51","64,48,37","54,34,24","58,36,27","57,35,27","51,34,24","59,46,33","72,56,42","68,50,36","53,31,17","50,25,10","61,33,19","69,41,27","66,38,24","64,37,23","64,40,26","62,42,28","61,43,29","75,59,46","98,86,74","115,105,95","135,128,118","161,155,147","172,168,159","172,170,161","174,175,166","180,182,174","175,178,171","171,172,166","178,177,173","117,115,112","79,75,74","77,70,71","86,76,78","77,68,70","78,74,76","76,74,76","73,71,73","75,74,75","80,79,78","83,82,79","82,82,78","82,81,78","81,81,77","76,77,73","74,75,72","76,76,77","78,79,80","79,80,80","77,78,78","74,77,74","72,79,73","170,168,168","178,173,172","182,173,171","182,171,169","186,173,169","187,174,167","178,167,158","168,157,146","169,160,146","179,167,152","177,157,144","142,112,102","120,81,74","147,98,94","151,100,97","157,108,104","160,113,109","160,115,112","157,112,109","154,111,107","158,117,113","168,129,124","181,144,138","183,149,142","169,136,129","153,122,115","150,120,112","153,124,116","155,128,119","160,133,124","161,137,128","162,137,128","156,131,124","153,129,121","153,130,122","141,118,111","111,89,82","84,63,56","65,45,38","53,33,27","50,31,25","53,34,28","50,31,25","49,29,23","51,32,28","60,43,39","76,60,56","84,66,62","79,61,56","75,56,50","80,57,53","84,60,56","85,58,54","94,66,62","110,82,76","127,97,92","139,106,101","140,107,102","137,103,98","133,97,91","125,88,81","120,83,75","116,79,73","115,77,71","116,79,72","114,77,71","111,72,69","107,69,66","109,70,68","113,74,73","117,78,77","118,80,79","123,85,84","129,91,90","132,95,93","133,98,94","133,99,95","133,98,94","135,98,95","137,99,96","140,101,98","142,102,100","147,106,104","149,108,106","154,111,110","163,119,118","167,121,121","170,125,124","176,131,130","183,136,137","190,142,145","196,149,150","203,156,156","206,160,160","207,161,161","209,163,161","210,165,162","214,170,167","218,174,171","219,178,172","222,181,175","223,182,176","225,185,178","228,187,180","229,188,183","228,189,184","227,188,183","225,186,181","224,185,180","220,181,176","216,176,171","211,170,166","207,164,161","203,159,157","195,151,149","189,145,142","188,142,140","188,143,141","191,145,143","196,147,146","198,148,147","194,144,143","194,145,145","195,148,149","190,145,147","175,132,134","159,120,121","162,126,128","158,124,128","158,127,132","151,122,127","116,90,97","76,51,57","56,33,40","50,33,42","30,21,31","63,55,66","128,119,130","85,74,84","29,16,26","43,28,38","52,36,46","74,57,67","97,77,86","134,111,119","154,129,136","145,120,128","125,98,105","98,69,75","83,50,53","87,48,50","96,57,57","108,68,67","119,80,75","128,89,82","144,104,96","160,120,110","171,131,121","176,135,126","184,141,133","189,146,139","191,148,142","189,145,141","186,142,139","186,141,138","184,139,136","177,132,129","170,126,123","163,119,116","155,114,110","148,107,103","142,103,98","137,100,94","131,94,88","128,93,87","122,88,82","114,80,74","111,79,72","108,75,68","98,63,59","92,55,54","91,54,50","95,56,54","108,67,65","129,85,84","151,106,103","166,116,115","172,120,119","183,128,128","192,135,134","179,121,120","162,104,103","171,113,112","190,133,132","181,133,130","118,78,75","58,25,20","63,34,28","52,28,21","50,30,21","42,28,17","42,30,18","41,31,19","56,45,33","70,58,46","67,51,40","56,38,28","57,36,27","57,36,28","53,37,26","57,44,30","65,49,35","61,44,30","52,30,16","52,26,11","61,33,19","68,39,24","64,35,20","64,36,21","65,38,24","60,37,23","57,37,23","69,51,38","90,75,64","108,95,86","127,118,109","152,144,135","163,158,149","165,163,154","169,170,159","176,178,168","173,175,167","171,171,165","173,171,166","117,112,107","91,82,80","82,69,68","93,78,79","91,77,78","87,78,77","84,79,77","82,77,75","82,78,75","84,81,76","86,83,78","86,83,78","82,79,74","75,73,68","72,72,66","73,72,67","76,75,71","78,78,74","77,76,73","73,74,68","75,79,73","71,77,68","163,162,162","171,169,168","177,171,170","177,168,165","177,167,161","176,166,156","171,162,151","166,159,144","173,164,149","184,172,157","174,156,142","138,110,100","123,85,78","141,93,89","148,98,95","155,106,105","151,104,102","150,105,102","154,109,107","160,117,113","163,122,118","162,124,118","179,142,136","192,158,151","175,142,135","154,123,115","160,131,123","165,136,128","156,129,120","158,131,122","162,137,128","160,135,126","154,129,122","154,130,122","152,129,121","130,107,100","93,70,64","62,40,34","45,25,19","43,23,17","51,32,26","53,34,29","43,24,19","41,22,18","49,31,27","61,46,41","74,58,54","75,57,53","68,50,45","74,55,49","83,63,58","83,59,55","82,58,53","93,66,62","110,81,75","126,97,91","136,105,100","135,102,97","128,95,90","122,88,83","118,81,75","116,79,72","115,78,72","114,77,71","114,77,71","114,77,73","113,75,72","117,79,76","123,85,83","131,93,92","134,96,95","133,95,95","134,96,95","137,100,99","140,106,103","143,110,105","145,111,107","148,114,110","153,116,113","156,119,116","159,121,118","161,121,119","165,124,122","165,124,122","169,126,125","176,132,131","179,133,133","177,131,131","179,132,132","182,135,136","187,138,141","192,143,145","197,149,149","200,153,153","202,155,155","205,159,157","207,162,159","210,166,163","214,170,167","217,176,170","220,179,173","223,182,176","226,185,178","229,189,181","230,190,183","229,190,185","228,189,184","226,187,182","224,185,180","220,181,176","215,175,171","211,170,166","206,162,159","199,155,152","189,145,142","183,139,136","183,138,135","185,140,137","187,141,139","190,142,140","194,143,141","197,146,145","193,143,142","183,134,135","171,125,127","163,121,123","160,121,124","177,141,144","163,130,135","134,104,109","108,81,87","98,74,80","92,70,77","78,57,65","57,43,52","39,31,41","117,110,120","210,203,211","143,133,141","38,26,35","24,8,18","55,37,45","78,58,67","95,73,80","132,106,112","151,124,129","138,111,116","118,88,93","101,68,73","98,63,66","107,68,69","116,76,75","127,88,84","137,97,92","143,105,96","155,115,107","167,127,117","170,130,120","175,134,124","183,140,131","187,144,136","189,145,139","189,144,139","187,142,138","186,140,137","184,138,135","177,132,129","171,126,123","164,120,117","157,113,110","147,106,102","142,101,97","134,96,91","127,90,84","127,90,84","120,85,79","112,78,72","111,78,71","109,75,68","104,67,64","99,61,60","97,57,55","101,60,58","113,70,68","131,85,84","153,105,103","168,118,117","175,123,122","185,128,128","196,138,137","192,131,132","174,113,113","172,109,109","186,126,125","188,136,134","132,89,87","68,29,27","62,30,25","53,27,20","52,32,23","40,26,15","40,30,17","43,35,22","47,39,26","62,52,40","66,53,42","58,41,31","55,35,26","55,35,26","54,39,27","54,42,28","56,43,27","57,40,24","53,32,15","52,26,11","60,32,16","65,36,20","62,33,17","64,35,20","64,36,22","57,33,18","53,31,17","62,42,30","80,62,52","98,83,75","118,107,99","141,132,123","154,147,137","158,154,145","163,161,151","169,169,159","167,167,156","165,163,153","160,155,147","115,106,98","111,98,92","103,86,81","118,97,95","118,97,96","118,103,99","117,106,101","114,104,99","109,100,94","103,95,87","100,92,84","98,91,83","95,89,81","90,86,77","89,84,76","90,86,77","92,89,82","95,92,85","94,91,84","90,89,79","90,91,78","87,88,75","163,164,163","169,168,167","175,170,169","173,166,161","167,158,152","161,152,142","154,146,134","157,150,134","171,164,147","184,174,157","169,152,137","138,112,101","131,95,87","140,94,91","149,99,98","144,96,96","144,96,96","146,100,100","155,109,109","162,119,117","162,121,118","159,120,115","162,125,119","167,133,126","157,124,117","150,119,111","162,133,125","166,137,129","157,130,119","156,129,119","150,123,114","151,125,116","150,125,118","149,124,117","139,114,107","112,88,81","76,53,47","51,30,24","43,22,17","43,23,19","50,31,27","47,29,25","36,18,14","40,22,20","53,36,33","65,50,45","61,46,41","51,35,30","52,35,30","74,55,49","87,67,62","78,55,50","81,57,52","95,69,64","112,84,78","126,97,91","131,101,96","128,96,91","123,90,85","119,85,79","118,81,75","119,82,76","118,81,75","118,81,75","120,83,77","123,85,81","126,88,85","140,102,100","152,114,113","163,125,124","169,131,130","168,129,130","165,126,127","163,125,126","162,128,125","161,129,125","165,133,128","171,138,133","177,143,138","180,145,141","182,145,142","183,144,142","185,144,142","182,141,139","183,139,138","187,143,142","187,141,141","183,136,136","183,135,135","183,135,136","184,135,138","186,138,140","190,142,142","192,144,144","196,148,148","199,153,151","203,158,155","206,162,159","210,166,163","216,173,167","220,177,171","223,182,176","226,185,179","230,190,182","232,192,186","232,193,188","230,191,186","227,188,183","224,185,180","220,181,176","215,174,170","209,168,164","203,159,156","194,150,147","183,139,136","177,133,130","179,134,131","183,138,135","186,140,137","189,139,137","190,139,136","189,137,136","181,131,130","170,121,122","163,118,119","164,122,124","168,129,131","158,123,127","140,109,114","128,99,105","136,110,117","149,127,134","139,119,126","102,83,92","64,51,60","36,28,36","55,49,56","92,83,90","67,56,63","29,16,23","27,10,18","57,37,43","96,73,78","103,78,82","124,97,101","133,103,107","120,88,92","111,77,80","112,75,78","123,84,86","133,93,93","136,96,95","142,103,99","147,106,102","150,110,103","157,117,109","167,127,117","173,131,119","176,134,123","179,136,127","183,139,131","185,140,134","185,140,134","185,140,135","183,137,133","181,133,131","174,128,126","169,124,121","163,119,116","156,112,109","146,105,101","140,99,95","134,95,90","127,89,83","126,89,83","120,85,79","114,79,73","113,79,73","112,78,72","109,72,69","105,65,65","102,62,60","109,68,66","120,77,76","135,89,88","154,106,104","171,120,119","180,127,126","186,129,130","194,135,135","200,137,138","190,125,127","179,114,115","185,121,122","187,131,131","140,93,93","75,34,33","60,26,21","50,23,16","49,30,21","37,24,13","41,32,20","42,35,22","41,35,21","55,46,34","62,50,39","57,41,31","53,34,25","52,32,23","52,38,26","51,39,25","53,40,24","58,41,25","55,34,17","52,25,10","56,28,11","62,32,16","62,31,16","62,33,19","61,33,19","55,30,16","52,29,15","59,38,25","71,52,41","89,73,65","109,97,91","132,123,114","148,141,131","155,150,140","162,159,147","168,166,154","168,165,153","171,167,155","159,151,140","118,106,96","123,105,97","118,95,88","125,98,93","123,97,91","122,102,94","123,108,98","125,111,100","122,108,98","116,102,93","114,100,91","113,102,92","113,102,93","108,98,89","105,96,85","103,96,85","105,99,87","108,103,90","109,104,91","107,102,89","107,99,86","111,103,88","167,170,170","172,172,171","177,173,172","175,170,165","168,161,153","157,149,138","146,139,125","153,147,129","170,165,146","182,173,155","160,144,130","136,111,99","140,106,97","144,100,97","154,105,104","136,88,89","145,97,99","153,107,107","158,112,112","157,114,113","158,117,115","162,122,119","159,122,117","151,117,110","147,114,107","153,122,114","160,130,122","159,130,122","156,129,118","157,130,120","148,121,112","148,122,113","146,122,113","141,116,108","126,101,94","96,72,66","63,40,34","50,29,23","48,27,22","45,25,21","44,25,21","39,21,18","37,19,16","43,25,23","52,35,32","59,44,39","49,34,29","38,23,18","47,31,25","74,56,49","85,65,59","71,50,45","75,51,46","91,66,61","112,84,78","125,96,90","127,96,91","121,90,85","118,85,80","117,83,78","123,86,80","128,91,85","133,96,90","136,99,93","139,102,97","146,108,104","153,115,112","164,126,124","172,134,133","181,143,142","187,149,148","189,150,151","188,149,150","186,148,149","183,149,147","182,149,146","185,153,148","189,156,151","192,157,153","192,157,153","193,156,152","192,154,151","194,154,152","191,150,148","190,146,145","192,147,146","192,145,145","187,140,140","185,137,137","184,135,136","182,133,136","181,133,135","182,134,134","182,134,134","186,138,138","192,146,144","198,153,150","203,159,156","207,163,160","213,170,164","219,176,170","222,181,175","227,185,179","230,190,182","233,194,187","235,196,191","232,193,188","228,189,184","225,186,181","219,180,175","213,172,168","207,166,162","201,157,154","191,147,144","179,135,132","173,129,126","177,132,129","182,137,134","186,140,137","191,140,138","189,137,134","178,125,124","168,117,116","167,118,119","169,123,125","168,125,128","162,123,126","139,104,109","128,97,102","142,114,122","179,155,161","197,175,182","169,150,158","122,104,113","85,72,81","60,51,58","34,26,32","16,6,12","17,6,11","34,19,24","54,35,40","70,49,53","94,70,73","97,71,73","113,83,86","122,90,91","121,87,88","129,92,93","138,99,101","147,107,108","151,111,111","151,111,109","153,114,110","156,115,111","156,116,109","161,121,113","170,129,119","178,136,124","177,135,124","178,134,125","178,134,126","179,134,128","180,135,129","181,136,131","180,133,130","177,129,127","173,127,124","168,123,120","162,118,115","156,112,109","146,105,101","141,101,96","135,96,91","128,89,84","127,90,84","122,86,80","115,80,74","117,83,77","116,82,76","112,74,72","107,66,66","107,66,64","116,75,73","128,85,84","139,93,93","155,107,105","172,120,120","183,129,129","189,132,133","193,132,133","200,137,138","198,131,133","185,117,118","184,119,120","183,126,126","142,94,94","77,35,34","57,22,18","49,22,15","50,32,22","37,24,12","42,35,21","41,35,21","42,35,22","54,45,32","59,47,36","56,40,30","55,36,26","51,32,22","50,37,24","50,38,23","54,41,25","62,45,29","59,37,21","51,24,9","51,23,6","59,29,13","64,32,16","63,32,18","59,31,17","56,29,15","55,31,17","59,37,23","64,44,32","75,59,51","94,82,76","121,111,102","140,133,123","153,146,136","161,157,146","165,163,150","167,163,150","172,165,152","160,149,136","121,106,94","121,100,89","121,95,85","124,94,86","126,97,88","122,99,88","124,106,92","128,111,97","125,107,95","118,101,90","114,99,87","117,102,90","116,103,92","111,98,87","107,96,83","105,96,82","107,99,84","110,102,86","110,102,85","107,99,82","108,95,80","112,98,82","170,171,171","173,173,171","180,177,173","183,178,173","177,172,163","165,158,147","153,147,132","160,155,137","176,171,151","182,174,156","154,138,123","133,108,95","144,110,102","145,102,99","158,110,110","140,91,93","147,99,100","153,106,106","155,110,110","157,113,112","158,117,115","162,121,119","170,133,128","161,127,120","155,122,115","164,133,125","157,128,121","147,118,110","153,126,116","158,131,121","153,126,117","149,122,114","141,116,108","130,106,98","113,88,81","83,59,53","51,29,22","47,26,21","48,28,22","41,21,17","34,16,12","35,17,15","43,26,23","48,30,28","47,32,28","46,32,27","40,27,21","39,24,19","51,35,29","71,54,47","79,60,53","67,47,42","66,43,37","82,58,52","108,81,74","123,94,88","123,93,87","116,85,80","112,80,75","115,81,76","124,89,84","135,99,93","145,109,105","152,114,111","157,118,116","165,125,122","172,132,130","182,143,141","185,145,144","186,146,144","188,149,147","191,152,152","195,156,156","197,157,158","195,159,156","193,159,155","192,159,153","191,158,153","191,157,153","190,156,153","191,156,153","191,154,153","195,156,155","192,151,151","189,146,147","192,148,148","193,146,146","190,142,142","187,139,138","186,137,136","180,132,133","177,129,130","174,126,125","174,126,125","178,130,129","186,139,137","194,148,145","202,156,153","206,160,157","212,168,162","218,175,169","223,180,174","227,185,179","231,191,183","235,196,189","237,198,193","234,195,190","230,191,186","225,186,181","219,179,174","211,170,166","206,163,159","198,154,151","188,144,141","176,132,130","171,127,125","175,131,129","182,137,135","187,141,140","191,142,140","189,137,135","178,126,125","170,119,120","169,120,122","167,121,124","159,117,120","149,110,114","140,103,110","151,120,126","174,146,153","199,173,181","211,189,198","197,175,185","159,139,149","116,101,109","86,75,80","60,50,55","49,36,40","53,39,42","54,37,40","76,56,59","93,71,72","101,75,75","102,74,74","118,85,86","132,97,96","143,106,105","157,117,117","161,121,120","157,117,115","154,114,112","155,113,110","158,117,112","162,120,115","164,123,115","170,127,119","178,134,125","182,139,128","179,136,125","176,132,123","174,130,122","174,129,122","175,130,125","178,133,127","177,131,127","175,127,125","172,125,122","168,122,120","164,120,117","158,114,111","149,107,103","143,102,98","135,96,91","128,89,84","127,90,84","122,86,80","116,81,76","119,84,79","118,83,78","114,76,73","109,68,68","111,70,68","124,82,81","137,93,93","146,99,99","158,109,108","174,122,121","185,129,130","195,137,138","194,133,134","198,133,135","197,131,133","184,116,118","181,116,117","180,123,124","141,92,94","75,32,32","53,17,15","51,23,18","55,36,27","39,26,15","42,34,23","41,35,21","45,38,25","55,46,34","57,46,34","56,41,31","58,40,30","52,34,24","50,35,22","51,38,22","58,44,27","67,49,34","62,40,25","49,22,7","47,20,3","56,27,10","64,34,17","61,31,16","57,28,15","56,29,17","58,34,20","61,38,25","61,39,28","66,48,40","84,71,64","113,103,94","137,130,120","152,147,136","161,159,148","167,166,152","168,165,152","172,165,151","162,151,136","125,107,93","115,91,78","120,91,79","123,91,80","133,103,91","125,101,88","125,107,92","129,112,97","125,107,92","116,98,85","110,94,81","113,97,84","114,99,87","110,97,84","109,96,82","110,98,82","112,101,84","113,102,86","110,99,82","106,94,77","109,92,76","108,89,73","170,167,162","174,172,165","184,180,172","186,182,172","181,177,166","175,171,158","165,161,146","167,161,145","181,173,156","181,166,152","148,127,115","138,109,100","156,120,114","146,105,101","147,101,99","160,111,110","159,110,109","161,111,111","162,116,113","162,117,115","160,118,115","161,121,117","172,134,130","169,134,130","160,127,122","167,136,130","170,140,135","153,125,118","143,116,109","149,123,116","148,123,115","146,121,113","149,124,118","137,113,107","105,81,75","70,47,42","47,25,20","46,26,21","44,24,20","37,18,14","33,17,13","33,17,14","41,26,23","48,32,30","42,28,24","34,23,17","35,24,18","35,23,17","48,35,28","66,51,44","71,55,48","67,48,42","66,46,39","76,53,47","98,74,67","122,95,89","123,95,89","109,80,74","109,79,73","121,91,85","131,101,95","136,105,100","144,109,106","152,115,112","164,123,121","174,129,128","178,132,130","186,139,137","188,140,139","186,140,136","189,144,140","191,148,144","193,151,146","194,154,150","195,158,151","192,157,149","193,159,152","193,160,155","181,150,147","191,159,160","189,158,160","178,147,150","185,153,156","190,154,158","180,142,145","181,140,141","192,147,147","192,145,143","190,141,138","187,139,136","183,137,135","173,127,125","168,122,118","170,123,121","175,127,125","181,133,130","188,141,137","205,156,153","209,162,158","211,166,161","215,172,165","220,177,170","224,184,176","230,190,182","233,196,188","236,200,194","234,197,191","229,190,185","222,183,179","218,178,175","214,171,169","209,163,162","198,153,152","186,141,140","172,127,127","165,121,122","171,128,128","180,136,137","187,142,143","192,143,145","190,139,142","182,131,134","173,123,126","165,117,122","159,113,118","151,108,114","145,104,111","158,119,126","175,139,147","189,155,164","199,167,177","207,178,188","204,176,186","180,154,163","143,121,127","109,91,93","90,72,74","90,71,73","99,77,79","99,73,75","103,76,77","111,82,81","117,84,83","124,91,88","141,104,102","157,119,115","169,129,124","174,131,126","170,126,122","166,122,117","165,120,114","165,118,112","165,120,113","168,122,115","171,125,117","176,130,121","181,135,125","186,140,130","178,134,123","176,132,122","176,132,121","174,130,121","172,128,120","174,129,121","177,129,125","177,128,126","175,125,124","171,123,122","168,121,119","161,116,113","152,108,107","144,103,101","137,97,94","128,89,86","124,87,83","123,86,82","117,82,80","114,80,77","113,79,76","115,78,75","115,75,72","110,70,67","125,82,79","144,99,97","153,105,104","166,115,114","171,118,117","185,126,128","195,135,137","198,136,138","196,132,135","192,127,130","186,120,123","182,120,123","174,119,123","139,93,96","71,30,33","42,7,8","53,25,21","54,34,28","49,33,25","47,36,27","42,34,23","45,36,25","54,44,34","59,48,37","57,43,34","54,37,28","49,31,22","55,38,26","56,39,25","60,42,27","66,46,32","61,38,25","48,23,10","48,22,7","57,30,16","66,37,24","63,35,22","61,33,21","59,32,20","60,34,22","63,37,25","64,39,28","66,46,39","79,62,55","104,93,84","127,122,112","144,145,132","163,166,153","177,179,165","175,175,161","178,171,157","173,159,145","129,110,95","114,90,76","117,89,74","117,87,72","126,98,82","118,99,82","119,105,86","123,109,91","119,105,88","116,102,86","114,101,84","112,98,83","104,90,75","98,82,68","103,88,74","108,93,79","111,95,82","112,95,81","112,96,82","113,96,82","110,90,75","109,86,72","172,166,156","175,170,159","184,180,168","184,180,169","180,178,165","180,178,164","175,171,156","173,165,152","183,171,159","178,159,148","142,117,107","136,103,96","156,119,114","146,105,101","145,100,97","162,113,109","162,112,109","163,114,111","161,113,110","156,110,107","153,110,107","157,116,112","162,124,120","160,125,121","155,122,118","156,125,122","163,134,130","159,130,126","147,121,116","147,122,117","147,122,117","146,121,116","150,125,120","131,107,102","90,67,61","59,37,32","47,25,20","44,24,20","39,20,16","37,19,15","39,23,18","36,21,18","41,27,24","44,30,27","36,24,20","31,20,14","32,22,16","31,20,14","44,32,25","64,51,43","69,54,46","66,49,42","66,47,40","71,50,43","93,70,62","121,96,89","127,100,93","111,83,76","113,85,78","127,100,93","133,107,102","138,109,105","143,111,108","152,115,113","166,123,122","178,130,129","182,132,131","182,129,129","186,132,131","189,139,136","193,144,140","193,145,141","192,149,143","191,151,144","191,153,145","188,152,144","183,150,142","176,145,141","170,141,140","172,145,147","170,144,149","162,136,142","165,138,146","169,139,146","164,132,137","169,132,134","176,134,135","175,130,128","184,136,133","189,142,138","182,137,132","178,134,129","174,130,125","170,124,120","165,117,113","166,117,113","175,126,122","198,149,145","206,157,153","209,164,159","213,171,163","216,176,168","221,182,173","226,189,180","230,194,187","233,198,192","233,197,191","228,191,185","222,183,179","219,178,176","216,171,171","209,163,163","195,149,150","183,137,138","170,124,126","167,121,123","173,130,132","183,141,143","191,148,150","197,151,155","197,149,155","184,135,141","167,119,125","153,106,114","148,102,110","147,103,112","149,107,115","158,118,126","167,128,137","170,133,143","170,133,144","174,139,149","175,143,153","167,135,145","152,123,129","135,111,113","127,103,104","134,108,108","145,116,117","145,116,114","143,110,109","145,110,107","155,118,115","157,118,113","159,118,113","164,122,116","169,125,119","173,128,121","174,128,120","173,126,117","173,123,115","173,124,115","175,126,117","177,128,119","179,131,121","181,133,124","183,135,125","183,136,126","177,131,121","176,132,121","180,136,125","178,134,124","174,130,120","175,129,120","178,129,124","177,127,125","175,125,124","173,123,122","169,120,119","161,116,113","153,107,107","144,103,101","139,98,96","129,90,88","122,85,84","121,86,84","118,84,82","113,79,78","112,78,76","117,81,78","118,82,77","111,73,68","127,84,81","150,105,102","162,112,111","175,124,123","175,119,120","185,126,128","191,130,132","195,133,136","194,132,135","188,125,128","180,118,121","175,117,120","170,119,124","139,96,101","73,33,38","42,6,9","54,26,25","56,32,30","56,39,33","53,41,33","47,36,26","46,36,26","54,43,33","63,51,41","63,49,40","57,41,32","53,35,26","60,41,31","61,40,28","63,41,28","67,44,32","62,38,26","50,26,14","48,24,12","56,31,19","64,36,25","64,37,26","62,35,24","60,32,21","60,32,21","63,35,24","66,39,29","65,42,34","73,55,47","97,86,77","122,118,106","138,142,128","159,165,151","172,176,162","171,170,157","180,172,159","175,160,146","128,107,93","114,88,74","115,88,71","113,86,67","120,96,76","122,106,85","124,111,92","123,109,92","113,99,82","108,92,76","108,93,76","109,93,78","108,93,77","109,92,78","112,94,81","112,94,82","109,90,78","106,86,75","107,87,76","109,89,76","109,86,74","109,86,72","182,175,165","182,175,165","187,183,171","185,181,169","179,177,164","180,178,164","176,172,157","174,166,153","180,168,156","171,152,141","131,106,96","125,92,85","147,109,103","144,103,99","152,107,104","159,110,106","160,109,107","161,111,109","158,110,108","151,106,103","149,106,104","154,113,111","157,119,116","157,122,118","155,122,119","150,120,117","156,127,123","166,138,134","163,138,133","154,129,124","154,129,124","152,127,122","146,121,116","116,92,86","73,50,44","51,29,23","50,29,24","43,23,18","35,16,12","38,20,16","43,28,23","41,26,23","42,28,25","42,28,25","32,21,16","30,20,13","30,20,13","28,17,11","43,32,25","65,52,44","69,54,47","65,48,41","63,44,37","68,48,41","90,67,60","120,95,88","129,102,95","119,92,85","122,93,87","133,106,99","137,110,105","143,114,110","147,116,113","153,116,114","163,122,120","174,128,128","179,130,131","182,132,133","188,139,138","191,143,142","183,138,135","177,134,132","177,139,134","174,138,133","168,133,128","165,133,127","158,128,123","150,123,119","166,140,140","159,136,139","158,135,141","158,135,143","150,127,137","147,121,130","156,126,133","171,137,141","172,133,136","164,123,122","168,125,124","177,132,130","170,127,124","173,131,128","178,134,132","175,131,130","168,123,121","164,117,114","165,117,115","182,134,132","194,147,145","205,160,157","212,169,163","215,174,168","219,179,172","224,186,179","228,192,185","231,196,190","233,197,191","229,192,186","224,184,179","219,178,174","215,170,169","208,162,162","194,148,149","181,135,137","171,125,127","171,125,128","179,134,137","186,142,145","191,149,151","199,155,159","205,160,166","196,150,157","183,138,145","171,126,133","167,123,130","170,128,136","177,135,143","174,133,141","178,139,147","173,136,144","163,127,134","158,123,130","159,124,131","156,122,130","156,125,130","159,132,134","164,137,137","176,148,147","183,153,153","177,146,145","171,138,136","171,136,133","168,130,127","174,134,129","180,138,132","183,139,133","181,136,130","179,133,126","176,129,122","176,127,119","177,127,118","181,131,122","184,134,125","186,137,128","186,138,128","185,137,127","184,136,126","179,132,122","176,129,119","179,132,122","182,136,125","181,137,126","178,134,123","177,132,122","177,129,124","176,126,124","174,124,123","172,122,121","168,119,118","160,115,112","151,105,105","143,102,100","138,98,96","129,90,88","122,85,84","121,86,84","118,84,82","115,81,79","113,79,77","115,81,78","116,80,75","108,71,66","125,84,80","150,106,103","163,114,113","176,125,124","176,120,120","183,124,126","183,123,125","189,128,130","194,132,135","187,125,128","175,113,116","167,109,112","171,119,124","141,98,104","74,37,42","46,13,16","57,28,28","57,34,32","61,44,40","58,45,38","50,38,30","47,36,27","53,40,31","63,50,41","68,54,45","66,49,41","61,43,34","63,43,32","62,41,28","64,42,29","68,45,33","63,40,27","52,28,16","50,26,14","55,30,18","60,33,22","62,35,24","62,35,24","59,32,21","57,29,18","60,32,21","65,37,28","67,42,34","75,55,48","99,86,77","124,119,107","140,142,129","158,162,148","165,168,154","164,163,150","180,172,159","172,157,143","124,102,89","111,85,71","116,87,71","115,86,68","121,95,75","111,91,71","116,99,81","126,108,90","123,105,87","115,97,79","111,94,76","110,93,77","112,94,78","114,95,80","113,94,79","110,91,77","107,88,74","105,86,72","106,87,75","109,89,76","114,91,78","115,92,78","183,176,166","185,178,168","190,186,174","189,185,173","183,181,168","184,182,168","179,175,160","173,165,152","174,161,150","161,142,131","124,98,88","119,86,79","142,104,98","145,105,100","161,116,113","164,115,112","157,107,105","156,106,105","159,112,109","160,115,112","157,114,112","155,115,113","158,119,116","157,122,118","155,124,120","156,127,123","157,128,124","166,138,134","166,141,137","158,133,128","162,137,132","160,135,130","148,123,118","108,84,78","65,42,36","51,29,23","55,34,29","46,26,21","35,17,13","40,22,18","45,29,24","41,27,23","40,26,23","41,27,24","33,20,16","31,20,14","30,20,13","28,17,11","43,32,25","65,51,44","70,54,47","64,47,40","61,42,35","66,46,39","88,64,57","116,91,84","130,103,96","125,98,91","128,99,93","136,108,101","140,112,106","146,118,113","150,119,115","152,117,114","158,119,117","165,123,123","170,126,127","178,132,134","181,135,137","175,132,134","162,122,123","156,121,121","158,125,124","150,122,119","141,113,110","136,108,105","125,99,97","113,89,89","123,101,103","121,101,106","120,100,108","120,101,110","116,96,107","109,87,97","125,101,109","139,110,116","148,115,119","161,125,126","163,125,126","170,129,131","174,133,134","165,124,125","162,119,121","166,122,123","172,127,128","173,127,127","170,123,123","171,123,124","181,135,134","197,153,150","208,164,162","212,171,167","216,177,171","221,184,179","225,188,182","229,194,187","233,197,190","231,193,188","225,185,181","220,177,174","215,169,168","207,161,161","197,150,151","184,137,139","174,128,130","174,128,130","178,134,136","181,137,139","183,141,143","188,146,150","197,155,162","203,161,168","207,164,171","204,162,169","200,159,166","200,159,167","203,163,170","195,155,162","198,158,165","195,158,164","188,151,157","185,148,154","182,147,152","176,142,147","177,145,149","186,157,158","196,167,167","206,176,176","204,174,173","193,161,159","185,151,149","185,149,147","175,135,133","183,142,137","191,148,142","192,148,142","188,142,137","183,137,131","181,133,127","184,134,127","187,137,129","189,139,130","190,140,132","190,141,132","189,140,131","187,138,129","185,137,128","182,134,125","179,132,123","178,131,122","178,132,122","178,133,123","178,133,123","177,132,122","176,128,122","175,125,123","173,123,122","171,121,120","167,118,117","159,114,111","150,104,104","142,101,99","138,97,95","130,91,89","123,85,84","119,84,82","118,84,82","117,83,82","115,81,80","115,82,78","113,79,73","105,69,63","121,82,77","147,104,101","161,113,111","173,122,121","170,116,116","172,116,117","174,114,116","183,123,125","193,131,134","187,126,129","176,115,117","168,110,113","171,121,126","137,95,100","73,36,40","51,18,21","58,31,30","61,38,35","67,50,46","60,47,40","49,37,29","45,34,25","50,37,28","61,47,38","71,56,47","72,54,47","67,47,39","64,42,32","61,39,27","63,41,28","65,43,30","63,40,28","54,30,18","50,26,14","51,26,15","57,30,19","61,34,23","62,35,24","60,32,21","57,29,18","59,31,20","63,36,27","69,42,35","75,54,47","94,80,72","119,113,101","137,137,125","157,159,146","164,165,153","164,162,149","182,172,160","171,154,142","122,98,86","111,84,70","120,90,75","119,89,72","122,95,76","112,86,68","115,92,75","125,102,85","129,106,89","125,103,86","120,98,82","118,95,81","117,94,80","114,93,79","112,93,78","112,92,78","113,93,79","114,95,81","116,97,84","116,97,83","115,94,81","116,94,80","181,174,164","183,177,166","190,186,174","190,186,174","184,182,169","184,182,168","178,174,159","169,161,148","166,154,142","153,134,123","122,97,87","123,90,83","146,107,102","146,106,101","164,119,116","163,115,113","153,103,102","149,100,99","158,111,109","165,121,118","161,119,117","152,112,110","152,114,112","148,113,111","149,117,115","158,129,125","156,128,124","159,132,128","163,138,134","153,128,124","161,136,131","159,134,129","144,119,114","102,78,72","62,39,33","52,30,25","55,34,29","48,28,24","40,21,17","42,24,20","43,28,23","36,22,19","37,23,20","40,26,23","34,21,17","33,22,16","33,22,16","31,20,14","45,32,26","64,49,42","68,52,45","64,47,40","61,42,35","66,45,38","87,62,55","113,88,81","130,103,96","129,102,95","130,101,95","135,107,100","137,109,102","144,115,108","147,116,111","149,116,112","155,118,117","162,122,122","165,125,126","164,123,125","160,120,123","152,115,119","144,111,114","140,110,114","136,108,111","122,98,100","108,86,86","95,73,72","87,65,65","76,56,59","64,46,50","56,40,47","54,39,49","54,39,49","56,41,52","56,38,49","87,66,77","94,70,78","108,81,86","146,116,119","157,122,126","162,125,128","168,129,132","162,122,125","155,115,118","157,114,117","164,120,122","169,124,126","170,124,126","165,119,121","173,127,128","188,144,144","201,158,157","209,168,166","215,176,172","220,183,179","223,187,181","227,192,185","232,197,189","231,193,188","225,185,180","219,176,173","215,169,168","208,162,162","199,151,151","185,137,137","173,127,129","175,129,131","178,133,135","178,134,135","179,137,138","182,141,144","187,147,153","197,157,165","206,165,173","207,166,174","203,163,171","200,161,167","201,162,167","197,158,163","196,157,161","196,157,161","196,159,162","200,163,166","201,164,167","198,162,165","197,163,164","201,170,171","209,178,178","215,182,182","210,178,177","202,167,166","195,159,157","194,156,155","195,154,152","194,151,148","190,146,141","184,140,134","182,135,130","184,137,131","188,140,135","195,145,139","198,146,140","196,145,138","193,143,136","190,140,133","189,139,132","186,137,130","186,137,130","188,139,132","184,135,128","178,131,123","175,128,120","176,129,121","177,131,123","176,131,123","175,127,122","175,125,123","173,123,122","171,121,120","166,118,116","158,113,110","150,104,104","142,101,99","137,96,94","130,91,89","122,85,84","118,83,81","118,84,82","120,86,84","117,83,81","116,83,79","113,80,74","104,68,62","117,79,74","143,100,97","155,109,106","166,115,114","160,107,107","161,105,106","170,111,113","181,122,124","189,129,131","184,124,126","176,116,118","172,115,117","172,122,127","130,89,94","67,30,34","53,20,23","60,34,33","65,44,41","74,56,52","61,47,41","50,37,29","48,37,28","51,38,29","61,46,38","73,56,48","75,57,50","71,51,42","63,41,31","60,38,26","62,40,27","64,42,29","63,39,27","55,31,19","50,26,14","49,24,13","57,30,19","61,34,23","63,36,25","62,34,23","61,33,22","61,33,22","64,35,26","65,37,29","67,42,35","82,65,57","107,98,87","131,128,117","157,158,146","170,169,157","171,166,154","183,172,161","170,152,141","121,96,85","113,85,72","124,93,80","123,91,76","123,93,76","126,95,79","125,95,79","125,96,80","128,99,83","125,98,83","121,94,80","118,93,78","118,94,79","119,95,81","115,93,79","115,93,79","117,97,83","119,100,86","118,99,85","114,95,81","112,91,78","113,91,78","182,175,165","183,176,166","187,183,171","184,181,169","177,175,162","177,174,160","170,166,151","164,156,143","162,150,138","150,131,120","127,102,92","134,101,94","152,114,109","145,104,100","159,114,111","159,111,109","156,106,105","156,109,108","162,116,115","162,118,116","156,115,113","151,111,110","148,112,110","142,108,106","149,117,115","158,128,125","150,121,118","156,131,127","164,139,135","147,122,118","155,130,125","151,126,121","133,108,103","92,68,62","60,37,31","54,32,27","53,32,27","48,29,24","43,25,21","44,26,22","43,27,22","33,19,16","33,19,16","39,25,22","35,21,18","35,24,18","38,27,21","37,25,19","48,34,28","62,47,40","66,50,43","65,47,41","63,43,36","67,45,38","85,60,53","113,86,79","133,105,98","134,106,100","135,106,100","138,109,102","138,109,101","143,113,104","144,114,108","148,115,112","154,120,118","159,122,122","158,122,123","153,117,120","143,109,113","134,102,107","125,98,103","113,88,94","95,72,78","82,61,68","73,55,59","62,44,47","62,45,47","63,48,52","46,32,39","28,15,24","54,42,52","77,65,76","54,41,52","36,22,32","74,56,68","88,67,77","107,83,92","152,125,132","157,127,133","154,121,126","153,117,123","160,122,128","163,122,128","163,122,127","166,124,128","169,125,129","169,124,127","164,118,121","168,123,124","179,135,136","193,152,151","206,165,165","215,176,174","220,182,178","222,185,179","227,191,184","233,195,188","231,192,186","223,183,177","217,175,170","214,169,167","210,164,162","201,153,153","185,137,137","174,128,129","178,132,133","182,136,138","181,137,138","184,140,142","186,145,149","187,148,155","192,154,162","197,159,166","198,160,167","197,159,166","196,157,163","195,156,161","199,160,163","197,158,160","196,156,158","196,156,156","197,158,159","198,160,160","201,162,163","198,163,163","196,163,163","198,165,165","200,166,166","200,165,165","198,160,160","195,156,155","191,150,150","192,151,149","194,149,148","193,148,145","194,147,143","195,147,143","196,148,143","197,148,143","201,152,146","205,153,147","202,150,143","197,146,139","193,143,136","191,141,134","189,140,133","189,140,133","190,141,134","188,139,132","182,134,126","176,129,121","177,130,122","179,133,124","178,132,124","176,128,123","176,126,124","174,124,123","172,122,121","167,119,117","159,114,111","151,105,105","142,101,99","136,95,93","131,92,90","122,85,84","116,81,79","119,85,83","122,88,86","119,85,83","116,84,80","111,78,72","99,64,58","111,73,68","134,93,89","144,99,96","153,103,102","146,95,94","159,104,105","179,121,123","190,131,133","188,129,131","181,122,124","179,119,121","177,120,122","172,124,128","122,83,87","61,25,29","54,23,25","66,40,39","74,53,50","80,62,58","62,48,42","50,37,29","52,40,31","55,41,32","62,46,38","72,54,47","76,56,49","72,51,43","63,41,31","61,39,26","62,40,27","63,41,28","63,39,27","58,34,22","50,26,14","49,24,12","59,32,21","61,34,23","63,36,25","66,38,27","66,38,27","65,37,26","64,36,25","64,35,26","63,36,28","75,55,47","99,88,76","127,123,111","160,158,146","176,174,161","175,169,158","183,170,160","168,148,138","119,93,82","115,86,75","127,96,84","124,92,78","122,90,74","118,84,69","119,84,70","127,92,78","134,100,86","130,98,85","121,90,77","115,86,72","114,87,74","114,89,75","107,84,70","107,85,71","111,90,76","116,97,83","115,96,82","111,92,78","112,91,79","114,93,81","172,165,155","172,165,155","177,173,161","176,172,160","173,171,158","177,174,160","175,171,156","168,160,147","161,149,138","151,132,121","133,108,98","144,111,104","158,120,115","143,103,99","152,107,104","159,111,109","168,120,118","175,128,128","172,127,126","160,116,115","152,111,111","156,117,117","149,113,112","142,109,107","152,121,119","151,122,119","136,110,107","153,129,125","165,140,136","136,112,108","152,127,122","145,120,115","123,98,93","85,61,56","60,37,31","57,35,30","53,32,27","49,29,25","45,27,23","45,27,23","44,28,23","33,18,15","31,17,14","37,23,20","34,20,17","36,25,19","42,30,24","42,29,23","49,35,29","61,46,39","65,48,41","66,47,41","64,42,36","66,44,37","86,60,53","114,87,80","135,106,100","140,111,105","141,111,105","143,114,107","145,117,108","146,117,107","146,116,108","148,116,111","153,119,117","154,119,119","149,115,117","141,109,112","127,97,102","112,86,92","100,77,83","78,57,66","55,37,46","56,38,47","70,54,60","80,65,69","65,51,56","61,48,54","46,34,42","27,16,25","115,104,115","193,181,193","123,111,123","54,41,51","66,48,60","87,67,78","128,106,115","186,161,171","191,164,172","189,158,165","182,147,155","169,133,140","155,116,123","154,113,121","166,125,131","179,135,141","181,136,141","167,122,126","165,121,123","173,129,130","190,146,147","205,163,164","216,176,176","221,182,178","222,185,178","228,191,183","233,195,188","231,191,185","224,182,175","218,174,169","215,168,166","212,165,163","206,158,157","189,141,141","179,132,132","183,137,137","185,139,141","184,140,141","187,143,145","190,149,153","188,149,157","191,154,161","196,159,166","200,163,170","202,165,170","202,163,168","199,160,164","191,152,155","195,156,156","200,160,160","199,159,159","196,156,155","194,155,153","199,159,158","199,161,160","194,157,157","193,155,156","193,155,156","196,158,158","198,159,159","195,154,154","190,147,148","195,152,151","196,150,150","200,153,151","204,156,153","207,158,155","206,157,153","203,153,149","204,153,148","207,154,149","205,152,146","203,150,144","199,147,141","195,145,138","193,143,136","192,142,135","189,140,133","190,141,134","186,137,130","181,133,126","181,134,126","183,136,128","180,133,126","177,127,123","176,125,124","174,124,123","172,122,121","168,119,118","160,115,112","151,105,105","142,101,99","135,95,93","131,92,90","122,85,84","116,81,79","120,85,83","123,89,87","120,86,85","119,87,83","113,82,75","98,66,59","109,73,67","132,91,87","139,95,92","146,97,96","140,89,88","167,114,114","195,140,140","204,147,149","192,134,135","182,124,126","183,125,126","182,126,128","171,125,129","116,79,83","56,20,24","55,25,27","72,45,45","80,60,57","86,68,64","62,48,42","47,34,26","52,39,30","56,41,32","61,44,36","69,50,43","73,52,45","69,47,39","62,40,30","62,40,27","63,41,28","64,42,29","65,41,29","60,36,24","52,28,16","50,25,13","61,34,23","61,34,23","64,37,26","68,41,30","72,44,33","69,41,30","65,35,25","66,35,27","63,34,26","71,50,41","93,81,69","121,115,103","153,151,138","168,166,153","169,162,151","182,168,159","166,145,136","117,90,80","114,85,74","128,97,85","123,91,78","120,88,73","116,80,66","118,79,67","125,87,74","128,91,78","121,86,74","113,79,67","113,82,69","119,91,78","119,94,81","109,87,73","104,83,69","107,88,74","113,94,80","113,95,81","109,91,78","109,91,80","112,92,82","177,170,160","175,169,159","174,170,158","174,171,159","174,172,159","177,174,161","178,174,160","176,168,155","162,150,138","142,123,112","137,112,102","144,110,104","157,118,113","139,98,94","154,109,106","162,114,114","165,117,117","169,122,122","169,124,124","165,122,123","159,118,119","156,118,117","150,116,114","144,112,109","147,116,114","147,119,116","133,107,105","136,111,110","154,130,127","156,131,127","146,121,116","142,117,112","119,94,89","89,65,59","66,43,37","53,31,25","49,28,23","48,28,24","45,27,23","43,25,21","37,22,17","33,19,16","34,20,17","36,22,19","37,24,20","40,27,21","43,30,24","42,28,23","51,36,30","62,45,38","80,61,55","72,52,47","65,43,37","71,48,42","84,58,51","108,81,74","136,107,101","143,112,107","144,113,107","149,119,111","146,116,107","151,122,112","150,120,112","147,116,111","149,118,115","149,117,116","141,110,112","128,98,102","116,89,93","94,70,76","67,45,52","53,33,42","65,48,58","90,74,84","109,95,104","108,95,101","78,64,70","79,66,73","48,35,42","25,13,22","98,86,96","171,158,168","107,94,105","60,45,55","73,55,67","92,72,83","136,114,123","196,172,182","203,177,186","202,173,181","208,174,183","189,153,162","166,127,136","162,121,130","180,139,146","192,148,156","185,140,145","173,126,132","165,119,122","169,123,125","187,143,144","203,160,159","210,169,168","218,177,174","223,185,179","226,188,180","229,191,182","228,188,180","223,181,175","220,176,171","216,169,165","210,162,158","201,152,150","189,139,139","181,131,132","184,136,136","185,139,140","187,142,141","187,144,144","189,147,151","189,150,156","192,152,160","195,156,163","199,160,165","202,164,167","206,166,170","208,168,170","209,169,170","208,168,168","208,166,166","205,164,162","202,161,159","202,161,157","203,162,159","202,162,160","200,160,160","199,158,159","198,158,158","199,157,158","201,159,160","203,159,159","204,158,158","210,164,164","209,162,162","208,160,159","209,159,158","210,159,158","210,159,158","208,157,155","209,157,153","210,156,152","207,152,149","204,150,147","202,149,145","200,148,143","197,145,140","193,142,138","194,143,139","191,140,136","186,137,132","184,135,130","184,135,130","185,136,131","184,135,130","181,131,127","179,128,126","175,125,124","171,121,120","167,118,117","159,114,111","152,106,106","143,102,100","136,95,93","129,90,88","122,85,84","118,83,81","118,83,81","118,84,83","118,84,83","117,84,81","120,90,83","100,68,61","112,78,72","145,107,101","141,99,95","149,103,100","145,95,94","172,120,120","199,145,145","206,152,152","186,132,132","188,132,132","185,130,130","179,127,128","170,125,128","106,69,73","53,20,23","54,24,26","61,37,35","82,63,59","91,73,69","65,50,45","53,40,32","56,43,35","59,44,35","62,44,36","71,52,45","78,56,49","65,40,34","58,35,25","59,37,24","61,39,26","66,44,31","63,39,27","57,33,21","57,33,21","62,38,26","67,40,29","67,40,29","63,36,25","63,36,25","67,39,28","69,41,30","69,40,29","69,37,28","67,36,27","68,46,35","98,84,72","129,122,109","152,150,135","165,162,150","164,157,146","181,167,157","162,141,132","125,98,89","115,86,75","125,95,82","132,102,89","128,97,83","130,94,82","122,82,71","119,81,70","129,91,79","124,89,79","118,84,74","126,95,84","133,105,93","122,96,84","111,88,75","113,92,80","118,100,88","119,102,89","110,94,81","106,90,77","108,90,79","108,89,82","191,184,174","188,182,172","185,181,169","184,180,168","183,181,168","185,183,169","189,184,170","191,183,170","176,164,152","148,129,118","138,113,103","142,109,102","154,116,110","138,97,93","155,111,108","153,107,107","153,107,107","155,109,109","156,113,113","156,115,115","156,116,116","154,118,117","149,115,114","151,120,118","148,118,116","142,115,112","150,124,123","145,121,119","136,114,112","151,130,127","148,123,119","133,108,103","106,81,76","87,63,57","72,49,43","56,34,28","49,28,23","47,27,23","44,26,22","39,21,17","34,18,14","30,16,13","31,17,14","31,17,14","29,16,12","32,19,13","46,32,26","47,32,27","50,35,29","63,46,39","77,58,52","75,54,49","69,47,41","72,47,42","82,55,49","105,77,70","136,105,100","144,113,108","145,114,108","154,123,115","156,125,117","154,123,114","146,114,106","140,109,103","144,113,110","145,114,113","137,106,108","117,88,91","97,70,75","72,48,54","56,34,42","68,48,57","103,85,95","134,117,128","147,131,140","135,119,125","97,82,87","76,60,66","53,37,44","29,15,20","29,13,21","44,27,37","43,26,36","50,30,40","91,69,80","112,89,99","136,109,120","171,145,154","176,147,156","177,145,155","189,154,164","193,156,166","191,152,163","194,153,163","205,162,171","203,158,168","187,139,148","175,128,134","166,119,122","170,121,124","186,140,140","202,156,155","210,166,164","218,175,172","223,182,177","226,187,179","228,190,181","226,186,178","223,180,174","221,176,171","216,169,165","209,161,157","201,151,150","190,140,139","182,132,133","186,136,136","188,140,139","188,142,142","189,144,144","191,147,149","192,149,154","193,151,157","195,153,158","198,156,160","202,161,162","205,164,165","206,166,166","212,169,170","213,170,171","213,172,170","214,172,170","212,170,167","210,169,165","209,167,163","207,165,162","208,164,164","208,164,165","209,165,166","209,165,166","210,163,165","209,163,163","211,163,163","212,164,164","211,163,163","211,161,162","213,162,163","215,163,163","214,162,162","213,160,160","213,157,157","212,156,154","209,154,151","207,152,149","204,151,147","202,149,145","199,146,142","196,144,140","194,143,139","190,140,135","187,138,133","185,136,131","185,136,131","185,136,131","184,135,130","183,133,131","181,130,129","177,127,126","174,124,123","170,121,120","163,118,115","156,110,110","148,107,105","140,99,97","131,92,90","123,86,85","118,83,81","117,82,80","116,82,81","116,84,82","113,83,78","118,89,82","100,70,62","118,86,79","159,123,117","156,116,112","157,111,109","148,99,98","166,116,115","188,136,136","196,143,142","180,126,126","182,128,128","182,129,129","180,130,129","157,114,117","92,55,59","49,17,20","52,24,26","58,34,32","78,59,55","88,71,67","65,50,45","54,41,33","55,41,33","60,45,36","66,47,40","73,52,45","77,53,47","64,39,33","58,35,25","58,36,23","61,39,26","65,43,30","62,38,26","56,32,20","59,35,23","64,39,27","64,37,26","66,39,28","64,37,26","65,38,27","69,41,30","72,44,33","70,41,30","72,40,31","71,40,30","70,47,36","99,84,71","124,118,104","145,143,128","159,157,144","156,149,138","170,158,148","156,136,128","117,93,84","119,92,82","133,105,93","131,102,90","134,103,91","131,97,85","123,86,77","124,87,78","134,97,88","130,97,87","121,90,81","120,91,81","119,93,82","110,85,75","109,87,77","113,95,84","113,97,86","106,91,81","102,88,77","108,94,83","104,87,79","104,87,79","189,182,172","187,181,171","185,181,169","184,180,168","183,181,168","185,183,169","188,184,169","195,187,174","181,169,157","147,128,117","135,110,100","141,107,101","158,119,114","145,104,100","164,120,117","158,112,112","157,111,113","155,110,111","151,108,109","149,108,108","149,109,110","148,111,112","144,111,110","141,111,109","157,127,126","168,141,140","150,124,123","135,112,110","141,119,118","139,117,114","150,125,121","132,107,102","110,85,80","96,71,66","80,57,51","57,35,30","49,28,23","49,29,25","44,26,22","38,20,16","34,18,14","32,18,15","31,17,14","28,14,11","25,12,8","32,19,13","61,47,42","65,50,45","56,40,35","69,52,45","71,52,46","76,55,50","73,50,45","70,45,40","78,50,44","101,72,66","134,103,98","145,114,109","148,115,110","158,125,118","161,127,120","158,124,116","150,115,109","143,109,104","140,107,104","133,101,100","120,89,90","96,66,70","77,49,53","61,35,41","64,39,46","94,70,80","133,111,121","157,136,146","160,140,148","143,125,130","117,99,102","83,65,69","79,60,65","72,52,57","47,26,32","44,21,29","63,39,47","72,47,55","95,68,76","109,80,88","131,100,108","162,131,139","170,139,147","173,139,149","187,150,162","202,163,175","211,171,182","216,173,184","217,172,182","205,158,168","185,136,144","177,128,134","169,119,123","170,119,122","184,135,135","199,151,150","208,162,158","217,172,168","221,179,173","223,184,176","226,187,178","225,184,177","222,179,173","220,175,169","216,169,164","210,161,157","201,151,148","189,139,136","181,131,130","184,134,133","186,139,136","187,141,139","187,141,141","190,144,146","192,146,150","194,148,152","195,149,152","197,150,153","199,154,155","202,157,158","202,159,159","208,163,164","211,167,166","216,172,171","219,175,174","219,175,174","217,173,171","214,169,167","212,166,165","211,165,165","212,165,166","214,167,167","215,168,168","215,166,166","213,164,164","212,162,163","212,162,163","212,161,162","213,161,163","216,163,165","218,163,166","218,163,166","216,161,164","214,159,159","213,157,156","210,154,153","208,152,151","207,151,150","205,150,148","201,147,145","199,145,143","193,142,139","192,141,138","190,139,136","188,138,135","187,138,134","185,136,132","182,133,129","181,131,129","180,129,128","177,127,126","175,125,124","172,123,121","165,120,117","159,113,113","152,110,108","144,103,101","135,95,93","124,87,86","116,81,79","115,80,78","116,82,80","116,84,82","112,83,78","116,88,80","103,74,66","124,92,85","171,136,130","176,137,132","168,124,120","153,105,104","155,105,104","169,118,117","181,130,129","177,126,125","179,128,127","179,128,127","175,126,125","135,92,95","74,39,43","45,15,17","50,24,25","54,30,28","68,49,45","76,58,54","60,45,40","54,41,33","52,38,30","63,47,39","71,52,44","72,51,44","73,48,43","66,40,34","58,34,24","58,36,24","63,41,28","64,42,29","60,36,24","56,32,20","60,36,24","65,40,29","65,38,27","67,40,29","68,41,30","70,43,32","75,47,36","76,48,37","73,44,33","72,41,30","72,41,30","72,49,36","97,83,69","119,114,100","140,139,125","160,158,145","158,153,141","173,161,151","154,136,128","112,91,82","119,94,84","130,104,92","116,90,78","120,91,80","126,94,84","125,92,84","126,93,85","131,99,91","132,103,94","127,100,92","121,95,87","116,93,84","114,93,84","119,100,92","121,105,96","116,101,92","101,88,80","104,92,83","116,104,95","100,86,78","99,84,77","179,172,162","182,175,165","183,179,167","184,180,168","183,181,168","183,181,167","186,182,167","195,187,174","182,169,158","146,126,115","133,108,98","140,107,100","157,119,114","142,101,97","159,115,112","154,108,110","156,111,113","155,111,112","150,107,108","148,107,108","149,110,111","148,112,111","147,115,114","144,114,113","134,105,104","140,113,112","168,144,143","172,151,149","151,130,129","144,122,119","140,116,112","127,102,97","109,84,79","99,74,69","84,61,55","63,41,35","56,35,30","52,32,27","44,25,21","37,19,15","35,20,15","35,21,18","32,18,15","30,16,13","31,17,13","41,28,22","80,66,60","82,66,62","68,51,45","80,62,55","71,51,46","77,54,50","75,51,46","69,44,39","74,46,40","96,67,61","132,101,96","146,114,109","149,116,111","157,123,119","160,124,118","165,129,122","162,125,119","148,113,109","131,96,94","112,78,76","95,62,62","73,42,44","65,35,39","66,38,43","82,54,60","108,81,88","135,107,116","149,123,133","157,132,140","162,138,143","145,122,124","111,88,91","95,71,74","90,63,67","82,54,59","89,61,67","109,80,86","123,92,98","130,98,104","134,100,107","149,113,121","174,137,145","189,153,161","198,159,170","207,167,178","210,170,181","211,169,179","213,168,178","210,163,174","199,149,159","184,133,141","179,127,133","173,120,124","171,118,120","182,130,129","196,145,143","207,157,153","217,168,163","220,176,168","221,182,173","224,185,175","224,183,174","222,178,171","221,175,169","217,169,164","210,161,157","200,150,147","188,138,135","181,130,129","183,133,132","185,137,135","186,139,137","186,140,139","191,143,143","196,145,147","196,145,148","197,146,149","197,147,150","198,150,151","200,153,153","201,154,154","206,159,159","208,163,163","213,168,167","216,171,171","218,174,174","217,173,173","216,171,171","215,167,167","213,164,164","213,163,164","213,163,164","214,163,164","213,162,164","212,162,163","212,161,162","215,164,166","215,161,164","213,160,163","214,160,164","216,161,165","217,162,166","217,162,165","215,159,161","213,157,157","210,154,153","208,152,151","207,151,150","206,150,149","202,148,146","200,146,144","196,144,141","194,142,140","192,141,138","191,140,137","189,139,136","187,137,133","184,134,130","181,130,128","179,128,127","176,126,125","174,124,123","171,122,120","166,120,117","160,114,114","153,112,110","147,107,105","137,98,96","125,88,87","117,82,80","115,80,78","115,81,79","115,83,81","113,84,79","115,88,80","105,76,68","123,94,86","173,139,133","188,150,145","177,135,131","162,117,114","151,103,101","153,104,103","165,115,114","174,123,122","177,126,125","176,125,124","161,113,112","112,71,73","64,30,33","47,17,19","53,26,27","54,31,29","63,44,40","71,53,49","61,46,40","56,43,35","53,39,31","67,49,41","75,55,48","72,50,44","71,45,40","68,42,36","59,34,25","60,37,25","65,43,30","64,42,29","59,35,23","58,34,22","62,38,26","68,44,32","71,44,33","71,44,33","70,43,32","73,45,34","78,50,39","79,51,40","76,46,36","72,40,30","71,41,30","72,50,37","97,85,69","120,117,100","143,144,128","166,166,153","167,163,151","172,163,153","143,127,118","114,95,85","116,94,84","120,96,84","115,91,79","112,88,75","114,87,77","115,88,80","115,87,79","117,90,84","122,97,90","124,101,94","118,96,89","115,96,89","119,101,94","118,102,95","117,103,96","115,102,95","101,91,83","102,93,85","110,100,92","104,92,85","106,91,85","177,170,160","182,175,165","187,183,171","189,185,173","187,185,172","186,184,170","189,184,170","194,186,173","178,165,154","141,122,111","131,106,96","139,106,99","157,118,113","139,98,94","150,106,104","149,103,105","155,110,112","155,111,112","150,107,108","149,108,110","152,113,114","151,114,114","146,113,113","136,106,106","135,106,105","142,116,115","141,117,117","150,128,128","168,148,146","171,149,146","154,129,125","131,106,101","102,77,72","92,68,62","88,65,59","73,51,45","59,38,33","51,31,26","41,22,18","35,17,13","36,20,15","35,21,18","32,18,15","34,20,17","39,25,22","52,37,32","89,73,68","83,65,61","71,53,48","85,66,60","76,55,50","75,52,48","76,51,46","70,44,40","70,42,36","92,63,57","130,99,94","147,114,109","149,116,111","158,123,119","166,129,123","172,134,129","169,130,125","147,110,107","120,84,81","97,62,61","83,49,48","74,40,41","73,41,45","80,48,53","91,60,65","101,70,75","111,79,87","124,92,100","135,105,112","143,114,118","135,106,109","122,94,96","110,80,82","110,78,81","122,88,91","131,97,100","146,110,114","171,134,138","178,140,145","184,145,150","193,152,158","197,156,163","206,165,172","210,169,179","212,171,182","206,164,176","204,160,171","205,159,169","202,155,165","194,143,152","186,133,140","182,128,134","177,121,125","172,116,118","179,124,123","193,139,136","206,154,149","215,164,159","218,173,164","219,179,169","222,182,172","222,180,171","221,176,169","220,173,167","216,168,163","210,161,156","202,152,148","191,140,138","184,133,132","187,136,135","189,141,139","190,143,141","192,144,142","197,147,145","202,149,149","203,148,149","203,149,150","204,151,152","203,152,152","205,155,154","205,156,156","210,161,161","210,163,163","213,166,166","214,168,169","216,171,173","218,174,175","219,174,175","219,171,172","217,166,166","215,164,165","214,162,164","213,161,163","213,161,163","215,163,165","215,163,165","219,165,168","217,162,165","215,160,165","214,159,164","215,160,165","216,161,166","216,161,165","215,158,160","213,155,155","211,153,152","209,151,150","207,151,150","206,150,149","203,149,147","200,146,144","200,146,144","197,144,141","193,142,139","192,141,138","190,139,136","188,137,134","185,134,131","183,132,130","181,130,129","178,128,127","176,126,125","173,124,122","168,122,119","162,116,116","155,114,112","148,107,105","138,99,97","127,90,89","119,84,82","116,81,79","116,82,80","115,83,81","114,86,80","115,89,80","107,80,70","119,89,81","164,131,124","188,151,145","180,139,135","174,129,126","161,115,112","151,103,101","151,101,100","159,109,108","163,113,112","166,116,115","143,95,95","89,49,50","53,20,23","46,16,18","52,25,26","52,31,28","58,40,36","65,49,45","62,47,42","59,46,38","57,43,35","70,52,44","74,54,47","69,47,41","69,43,38","69,42,36","60,35,26","62,39,27","68,46,33","65,43,30","59,35,23","60,36,24","66,42,30","72,47,35","74,47,36","71,44,33","69,42,31","71,43,32","77,49,38","79,51,40","75,47,36","74,43,33","73,45,32","73,53,39","99,88,72","123,121,104","146,148,131","168,168,155","168,165,152","162,155,144","124,111,101","111,94,84","109,89,79","105,84,73","113,93,80","107,86,73","101,80,72","104,82,75","106,83,78","109,86,81","112,91,85","112,93,86","104,86,80","100,84,78","100,87,80","93,80,74","91,80,74","95,85,80","89,81,74","87,79,72","88,79,73","93,81,75","96,83,77","179,172,162","184,178,167","187,183,171","187,184,171","185,183,170","185,183,169","189,184,170","190,182,169","169,156,145","134,115,104","127,101,92","140,107,100","161,122,117","144,103,99","154,110,108","155,109,111","162,116,118","159,115,116","149,107,108","148,107,108","151,112,114","151,115,116","142,109,109","141,112,112","141,113,113","133,107,107","132,108,107","130,109,108","142,121,120","171,149,146","176,152,147","154,129,124","117,92,87","95,70,65","88,65,59","75,53,47","59,38,33","50,30,26","41,23,19","38,20,16","37,21,17","35,20,17","30,16,13","36,22,19","49,34,31","66,51,46","88,73,68","70,52,48","64,46,41","82,63,57","81,59,54","73,49,45","74,49,45","72,44,40","68,39,34","88,59,53","129,97,92","147,114,109","148,115,110","158,122,118","172,133,127","177,137,132","173,133,130","155,116,114","130,92,90","111,74,73","102,66,66","102,66,68","100,66,68","101,67,71","105,71,75","106,71,76","105,69,76","112,76,83","117,81,88","114,81,84","114,82,83","119,86,86","126,91,91","138,100,101","150,112,113","159,120,121","178,138,139","202,159,162","196,152,156","204,160,164","218,174,177","212,168,173","212,168,174","209,166,174","205,163,174","201,159,170","203,158,169","204,158,168","198,150,159","191,139,147","189,134,141","185,129,135","180,122,126","173,115,116","177,119,117","191,134,131","205,151,146","214,162,156","216,169,160","218,177,167","221,180,170","221,178,169","221,175,168","220,173,167","216,168,162","211,160,156","205,154,151","194,143,140","187,136,133","190,139,137","194,145,144","196,148,146","198,149,148","203,151,148","208,151,149","209,151,150","209,152,151","210,153,152","209,155,154","211,157,157","210,159,158","213,162,163","213,164,165","215,166,168","215,169,171","217,171,174","218,173,175","219,174,176","220,172,174","222,169,169","220,167,167","219,166,166","218,164,166","218,164,167","218,164,167","218,164,167","217,162,165","216,161,164","216,161,166","218,162,168","220,163,169","219,162,168","217,161,165","216,158,161","214,156,156","212,154,153","210,152,151","208,152,151","207,151,150","204,149,148","202,147,145","200,146,144","196,143,140","193,140,138","191,138,136","189,138,135","187,136,133","185,134,131","184,133,131","183,132,131","179,129,128","177,127,126","174,125,123","168,122,120","162,116,116","154,113,111","147,106,104","139,99,97","128,91,90","121,86,84","118,83,81","117,83,81","115,83,81","111,84,79","112,87,78","108,82,72","113,84,76","151,119,111","179,142,136","176,136,132","180,136,133","172,126,124","160,111,109","150,100,99","147,97,96","143,93,92","146,96,95","116,68,68","69,30,31","47,15,17","42,13,15","45,19,20","47,26,23","49,32,27","54,39,34","56,43,36","60,47,39","60,46,38","70,52,44","69,50,43","64,42,36","67,41,36","67,40,34","59,34,25","64,41,29","71,49,36","66,44,31","59,36,24","61,37,25","69,45,33","74,49,37","74,47,36","72,45,34","70,43,32","74,47,36","81,53,42","82,54,43","76,48,36","76,46,35","74,47,33","71,53,37","98,88,72","123,123,105","146,149,131","164,166,152","162,162,148","158,152,141","120,109,98","109,93,83","108,88,78","97,77,66","99,80,67","97,78,66","100,82,74","103,84,77","106,87,82","109,90,85","106,90,85","102,85,80","94,80,75","96,84,79","103,93,88","96,87,82","98,88,84","100,92,88","96,89,85","91,85,81","94,86,83","103,92,88","106,93,87","186,179,171","189,182,172","187,183,172","185,181,169","182,180,167","183,180,167","189,184,170","193,184,171","172,159,149","134,116,107","127,102,93","142,110,102","160,123,118","144,103,99","154,110,107","149,103,103","155,109,109","151,107,106","141,100,99","142,102,103","151,113,113","154,119,120","150,117,118","137,106,107","128,99,100","135,108,109","147,121,122","151,127,127","144,120,122","136,112,110","163,137,132","164,139,132","139,113,106","105,80,73","85,61,55","74,51,45","64,42,37","55,35,31","47,28,24","43,25,21","42,26,22","37,22,20","31,17,14","40,26,23","60,45,42","85,68,63","91,74,69","59,40,35","58,39,33","76,56,50","81,60,55","68,46,40","71,47,41","72,46,39","67,40,33","86,58,51","125,94,89","146,113,108","148,114,109","156,120,115","169,129,125","176,135,131","180,139,135","174,133,130","159,119,117","143,104,102","133,97,95","128,93,91","123,88,87","124,88,89","133,98,98","142,106,108","142,105,109","142,104,107","140,104,106","139,104,105","143,109,108","143,105,106","157,117,118","170,130,131","175,135,136","194,152,153","187,144,145","210,166,167","209,163,167","212,166,169","212,166,170","200,153,159","209,162,168","212,165,174","207,161,171","206,160,170","210,161,170","206,156,164","194,141,149","187,131,138","190,132,138","188,129,134","182,122,124","173,114,116","175,116,116","188,130,128","204,149,145","213,160,154","216,167,160","219,174,166","221,177,170","223,177,170","221,174,168","220,172,166","217,167,162","211,160,156","204,153,150","193,142,139","187,136,133","191,140,137","196,146,145","198,149,148","200,151,149","205,151,148","207,149,148","209,150,149","209,151,151","210,152,151","210,153,154","211,156,157","212,158,158","213,161,163","214,162,164","216,166,169","217,168,171","218,170,173","217,170,172","216,170,173","218,169,171","222,169,169","224,169,171","224,170,172","223,169,172","222,167,170","220,165,168","217,162,165","212,157,160","214,159,162","219,164,169","224,169,174","226,169,175","223,166,172","219,162,167","215,159,161","214,158,158","212,156,155","210,154,153","210,154,153","209,153,152","206,151,149","204,149,147","199,145,143","195,141,139","191,137,135","189,135,133","187,134,132","186,133,130","186,132,130","184,130,130","182,129,129","178,127,126","175,125,124","172,123,121","167,119,118","159,113,113","152,111,109","145,105,103","138,99,97","130,93,91","122,88,86","118,85,83","116,84,82","114,84,81","108,82,76","109,85,76","109,84,74","111,81,73","143,109,100","173,132,126","174,129,124","183,135,131","176,125,122","171,120,118","160,109,108","148,97,97","131,82,82","123,76,76","84,39,40","59,23,24","53,25,26","47,22,23","44,23,22","46,27,23","46,28,24","47,32,27","53,38,32","62,47,40","63,47,40","68,49,42","63,44,37","59,37,31","62,38,33","61,36,30","57,34,26","64,44,33","71,50,39","66,45,34","59,36,26","62,38,28","71,47,37","75,50,41","74,47,37","73,46,36","75,48,38","82,55,44","88,61,50","88,61,50","79,52,41","74,46,36","70,43,31","67,48,34","95,86,69","124,124,106","146,149,131","161,165,148","158,157,142","163,156,142","133,122,107","117,99,86","122,101,88","111,89,76","101,79,65","106,86,72","117,99,89","115,98,90","114,95,88","116,97,90","113,93,87","109,89,84","112,93,87","112,96,89","107,95,88","103,93,87","104,96,90","100,92,87","94,85,80","87,78,73","96,84,81","104,90,85","105,88,82","187,180,174","186,179,171","184,180,170","186,182,171","186,183,173","184,181,170","182,177,166","187,180,168","178,166,156","136,118,111","125,102,95","149,119,114","149,115,110","149,109,107","160,119,115","150,107,101","138,93,88","138,95,92","143,103,99","145,106,103","147,111,108","144,111,108","146,114,113","144,112,113","137,107,108","136,106,108","140,109,114","147,116,120","152,121,127","153,123,124","146,117,110","138,111,101","136,107,98","110,83,74","85,59,51","79,54,48","62,41,35","56,36,32","53,33,29","48,30,27","41,25,22","38,22,22","35,19,19","40,26,25","74,57,56","88,68,64","80,59,54","69,48,42","67,46,40","73,53,46","75,55,47","70,48,41","68,45,37","72,48,40","77,50,43","87,58,50","111,81,73","140,107,100","152,117,111","155,118,112","169,129,124","176,135,129","180,139,133","176,136,131","167,128,123","157,118,113","151,114,108","142,104,98","140,103,97","143,107,101","149,114,108","155,120,116","162,129,123","168,133,128","169,134,131","170,134,132","173,137,135","178,140,139","185,146,146","192,152,153","198,156,158","202,160,162","207,163,166","208,163,166","207,160,165","205,158,164","206,159,165","207,159,167","208,158,166","208,159,164","211,160,164","213,160,164","212,156,162","208,149,154","200,140,144","192,130,135","187,125,129","185,122,126","181,119,122","176,116,118","177,118,120","184,129,127","196,143,142","207,155,153","214,162,159","217,165,162","218,166,164","223,171,168","225,174,171","222,171,168","217,164,161","213,159,157","207,155,153","195,144,141","188,137,134","193,143,139","200,151,147","201,152,148","200,150,147","202,149,148","205,150,151","209,153,154","210,154,155","210,154,155","209,154,156","211,156,159","211,159,161","212,160,162","214,162,164","216,166,167","219,169,170","220,170,171","219,170,171","218,170,171","219,170,171","222,170,173","224,171,175","225,173,177","224,172,176","222,170,174","221,167,171","218,163,168","212,157,162","215,160,165","219,164,169","222,166,172","223,166,172","222,165,171","220,163,168","216,161,161","214,160,157","214,161,157","213,160,156","211,158,154","208,155,151","204,151,147","202,148,145","201,146,143","198,143,141","195,140,137","193,137,134","190,134,132","189,133,131","188,132,130","186,129,129","182,127,128","179,125,125","176,124,123","173,122,121","169,120,118","162,116,116","155,114,112","147,107,105","141,104,101","131,96,94","120,87,85","113,83,79","110,81,78","110,83,80","109,87,79","109,89,79","112,87,78","106,74,65","131,92,83","172,125,118","179,123,119","184,125,121","181,122,119","186,127,125","164,108,107","150,99,99","136,90,90","96,55,56","64,27,28","56,28,28","50,30,29","41,23,21","40,23,21","46,28,24","44,26,22","48,30,26","64,46,42","73,55,49","55,37,30","56,37,30","60,41,34","60,40,33","60,39,33","47,26,20","56,36,29","64,46,39","63,45,37","58,39,32","53,33,25","58,35,27","70,45,38","79,53,46","78,51,43","70,44,36","75,51,42","84,60,50","85,61,51","84,62,51","80,56,46","75,49,41","67,41,34","69,50,40","92,82,68","129,128,110","142,145,126","158,161,141","152,151,132","167,159,141","142,127,109","119,98,80","119,94,76","122,94,76","124,95,77","113,87,69","107,88,71","103,86,71","105,82,69","122,92,81","121,85,77","117,82,76","123,90,83","116,90,81","119,100,89","107,95,83","92,84,71","106,97,87","109,95,86","88,69,62","97,74,68","96,71,66","96,70,65","182,175,169","182,175,169","179,175,166","179,176,167","177,174,165","176,172,163","175,170,159","185,178,167","176,165,155","126,109,101","109,87,80","140,112,105","150,116,111","149,112,107","152,111,107","159,115,110","146,103,98","148,106,101","152,113,108","151,114,109","148,114,111","141,110,106","143,113,110","147,117,116","145,115,116","141,110,112","142,111,115","150,118,122","158,124,130","157,125,125","142,113,104","138,110,99","134,106,95","116,89,79","91,66,56","75,52,44","65,44,37","60,40,34","52,32,28","48,30,27","42,24,22","39,23,23","39,23,23","47,33,33","81,64,63","85,64,60","72,48,43","64,41,35","70,48,42","76,56,49","75,55,47","69,49,40","69,47,38","74,51,43","80,54,45","88,59,51","110,80,72","140,106,100","154,117,111","157,117,112","170,129,123","176,135,129","180,138,132","176,134,128","167,127,121","160,120,114","157,117,110","149,110,103","146,109,101","149,111,104","153,118,109","160,125,116","169,134,125","175,140,131","180,144,139","186,148,145","188,150,148","192,152,152","196,156,155","200,158,159","202,159,161","204,159,162","204,159,162","204,157,162","202,155,160","203,155,160","205,157,163","208,158,166","209,159,166","209,156,162","209,154,156","210,152,154","208,149,151","203,142,145","196,134,137","190,126,130","186,121,125","187,122,126","182,119,123","177,117,119","178,119,121","184,129,129","195,144,143","207,156,155","215,162,161","220,165,164","222,166,165","225,169,168","227,172,171","225,170,168","220,165,163","213,159,157","208,155,153","196,144,141","188,137,134","192,141,138","198,149,145","201,152,148","201,152,148","203,151,150","205,150,153","207,152,155","208,153,156","208,153,156","209,154,157","209,156,159","212,160,162","211,159,161","213,161,163","217,167,168","220,170,171","222,172,173","223,173,174","222,174,174","223,173,175","226,174,178","226,174,178","227,175,179","226,174,178","224,172,176","223,170,175","223,169,173","221,167,172","222,168,172","224,169,174","225,170,175","224,168,174","223,167,173","222,166,170","217,164,164","214,163,160","215,164,160","214,163,159","212,161,157","210,158,154","206,153,149","204,151,147","204,149,147","202,147,145","199,144,142","197,141,138","195,137,135","194,136,134","193,135,133","189,132,132","183,127,128","179,125,125","175,123,123","173,122,121","169,120,118","162,116,116","156,114,112","149,109,107","143,106,103","132,99,96","121,90,87","114,84,80","111,82,79","111,85,81","109,87,80","110,89,79","113,87,78","108,74,65","133,91,84","176,126,119","185,126,122","191,127,123","190,125,122","188,126,124","167,111,110","154,105,105","133,89,89","85,47,48","53,21,21","47,25,24","45,28,26","41,26,23","41,26,23","45,28,24","43,26,21","48,30,26","60,42,37","69,50,44","53,35,28","52,33,26","62,42,35","68,48,41","66,46,39","62,42,35","63,45,38","62,47,40","60,44,37","56,39,32","55,35,28","60,39,32","72,47,42","78,53,47","76,49,42","71,45,38","81,57,49","91,67,58","93,71,60","92,71,60","87,65,54","80,53,47","69,42,38","68,49,40","82,72,60","116,115,97","136,138,119","166,168,147","160,157,137","154,144,125","129,113,94","111,87,68","118,89,71","128,96,77","134,102,83","123,95,76","115,95,75","111,93,74","110,84,68","124,88,76","123,80,72","122,79,71","129,90,82","122,91,81","121,99,87","108,94,80","101,90,76","119,106,94","113,96,85","89,65,57","103,75,68","99,70,63","97,68,61","164,157,151","166,159,153","166,162,153","165,162,153","164,161,152","166,163,153","170,165,154","182,175,164","179,168,158","138,122,112","120,99,89","146,118,111","158,126,119","161,125,119","163,123,118","159,117,113","159,117,114","165,125,122","161,123,119","150,114,110","147,115,111","148,119,115","147,118,115","150,122,119","153,124,122","147,118,118","144,115,115","150,120,121","156,125,127","152,122,120","147,118,110","147,119,108","139,112,101","128,102,91","104,78,68","73,50,41","69,47,40","67,46,40","55,35,30","49,31,27","41,23,21","40,23,22","43,27,27","54,39,38","85,69,66","76,54,51","62,38,33","61,38,32","73,51,45","78,58,51","73,53,45","68,48,39","69,47,39","74,51,43","80,54,45","87,58,50","108,78,70","138,104,98","153,116,110","157,117,112","171,128,122","176,133,127","178,134,128","174,130,125","168,125,119","163,121,115","162,120,114","158,116,110","155,114,108","155,115,109","158,119,112","164,125,118","172,134,127","179,141,134","185,145,140","192,150,148","195,153,150","198,155,153","201,158,156","202,157,157","202,156,157","201,155,155","201,154,156","202,152,156","201,152,155","202,153,156","206,155,161","209,157,164","210,157,164","209,155,160","208,152,154","207,148,150","204,144,146","200,139,142","195,133,136","191,127,131","188,123,127","187,123,126","183,121,123","179,119,121","178,121,122","184,129,129","195,144,143","207,156,155","216,163,162","222,166,165","225,169,168","226,170,169","228,172,171","226,170,169","222,167,165","214,160,158","209,155,153","197,144,141","187,136,133","191,140,137","196,147,143","200,151,147","201,152,148","205,152,151","207,152,155","208,153,156","207,152,155","207,152,155","208,153,156","210,157,159","213,161,163","212,160,162","214,162,164","219,169,170","222,172,173","224,174,175","225,175,176","224,176,176","226,176,178","227,175,179","226,174,178","225,173,177","225,173,177","224,172,176","224,172,176","224,172,176","226,174,178","226,174,178","227,173,177","226,172,177","225,170,175","224,170,174","223,169,173","220,168,168","218,167,165","217,166,163","216,165,162","214,163,160","211,160,157","209,155,153","207,153,151","207,153,151","205,150,149","203,147,146","200,143,142","198,140,139","196,138,137","195,137,136","190,133,133","184,128,129","180,125,125","175,123,123","172,121,120","169,120,118","163,116,116","157,114,113","151,110,108","144,107,104","133,100,97","122,91,88","115,85,81","112,83,80","112,85,82","110,86,81","112,88,80","115,86,78","110,74,66","136,92,86","180,129,123","189,131,128","194,132,130","191,128,126","185,125,123","173,118,117","163,114,114","133,91,90","80,43,44","48,17,17","44,22,21","45,29,26","47,32,29","46,31,28","40,25,20","39,23,19","46,28,24","53,35,30","60,43,36","52,34,27","48,29,22","59,39,32","65,45,38","62,42,35","71,51,44","67,50,43","60,45,38","57,41,34","54,37,30","56,36,29","63,43,36","73,48,43","78,53,47","74,47,40","71,45,37","80,56,46","87,64,53","88,66,55","87,66,55","81,60,49","74,47,40","71,43,38","79,60,51","99,88,75","128,126,108","138,140,120","160,160,139","152,148,127","152,140,121","133,114,95","115,90,71","115,85,67","116,84,66","124,91,73","123,92,74","117,96,76","115,95,76","118,89,73","131,94,81","128,85,76","126,82,73","129,89,81","119,86,77","116,92,80","103,86,73","105,91,78","123,107,94","108,89,78","84,60,51","104,75,69","101,70,63","99,67,59","180,173,167","183,176,170","181,176,169","178,174,166","174,171,162","174,171,161","177,174,163","185,179,168","182,171,160","146,131,120","128,108,97","149,121,112","160,128,120","166,131,124","170,131,126","141,100,97","155,115,112","173,136,134","172,136,133","156,123,120","149,118,115","145,117,113","143,117,113","150,126,120","157,132,127","153,127,124","149,123,120","154,126,124","157,128,126","152,123,119","149,121,112","150,123,112","140,113,102","136,110,99","111,87,77","71,48,39","72,49,42","74,52,46","60,41,35","53,34,30","42,24,21","42,24,22","47,31,30","54,39,37","80,62,60","62,40,37","57,34,29","66,43,37","78,56,50","76,56,49","68,48,40","66,46,37","67,45,36","71,48,40","77,51,42","84,55,47","105,75,67","134,101,94","151,114,108","156,116,111","168,125,119","172,128,122","174,129,124","171,126,121","166,121,116","165,120,115","166,121,116","165,121,115","163,119,114","161,118,113","163,120,114","167,123,118","174,130,125","179,136,131","183,139,135","187,141,137","191,144,141","195,148,146","198,151,149","199,151,151","199,150,150","198,149,148","202,151,153","202,151,153","202,151,153","203,152,154","208,153,159","209,155,160","208,154,160","208,152,157","208,150,153","206,146,148","202,142,144","200,139,142","198,136,139","194,131,135","191,128,131","187,125,128","184,123,125","181,121,123","179,123,124","185,129,130","196,143,142","208,157,156","218,165,164","224,168,167","228,171,170","228,171,170","227,171,170","228,172,171","224,168,167","216,161,160","210,156,154","198,145,143","188,137,134","190,139,136","195,145,141","198,148,145","200,150,147","205,153,152","209,154,157","210,155,158","210,155,158","209,154,157","210,155,158","212,159,161","215,163,165","216,164,166","218,166,168","221,171,172","224,174,175","226,176,177","225,176,177","224,176,176","224,175,176","224,173,177","223,171,176","221,169,174","220,169,173","221,169,174","222,171,175","223,171,176","226,174,179","225,174,178","225,173,178","224,173,178","225,172,177","224,172,177","225,172,176","222,172,172","222,172,169","221,171,167","219,169,165","216,165,162","213,162,159","211,159,156","209,157,154","210,156,154","208,153,151","205,149,148","201,145,144","198,142,141","196,140,139","195,139,138","191,135,135","186,130,131","181,126,126","175,123,122","171,120,119","167,118,116","164,116,116","157,114,113","151,110,108","144,106,104","133,98,96","122,89,87","114,84,80","111,82,78","112,83,80","112,84,80","115,86,81","117,84,78","112,73,67","139,93,89","184,131,127","193,135,133","198,138,136","193,133,132","185,128,127","179,128,127","169,123,122","128,89,88","72,39,38","42,12,12","45,23,22","50,34,31","55,40,37","50,36,33","35,20,15","35,20,15","44,28,24","44,28,23","50,33,26","53,36,29","49,30,23","54,35,28","56,37,30","55,35,28","72,53,46","65,47,40","55,40,31","53,37,29","52,35,27","56,36,29","63,43,36","73,48,42","75,50,43","70,43,36","68,42,34","74,50,40","78,55,45","83,61,50","88,68,55","85,64,52","76,49,41","72,45,38","81,61,51","103,91,77","135,130,114","143,143,123","160,158,138","152,145,125","158,144,125","139,117,100","119,92,75","113,82,65","109,75,58","115,80,63","117,86,68","117,92,72","119,95,76","123,92,75","136,97,83","132,88,78","129,85,76","130,88,80","119,83,73","116,88,76","103,82,69","107,90,76","122,103,90","107,85,74","89,63,55","110,80,73","109,75,68","106,72,62","188,181,175","187,182,176","186,181,175","182,179,172","178,175,166","177,174,164","178,176,164","191,186,174","186,176,165","137,123,110","114,95,82","140,114,103","154,122,113","160,126,117","164,126,120","147,108,106","149,111,110","159,123,122","164,131,129","163,133,130","160,132,129","147,122,118","141,117,111","144,122,116","149,126,120","151,127,122","151,128,122","156,130,124","157,131,127","158,131,125","151,124,115","151,124,113","140,114,102","139,115,103","117,93,83","77,54,45","76,53,45","82,61,54","69,50,44","59,40,36","46,27,23","47,29,25","52,35,33","52,37,34","70,51,48","52,31,26","61,37,33","74,51,45","79,57,51","70,50,43","61,41,33","64,44,35","65,43,35","68,45,37","76,49,41","82,53,45","102,72,64","131,98,91","150,112,106","155,115,110","164,119,114","169,121,117","172,124,120","169,122,118","166,119,114","167,119,115","170,122,117","171,123,119","170,122,118","169,121,117","169,121,117","172,124,119","177,129,125","181,133,129","183,135,131","185,135,131","188,138,134","192,142,138","197,145,142","200,147,145","200,147,146","200,147,146","205,150,151","205,150,152","205,150,152","205,151,153","208,152,156","208,152,156","207,149,154","207,148,152","206,147,149","203,143,145","200,140,142","200,139,142","200,138,141","196,134,137","193,131,134","188,126,129","185,125,127","183,123,125","181,123,125","185,129,130","196,142,142","209,156,156","219,164,164","224,168,167","229,171,170","228,170,169","226,170,169","227,171,170","225,169,168","217,161,160","211,156,155","200,146,144","192,138,136","191,140,137","194,143,140","196,145,142","198,147,144","204,151,151","209,154,157","211,156,159","212,157,160","211,156,159","212,157,160","213,160,163","215,163,165","218,166,168","220,168,170","223,173,174","225,175,176","226,176,177","225,176,177","224,176,176","223,174,176","222,171,176","221,170,175","220,169,174","219,168,173","220,169,174","222,171,176","223,172,177","223,172,177","224,173,178","225,174,179","225,174,179","226,175,180","225,176,180","226,175,179","225,175,176","224,175,172","223,174,170","220,171,167","217,167,164","215,164,161","212,161,158","210,159,156","211,157,155","209,154,152","206,150,149","202,146,145","199,143,142","196,140,139","195,139,138","191,135,135","187,131,132","181,126,127","175,123,122","171,120,119","167,118,116","163,115,115","157,114,113","152,111,109","145,106,104","134,98,97","123,89,87","114,82,79","111,81,77","112,82,79","114,83,80","117,85,81","120,83,78","114,72,68","140,93,90","186,132,129","194,137,136","201,142,141","196,140,139","188,135,135","182,134,134","161,119,119","112,77,75","61,30,29","35,9,8","44,24,22","53,38,35","64,50,47","58,44,41","33,18,13","35,20,15","46,31,26","38,22,17","39,22,15","52,35,28","55,36,29","55,36,29","57,38,31","60,41,34","73,55,47","58,41,33","48,33,24","50,34,25","52,35,27","56,36,29","62,41,34","70,45,38","73,47,40","70,43,35","67,41,31","67,43,33","69,46,36","76,54,43","87,67,54","89,68,54","83,56,47","76,48,41","77,56,46","95,82,69","128,121,104","139,137,117","157,153,134","152,143,124","160,143,124","128,105,88","107,79,62","114,82,66","119,84,68","123,87,71","117,85,67","123,95,74","125,98,77","124,89,73","130,91,76","126,82,71","128,85,74","134,92,83","122,85,75","116,86,75","106,81,69","106,84,72","113,91,79","105,80,70","95,67,60","107,77,70","112,78,69","112,76,66","183,178,174","184,179,174","184,180,173","185,182,174","186,184,174","184,184,173","185,182,170","194,189,176","182,174,161","130,117,104","112,94,80","142,117,105","152,122,111","154,120,110","162,125,117","167,130,127","153,117,117","146,113,112","147,116,114","155,126,122","164,138,133","157,134,128","151,129,122","144,125,116","139,119,111","143,123,114","147,127,118","150,128,117","156,132,125","166,141,131","162,137,126","155,131,119","145,121,111","142,118,108","120,97,87","83,61,51","75,52,44","86,65,58","78,58,51","65,45,40","51,32,27","56,39,32","62,44,40","53,35,30","63,43,39","53,32,27","67,43,39","77,54,48","74,52,45","63,43,36","59,39,31","63,43,34","67,45,37","72,49,41","79,53,44","83,55,47","100,70,62","127,94,87","146,108,102","151,111,106","162,116,111","168,119,115","171,122,118","170,121,117","169,120,116","171,121,117","173,122,119","175,124,121","176,125,122","177,124,122","178,125,123","182,127,125","186,131,130","189,134,133","192,137,135","193,139,135","196,140,137","199,142,139","201,144,141","203,146,144","204,146,144","204,146,145","206,148,147","205,147,147","205,147,147","206,147,149","208,149,152","208,149,152","206,146,149","205,145,148","205,145,147","202,142,144","200,140,142","201,141,143","202,142,144","199,139,141","193,133,135","187,127,129","186,126,128","184,125,127","183,124,126","185,129,130","196,142,142","211,157,157","220,165,165","224,168,167","229,171,170","227,169,168","225,167,166","228,170,169","226,169,168","216,160,159","211,155,154","202,148,146","195,141,139","195,141,139","194,143,140","193,142,139","194,143,140","199,147,146","206,151,154","209,154,157","212,157,160","213,158,161","212,157,160","210,158,160","211,159,161","217,165,167","219,167,169","222,172,173","225,175,176","227,177,178","226,177,178","225,177,177","226,177,179","227,176,181","226,175,180","226,175,180","226,175,180","226,175,180","226,176,181","227,177,182","225,176,180","227,177,182","229,179,184","230,181,185","230,181,185","228,181,185","228,179,183","228,178,180","227,177,176","224,174,173","221,171,170","218,168,167","215,165,164","213,162,161","212,161,160","211,160,158","209,157,155","207,153,152","203,148,148","200,144,145","197,141,142","196,140,141","192,137,137","187,133,133","181,127,127","174,122,121","170,119,118","166,117,115","163,115,115","158,114,113","153,112,110","147,107,106","136,99,98","125,90,88","117,82,80","114,80,78","115,81,80","117,83,81","121,84,81","122,82,80","115,72,70","139,92,92","184,133,132","192,139,139","197,144,144","191,140,140","183,134,135","171,128,128","139,101,101","88,56,54","51,23,22","36,13,11","41,24,21","52,38,35","73,59,56","69,55,52","36,23,18","38,25,19","50,35,30","34,19,14","32,17,10","49,33,26","60,43,35","60,42,34","66,47,40","75,56,49","71,53,45","48,31,23","43,28,20","50,34,26","54,37,29","56,36,27","59,39,30","68,43,36","73,48,40","71,44,36","67,41,31","64,40,29","61,38,25","67,45,32","79,59,45","80,59,46","81,54,45","78,50,42","83,62,51","101,87,73","130,123,105","140,136,117","160,155,136","155,145,126","158,140,122","122,98,83","103,73,58","113,80,65","119,84,70","122,88,73","117,84,68","127,96,76","131,100,79","125,90,71","125,86,69","120,78,65","124,81,70","132,90,81","123,86,76","127,94,83","123,94,83","115,88,78","112,85,77","112,85,77","107,79,74","102,73,68","102,70,61","104,69,60","187,182,178","185,180,176","184,182,174","186,185,177","185,186,175","185,184,172","184,182,170","184,180,166","168,161,146","132,120,105","126,108,93","149,125,110","150,121,107","155,121,109","161,126,117","155,120,116","152,118,117","152,121,119","148,119,116","145,118,114","150,126,119","147,126,119","158,139,131","158,140,130","144,126,116","143,125,114","148,128,118","149,129,118","157,136,125","167,146,133","167,144,132","159,135,124","146,123,113","139,116,105","116,94,83","82,61,51","69,47,39","82,61,54","85,65,58","74,55,48","59,40,34","64,46,39","69,52,45","54,37,30","58,39,33","58,36,31","72,49,44","78,55,49","69,48,41","60,40,33","60,40,32","63,43,34","67,45,37","74,51,43","82,56,47","86,58,50","100,70,62","124,91,84","143,105,99","150,109,104","161,113,109","167,118,114","170,121,117","172,122,119","171,121,118","173,121,119","176,123,121","178,124,122","180,124,123","184,127,126","188,130,129","192,132,132","196,136,136","199,139,139","202,141,141","204,144,141","204,145,140","205,144,140","204,143,140","204,143,140","205,143,141","205,144,143","204,142,143","203,143,143","205,143,144","207,146,147","209,147,149","207,146,148","205,144,145","205,144,146","207,147,149","205,144,146","203,143,145","206,146,148","205,145,147","202,143,145","197,137,139","189,130,132","187,128,130","185,127,128","182,124,126","185,129,130","196,141,142","211,156,157","221,164,164","225,167,166","229,171,170","227,169,168","225,167,166","228,170,169","226,169,168","217,161,160","212,156,155","204,148,147","198,143,142","196,142,140","195,142,140","192,141,138","192,141,138","196,143,143","202,147,150","206,151,154","210,155,158","212,157,160","211,156,159","210,157,159","210,158,160","215,163,165","218,166,168","222,172,173","226,176,177","228,178,179","228,178,179","227,178,179","228,178,182","231,180,186","232,181,186","233,182,187","233,182,187","232,183,187","232,183,187","232,183,188","230,181,186","231,182,187","233,185,189","233,187,191","232,187,190","230,185,188","228,182,185","228,180,182","227,178,178","225,175,174","221,172,171","219,169,168","216,166,165","214,163,162","212,162,161","213,162,161","211,159,158","208,155,154","204,150,151","202,146,147","198,143,143","196,141,142","192,137,138","188,134,134","181,128,128","174,123,122","170,120,119","166,116,115","163,115,115","159,113,113","157,113,112","150,109,108","140,100,100","130,92,91","121,84,83","117,81,80","117,81,81","119,81,80","122,83,81","121,81,79","114,72,71","137,92,92","179,131,132","188,140,141","190,141,144","182,135,137","170,128,128","151,112,112","110,77,76","66,38,36","48,23,20","45,25,21","43,26,23","47,34,31","72,58,55","76,62,59","46,33,27","42,29,23","51,36,31","36,21,16","35,20,13","47,31,24","64,47,39","66,49,41","75,57,49","82,64,56","62,44,37","40,24,15","42,28,18","50,34,25","55,38,30","57,37,28","58,37,28","67,42,35","71,46,36","68,41,31","64,38,28","62,38,26","60,37,24","68,46,33","81,61,47","84,63,49","80,54,43","77,51,41","83,64,52","101,88,72","133,126,108","152,147,128","182,174,155","179,166,148","164,144,128","134,108,93","114,83,70","109,77,63","105,71,57","109,76,61","111,78,63","124,91,72","131,97,77","129,93,74","129,92,74","122,83,69","123,84,71","125,87,77","117,79,70","121,85,77","120,87,79","105,73,67","94,64,59","96,68,64","93,68,63","83,56,52","87,58,51","94,62,53","184,179,175","182,178,174","180,178,170","184,184,176","179,180,169","184,185,172","191,190,178","186,182,168","155,148,132","133,123,106","132,115,99","144,121,105","153,124,109","169,138,123","145,111,101","163,129,124","154,121,118","148,117,114","147,119,114","146,119,114","146,122,115","151,130,121","159,140,131","162,144,134","153,135,124","139,121,109","139,119,108","151,131,120","156,136,123","149,129,116","156,134,123","160,138,127","149,127,116","141,119,108","125,103,92","94,73,63","82,62,53","78,58,49","94,74,65","99,79,70","78,58,51","70,51,43","70,51,43","58,39,33","53,33,27","58,36,32","73,49,44","83,60,54","74,52,46","61,41,34","61,41,33","61,41,32","62,40,32","69,46,38","80,54,45","92,63,55","103,73,65","119,86,79","138,100,95","149,108,103","157,110,106","162,113,109","167,118,114","171,121,117","174,123,120","176,123,121","178,122,121","180,122,121","184,125,124","190,130,130","196,135,135","199,137,138","203,139,141","207,142,143","208,143,143","206,142,139","207,143,138","206,142,137","204,139,137","203,139,137","205,141,139","207,143,141","207,143,143","205,142,142","208,145,146","214,151,152","212,148,149","205,143,144","206,143,144","210,147,149","213,151,154","211,149,152","210,148,151","209,149,151","208,148,150","204,145,147","201,143,145","195,137,138","190,133,134","185,129,130","180,124,125","183,127,128","195,139,140","211,154,156","220,163,164","225,166,165","229,169,169","232,172,172","231,172,171","228,170,169","226,168,167","225,167,166","214,158,157","208,152,151","202,146,145","196,142,140","195,141,139","193,139,137","192,138,136","193,138,138","195,140,143","198,143,146","204,149,152","209,154,157","211,156,159","213,160,162","218,166,168","218,166,168","220,168,170","224,174,175","228,178,179","230,180,181","229,179,180","225,176,178","225,175,179","230,179,185","233,182,189","235,184,191","235,185,191","234,185,191","234,186,192","234,187,193","235,188,194","232,186,192","231,185,191","230,186,191","230,187,192","229,187,191","229,185,188","229,182,184","228,180,179","225,177,175","223,175,173","221,172,170","219,169,168","216,166,165","214,164,163","211,160,159","210,159,158","208,157,156","206,154,153","205,151,151","199,145,145","194,140,140","192,138,138","190,136,136","183,131,130","176,125,124","172,122,121","168,118,117","163,115,115","159,113,113","159,114,114","151,109,109","142,101,102","134,95,94","127,89,88","122,83,83","117,78,78","117,79,78","121,82,80","118,78,76","113,74,72","132,90,91","168,125,126","184,141,142","177,134,137","169,130,131","142,106,106","104,71,71","63,34,34","44,19,17","50,29,26","56,37,33","50,35,32","38,26,23","50,39,35","71,60,56","60,48,42","42,29,23","44,31,25","45,31,25","40,25,18","45,30,23","72,58,49","78,63,54","81,64,56","71,54,46","51,34,26","40,26,15","49,35,24","43,27,17","46,29,19","55,35,26","53,33,23","66,42,32","69,44,34","71,44,34","68,43,31","62,38,26","62,39,26","71,49,35","82,62,47","88,67,53","87,62,50","85,62,49","84,66,52","105,93,76","137,131,112","151,146,126","159,151,132","175,162,144","171,151,136","131,105,91","113,82,69","106,74,61","107,74,62","113,81,68","106,75,60","116,83,65","124,90,70","129,95,76","131,97,78","127,93,78","125,91,77","125,90,79","126,90,82","127,91,85","119,85,81","98,66,63","83,54,50","79,53,50","83,60,56","95,73,69","91,66,60","103,77,70","176,172,168","178,175,170","177,177,169","185,185,177","181,183,171","185,187,174","190,190,176","177,175,159","144,139,121","127,116,98","131,116,98","147,125,107","155,128,111","165,134,117","143,109,97","157,124,116","152,120,114","149,118,113","149,120,114","147,120,114","144,120,111","145,124,115","150,131,121","154,136,125","150,132,120","139,121,109","132,113,103","139,119,109","155,133,124","161,140,129","150,129,118","157,136,125","152,131,120","147,126,115","127,106,95","93,73,62","87,67,57","90,70,61","88,68,58","95,75,65","96,76,66","74,54,44","64,45,35","65,46,38","56,35,28","59,35,30","71,47,42","81,58,52","72,50,44","60,40,33","61,41,33","61,41,32","66,44,36","71,48,40","78,52,43","87,58,50","101,71,63","119,86,79","138,100,94","148,107,102","155,110,105","160,112,108","165,116,112","170,120,116","173,122,119","176,122,120","178,121,120","181,122,121","186,124,125","192,129,130","197,133,135","201,135,137","204,137,139","207,140,141","208,141,141","207,139,138","207,140,138","209,141,139","207,140,139","208,141,140","209,142,142","211,145,144","214,148,149","212,147,148","213,148,149","215,151,152","212,148,150","210,145,148","212,148,150","216,151,154","215,152,155","212,150,153","210,148,151","209,148,150","207,147,149","203,144,146","199,142,144","194,138,139","190,135,136","185,129,130","181,125,126","185,128,129","196,139,140","210,152,154","220,161,162","225,164,164","228,167,168","231,171,171","230,171,171","227,169,168","225,167,166","224,166,165","216,159,158","211,154,153","205,149,148","199,144,142","196,141,139","192,137,136","189,135,133","188,133,133","188,133,136","190,135,138","197,142,145","205,150,153","210,155,158","214,161,164","221,169,171","219,167,169","221,169,171","226,176,177","229,179,180","230,180,181","228,178,179","224,175,177","226,176,180","232,181,187","233,182,189","234,184,191","233,184,190","234,185,191","234,187,193","236,190,195","237,191,196","234,190,195","233,189,194","232,191,195","232,191,195","230,189,193","228,187,190","228,184,185","228,181,181","226,178,177","224,176,175","222,173,172","220,170,170","217,167,167","214,164,164","212,162,162","211,160,160","209,158,158","207,155,155","206,152,153","201,147,148","196,142,143","194,139,140","190,136,136","183,131,130","176,125,124","171,121,120","167,117,116","163,115,115","160,112,112","161,115,115","154,110,110","145,103,104","136,95,96","129,89,89","121,83,83","116,77,77","115,78,77","118,81,78","112,76,73","105,69,67","124,87,87","163,126,127","175,138,139","157,121,124","122,89,91","86,55,57","52,24,26","35,11,10","40,19,17","52,33,29","44,27,23","42,28,24","34,23,19","36,25,21","50,39,35","49,36,30","46,34,28","49,36,30","45,31,25","41,27,20","50,36,28","73,59,50","69,55,46","63,48,39","56,39,31","47,30,22","43,28,18","49,35,24","39,23,11","41,25,13","54,34,25","58,38,27","73,49,38","72,47,37","64,37,26","66,41,28","63,39,27","61,38,25","68,46,32","80,59,45","90,69,54","90,67,54","90,70,56","92,77,61","110,101,83","141,136,116","153,149,128","160,152,133","170,157,140","157,138,122","119,94,80","115,85,73","116,85,73","109,78,66","111,82,69","115,87,72","120,89,71","121,89,70","118,88,69","116,88,70","115,88,72","117,89,76","121,90,80","121,88,80","120,86,81","120,86,84","106,73,73","92,63,62","80,56,55","74,55,54","81,66,63","84,66,62","91,71,66","169,166,161","174,171,166","174,173,167","182,183,175","181,182,171","186,188,175","188,190,175","173,172,154","141,135,117","120,109,91","127,111,93","145,124,104","154,128,108","162,131,112","150,117,101","155,121,112","155,122,114","156,124,116","157,128,119","154,127,118","149,125,115","146,125,114","142,123,112","140,122,110","141,122,110","138,119,107","133,113,103","133,113,104","148,125,117","159,137,128","146,126,115","151,131,120","151,131,120","152,132,121","131,111,100","98,78,67","97,77,66","102,82,71","89,69,58","90,70,59","96,76,65","77,57,46","63,43,32","65,45,35","56,35,27","57,34,28","68,44,40","77,54,48","69,47,41","58,38,31","59,39,31","60,40,31","68,46,37","71,48,40","75,49,40","83,54,46","98,68,60","120,87,80","139,101,95","148,108,103","153,109,104","157,111,106","161,114,110","167,118,114","171,121,117","174,122,119","179,122,121","183,123,123","188,126,127","194,129,131","197,131,133","202,132,135","203,133,137","207,137,140","208,138,141","207,137,138","209,139,139","210,140,140","210,140,140","209,141,141","210,142,143","212,144,145","216,149,151","216,150,152","216,150,152","216,150,152","214,149,153","213,148,152","216,151,155","217,152,156","216,151,155","214,149,153","211,149,152","210,150,152","208,149,151","204,146,148","199,144,145","196,141,142","192,137,138","185,129,130","182,125,126","188,129,131","198,139,141","209,150,152","218,157,159","223,162,162","226,165,166","229,169,169","229,169,169","227,167,167","225,166,165","223,165,164","219,161,160","216,158,157","210,154,153","205,149,148","201,145,144","196,141,140","191,137,135","188,133,133","186,131,134","186,131,134","191,136,139","199,144,147","204,149,152","208,155,157","214,162,164","219,167,169","224,172,174","230,180,181","233,183,184","233,183,184","230,181,181","227,178,180","228,178,182","233,182,188","232,182,189","231,182,188","231,182,188","232,184,190","234,188,194","238,193,198","238,195,199","236,195,199","236,194,198","236,196,199","235,195,199","232,193,196","230,190,192","228,186,187","226,181,181","224,177,177","223,175,175","221,173,173","219,171,171","216,167,167","214,164,165","214,164,165","212,161,163","211,159,161","208,156,158","206,154,156","203,149,152","200,145,148","196,141,143","192,138,138","185,133,132","178,127,126","172,122,121","168,118,117","163,115,115","160,112,112","161,115,115","156,111,111","148,105,106","140,97,98","132,90,91","124,83,84","116,77,77","110,75,73","111,78,74","107,75,72","103,70,68","122,89,88","151,120,122","144,113,115","107,79,82","66,39,41","52,28,30","41,18,20","34,13,13","41,22,21","52,35,32","43,29,24","40,28,23","34,24,20","30,19,15","34,23,19","40,29,23","49,38,32","54,41,35","48,35,29","44,31,23","52,39,30","67,53,44","63,49,40","53,39,30","46,30,22","42,25,17","46,31,21","51,37,26","37,22,9","39,23,10","55,36,25","61,41,30","74,50,38","71,46,35","60,33,22","63,37,25","61,38,24","60,37,23","65,43,29","76,55,41","86,67,52","87,67,53","91,75,59","97,85,68","115,108,89","143,140,119","152,150,129","157,151,131","167,156,138","156,138,123","120,95,82","119,91,79","122,93,81","111,82,70","108,82,69","113,86,72","118,89,72","116,86,69","109,82,65","108,85,68","112,92,75","118,98,84","124,101,90","126,98,92","125,94,91","128,96,95","118,86,87","98,71,72","71,51,52","51,38,38","52,45,42","65,54,52","67,56,52","171,167,163","173,169,165","169,169,163","173,174,166","172,174,164","178,181,167","179,181,165","154,153,134","123,119,99","114,105,85","138,123,103","165,144,123","173,147,126","167,138,118","162,129,112","154,120,109","158,124,115","163,129,120","164,134,122","163,135,123","160,134,123","155,132,120","150,128,117","143,123,112","142,121,111","146,124,115","147,125,118","143,121,114","137,113,107","137,114,107","144,124,114","143,123,113","143,123,112","151,131,120","138,118,107","108,88,77","108,88,77","112,92,81","108,88,77","98,77,65","87,65,53","84,63,51","77,56,43","64,43,31","58,36,27","56,33,27","65,41,36","73,50,44","65,44,37","56,36,29","59,39,31","60,40,31","64,42,34","68,45,37","74,47,39","81,52,44","96,66,58","118,84,77","138,101,95","149,110,104","152,109,103","155,111,105","160,114,109","165,117,113","171,121,117","175,123,120","180,123,122","185,125,125","189,128,128","195,130,132","197,131,133","201,130,134","204,132,136","208,136,140","209,138,142","209,138,140","210,139,141","211,140,142","209,139,141","208,139,141","209,139,142","210,141,144","213,147,150","216,150,153","217,152,155","216,151,154","215,150,155","214,149,154","214,150,155","215,150,155","215,150,154","214,149,153","212,149,153","211,151,153","210,151,153","207,150,151","203,148,149","199,145,145","191,139,139","184,129,129","182,126,127","190,131,133","199,140,142","209,149,151","216,155,157","223,161,162","227,165,166","230,168,169","230,169,169","228,168,168","226,166,166","224,165,165","220,162,161","217,159,158","213,156,155","210,153,152","206,150,149","201,145,144","195,139,138","191,136,136","188,133,136","185,130,133","187,132,135","192,137,140","196,141,144","198,145,147","201,149,151","214,162,164","221,170,172","229,179,180","233,183,184","233,183,184","230,181,181","228,180,181","229,179,184","231,180,187","230,180,188","229,179,187","227,179,187","229,182,189","233,188,194","237,193,199","238,195,201","237,196,201","238,198,203","239,200,205","238,200,204","234,197,201","230,192,195","227,186,188","225,180,180","223,176,176","221,174,174","220,172,172","218,170,170","215,166,166","213,164,164","216,166,167","213,163,164","211,161,162","209,158,159","207,155,157","204,151,154","201,148,150","196,144,145","192,140,140","185,134,133","179,128,127","173,123,122","169,119,118","164,116,116","161,113,113","159,113,113","155,110,110","150,106,107","144,100,101","136,93,94","127,85,87","119,79,80","114,80,78","113,83,78","106,79,74","102,75,71","115,89,87","126,103,103","99,75,77","55,34,36","35,14,16","51,31,33","60,41,42","47,29,28","39,23,21","48,33,29","51,37,31","42,30,26","38,28,23","33,23,19","29,19,14","36,26,20","49,38,32","52,41,35","51,39,32","50,37,29","49,36,28","55,42,33","63,50,41","61,47,38","49,35,26","38,23,14","44,30,19","50,36,24","36,21,8","39,23,10","57,38,26","62,42,31","72,48,36","69,44,33","62,36,23","60,35,22","58,35,21","60,38,22","64,43,27","71,51,35","77,58,41","80,64,46","91,77,59","103,93,74","121,116,95","146,145,122","154,154,130","156,152,132","164,155,137","155,138,122","119,97,83","114,89,76","116,90,77","111,86,73","110,86,73","106,83,69","119,92,77","119,91,76","111,88,71","109,91,74","111,97,81","116,102,88","120,101,92","120,97,91","120,92,91","124,93,95","115,85,89","93,68,72","58,42,44","33,25,26","36,35,34","50,47,47","54,51,51","184,180,177","183,182,178","175,176,170","174,176,167","170,173,162","175,178,164","172,173,157","140,140,121","114,110,89","113,104,82","147,132,110","173,153,130","176,151,128","163,135,113","170,137,119","167,132,119","170,134,122","167,134,122","163,132,119","159,130,118","156,128,117","150,124,113","147,125,113","143,122,111","139,116,107","143,120,112","153,129,124","153,130,124","138,113,109","124,100,95","136,116,109","137,118,108","136,116,105","144,125,114","138,118,107","113,93,82","111,91,80","117,97,86","125,105,94","111,89,77","84,62,49","89,67,54","87,65,52","63,41,28","55,33,23","54,31,25","61,37,33","68,45,39","61,39,33","54,34,27","58,38,30","59,39,30","60,38,29","65,42,34","73,47,38","78,49,41","85,55,47","106,72,65","134,97,91","151,113,107","150,110,104","154,112,106","159,115,109","164,117,113","170,121,117","176,124,121","180,125,123","186,127,127","190,129,130","194,131,132","200,131,134","202,131,135","206,133,138","212,137,142","214,140,144","213,141,144","213,141,144","212,140,143","209,138,141","208,137,141","209,139,142","210,141,144","212,146,150","216,150,154","219,154,158","217,152,156","215,150,156","216,151,157","214,151,156","216,150,156","218,152,156","217,151,155","215,152,155","214,153,156","212,155,156","210,153,154","206,151,152","200,148,147","190,139,138","182,129,128","181,127,127","193,134,136","203,143,145","209,149,151","215,154,156","223,161,162","227,165,166","230,168,169","230,169,169","228,168,168","227,167,167","226,166,166","219,161,160","216,158,157","213,155,154","210,152,151","205,149,148","201,145,144","196,140,139","191,136,136","186,131,134","182,127,130","184,129,132","189,134,137","191,136,139","190,137,140","192,140,142","200,148,150","211,159,161","220,170,171","226,176,177","227,177,178","226,177,177","225,176,178","225,176,180","226,175,183","225,175,184","225,175,184","224,176,184","225,178,186","229,184,191","232,189,196","234,193,199","236,196,201","238,200,205","239,203,207","239,203,207","234,199,203","229,194,197","225,186,188","225,180,181","223,177,177","221,175,175","220,172,172","218,170,170","215,167,167","212,164,164","217,167,168","213,163,164","211,161,162","209,158,159","207,155,157","205,153,155","202,150,152","198,146,147","193,142,141","187,136,135","181,130,129","177,127,126","173,123,122","168,120,120","165,117,117","157,111,111","155,109,109","152,106,108","147,103,104","140,97,98","131,88,90","122,82,82","118,85,82","112,86,80","100,77,71","89,66,63","85,64,63","78,60,59","49,33,34","25,10,11","39,23,26","55,40,42","59,44,44","41,25,25","34,18,17","48,33,28","54,40,35","43,31,27","41,31,27","34,25,20","26,17,12","34,24,17","42,31,25","45,34,28","53,42,35","59,46,38","50,37,28","45,32,23","67,53,44","72,58,49","56,42,33","39,25,14","38,24,13","45,31,18","33,18,5","39,23,10","58,38,27","62,42,30","72,48,36","69,45,32","65,39,26","59,34,20","57,34,20","61,39,23","64,43,26","66,46,29","68,51,33","77,62,44","94,85,65","113,106,85","131,129,106","152,154,130","159,160,137","159,157,136","165,158,139","156,140,124","119,99,84","110,87,73","111,87,73","109,86,72","108,88,73","99,78,64","106,81,68","109,82,68","103,84,69","101,88,72","100,93,77","102,93,80","104,91,82","107,87,83","106,80,82","109,80,84","101,74,79","79,57,63","42,29,34","18,16,19","29,33,35","44,48,51","47,52,54","187,186,182","189,188,184","182,183,177","181,183,175","177,180,170","180,183,170","173,175,159","140,140,122","119,116,95","119,111,89","153,140,117","173,154,131","168,146,122","151,123,100","168,136,115","156,121,104","159,124,109","157,124,109","155,125,109","159,130,116","164,137,124","164,138,127","155,132,120","146,125,113","138,116,106","131,108,101","137,112,108","148,123,119","144,117,115","128,104,100","126,106,99","135,117,106","135,117,106","138,119,108","131,111,100","109,89,78","105,85,74","121,102,89","129,110,96","123,102,89","103,81,68","90,68,55","83,61,48","67,45,31","50,28,16","53,30,24","59,35,30","65,42,36","59,37,30","52,32,25","58,38,30","59,39,30","58,36,27","65,42,34","73,47,38","71,42,34","67,37,29","87,54,47","127,90,84","152,115,109","151,111,105","154,113,107","157,116,110","164,119,114","171,122,118","177,125,122","182,127,125","187,128,128","191,130,131","195,132,133","200,131,134","203,132,136","208,135,140","214,140,144","217,143,147","216,144,148","215,143,147","213,141,145","210,138,144","210,139,145","214,143,149","217,148,153","219,151,158","222,155,162","222,157,163","217,152,158","214,151,159","218,155,163","220,156,164","222,156,162","223,158,162","221,156,160","218,155,159","216,156,158","213,155,157","209,153,154","206,151,152","199,148,147","189,138,137","180,127,127","181,127,127","194,135,137","204,145,147","210,149,151","215,153,155","223,161,162","227,165,166","231,169,170","231,169,170","230,168,169","229,168,168","228,168,168","223,165,164","218,161,160","214,157,156","209,151,150","204,148,147","200,144,143","195,139,138","191,135,136","187,132,134","182,126,129","184,128,131","188,133,136","188,133,136","185,131,133","183,130,133","189,136,138","200,148,150","212,162,163","220,170,171","222,172,173","222,173,173","223,174,176","223,173,178","221,171,178","222,172,181","222,172,181","221,173,181","223,176,183","226,181,188","228,185,191","231,190,196","233,193,198","237,198,203","240,204,207","240,204,208","235,200,204","229,194,197","227,188,190","227,183,185","225,179,181","223,177,179","221,175,176","219,173,174","217,168,171","215,166,169","217,167,170","213,163,166","210,160,163","208,157,161","207,155,159","205,153,157","203,151,154","198,146,147","193,142,141","188,137,136","183,132,131","179,129,128","176,126,125","172,124,124","169,121,121","160,113,113","157,111,111","154,108,110","149,104,106","142,98,99","132,88,90","121,81,81","112,80,77","103,82,74","96,76,70","82,64,60","58,43,40","33,19,18","18,6,6","22,11,13","53,42,45","59,47,48","51,39,38","34,20,19","34,20,18","53,39,35","58,44,39","48,36,31","44,34,30","31,22,17","24,15,10","36,26,20","38,28,22","40,29,23","58,46,40","70,57,49","59,46,37","47,34,25","67,53,44","70,56,47","53,39,30","42,28,18","38,24,13","42,28,16","32,17,4","37,21,8","53,34,20","57,37,23","67,43,31","67,42,30","63,37,24","60,35,22","60,37,23","61,39,23","61,40,23","62,43,26","67,51,32","80,67,47","101,94,73","122,118,96","140,139,115","157,161,136","162,165,140","160,158,137","162,155,134","145,130,113","108,88,72","107,85,70","113,89,75","104,81,68","100,79,66","100,79,64","92,69,55","94,70,55","92,74,59","89,79,61","85,80,64","86,81,66","90,80,71","94,77,74","98,74,76","99,72,78","93,68,74","71,53,60","33,23,30","13,14,18","29,38,40","29,38,43","22,33,38","168,166,163","180,179,175","178,177,173","182,183,178","178,181,175","178,181,172","175,177,166","138,138,124","115,112,95","125,119,99","165,152,131","182,166,142","172,151,126","156,129,104","172,142,118","162,128,107","164,131,110","159,128,107","154,125,105","155,128,108","161,136,117","165,142,125","164,144,127","161,142,126","151,132,118","136,115,105","131,108,101","138,114,109","142,114,111","133,108,104","122,101,94","132,113,104","135,114,106","135,114,106","126,105,96","107,86,76","101,80,70","122,102,91","133,113,100","136,115,102","128,106,93","99,77,64","86,64,51","76,54,40","52,30,18","52,29,21","58,34,28","63,38,32","57,34,27","54,30,24","59,35,28","61,38,30","59,35,27","66,42,34","73,46,39","67,39,32","60,30,23","73,42,35","111,80,73","146,111,105","152,115,109","152,113,106","158,119,112","166,123,117","170,123,117","175,125,119","183,130,125","188,129,126","190,130,128","194,131,130","200,133,133","204,135,136","210,138,142","213,142,145","215,143,147","217,144,147","217,144,146","216,143,147","215,142,146","215,144,148","218,147,153","222,152,157","224,155,161","225,158,164","225,158,165","219,154,160","218,153,161","221,157,166","224,160,169","225,161,169","225,161,167","223,160,166","221,158,164","219,159,163","218,158,162","213,155,157","205,151,152","200,145,146","189,134,135","180,126,126","183,127,128","194,138,139","204,146,148","209,149,151","215,153,155","223,160,161","225,163,164","230,169,169","233,172,172","232,172,171","229,170,169","227,171,169","225,169,167","220,165,163","215,160,158","209,154,152","206,151,149","201,146,144","197,141,139","195,138,138","193,135,138","188,129,132","188,129,132","191,133,136","190,132,135","186,130,133","184,128,131","187,131,134","193,140,142","207,156,158","219,168,170","223,173,175","223,174,176","224,176,178","224,175,179","221,172,178","222,172,179","221,171,178","221,171,178","223,173,179","225,176,183","227,180,185","231,184,191","232,187,192","235,192,198","239,198,201","239,200,203","234,198,200","229,193,195","229,189,190","228,186,186","226,181,182","223,178,179","221,176,177","220,174,175","218,170,172","216,168,170","216,167,169","211,162,164","209,159,161","208,157,160","206,154,157","203,151,154","201,149,152","197,146,148","192,143,142","187,138,137","183,134,133","180,131,130","178,129,128","174,126,126","171,123,123","162,115,115","159,113,113","155,110,111","148,106,106","141,100,99","131,91,90","119,82,81","107,78,74","102,80,74","103,83,77","87,68,64","52,36,33","22,7,6","15,2,2","31,20,22","62,52,54","67,56,57","53,41,41","35,23,21","40,27,24","59,46,42","64,50,47","57,45,41","44,35,31","29,20,16","27,18,13","35,26,21","37,27,21","44,33,27","59,47,41","71,58,51","64,51,43","51,37,29","63,49,41","64,50,41","51,37,28","43,28,20","39,25,14","43,29,16","38,22,9","40,23,11","50,30,17","54,32,19","63,39,27","65,41,28","62,36,23","62,38,24","63,40,26","63,41,25","60,39,22","59,39,22","68,51,33","78,69,49","98,95,72","122,121,97","145,144,120","157,157,130","162,160,133","165,159,134","163,152,128","144,126,104","112,90,70","120,94,75","126,97,80","123,94,77","119,90,74","120,90,74","119,87,70","114,81,63","112,86,65","110,90,70","99,85,65","102,88,70","102,86,73","103,83,75","100,75,72","105,79,80","92,70,73","68,53,58","35,28,34","18,20,24","33,43,45","41,54,59","31,45,51","137,132,129","158,156,152","157,155,152","165,165,163","162,163,160","156,158,154","161,163,157","133,133,125","112,109,97","128,122,107","161,150,132","178,163,140","170,151,125","167,143,116","179,152,123","174,143,117","174,144,119","170,142,116","163,137,110","156,134,107","157,137,111","163,146,119","164,148,123","163,147,124","159,142,125","149,130,116","140,118,108","137,113,106","140,112,109","136,111,107","129,105,100","127,105,99","132,108,103","135,112,106","127,104,97","114,91,83","103,80,71","108,85,75","124,102,91","142,120,107","138,116,103","115,93,79","96,74,60","75,53,39","50,28,16","50,24,16","58,32,25","61,34,27","57,31,24","56,30,23","60,34,27","63,37,30","62,36,29","67,41,34","71,44,37","69,42,35","64,36,30","61,33,26","86,58,52","128,97,91","153,119,114","150,113,108","160,121,115","170,127,121","169,122,115","174,123,115","188,133,127","189,131,124","189,128,122","193,129,126","199,134,131","207,139,138","211,141,142","212,142,144","213,142,144","218,144,144","221,147,147","223,149,151","224,149,153","223,150,154","222,151,155","222,152,156","224,155,160","224,157,161","226,159,165","225,160,166","224,159,167","224,159,168","225,160,170","224,162,170","222,161,168","222,162,169","223,163,169","225,165,171","226,167,172","220,161,165","208,151,154","198,141,144","187,130,134","181,125,126","187,131,132","196,140,141","203,146,148","207,149,151","214,154,155","221,158,159","222,159,159","228,168,167","235,176,174","233,176,174","227,172,169","224,172,168","222,170,166","218,166,162","214,162,158","210,158,154","208,155,151","205,151,148","202,146,143","203,143,144","201,138,142","196,132,135","195,131,135","197,135,138","197,136,138","196,137,140","197,139,143","187,131,134","185,130,133","197,145,149","217,166,170","227,177,180","225,176,180","225,176,180","227,179,183","227,179,183","225,176,180","222,172,177","222,169,176","223,169,175","224,170,177","226,171,178","229,175,182","229,178,183","232,181,187","234,187,191","234,191,194","232,191,193","229,189,191","229,189,188","228,187,186","223,182,180","219,176,175","218,174,173","217,173,172","216,170,170","215,169,169","215,167,167","208,160,160","207,157,158","208,157,158","204,152,154","199,147,149","197,146,147","194,146,146","189,143,143","186,139,139","184,136,136","181,133,133","179,131,131","175,127,127","171,123,123","163,117,117","161,116,115","154,112,110","147,107,105","142,104,101","133,98,94","121,88,84","112,82,78","106,81,76","106,83,79","81,61,57","44,25,23","23,7,7","18,3,4","38,27,27","73,62,63","73,63,64","48,38,37","31,21,20","43,32,30","61,49,45","69,56,52","65,54,52","42,31,29","30,20,18","35,26,22","30,19,15","32,21,17","47,36,32","53,42,37","64,51,45","65,51,46","58,43,37","58,43,36","60,45,38","52,37,30","44,30,22","39,25,15","40,26,13","45,29,16","46,28,16","46,27,13","53,31,18","63,39,27","68,43,31","66,40,27","66,41,28","63,40,26","65,43,28","65,44,27","61,41,24","66,49,31","75,68,48","90,89,66","114,113,90","146,143,118","151,146,119","158,150,122","174,161,134","166,150,122","144,123,97","116,90,66","115,85,63","116,83,62","128,92,73","123,84,67","114,74,57","121,77,58","111,67,45","116,78,53","126,94,70","104,78,54","107,83,61","106,81,63","118,93,79","116,89,81","121,96,92","97,77,76","65,52,53","38,34,37","27,30,33","40,49,52","66,79,84","56,71,76","133,126,121","135,129,124","118,114,110","114,112,108","111,111,108","111,112,108","112,113,109","103,103,96","105,103,94","130,125,113","165,156,140","187,174,153","184,167,143","171,151,124","166,141,113","171,143,116","174,145,118","172,146,118","170,145,117","165,143,114","161,143,114","159,142,114","160,142,116","162,144,121","161,143,123","155,136,120","149,128,116","146,122,114","143,115,111","135,110,105","133,109,104","133,109,104","138,115,110","142,119,113","133,110,104","118,95,87","105,82,74","93,71,61","103,81,70","131,109,96","142,120,107","126,104,90","102,80,66","74,52,38","48,25,13","45,18,10","55,28,21","59,32,25","57,30,23","58,31,24","62,35,28","65,38,31","66,39,32","67,40,33","68,41,34","69,42,35","63,36,29","51,24,17","69,42,35","111,81,75","149,116,111","155,119,115","157,117,112","164,121,115","172,125,118","176,125,117","189,134,126","190,132,124","190,130,122","194,130,125","200,135,131","206,140,138","209,143,142","210,143,144","213,144,145","220,147,147","223,150,150","226,153,154","227,153,156","226,154,157","226,155,158","227,157,160","230,162,167","228,162,166","226,160,167","226,162,169","229,166,174","230,167,175","229,165,174","226,165,173","223,166,172","224,167,173","225,167,173","227,169,175","226,168,174","218,160,164","205,148,151","196,137,141","187,128,132","183,125,127","190,133,134","200,143,144","206,149,150","210,152,154","216,156,158","223,161,161","226,164,165","233,172,172","235,178,176","230,175,173","224,171,168","221,171,167","220,170,166","217,167,163","213,163,159","210,160,156","208,157,153","205,154,150","203,149,146","203,145,146","202,141,144","197,135,138","196,137,139","200,141,143","200,144,145","200,144,147","200,146,149","184,132,134","180,128,130","189,140,143","211,163,166","225,177,179","225,178,182","224,178,181","224,178,181","225,177,180","224,174,178","221,171,175","221,167,173","221,166,172","223,166,172","224,167,173","226,171,176","225,173,177","228,176,181","231,183,185","233,187,190","231,188,189","228,186,187","227,186,185","225,184,182","221,179,178","218,175,173","216,172,171","215,171,170","215,169,169","213,167,167","215,167,167","210,162,162","208,158,159","209,158,159","206,154,156","201,149,151","199,148,149","196,148,148","191,146,145","187,142,141","183,138,138","180,135,135","177,131,131","175,127,127","171,123,123","166,120,120","164,120,119","157,114,113","149,109,107","144,107,104","136,102,98","124,92,87","113,84,79","104,79,74","105,81,77","84,64,60","46,26,25","20,3,3","18,3,3","45,33,34","79,68,69","71,61,62","44,34,33","29,19,18","46,35,33","67,55,52","76,64,60","73,62,59","48,38,36","30,20,18","32,22,20","33,22,18","37,26,22","47,36,32","54,43,39","74,61,55","76,63,57","68,53,48","62,47,41","60,45,38","52,37,30","48,34,26","45,31,21","44,30,18","45,29,16","42,25,13","42,22,9","49,27,15","60,36,24","66,41,29","67,41,28","64,39,25","59,36,22","65,43,27","69,48,31","66,46,29","68,52,34","81,74,54","99,98,75","114,112,89","142,138,113","156,149,123","160,149,122","168,155,128","162,145,118","143,122,96","114,90,65","111,83,60","125,93,73","117,82,64","111,74,58","127,88,72","121,78,61","127,83,64","120,82,60","116,83,61","100,72,50","112,86,66","118,94,75","119,94,79","109,84,74","98,76,71","87,69,67","57,47,48","30,28,30","29,35,38","60,70,74","72,86,89","54,69,72","131,122,114","121,112,104","101,94,88","89,85,79","86,85,80","93,93,88","95,95,90","87,87,81","99,97,89","131,127,116","162,156,142","184,173,156","191,176,155","179,163,139","165,143,119","161,134,109","162,135,108","164,138,112","167,143,115","168,147,118","167,148,119","163,146,118","161,144,118","160,142,117","157,139,118","159,140,122","167,144,132","167,143,134","151,124,118","132,105,99","144,119,114","140,117,111","140,117,111","143,120,113","138,115,107","127,104,96","118,96,87","100,78,67","97,75,64","119,97,85","136,114,101","130,108,94","110,88,74","81,59,45","52,30,17","42,15,7","52,25,18","57,30,23","56,29,22","57,30,23","61,34,27","64,37,30","66,39,32","64,37,30","63,36,29","70,43,36","68,41,34","50,23,16","60,33,26","99,69,63","141,107,103","158,122,118","154,115,109","160,117,111","173,126,119","172,121,115","180,126,119","188,131,123","191,131,123","195,132,126","201,136,132","206,141,139","210,145,143","210,144,145","213,145,146","221,150,150","223,152,153","226,155,156","227,156,158","227,158,159","228,160,162","230,162,164","232,166,170","230,166,171","227,164,171","227,166,173","231,169,177","232,172,179","230,169,177","227,169,176","227,172,178","228,173,179","227,172,177","228,172,177","226,170,175","216,160,164","202,146,149","192,133,137","185,126,130","183,124,127","193,134,136","203,144,146","208,149,151","212,153,155","216,156,158","222,162,162","229,168,168","235,175,175","233,177,176","226,173,171","219,169,166","217,169,165","222,174,170","219,171,167","215,167,163","211,162,158","208,158,155","205,154,151","201,149,146","201,147,146","199,145,145","194,141,140","196,143,143","201,148,148","202,151,151","202,152,153","203,154,155","190,141,141","178,130,131","182,136,138","204,158,160","220,176,177","224,180,181","224,179,182","225,177,180","223,175,178","222,173,176","220,170,173","219,167,171","219,164,169","219,162,168","218,163,168","221,166,171","220,169,172","223,173,176","227,179,181","229,184,186","229,186,187","228,185,186","225,184,183","223,182,180","221,178,176","219,175,174","217,173,172","216,172,171","215,169,169","214,168,168","216,168,168","212,163,163","210,160,161","209,158,160","207,155,157","203,151,153","201,149,151","196,148,149","191,146,146","187,143,142","184,140,139","181,136,136","178,132,132","177,129,129","173,126,126","169,123,123","166,122,121","159,116,115","151,111,109","146,108,106","139,104,100","127,95,90","115,86,81","104,79,74","104,81,76","86,66,62","48,28,26","16,2,2","18,4,4","53,41,42","85,73,75","70,60,60","40,30,29","30,19,18","52,41,39","75,62,60","84,72,68","82,71,68","57,47,45","32,22,20","29,19,17","36,25,21","45,34,30","53,42,38","62,50,46","84,71,65","81,68,62","72,57,52","72,57,51","72,57,50","57,42,35","40,25,17","45,31,21","47,33,21","46,31,18","43,27,14","43,23,12","49,28,17","59,35,23","65,40,28","66,40,27","62,37,24","59,36,22","66,44,28","69,48,31","65,45,28","66,50,32","77,69,49","99,97,75","109,105,83","132,126,102","154,146,122","154,144,118","160,148,122","156,141,116","128,109,84","108,86,63","113,88,68","116,88,72","86,57,43","72,42,29","92,58,46","112,75,61","118,80,65","94,63,46","103,77,59","96,74,55","85,64,47","87,66,51","94,73,60","111,90,82","97,76,73","80,64,62","49,40,43","21,20,24","16,22,27","63,73,77","84,96,100","64,78,81","112,97,84","109,96,84","112,101,91","102,94,86","96,91,83","101,97,92","94,93,88","81,81,76","96,96,89","132,130,121","153,148,137","166,159,145","182,171,154","186,174,156","180,163,142","176,151,129","171,145,121","166,141,116","165,142,115","167,146,119","169,148,121","168,148,121","162,143,117","156,136,112","153,133,111","154,132,113","160,136,122","163,137,126","153,125,115","139,112,103","143,118,111","138,115,107","138,115,107","142,119,111","141,118,110","133,111,101","125,103,93","108,86,75","98,76,64","107,85,72","120,98,85","125,103,89","118,96,82","91,69,55","58,35,23","45,18,10","54,27,20","57,30,23","55,28,21","54,27,20","57,30,23","60,33,26","63,36,29","61,34,27","61,34,27","71,44,37","72,45,38","55,28,21","56,29,22","83,54,48","119,87,83","152,117,112","155,117,110","160,120,113","174,129,121","171,122,115","175,121,114","187,129,123","192,131,126","196,134,129","202,139,134","208,144,142","212,148,146","213,149,149","214,148,149","218,152,151","222,154,154","224,157,158","225,159,160","226,161,161","228,164,165","230,167,169","228,166,170","228,168,172","230,170,177","228,171,177","228,170,177","228,171,177","229,173,180","230,175,181","229,176,182","230,177,183","229,176,181","227,175,179","225,171,176","214,159,162","199,144,147","187,130,134","182,125,128","183,124,127","192,133,135","202,142,144","207,147,149","212,152,154","215,156,157","219,161,160","226,169,168","230,175,173","229,175,173","224,173,170","218,171,167","216,169,165","221,176,171","219,174,169","215,170,165","213,165,161","210,162,158","207,158,154","203,154,150","202,153,150","199,152,150","194,148,146","196,150,147","201,155,152","204,158,155","205,158,157","207,160,160","198,152,152","182,137,136","179,134,135","197,153,154","214,170,171","221,176,178","223,177,180","224,176,179","223,173,176","222,172,175","221,171,174","219,168,172","217,165,169","216,162,166","215,160,165","218,163,168","216,165,168","219,169,172","223,175,177","226,180,182","227,183,184","227,183,184","226,182,182","224,180,179","222,178,177","220,176,175","220,174,174","219,173,173","217,171,171","215,169,169","215,167,167","212,164,164","210,162,162","208,159,159","207,157,158","205,155,156","201,152,153","194,148,148","188,145,144","186,143,142","185,141,140","185,139,139","183,137,137","182,134,134","179,131,131","171,126,126","168,124,123","160,117,116","152,112,110","148,109,107","141,105,101","131,97,92","119,89,84","105,81,75","105,81,76","85,65,61","48,28,26","16,2,2","19,4,5","56,44,45","86,74,76","68,58,59","39,29,28","35,24,23","58,47,45","78,65,63","85,73,69","85,74,71","65,54,52","35,25,23","24,14,12","32,21,18","41,30,26","49,38,34","62,51,47","87,74,68","85,71,66","77,62,57","74,59,53","72,57,50","54,39,32","35,21,13","41,27,17","45,31,20","47,31,18","47,31,18","48,29,17","52,31,20","58,34,22","60,36,24","63,38,26","67,42,29","66,43,29","70,48,33","68,46,32","61,42,26","65,48,32","68,60,39","94,89,67","107,102,80","128,122,99","151,143,120","151,142,118","163,152,127","165,152,129","128,113,92","99,83,63","98,80,64","74,54,40","55,33,22","42,18,9","41,14,7","70,41,33","116,87,77","117,95,82","95,76,62","56,40,28","22,9,6","31,17,8","52,37,29","99,82,77","103,86,85","73,59,60","45,37,41","23,22,27","9,14,20","63,74,78","69,80,84","42,54,56","96,76,58","95,77,59","111,96,81","98,86,74","92,83,73","104,98,90","99,97,90","82,82,76","95,96,90","129,129,123","141,140,131","143,141,130","159,154,141","175,168,153","180,168,151","184,164,144","179,155,133","170,146,124","164,143,119","167,145,120","170,149,123","172,152,125","166,145,120","164,143,119","166,144,120","157,134,112","146,120,104","145,119,106","156,128,115","160,133,122","139,115,106","137,114,106","144,121,113","154,131,122","153,131,121","141,119,108","128,106,95","115,93,81","107,85,72","109,87,74","113,91,78","120,98,84","127,105,92","105,83,70","66,43,31","49,22,13","55,28,21","57,30,23","53,26,19","52,25,18","56,29,22","59,32,25","62,35,28","63,36,29","61,34,27","67,40,33","72,45,38","58,31,24","50,23,16","63,34,28","90,58,55","132,98,95","152,116,111","163,122,116","173,128,122","175,127,121","179,127,120","187,132,124","192,133,127","195,135,131","203,141,137","211,148,146","215,152,151","217,154,154","217,154,153","217,153,152","219,155,154","222,158,158","223,160,160","225,163,162","228,167,168","230,171,173","228,169,172","228,172,175","232,175,180","230,176,181","228,173,179","226,173,179","229,176,182","231,179,185","231,180,185","231,181,185","229,178,181","227,175,179","223,171,175","213,159,162","199,144,147","189,133,136","184,128,131","184,125,128","191,132,134","199,139,141","205,144,146","211,150,153","215,156,158","219,164,162","225,172,170","227,176,174","228,178,175","229,181,177","226,180,176","221,178,173","222,177,173","219,174,169","215,171,166","213,167,164","213,165,161","210,162,158","207,158,155","205,158,155","202,157,154","195,151,148","195,151,148","199,155,152","202,157,154","204,159,158","207,161,161","200,154,154","185,138,138","181,134,136","196,150,152","211,165,167","217,170,172","218,171,174","221,171,175","223,173,176","223,173,176","223,172,175","222,170,174","220,168,171","218,165,168","214,162,166","214,161,165","212,162,165","215,165,168","218,170,172","221,175,177","224,178,180","223,179,180","224,179,179","223,178,178","221,176,176","220,176,175","221,175,175","220,174,174","218,172,172","216,170,170","213,165,165","213,165,165","210,162,162","206,157,158","206,156,157","206,156,157","201,152,153","194,148,147","188,146,144","186,144,142","185,142,140","186,140,140","186,140,140","185,138,138","182,135,135","175,129,129","171,126,125","162,119,118","154,114,112","150,111,108","145,107,104","134,99,95","121,91,87","109,85,79","106,83,78","82,62,58","45,25,24","20,4,4","22,6,7","53,41,41","79,67,69","64,54,55","41,31,30","39,29,27","60,49,47","74,61,59","77,65,61","79,68,65","70,60,58","45,35,33","29,19,17","33,22,19","36,25,21","42,31,27","60,49,44","85,72,66","91,77,72","81,66,61","66,51,45","54,39,32","44,29,22","43,29,20","40,27,18","40,28,16","42,29,16","47,31,18","50,32,20","52,32,21","54,32,21","57,33,21","65,41,29","69,46,33","69,46,33","71,49,35","67,47,32","61,42,27","66,49,34","74,64,44","97,90,69","112,106,84","132,126,104","142,134,111","141,134,111","154,146,124","157,147,127","140,130,111","110,99,82","79,67,54","34,21,15","32,17,13","33,17,13","35,17,14","36,17,13","138,119,113","167,153,147","65,54,46","16,9,6","22,14,8","32,23,16","25,14,9","55,41,40","82,67,69","62,50,53","36,30,36","18,19,25","12,19,26","68,78,85","81,91,94","47,57,58","108,85,62","107,86,64","132,113,94","120,104,88","110,99,87","119,112,102","104,102,94","79,79,74","87,89,84","119,120,115","129,131,125","127,127,120","135,133,125","145,143,133","153,144,133","179,162,147","178,156,139","172,151,131","168,148,126","166,147,124","169,149,125","171,151,126","173,152,127","177,155,131","178,154,132","169,144,122","156,129,112","153,125,110","160,131,117","161,133,122","145,122,111","142,120,109","148,126,115","157,135,123","157,135,123","146,124,111","132,110,97","125,103,90","123,101,88","119,97,84","107,85,72","106,84,71","123,101,88","112,90,77","75,52,40","50,23,15","56,29,22","56,29,22","51,24,17","51,24,17","56,29,22","61,34,27","62,35,28","64,37,30","63,36,29","64,37,30","70,43,36","63,36,29","51,24,17","53,24,18","69,38,34","113,79,76","147,112,107","157,119,113","162,119,113","172,124,118","179,128,122","188,133,126","192,134,128","197,137,133","204,143,140","212,151,150","218,157,156","220,158,159","218,158,157","216,155,154","218,158,156","220,160,158","221,162,161","224,166,165","228,170,170","230,175,176","231,177,180","230,178,181","230,178,182","230,180,184","232,181,186","232,182,187","232,182,188","232,182,188","232,183,187","231,182,185","226,177,180","224,174,177","220,170,173","211,158,162","199,144,147","192,136,139","188,132,135","187,128,131","192,133,135","198,138,140","203,142,145","211,149,152","217,159,160","222,169,169","225,175,174","227,179,177","231,184,181","237,192,189","238,194,190","231,190,186","227,185,182","223,180,176","218,174,171","214,170,167","211,165,163","209,160,158","204,154,153","203,155,153","200,154,151","192,146,143","189,143,140","192,145,143","194,147,145","197,149,149","201,153,153","195,146,146","183,134,135","184,134,137","199,149,153","213,162,165","215,164,167","215,162,168","219,167,171","224,172,174","225,173,175","226,174,176","225,173,175","223,171,173","220,168,170","216,165,167","210,159,161","209,159,160","211,162,163","214,166,166","217,171,171","219,173,173","220,174,174","221,175,175","221,175,175","219,173,173","219,173,173","220,174,174","219,173,173","219,171,171","217,169,169","212,164,164","212,164,164","209,161,161","205,157,157","205,157,157","205,157,157","199,152,152","193,150,149","189,149,147","187,146,144","185,144,142","186,142,141","185,141,140","184,138,138","181,135,135","178,132,132","174,129,128","165,122,121","157,116,115","153,113,111","148,109,107","137,102,98","124,94,90","113,88,83","109,85,81","80,60,56","43,23,22","23,7,7","25,9,10","47,35,35","69,58,59","59,49,49","42,32,31","43,32,31","59,48,46","66,53,51","64,52,48","63,52,50","64,54,52","50,40,38","35,25,23","39,28,25","37,26,22","40,29,25","61,49,45","82,69,63","89,75,69","80,65,60","64,49,43","52,37,30","42,27,20","41,27,19","42,29,20","42,30,19","44,30,19","47,31,21","50,32,22","52,33,22","53,31,20","55,33,22","65,41,29","63,40,28","59,37,24","63,42,28","65,45,30","62,43,28","67,50,34","72,60,41","83,75,54","101,93,72","128,120,99","132,126,104","137,130,109","148,142,122","146,140,121","150,144,127","109,103,89","47,41,31","36,28,23","56,48,45","40,32,32","26,17,17","33,21,20","131,119,117","176,168,166","65,62,56","27,25,19","32,30,23","34,29,24","27,19,17","37,27,28","71,59,63","76,67,72","44,39,46","16,17,24","31,39,46","78,89,95","88,97,100","53,61,61","153,126,100","151,126,100","161,139,116","150,132,112","139,126,110","127,120,107","93,91,81","73,73,67","89,91,86","110,113,109","114,117,113","117,119,115","123,124,119","123,123,117","129,123,115","157,144,132","169,152,138","177,161,144","174,157,139","167,150,130","168,150,128","170,151,127","172,151,127","179,157,133","182,158,136","173,148,126","163,137,118","163,136,118","165,137,122","162,135,121","160,137,124","145,123,110","145,123,111","148,126,112","155,133,120","149,127,114","131,109,95","137,115,102","135,113,100","113,91,78","104,82,69","103,81,68","104,82,69","119,97,84","80,57,45","50,23,16","55,28,21","53,26,19","50,23,16","51,24,17","57,30,23","59,32,25","59,32,25","61,34,27","60,33,26","62,35,28","68,41,34","66,39,32","55,28,21","50,23,16","55,26,22","94,63,59","139,105,100","155,117,112","159,117,112","172,126,120","178,129,123","185,131,125","191,135,129","198,140,135","206,147,143","213,153,152","218,158,158","221,160,161","219,159,159","215,157,156","218,161,159","221,163,162","223,166,165","224,168,168","227,172,173","231,178,179","232,180,182","232,181,184","234,184,188","235,188,191","236,188,193","235,187,192","232,184,191","230,182,188","230,181,185","229,180,183","225,176,179","222,173,176","219,169,172","210,159,161","199,145,147","192,138,141","189,133,136","189,131,133","194,136,137","199,140,142","204,144,146","211,152,153","217,161,162","223,172,171","227,179,177","232,186,183","239,194,191","246,203,200","248,206,202","241,201,197","236,195,191","229,188,184","223,179,176","216,172,169","210,164,162","205,156,154","198,148,147","196,147,145","194,144,142","182,131,130","176,125,124","178,126,126","183,130,130","189,136,137","196,143,145","191,136,139","186,131,134","191,136,141","205,150,154","217,160,166","219,161,167","217,160,166","220,164,169","224,170,174","225,172,175","226,174,176","226,174,176","224,172,174","221,170,171","217,168,169","209,160,161","208,159,160","209,161,161","210,162,162","213,166,166","215,168,168","217,170,170","220,173,173","220,174,174","220,173,173","219,172,172","219,173,173","218,171,171","217,169,169","216,168,168","212,164,164","212,164,164","209,161,161","204,157,157","203,156,156","202,155,155","198,152,151","193,151,149","189,149,147","187,147,145","188,147,145","189,146,144","185,141,140","183,137,137","183,137,137","180,134,134","175,130,129","168,124,123","162,119,118","156,116,114","150,110,108","141,104,101","128,96,92","116,91,86","110,86,82","83,63,59","43,23,22","22,6,6","26,10,11","41,29,29","61,50,52","57,47,48","46,36,35","44,33,32","52,41,39","59,47,44","59,47,43","52,41,39","52,41,39","48,38,36","40,30,28","37,26,22","38,27,23","44,33,29","56,45,41","77,64,58","84,71,65","77,62,57","63,48,42","53,38,31","44,29,22","39,24,17","42,29,20","44,31,21","45,32,21","48,34,24","53,35,25","54,36,26","54,34,24","56,35,24","62,39,28","58,35,23","57,35,22","62,41,28","63,45,30","61,44,28","64,48,32","70,58,41","78,68,49","97,87,68","125,117,97","137,131,110","147,140,121","156,150,132","155,150,133","154,150,135","95,93,80","25,23,16","62,60,57","92,90,89","64,62,64","23,21,21","34,28,29","88,82,81","131,128,127","42,43,39","9,12,7","31,33,28","37,36,33","37,32,31","32,23,25","66,56,60","91,82,88","46,43,49","10,13,19","27,35,43","71,82,88","83,90,93","51,56,57","166,135,106","164,137,108","156,132,106","151,132,109","151,137,118","136,128,114","102,100,89","79,79,73","91,93,90","105,108,106","100,105,102","109,112,111","115,118,117","112,114,111","119,118,112","123,116,108","132,122,111","155,144,131","173,159,145","172,157,141","169,152,133","168,149,129","165,145,123","170,148,126","177,154,131","171,146,124","161,136,116","161,136,116","167,141,124","169,143,128","164,142,127","153,131,117","159,137,123","153,131,117","158,136,122","155,133,119","137,115,101","145,123,109","136,114,101","104,82,69","111,89,76","117,95,82","95,73,60","127,105,92","82,59,48","53,26,19","54,27,20","51,24,17","47,20,13","50,23,16","56,29,22","57,30,23","61,34,27","62,35,28","60,33,26","61,34,27","63,36,29","62,35,28","56,29,22","51,23,17","50,22,18","79,49,46","129,95,91","155,118,113","161,121,116","173,128,122","179,130,124","184,131,126","192,136,131","200,144,139","208,151,147","214,154,154","216,156,157","218,158,160","218,160,160","217,161,159","220,164,162","222,167,165","223,169,168","224,171,171","228,175,176","232,181,182","229,178,181","232,183,186","238,190,193","240,194,197","237,190,196","233,186,193","229,183,190","228,181,187","228,178,183","228,178,182","226,176,179","224,174,177","221,171,174","212,161,163","199,147,149","189,135,138","186,131,134","189,135,135","196,140,141","200,143,144","203,146,147","210,154,154","217,164,164","224,174,173","230,183,180","236,191,188","245,200,197","251,209,206","252,211,207","246,207,202","239,198,194","231,190,186","223,179,176","218,172,169","214,166,164","206,157,155","196,145,144","187,134,134","177,122,122","168,111,112","169,112,113","175,117,118","178,120,121","183,124,127","190,131,135","192,132,137","196,135,141","203,142,149","213,152,159","221,159,167","223,161,169","221,160,167","220,162,167","222,167,170","223,169,172","224,172,174","224,174,175","224,174,175","222,173,173","220,172,172","215,167,167","212,164,164","209,161,161","207,159,159","208,160,160","211,163,163","214,166,166","218,170,170","220,172,172","221,173,173","220,172,172","219,171,171","217,169,169","216,168,168","214,166,166","213,165,165","211,164,164","209,163,163","206,160,160","203,157,157","199,153,153","197,152,151","193,151,149","188,149,147","187,148,146","190,150,148","191,150,148","187,143,142","184,138,138","186,140,140","182,136,136","177,132,131","171,126,125","166,122,121","160,118,117","152,112,110","143,106,103","131,99,95","117,92,87","109,86,81","88,68,64","47,27,26","18,2,2","25,9,10","38,26,26","59,48,50","61,51,51","53,43,42","43,33,31","44,33,31","52,39,37","56,44,40","50,39,36","45,35,33","47,37,35","46,36,34","39,28,24","45,34,30","51,40,36","52,41,36","67,54,48","78,64,58","74,59,54","57,42,36","47,32,25","44,29,22","41,26,19","40,27,18","39,27,18","40,27,18","47,33,24","57,39,29","61,42,32","59,39,29","56,36,26","59,37,26","57,35,24","61,39,27","65,45,31","62,44,30","60,43,28","62,46,31","68,55,39","75,64,46","89,78,60","110,102,83","127,119,100","134,127,109","139,134,117","145,141,126","146,144,131","110,110,99","71,71,64","113,114,110","106,108,107","62,64,66","20,21,23","24,22,23","24,22,20","37,37,36","23,27,23","17,22,17","30,35,29","42,43,41","49,47,45","24,17,18","54,45,49","86,78,84","46,42,49","17,19,25","18,26,34","57,67,74","73,79,83","43,47,49","161,129,96","164,134,104","161,136,108","155,135,112","153,138,119","138,129,114","107,103,92","77,75,71","84,86,84","103,106,106","98,103,103","100,105,106","104,108,109","105,108,109","118,119,117","117,114,110","107,102,96","122,116,108","153,144,134","169,157,145","169,154,139","167,150,133","165,147,128","165,144,123","166,144,123","169,147,126","167,144,123","161,138,117","159,136,116","162,139,121","154,133,116","163,141,125","178,157,141","169,147,131","159,138,122","154,132,117","145,123,109","142,120,106","133,111,98","112,90,77","114,92,79","119,97,84","101,79,66","126,104,92","80,57,47","60,33,26","57,30,23","51,24,17","47,20,13","50,23,16","56,29,22","59,32,25","65,38,31","68,41,34","65,38,31","62,35,28","60,33,26","58,31,24","56,29,22","52,26,19","49,23,19","69,40,37","116,83,79","150,114,109","158,119,113","165,122,116","173,126,120","183,133,127","192,139,133","201,146,142","208,152,149","213,155,154","215,157,156","217,157,159","218,160,161","219,163,162","221,166,164","221,167,165","222,168,167","224,172,171","229,177,178","233,183,184","230,180,183","232,183,187","237,189,194","239,193,198","236,190,197","232,186,193","229,183,190","228,180,186","229,178,184","229,177,182","227,175,179","225,174,178","223,172,175","214,162,164","201,149,151","188,135,138","185,132,135","188,136,136","196,141,142","199,144,145","203,148,148","210,155,155","216,166,165","224,175,176","229,182,181","232,187,187","238,194,193","244,202,199","244,203,200","239,199,196","236,195,193","228,187,184","220,176,174","214,168,168","209,161,160","195,145,146","178,126,127","161,105,107","147,87,90","153,92,95","175,113,116","191,130,133","190,128,131","186,124,129","190,128,133","197,136,141","205,143,148","215,150,158","223,158,166","225,161,169","224,159,168","220,157,166","218,157,163","217,161,164","219,165,166","221,169,169","223,172,172","224,174,174","223,175,174","222,176,174","222,176,174","217,171,169","211,165,163","206,160,158","206,158,157","209,160,158","212,162,161","216,167,167","219,169,170","219,170,171","219,170,171","218,170,170","216,168,168","215,167,167","214,166,166","212,165,165","210,164,164","209,163,163","206,160,160","202,158,157","199,154,154","196,153,152","193,153,150","189,152,148","188,150,147","190,151,149","191,150,148","188,144,143","186,140,140","188,142,142","187,139,139","179,133,133","173,127,127","168,124,123","162,119,118","154,113,111","146,107,104","134,102,98","117,92,87","108,84,80","93,73,69","52,32,31","18,2,2","23,7,8","39,27,28","67,55,57","72,62,62","63,53,52","45,35,34","38,27,25","44,31,29","50,38,34","43,32,29","34,24,22","36,26,24","43,33,31","45,34,30","51,40,36","54,43,39","49,38,33","58,45,39","69,55,49","68,53,48","56,41,35","46,31,24","42,27,20","37,23,16","40,27,18","36,25,16","34,22,12","44,30,21","62,45,36","68,49,41","62,42,33","56,35,26","59,37,27","57,36,25","58,38,26","60,41,29","59,41,28","58,42,27","61,45,30","64,51,35","69,56,40","81,70,53","101,92,74","117,109,91","125,118,101","132,127,111","134,132,117","137,136,123","127,128,119","122,124,117","146,149,145","101,106,104","28,32,34","12,15,17","15,15,14","31,30,27","7,7,6","15,19,14","46,51,46","25,29,22","41,42,38","44,41,39","20,12,14","41,32,36","77,68,74","48,44,51","22,23,30","19,27,35","49,58,65","65,73,76","37,42,45","165,133,99","166,137,104","160,135,106","154,133,108","151,135,115","135,125,111","104,98,89","74,73,69","84,86,85","104,108,109","98,103,105","97,102,105","99,104,107","101,105,106","114,117,118","117,118,119","121,122,120","118,117,113","122,117,111","140,131,123","156,145,133","166,152,138","168,151,136","167,149,131","168,149,129","169,149,129","168,147,126","164,143,122","160,139,118","159,138,118","152,131,112","157,136,117","169,148,131","167,146,129","162,141,123","159,137,122","152,131,116","150,128,114","148,126,112","127,105,92","113,91,78","115,93,80","107,85,72","124,102,91","79,56,46","62,35,28","58,31,24","53,26,19","50,23,16","51,24,17","55,28,21","57,30,23","62,35,28","65,38,31","66,39,32","64,37,30","61,34,27","59,32,25","58,31,24","55,29,24","49,24,20","57,30,26","98,68,64","142,109,104","157,120,115","160,119,113","172,126,120","183,134,129","190,140,133","199,146,142","206,152,149","213,155,154","215,157,157","218,159,161","221,162,164","222,166,165","220,165,164","219,165,163","221,167,166","224,171,171","229,177,178","233,183,185","232,182,186","233,184,188","235,188,193","236,189,195","234,189,196","230,185,192","228,182,189","228,179,187","230,176,183","230,175,181","228,173,178","228,173,178","225,172,177","217,165,168","205,153,155","192,141,143","188,136,138","187,136,135","190,140,139","194,143,143","198,148,147","208,157,156","215,166,165","220,171,172","223,176,176","225,179,179","226,181,181","229,187,185","229,188,186","226,185,183","225,184,182","224,180,179","218,172,172","209,160,160","193,143,144","172,120,122","154,99,102","143,84,87","141,78,81","155,91,94","185,121,125","206,142,145","201,137,140","193,128,134","197,135,140","204,142,147","212,150,155","219,157,164","223,160,168","221,158,166","218,155,163","217,154,163","215,155,161","214,158,160","215,161,161","217,165,165","220,169,168","221,172,171","222,174,172","221,176,173","223,178,175","219,174,171","214,169,166","210,164,161","209,161,159","208,160,158","209,159,158","213,163,163","216,166,167","216,166,167","216,166,167","216,166,167","214,166,166","214,166,166","214,166,166","211,165,165","211,165,165","210,164,164","207,161,161","203,159,158","200,156,155","197,155,153","194,155,152","191,154,151","190,153,149","190,152,149","190,150,147","188,147,145","190,144,144","191,145,145","190,142,142","184,137,137","177,131,131","171,126,126","166,122,121","158,116,114","149,109,107","139,106,102","120,95,89","109,85,81","97,77,73","59,39,38","19,3,3","22,7,8","43,31,31","78,67,69","86,76,77","75,65,64","51,40,39","35,24,22","38,25,23","45,33,29","41,30,27","27,17,15","26,16,14","40,30,28","48,37,34","54,43,39","54,43,39","49,38,33","51,38,32","61,47,42","63,48,43","56,41,35","49,34,27","44,29,22","38,24,16","39,28,18","35,25,15","35,23,13","45,32,23","65,48,40","71,53,45","64,45,36","58,37,29","61,38,30","59,37,28","58,38,27","56,38,26","55,39,26","56,40,26","59,43,28","58,43,30","60,47,33","72,60,46","93,81,65","110,101,84","121,114,96","131,125,110","140,137,122","147,147,134","136,137,127","137,139,131","147,152,146","100,106,103","30,36,35","45,50,49","27,28,24","40,38,32","32,31,26","29,32,25","72,77,68","30,34,25","55,56,49","47,43,39","31,22,22","56,45,48","90,81,85","58,52,58","24,22,30","26,31,39","60,69,76","54,61,67","25,31,35","169,136,101","163,133,100","150,124,95","144,123,98","144,129,108","131,120,106","97,92,83","74,72,68","88,90,88","103,107,109","97,102,105","99,104,107","101,106,109","97,101,104","103,107,110","106,111,116","122,127,131","118,122,122","115,115,112","124,119,114","130,122,114","139,128,117","149,136,122","162,145,130","170,151,135","163,145,127","160,142,123","165,148,128","168,150,130","160,142,122","151,130,109","151,130,110","156,135,116","161,140,121","159,138,119","164,143,125","166,145,128","162,140,125","161,139,125","145,123,110","120,98,85","118,96,83","108,86,73","110,88,77","70,47,37","57,30,23","54,27,20","53,26,19","56,29,22","57,30,23","54,27,20","52,25,18","56,29,22","61,34,27","66,39,32","70,43,36","67,40,33","62,35,28","57,30,23","53,26,22","49,24,20","51,25,22","87,57,52","136,103,99","158,122,117","160,120,114","175,129,124","183,134,129","188,137,133","197,144,140","204,151,147","210,154,153","215,159,161","219,163,165","221,165,166","221,165,164","219,163,163","218,162,163","219,165,166","223,169,172","227,175,178","230,179,183","233,183,187","233,184,188","232,185,191","232,185,191","232,186,193","228,183,191","226,179,189","228,175,184","230,174,182","230,173,180","228,171,177","229,172,178","228,172,177","219,166,169","207,155,157","195,145,146","188,138,139","182,133,132","180,133,130","182,135,133","188,142,139","198,153,150","209,163,162","216,169,169","221,174,174","221,175,175","221,176,176","223,179,178","223,179,178","220,177,176","221,176,176","221,175,175","214,165,165","196,145,146","176,123,125","164,109,112","162,106,109","167,107,110","170,107,111","178,114,118","196,132,136","205,142,145","196,134,137","191,130,134","199,137,142","209,148,153","214,154,158","216,158,164","215,157,163","211,155,160","210,154,159","210,154,160","212,156,161","214,158,160","215,160,161","215,163,162","215,165,164","216,167,166","217,169,167","215,170,167","215,171,168","215,171,168","216,171,168","214,168,165","214,166,164","212,163,162","211,161,160","213,162,162","215,163,165","215,163,165","214,164,165","214,164,165","214,164,165","214,166,166","214,166,166","212,166,166","211,165,165","209,165,164","206,162,161","204,160,159","200,158,156","197,157,155","193,156,153","191,156,152","191,154,151","189,151,148","188,148,146","190,149,147","193,147,147","193,147,147","192,144,144","186,139,139","179,133,133","173,128,128","167,123,122","160,116,115","151,109,108","140,106,103","120,95,89","108,84,79","95,75,71","58,38,37","18,3,3","20,4,5","38,26,27","71,60,62","80,70,70","72,62,61","48,38,36","35,24,22","37,24,22","44,32,28","46,35,32","33,22,20","30,20,18","45,35,33","54,43,40","56,45,41","59,48,44","55,44,39","49,36,30","55,42,36","58,43,38","55,40,34","50,35,28","45,30,23","38,24,17","39,28,19","38,28,19","42,30,21","49,36,28","62,45,37","66,48,41","64,45,38","60,41,34","60,40,31","62,42,32","61,41,30","56,38,26","54,38,25","56,40,27","57,42,29","52,38,27","53,39,26","61,48,35","79,67,53","96,87,72","109,102,86","121,116,100","133,130,116","146,145,132","142,144,132","142,143,135","141,145,138","92,97,92","28,34,30","56,59,55","63,61,54","55,50,41","53,50,41","50,50,40","59,61,49","66,67,56","71,71,60","57,52,46","46,36,33","64,52,53","87,76,80","54,46,52","24,22,29","36,42,49","69,77,85","56,64,70","30,37,43","164,132,97","157,128,95","145,119,90","139,120,94","142,127,106","130,120,106","97,93,83","74,73,68","86,89,87","102,106,107","97,102,105","101,106,109","102,107,110","94,97,101","94,99,103","94,104,109","104,113,118","108,114,118","123,126,127","133,132,130","120,113,108","117,107,99","132,120,109","149,134,121","160,143,127","158,142,125","161,143,126","172,156,137","176,159,139","166,149,129","157,138,117","162,141,121","166,145,125","168,147,127","154,133,114","155,134,116","160,139,122","150,129,114","156,134,120","157,135,122","133,111,98","123,101,89","98,76,63","87,65,54","57,34,24","53,26,19","51,24,17","54,27,20","61,34,27","61,34,27","56,29,22","53,26,19","57,30,23","62,35,28","68,41,34","73,46,39","74,47,40","67,40,33","58,31,24","50,25,20","51,26,23","52,25,24","80,51,48","129,97,93","157,122,116","161,121,115","174,130,125","181,133,128","186,135,131","195,141,138","202,148,146","208,153,153","214,159,159","219,163,166","222,166,168","221,165,165","219,162,163","219,163,164","222,166,168","225,170,173","227,174,178","229,177,181","234,182,187","233,183,187","231,182,188","229,182,188","229,182,190","226,180,188","223,176,186","225,172,181","230,172,180","230,170,178","228,168,175","229,170,176","229,171,177","221,165,169","209,156,159","198,148,149","189,141,141","181,134,132","176,131,128","175,131,128","179,136,132","189,146,142","200,156,153","211,164,164","218,170,171","219,173,174","219,173,173","219,174,174","218,173,173","216,171,171","221,174,175","219,171,172","204,154,156","180,128,131","162,107,111","162,105,109","175,117,121","184,124,127","185,124,126","192,130,133","199,138,141","201,140,143","198,139,140","200,142,145","208,150,154","211,156,159","212,158,161","212,159,163","210,160,163","209,160,163","207,159,162","207,157,161","211,157,161","215,159,161","215,159,160","213,160,160","212,162,161","211,163,161","210,165,162","209,165,162","208,164,161","210,166,163","213,168,165","215,169,166","216,168,166","215,165,164","214,163,162","213,162,163","214,162,164","213,161,163","214,162,164","213,163,164","214,164,165","215,167,167","216,168,168","212,166,166","211,165,165","210,166,165","207,164,162","205,162,160","201,159,157","198,158,156","194,156,153","191,157,153","190,155,151","186,149,146","185,145,143","190,149,147","195,149,149","194,148,148","194,146,146","188,140,140","180,134,134","175,129,129","169,123,123","160,116,115","151,109,108","139,105,102","119,94,89","107,83,79","89,69,65","51,31,30","17,2,2","19,3,4","31,19,19","52,41,42","59,49,49","53,43,42","38,28,26","32,21,19","38,25,23","42,30,27","47,36,34","36,25,23","35,25,23","53,43,41","58,47,43","52,41,37","57,46,42","60,49,44","53,40,34","54,40,34","54,39,34","53,38,32","49,34,27","44,29,22","40,26,18","38,27,18","38,29,20","42,32,23","48,36,28","54,40,31","60,43,35","62,43,36","62,43,36","63,43,34","66,47,38","64,46,35","58,41,29","57,41,28","57,42,29","56,42,29","59,45,33","59,45,34","64,52,40","80,68,54","93,85,70","107,100,84","120,114,98","128,125,108","133,132,117","136,137,124","136,138,128","134,137,129","79,83,77","23,28,23","61,64,59","81,76,67","59,51,40","48,43,31","81,79,65","70,70,56","115,115,102","88,85,74","71,64,56","59,47,43","57,45,44","63,51,53","37,28,34","27,24,30","49,53,59","68,75,82","41,50,56","18,26,32","163,132,95","162,134,100","154,129,100","147,128,102","145,131,110","132,123,108","102,98,88","75,74,69","85,87,86","103,106,107","100,105,107","104,108,111","104,108,110","96,97,100","95,99,103","89,99,104","100,112,116","94,102,106","104,108,110","126,126,126","121,117,114","116,108,103","127,116,108","134,121,111","140,126,113","150,137,121","163,148,131","170,156,138","167,153,134","162,146,126","153,134,113","160,140,117","166,146,123","174,154,132","158,137,117","150,128,109","145,123,105","129,107,91","144,121,106","160,137,123","137,115,102","118,95,83","81,59,48","70,48,37","55,32,22","52,25,18","50,23,15","54,27,19","63,36,29","65,38,30","60,33,26","57,30,23","58,31,24","60,33,26","67,40,33","73,47,40","78,52,45","75,49,42","64,39,32","55,30,25","53,28,25","56,30,27","77,49,45","123,92,87","153,119,114","158,120,114","171,128,123","180,133,128","186,136,131","194,141,138","200,147,145","206,152,151","211,157,157","216,161,163","220,164,166","222,165,166","221,164,165","220,164,166","224,168,171","227,172,175","228,175,179","228,176,180","233,182,187","232,182,187","229,179,184","226,178,184","227,179,186","225,177,185","221,174,183","223,171,179","229,170,178","229,169,176","226,167,173","227,169,175","228,170,176","221,166,170","209,157,159","202,151,152","195,147,147","186,141,139","182,137,136","179,135,133","178,136,133","185,143,140","192,148,146","198,151,153","208,159,162","212,164,167","210,164,166","210,164,166","209,163,165","206,160,162","208,159,162","205,156,159","194,144,147","177,125,129","167,111,116","170,113,119","185,126,131","190,130,134","189,130,132","201,142,144","205,147,149","204,146,148","205,149,150","209,155,157","214,161,163","212,161,162","210,162,162","210,163,165","211,167,168","212,168,170","209,166,167","206,161,163","209,158,161","214,159,161","213,158,159","211,159,159","209,160,159","209,162,160","207,163,160","206,163,160","207,164,160","207,164,161","210,165,162","212,167,164","214,167,164","215,166,165","216,166,164","214,164,164","213,161,162","213,161,162","213,161,162","213,163,164","215,165,166","215,167,167","217,169,169","212,166,166","212,166,166","210,166,165","208,165,163","205,163,161","202,160,158","200,159,157","194,157,154","191,157,153","190,155,151","185,148,145","184,144,142","190,149,147","196,150,150","194,148,148","194,146,146","187,140,140","181,134,134","175,129,129","169,123,123","161,116,115","151,109,108","139,106,103","124,98,94","110,87,83","88,67,63","49,29,27","20,4,4","21,7,7","28,16,16","42,31,32","45,35,35","40,30,29","30,20,18","29,19,17","35,24,21","36,25,21","43,32,30","37,27,25","43,33,31","65,54,52","64,53,49","54,42,37","59,47,42","67,55,49","61,47,42","57,42,37","54,39,34","53,38,32","50,35,29","46,32,25","43,30,23","37,27,18","35,26,17","36,27,18","42,31,22","50,36,28","57,40,32","61,42,35","63,43,36","64,45,36","70,52,42","69,51,41","62,45,33","59,43,30","59,43,30","58,43,30","59,45,34","58,45,34","63,51,39","76,65,53","91,82,68","105,98,83","120,114,99","126,124,108","128,126,113","122,122,110","127,128,118","138,140,133","84,87,81","26,30,25","65,67,61","99,94,84","72,63,52","54,48,34","85,82,67","89,87,71","114,110,95","94,88,75","82,72,62","76,62,55","64,50,47","55,42,43","26,18,21","25,22,26","58,61,66","73,78,83","57,65,70","35,44,49","162,129,91","164,135,98","165,138,107","156,135,108","145,130,109","130,120,106","103,98,89","75,74,70","83,84,83","96,99,100","100,105,106","109,113,115","103,107,108","99,100,100","101,106,105","97,105,105","102,110,110","90,97,98","91,96,97","108,111,113","114,115,116","117,115,116","116,112,110","118,112,109","124,117,111","131,122,112","143,133,120","152,142,125","157,145,126","160,146,127","154,137,114","153,136,111","160,141,116","170,150,125","160,138,114","150,126,103","147,122,100","137,111,91","149,123,103","158,133,117","137,112,98","107,81,69","76,53,42","68,46,35","51,28,17","52,25,15","50,23,13","51,24,14","57,30,20","62,35,25","63,37,27","60,35,26","56,30,22","57,31,23","68,43,34","69,46,36","80,56,48","88,64,56","70,47,39","65,41,35","57,34,28","60,36,31","70,44,39","110,80,75","149,116,111","159,124,117","165,125,120","176,133,127","184,138,133","192,143,139","198,149,145","203,151,148","209,154,154","213,158,157","216,162,162","223,167,169","225,170,173","226,172,176","226,173,177","226,173,176","227,175,179","229,177,181","231,179,183","230,178,182","227,176,180","225,175,181","226,176,181","224,174,180","223,173,179","224,171,176","227,170,175","227,170,174","224,168,172","224,167,172","222,166,171","217,164,167","211,159,161","211,160,162","206,157,159","198,149,151","191,143,145","186,138,139","184,136,138","186,138,140","188,141,143","193,145,147","196,148,149","197,149,150","196,148,149","196,149,150","197,150,150","197,150,150","193,145,147","192,144,145","191,141,143","187,136,138","184,131,134","185,131,135","189,134,138","192,135,138","193,135,138","200,143,145","205,148,151","207,152,155","211,158,159","214,164,164","213,166,166","212,167,166","210,167,166","211,168,168","210,169,168","209,168,168","207,166,165","204,163,162","206,160,161","210,160,161","210,160,160","208,160,160","206,160,159","203,160,158","202,160,157","201,161,156","202,162,157","200,160,156","203,162,156","206,164,159","208,165,160","208,164,160","211,166,161","212,166,162","212,164,160","213,164,162","211,163,160","209,160,158","208,161,161","212,166,166","217,171,172","214,168,170","214,168,170","212,167,167","209,164,164","206,162,161","202,159,157","200,157,154","195,157,152","192,157,151","188,153,148","184,148,143","184,147,142","189,150,146","193,152,150","192,151,149","190,148,146","186,144,142","181,137,138","173,130,131","168,125,125","162,119,119","153,112,113","141,108,107","128,101,99","115,90,90","88,67,65","46,26,26","18,4,4","20,7,6","26,14,13","36,26,24","36,27,25","29,21,18","26,18,15","32,23,20","33,24,21","31,21,18","41,32,30","44,34,32","49,39,37","64,53,51","66,53,48","56,42,36","61,45,39","67,52,45","64,48,42","56,40,34","52,37,31","52,37,32","47,34,30","42,30,26","39,29,24","33,25,17","31,23,15","31,23,14","36,27,18","44,33,25","46,34,25","53,39,31","66,50,41","70,52,45","74,56,46","71,53,43","65,47,36","61,43,32","61,43,32","60,42,31","54,39,27","49,39,25","53,42,29","65,56,43","85,76,63","101,95,82","113,107,95","115,112,100","114,111,102","114,112,104","127,127,120","150,150,146","88,89,87","28,29,28","38,38,37","106,104,98","89,87,79","46,43,32","67,64,50","103,97,81","89,82,65","105,94,78","89,76,61","82,66,53","78,63,53","59,44,40","49,39,37","68,62,64","76,73,78","86,86,91","67,74,74","18,27,26","167,133,93","166,134,97","165,137,106","154,132,105","139,123,103","124,113,100","97,91,83","72,71,67","83,84,83","92,95,96","96,100,101","107,111,111","100,105,102","99,101,98","101,104,99","104,108,104","104,109,105","98,102,102","102,106,108","111,115,119","114,117,122","118,120,126","114,113,119","116,115,117","120,116,115","115,110,106","124,117,107","140,132,118","152,143,127","163,151,132","162,149,125","150,135,109","142,125,99","147,128,102","156,133,107","156,131,105","147,121,97","135,107,84","138,110,88","138,110,91","130,102,87","107,80,67","88,64,53","84,61,52","60,38,27","50,24,13","51,25,12","50,24,12","53,26,15","60,33,22","66,40,29","68,44,32","70,46,36","61,37,27","65,42,31","70,48,37","83,62,53","88,67,59","66,45,37","67,45,38","68,45,37","67,43,37","68,42,36","102,73,66","144,113,106","159,127,119","163,127,120","173,133,127","182,138,132","189,143,138","197,149,144","203,152,148","209,154,152","213,158,156","215,162,161","221,168,171","226,173,177","228,175,180","226,174,178","225,173,177","227,175,179","229,177,181","229,177,181","229,177,181","228,176,180","226,175,179","226,174,178","225,174,178","225,174,177","225,173,175","224,172,172","224,172,172","222,170,170","220,168,169","218,165,167","215,163,165","213,161,163","213,161,165","211,159,163","205,154,157","199,147,151","194,142,147","192,140,145","190,138,143","189,140,143","190,141,143","188,140,140","186,138,138","186,138,138","187,139,139","188,140,140","190,142,142","190,142,142","189,141,141","189,141,141","188,139,139","187,138,138","185,136,136","184,134,135","189,136,139","197,143,145","200,146,148","205,152,154","211,159,161","215,166,167","216,169,169","214,169,169","212,170,169","212,171,169","210,170,168","209,169,167","207,167,165","205,165,163","204,164,162","204,160,160","205,159,160","206,160,160","206,160,160","204,160,159","202,160,158","200,159,156","200,161,156","200,161,156","196,158,153","198,159,152","200,161,154","201,161,154","200,161,153","203,163,155","206,164,156","208,165,156","211,166,160","210,164,159","207,162,159","208,162,160","212,166,167","217,171,173","217,171,173","216,170,173","214,168,170","211,165,166","207,162,162","204,159,157","201,157,153","197,158,153","192,157,151","187,152,146","184,149,143","185,149,143","189,152,146","191,153,150","191,153,150","187,149,146","186,147,145","181,140,141","173,132,133","168,127,128","163,122,123","154,115,116","141,107,109","127,99,101","115,90,92","87,66,67","44,24,25","17,2,2","19,5,4","23,12,10","30,20,18","30,23,20","22,16,13","23,17,14","30,25,21","29,24,20","28,22,18","38,31,28","41,33,31","45,34,32","54,43,39","58,44,38","52,37,30","55,38,31","63,44,37","60,43,35","53,37,29","49,34,28","48,34,30","41,29,26","34,24,23","34,25,22","36,29,23","36,29,22","33,26,18","35,28,19","41,32,23","38,28,19","46,33,25","62,48,40","66,49,41","70,53,44","72,54,44","69,50,41","64,44,35","61,40,32","60,40,30","54,41,27","51,42,26","53,46,29","63,56,41","81,73,61","96,90,79","107,101,93","111,108,100","117,114,109","121,119,114","128,127,125","144,144,143","84,84,85","35,35,39","33,33,35","65,68,66","68,72,66","46,47,40","70,68,56","109,102,87","80,71,54","115,102,83","115,100,81","101,86,68","83,67,54","72,58,48","90,79,75","110,101,101","86,80,85","82,79,84","75,78,78","10,19,15","173,141,102","164,134,97","159,131,100","148,126,99","135,119,99","122,110,97","94,87,79","72,69,66","88,89,88","97,100,100","93,97,98","101,105,104","100,103,99","99,101,98","98,100,95","103,105,100","108,110,105","106,108,108","111,112,115","117,119,124","114,117,123","114,116,123","112,113,119","115,115,119","116,112,115","109,104,102","118,111,104","132,124,114","142,132,120","150,138,122","152,139,120","151,136,114","138,121,99","132,113,90","145,124,100","155,132,108","144,119,95","127,100,77","117,90,69","112,85,66","123,97,81","121,95,81","105,81,69","102,79,71","81,59,48","49,24,12","52,26,13","53,27,14","54,29,17","58,34,22","69,44,33","80,56,45","92,69,58","75,52,41","62,39,31","62,40,31","73,53,44","90,70,61","83,63,54","77,56,48","75,52,44","69,45,38","67,41,34","94,67,60","133,103,97","155,122,116","165,129,123","172,133,128","179,136,133","188,143,138","197,149,144","203,152,148","208,157,153","214,160,157","217,164,162","219,168,168","221,169,172","224,172,174","226,174,176","227,175,177","228,176,178","229,177,179","228,176,178","227,175,177","226,174,176","225,173,175","224,172,174","223,171,173","223,171,173","223,171,172","222,171,170","222,171,170","220,169,168","219,168,167","216,165,164","214,162,163","212,160,162","208,156,160","207,155,159","208,156,160","206,154,158","203,150,156","200,147,153","197,145,150","194,144,147","193,144,145","189,142,142","186,140,140","184,138,138","183,137,137","184,138,138","185,139,139","185,139,139","183,138,137","181,135,135","180,134,134","180,134,134","182,136,136","185,139,139","193,146,146","206,157,158","210,160,161","214,165,166","218,171,171","219,174,174","218,174,173","215,173,171","213,172,170","212,172,170","212,172,170","211,171,169","208,168,166","206,166,164","205,165,163","205,162,162","205,160,161","206,160,160","205,161,160","205,161,160","203,161,159","201,160,157","200,159,155","202,162,157","197,158,153","197,156,150","199,158,152","198,157,151","198,157,150","202,160,153","204,161,152","205,162,153","209,164,157","212,167,161","214,169,165","216,171,168","216,170,172","216,170,172","218,172,174","217,171,173","216,170,172","213,167,168","210,164,164","207,162,160","205,160,157","199,159,154","192,157,151","189,152,146","186,149,143","186,149,143","189,152,146","191,153,150","191,153,150","187,149,146","187,149,147","183,143,143","176,136,136","170,130,130","164,124,124","152,115,116","138,104,107","125,97,100","113,87,90","85,62,64","42,22,23","17,2,2","19,5,4","20,10,8","26,17,15","29,22,19","22,17,13","22,17,13","28,23,19","29,24,20","30,25,21","37,30,27","38,30,28","40,30,28","47,36,32","51,36,31","48,32,25","54,37,29","61,44,36","59,42,34","54,38,30","50,36,29","49,35,31","42,30,28","36,26,24","34,25,23","44,36,31","44,37,30","36,29,21","36,27,20","43,33,24","39,29,20","43,30,22","54,40,32","58,41,33","62,44,35","67,49,39","67,48,39","58,38,29","51,29,21","53,32,22","50,35,22","50,40,24","53,44,29","57,50,34","64,56,45","76,70,58","90,84,76","100,96,88","110,107,102","119,117,113","127,126,124","134,134,133","78,80,79","35,36,37","29,32,34","35,41,40","49,55,51","54,57,52","58,58,48","84,80,67","65,57,42","108,96,78","126,113,95","92,78,62","69,56,43","77,66,57","105,96,92","116,109,110","91,86,91","87,85,91","78,82,84","18,26,25","171,139,100","156,127,90","152,124,93","146,123,97","137,120,100","123,111,98","95,87,80","74,71,68","93,92,91","102,103,104","93,96,97","99,102,101","103,105,102","105,106,101","102,103,98","110,110,105","113,113,110","111,110,111","112,112,115","116,117,122","114,114,121","114,114,122","106,106,114","107,107,113","111,109,113","107,103,104","116,111,108","127,121,114","130,121,113","132,121,110","126,114,99","146,132,116","150,134,118","137,120,102","131,112,92","133,111,91","130,107,86","119,94,74","105,80,61","101,76,58","122,99,82","125,102,88","104,83,70","102,82,71","89,67,56","54,30,18","54,28,16","56,30,17","56,31,18","56,32,20","66,42,31","83,59,49","102,80,70","101,78,68","83,60,51","57,34,26","52,32,24","89,69,60","106,86,77","93,72,64","75,53,45","67,44,36","67,42,36","90,64,57","123,95,89","150,118,112","163,129,123","169,131,126","176,135,131","185,141,136","195,148,143","202,153,148","209,158,154","214,161,158","217,164,162","218,167,167","218,166,168","221,169,171","225,173,175","228,176,178","228,176,178","227,175,177","225,173,175","223,171,173","222,170,172","220,168,170","218,166,168","218,166,168","219,167,169","219,168,169","220,169,167","220,169,167","218,167,166","217,166,165","215,164,163","213,162,163","212,160,162","207,155,159","207,155,159","208,156,160","208,156,160","206,154,159","204,151,157","202,150,155","202,153,155","203,155,155","200,154,154","197,151,151","194,148,148","192,147,147","192,146,146","191,147,146","184,140,139","180,139,137","178,137,135","180,139,137","185,144,142","191,151,149","198,158,156","207,166,164","216,173,172","219,176,174","221,179,177","224,182,180","223,182,181","220,179,177","216,175,173","213,173,171","213,173,171","213,173,171","212,172,170","209,169,167","207,167,165","206,166,164","208,166,165","211,166,168","209,164,165","207,163,162","206,162,161","203,159,158","201,157,154","197,153,150","197,153,150","193,149,146","194,151,145","197,154,148","197,154,148","197,154,147","201,157,150","205,161,153","206,162,153","209,164,157","213,168,162","218,173,169","221,176,173","219,173,173","218,172,173","219,173,175","219,173,175","218,172,173","215,169,169","212,166,165","209,164,161","207,162,159","200,160,155","192,157,151","189,152,146","186,149,143","186,149,143","189,152,146","191,153,150","191,153,150","187,149,146","188,149,147","184,144,144","178,138,138","171,131,131","164,124,124","152,114,116","138,105,107","125,97,100","111,86,89","79,56,59","37,17,18","15,1,1","18,4,3","16,6,4","26,16,14","32,24,21","26,21,17","26,21,17","31,25,21","32,26,22","34,28,25","37,29,27","36,26,24","37,26,24","40,29,25","43,30,24","45,29,22","51,35,28","58,42,34","57,41,33","51,35,28","47,32,26","47,34,29","45,34,31","40,30,28","33,24,22","39,32,27","41,34,26","34,26,19","36,27,20","47,37,28","45,34,25","44,31,23","51,38,29","55,40,31","56,38,29","61,43,33","59,41,31","49,29,20","40,19,11","43,22,14","43,25,14","44,32,16","49,37,23","48,38,24","49,39,29","58,50,39","73,66,57","87,80,73","96,92,86","105,103,98","122,121,118","128,128,126","74,76,75","34,36,36","35,39,40","41,49,48","45,55,54","53,58,54","43,46,40","67,67,57","59,54,41","82,75,59","106,97,81","90,80,67","91,83,72","82,75,69","84,78,76","101,99,102","87,84,92","125,126,134","72,76,82","10,17,21","164,132,93","149,120,83","146,120,88","145,123,96","136,119,99","118,106,93","88,81,74","71,68,65","91,91,90","100,101,102","92,94,95","99,100,99","103,103,100","106,107,101","104,104,99","115,110,107","117,113,111","113,108,110","112,109,113","116,116,121","117,117,124","122,122,130","111,111,119","108,107,115","111,110,116","107,104,107","113,109,109","124,119,116","129,123,118","134,125,120","128,116,108","128,114,104","132,117,105","136,120,107","131,113,98","117,98,82","105,84,68","94,72,56","90,68,52","96,74,58","120,99,85","122,101,87","102,84,70","108,88,77","98,77,66","65,40,28","57,31,20","55,31,19","57,33,21","54,30,18","58,35,24","75,53,42","100,78,69","112,89,81","97,76,67","71,51,42","57,37,30","69,49,42","98,78,71","105,85,78","85,65,58","76,55,48","81,57,52","99,73,67","122,95,89","147,117,111","160,127,122","166,129,124","173,133,129","183,139,135","192,146,142","200,151,147","206,156,153","211,160,157","215,164,161","217,165,165","217,165,167","219,167,169","223,171,173","225,173,175","226,174,176","226,174,176","225,173,175","224,172,174","220,168,170","218,166,168","216,164,166","216,164,166","217,166,167","217,166,167","218,167,164","218,167,164","217,166,165","216,165,164","214,163,162","213,161,162","211,159,161","210,158,160","209,157,159","208,156,160","206,154,158","205,153,157","205,153,157","206,154,158","206,157,159","208,160,160","206,160,160","205,160,160","205,161,160","206,162,161","206,163,162","205,164,162","196,155,153","192,153,150","192,153,150","193,155,152","198,161,158","204,169,164","209,175,171","216,180,176","221,185,181","222,186,182","224,187,184","225,188,185","224,185,183","220,180,178","216,176,174","214,174,172","214,174,172","213,173,171","212,172,170","209,169,167","208,167,165","207,166,164","210,166,166","212,168,169","209,165,165","207,163,162","207,161,161","206,159,159","202,156,153","197,150,148","190,144,141","187,140,137","187,140,136","191,144,140","192,145,141","194,147,143","198,152,146","202,158,150","205,161,152","208,163,155","213,168,162","218,173,168","221,176,172","221,175,175","221,175,175","222,176,178","221,175,176","219,173,173","216,170,170","213,167,166","210,165,162","207,163,158","201,160,155","194,156,151","189,152,146","186,149,143","186,149,143","189,152,146","191,153,150","192,154,151","188,150,147","188,150,148","184,146,145","176,138,137","170,132,131","162,124,124","150,113,115","138,106,108","126,99,101","108,83,86","73,51,53","31,11,12","13,1,1","16,2,1","14,4,2","23,14,11","30,23,20","28,23,19","29,23,19","35,27,24","34,26,23","34,26,23","34,25,22","33,23,21","32,21,19","33,22,18","35,22,16","38,24,17","45,30,23","51,36,29","52,37,30","45,30,23","39,26,20","41,29,24","45,34,30","42,31,29","32,22,20","32,22,18","34,25,18","31,22,15","35,26,19","50,40,31","50,40,31","47,34,26","48,35,27","47,33,24","52,36,27","61,43,33","63,45,35","56,38,28","46,27,18","42,22,13","41,22,11","44,27,15","49,32,19","49,34,22","49,36,27","57,46,36","69,61,52","82,74,67","87,82,76","93,90,85","115,114,110","118,118,115","72,73,71","43,47,44","57,63,61","51,61,62","52,62,64","67,75,73","64,68,64","75,76,69","63,61,51","63,59,48","83,78,65","95,89,79","109,104,97","86,83,80","75,73,74","88,89,94","62,63,73","124,126,138","65,68,78","12,17,23","163,131,92","148,119,83","145,119,89","145,122,97","132,116,97","112,100,87","82,74,68","70,66,63","91,90,89","98,98,98","93,94,94","101,101,99","99,99,96","101,101,96","104,102,97","106,99,97","113,106,104","111,105,107","113,108,113","119,116,122","120,118,125","126,125,134","116,115,124","113,112,120","116,115,122","107,104,111","110,106,110","120,116,117","130,125,124","143,134,132","146,135,132","121,108,103","114,100,93","128,113,105","132,115,106","113,95,84","89,71,59","80,61,48","90,71,58","105,86,73","121,103,89","119,100,86","111,93,80","124,105,92","111,91,79","77,54,41","59,34,23","55,31,19","58,35,23","55,32,20","54,32,21","66,44,34","82,60,51","99,78,69","89,68,60","82,62,54","75,55,48","53,33,26","79,59,52","110,91,84","98,78,71","87,67,60","95,72,66","106,82,76","122,95,90","145,116,110","158,126,121","165,128,123","172,133,128","181,138,135","189,145,141","197,149,145","203,154,151","209,159,155","212,162,159","215,164,164","218,167,168","220,169,170","221,170,171","222,171,171","223,172,172","224,173,174","227,175,176","225,173,174","221,169,170","218,167,168","216,165,166","216,165,166","218,167,167","218,167,166","216,166,162","216,166,163","215,165,163","214,164,162","213,162,160","211,160,160","210,158,159","210,159,161","209,158,160","207,155,158","205,154,157","205,154,157","206,155,158","208,158,161","208,159,161","207,159,159","207,161,161","209,165,164","212,168,167","214,172,170","215,174,172","215,175,173","212,173,171","210,173,170","210,173,170","210,176,171","211,177,173","213,181,176","215,183,178","219,187,182","224,192,187","223,191,186","224,190,186","224,189,185","223,186,183","220,180,178","216,176,174","213,173,171","215,173,171","214,172,171","213,171,170","210,168,167","209,167,165","207,165,164","209,165,165","208,164,165","205,160,160","204,158,158","206,159,159","206,157,157","202,153,151","197,147,146","190,139,138","182,131,129","176,126,122","176,126,123","177,127,123","180,131,127","188,139,133","192,146,138","196,151,141","203,159,149","211,167,160","217,172,167","220,175,171","221,175,175","222,176,176","224,178,179","222,176,177","220,174,174","217,171,170","213,168,165","209,164,160","206,162,156","201,159,154","194,156,151","189,152,146","186,149,143","186,149,143","189,152,146","191,153,150","192,154,151","189,151,148","188,150,148","182,144,143","174,136,135","167,131,129","160,123,123","149,113,114","138,107,108","124,98,101","103,81,83","66,45,46","24,7,7","12,0,0","18,5,4","15,5,3","21,12,9","28,21,18","28,22,18","32,25,21","38,30,27","33,25,22","30,21,18","33,23,20","34,23,21","34,22,19","32,20,17","34,21,15","37,23,17","43,29,22","47,33,27","50,36,29","45,31,25","39,26,20","40,28,23","46,34,30","46,35,31","39,29,25","35,25,19","37,27,21","35,25,18","35,26,19","49,37,29","50,39,30","48,35,27","47,34,26","42,28,19","51,35,26","60,43,33","68,50,40","72,54,44","66,47,38","55,35,26","42,22,12","41,22,11","44,25,14","48,30,20","52,37,28","60,46,37","66,56,47","70,61,53","69,63,55","87,83,77","114,113,108","111,112,108","76,77,74","55,59,54","64,70,67","70,80,81","73,82,85","83,92,92","85,91,90","79,82,77","75,76,69","78,77,69","81,80,70","87,86,78","105,103,98","96,95,95","101,102,106","107,110,117","86,90,100","116,121,133","55,59,69","15,20,25","166,134,96","151,122,87","148,122,93","146,124,100","132,115,97","112,100,88","85,77,71","76,71,69","95,93,93","99,98,98","98,97,96","106,105,102","99,97,93","99,97,91","105,101,95","102,93,92","114,104,105","119,110,113","123,116,120","126,121,128","123,120,127","125,123,131","111,110,119","111,110,119","119,118,126","112,110,117","112,107,114","117,112,117","125,118,123","137,128,130","141,130,130","128,116,114","123,109,107","122,108,104","114,98,93","96,81,73","84,67,59","87,69,60","106,88,78","120,102,91","123,105,93","113,95,82","114,96,82","127,110,96","110,91,77","86,64,51","61,37,25","54,30,18","61,38,26","58,36,25","53,31,22","60,37,29","68,47,38","94,74,65","81,61,54","71,51,44","74,55,48","47,28,21","62,43,36","97,78,71","99,80,73","86,67,60","95,74,68","104,82,76","116,91,86","141,113,107","155,124,119","162,127,123","169,131,128","179,137,133","187,143,140","194,148,145","200,152,148","206,157,153","209,160,157","214,164,163","219,169,168","221,171,170","220,170,169","218,168,167","219,169,168","223,173,172","225,175,174","223,173,172","219,169,168","216,166,165","214,164,163","214,164,163","216,166,165","216,166,164","214,165,161","214,165,161","213,164,160","212,163,159","211,162,158","210,160,158","208,158,157","207,157,158","207,157,158","207,157,158","207,157,158","208,158,161","209,159,162","211,161,164","211,163,165","210,164,164","211,166,166","213,169,168","216,173,171","217,176,174","218,177,175","217,177,175","221,183,180","221,186,182","222,187,183","222,189,184","221,189,184","219,188,183","219,187,182","221,190,185","225,194,189","222,191,186","222,189,184","222,187,183","222,183,181","220,178,176","217,174,172","215,171,170","217,171,170","217,170,170","216,169,169","213,166,166","211,165,164","210,163,163","210,164,165","208,163,165","204,158,159","203,155,155","204,154,155","202,151,153","199,145,145","192,138,138","184,128,128","169,114,114","155,101,99","148,94,92","146,94,91","153,100,97","163,112,107","174,126,117","183,138,128","197,153,143","209,165,157","216,171,165","218,173,168","219,174,172","221,175,175","226,180,180","224,178,178","221,175,175","217,172,169","212,167,164","207,162,158","204,160,154","200,158,153","195,155,151","190,151,146","187,148,143","187,148,143","190,151,146","191,153,150","192,154,151","190,152,149","188,150,147","180,142,141","170,134,133","164,129,127","157,122,121","148,113,114","135,105,106","121,96,98","99,77,79","61,40,41","20,4,5","12,0,0","21,9,8","19,9,7","22,13,11","29,21,18","31,23,20","36,28,25","43,35,32","36,27,25","27,17,15","30,19,16","33,22,18","34,20,17","31,17,14","29,16,10","32,19,13","37,24,18","40,27,21","43,30,24","45,32,26","41,28,22","38,24,20","41,27,24","45,33,29","45,34,30","45,34,29","48,37,31","42,31,25","37,26,20","46,33,25","47,34,26","45,32,24","48,34,26","46,32,23","51,36,27","52,35,25","59,42,32","75,57,47","80,62,52","69,50,41","47,28,17","41,21,10","41,21,12","47,29,19","57,39,31","63,49,40","65,53,45","63,53,45","67,60,52","94,89,83","113,111,105","97,98,93","78,80,74","73,76,71","77,82,78","94,102,104","91,100,104","91,99,102","102,108,108","89,93,90","94,97,93","102,103,97","95,96,89","112,113,107","116,117,114","92,94,95","93,96,101","106,111,118","137,144,154","126,133,144","43,48,55","10,15,19","153,123,86","150,122,87","145,119,90","141,118,96","137,119,102","121,107,96","88,79,73","79,73,71","98,94,94","99,97,98","99,97,96","109,106,104","101,97,94","97,92,87","102,94,89","107,97,96","115,105,107","125,114,118","125,117,121","122,116,123","124,120,126","123,120,127","108,107,115","104,103,111","114,112,120","121,119,126","123,118,125","118,113,119","121,114,120","130,120,125","130,118,121","132,118,120","128,113,114","117,103,103","97,82,81","81,67,64","89,74,70","111,95,90","129,113,106","132,117,107","119,103,91","109,93,80","116,100,85","122,105,90","104,85,71","73,51,39","62,39,28","57,34,23","63,41,31","63,41,32","62,41,32","56,35,27","61,41,34","97,77,70","101,82,75","76,57,50","66,47,41","56,37,31","48,31,24","56,39,32","74,57,50","85,66,59","95,75,69","96,74,68","112,88,83","134,106,102","146,116,112","157,123,119","166,129,126","177,136,134","186,143,140","193,148,145","198,151,148","203,155,152","206,158,155","209,160,159","212,163,161","215,166,164","217,169,167","218,170,168","220,172,170","222,174,172","223,174,173","221,172,171","217,169,167","215,166,165","214,165,163","214,166,164","216,167,165","217,169,166","218,170,165","216,169,163","213,165,160","210,162,158","207,159,155","206,157,154","204,156,153","205,156,154","205,157,156","206,158,158","207,158,158","208,159,160","210,162,163","213,164,165","214,166,167","212,166,166","212,167,167","214,170,169","218,175,173","221,179,177","222,181,179","221,181,179","222,183,181","225,188,185","229,192,189","228,193,189","225,192,187","222,189,184","222,188,183","221,189,184","222,190,185","221,188,184","223,188,184","225,186,183","224,182,181","222,176,175","219,171,171","217,167,169","217,163,166","214,161,163","216,162,165","217,164,166","216,163,165","212,161,162","207,157,160","203,154,157","201,151,153","199,147,149","197,144,146","194,139,142","187,129,131","178,119,121","165,106,108","149,90,92","136,77,77","137,79,78","148,93,91","162,109,106","170,119,113","173,125,116","179,134,122","191,147,135","203,159,149","212,167,161","217,172,167","221,176,172","222,177,175","227,181,181","226,181,180","222,177,175","216,171,168","213,168,164","210,165,160","205,161,156","200,158,153","196,156,152","192,152,147","189,149,144","187,148,143","189,150,145","190,151,149","191,152,150","188,150,147","184,147,144","178,142,140","172,137,135","165,130,128","156,121,120","145,112,112","132,103,104","120,97,98","87,65,67","38,18,19","18,2,2","13,0,0","13,4,3","24,15,13","30,22,19","30,22,19","31,23,20","35,26,24","50,41,38","39,29,27","29,18,16","32,19,16","34,21,17","32,19,14","29,16,11","31,18,14","30,16,12","27,16,11","33,21,17","33,21,17","39,27,22","39,25,21","36,22,18","38,25,20","44,31,26","45,33,27","47,34,28","46,34,28","49,36,30","57,45,39","60,47,39","49,36,28","43,29,22","47,32,25","49,35,26","49,35,25","48,33,22","52,36,26","63,46,36","72,55,45","77,59,49","62,42,32","55,33,22","49,29,20","48,30,20","54,36,29","59,45,36","62,50,42","59,49,41","66,58,50","96,90,82","110,107,101","111,109,103","81,80,75","72,71,66","52,55,51","35,40,42","27,34,38","25,31,33","29,34,34","27,32,30","31,36,31","38,40,35","40,42,37","52,53,49","53,55,53","40,43,45","30,35,39","30,37,43","80,88,98","93,100,109","32,38,42","10,15,15","148,118,82","149,121,87","144,117,89","139,116,94","138,120,104","122,108,98","87,78,73","77,70,68","96,91,92","98,95,96","100,96,96","112,107,105","103,98,93","101,94,87","105,96,91","106,96,96","115,104,108","125,115,119","123,115,119","118,112,117","122,119,124","123,120,126","113,111,118","107,105,111","111,108,115","121,116,122","122,117,123","118,111,118","122,114,121","132,123,127","130,115,118","132,117,120","114,99,102","92,77,79","85,71,71","93,79,79","109,95,94","123,108,106","135,120,116","139,125,117","125,111,100","112,95,83","110,92,80","106,88,74","95,76,62","76,54,42","70,48,37","60,38,27","62,40,31","67,44,36","76,55,46","65,45,37","58,38,30","82,62,55","98,79,72","82,63,56","65,46,40","58,40,33","50,33,26","47,30,23","57,42,35","78,62,55","91,73,67","89,69,63","106,84,78","128,102,97","143,115,111","154,123,118","161,126,122","171,132,130","181,140,138","191,147,144","199,153,150","203,155,153","206,158,156","208,160,158","210,162,160","213,165,163","216,168,166","219,171,169","221,173,171","221,173,171","221,173,171","219,171,169","217,169,167","215,167,165","214,166,164","215,167,165","216,168,166","217,169,165","216,169,163","214,167,161","211,164,158","209,161,156","207,159,154","205,157,153","205,157,153","203,155,153","205,157,155","206,158,158","206,158,158","206,158,158","209,161,161","212,164,164","212,164,164","208,162,162","208,162,162","211,166,165","216,171,171","221,177,175","224,180,179","225,181,180","223,182,180","227,186,184","232,192,190","232,192,190","227,188,186","221,182,180","218,179,176","218,180,177","220,182,179","223,184,181","227,184,183","231,184,184","231,180,182","228,174,176","226,168,172","226,165,170","222,161,166","217,156,161","216,155,160","216,156,161","213,154,158","207,149,153","202,147,151","200,146,151","196,142,145","188,133,136","179,121,125","168,107,112","158,93,98","148,83,87","129,65,68","129,67,70","138,77,77","154,95,95","172,117,115","189,135,132","198,146,141","197,149,140","194,149,137","194,150,139","200,156,145","210,165,158","219,174,168","224,179,175","224,179,176","227,181,181","228,183,182","224,179,176","217,172,169","214,169,164","211,166,161","207,162,156","202,157,153","198,155,152","193,152,148","191,150,146","188,147,143","188,149,144","189,149,147","191,151,149","188,150,147","183,146,143","177,142,140","172,137,135","165,131,129","154,120,119","142,110,110","130,103,103","118,96,97","77,57,58","28,10,10","17,1,1","12,1,0","10,1,1","24,14,12","27,19,16","29,21,18","34,26,23","43,34,32","58,48,46","54,43,41","45,34,31","41,28,24","41,28,22","34,21,15","29,16,10","33,20,16","31,19,16","29,18,15","34,23,19","31,20,16","39,27,23","41,27,24","36,23,19","35,22,16","36,23,17","36,23,17","35,22,16","42,29,23","48,35,29","48,35,29","53,40,32","63,49,41","64,49,42","58,43,36","52,38,29","49,35,25","46,32,21","46,30,20","51,35,25","64,47,37","75,58,48","73,54,44","66,46,35","57,37,28","49,31,21","46,29,21","50,33,25","53,38,31","52,40,32","59,48,42","89,81,74","109,103,96","112,107,101","82,77,71","74,70,64","54,53,49","58,60,60","64,69,72","62,65,68","54,58,58","52,57,52","49,51,46","47,49,44","50,52,47","49,51,47","55,58,56","56,61,60","49,55,57","36,42,47","56,63,70","54,60,67","41,47,47","29,34,29","148,118,84","149,121,89","144,117,91","140,116,96","138,120,105","122,108,98","87,77,73","74,67,66","94,89,90","99,95,95","101,97,95","111,106,102","104,97,92","103,95,87","110,101,96","103,93,95","112,102,108","123,114,119","120,113,117","114,108,112","120,117,120","124,122,126","121,119,123","115,112,116","111,107,112","115,108,113","116,109,112","117,107,111","125,116,120","137,124,128","124,108,110","126,110,111","95,78,81","68,53,56","82,68,70","108,95,95","119,107,106","124,111,110","133,119,115","140,125,119","135,118,111","121,103,93","104,86,74","95,75,62","90,68,56","83,61,50","77,55,45","66,43,35","65,43,35","71,51,42","87,67,59","85,65,58","64,45,38","64,45,38","79,61,54","81,63,57","64,47,40","57,40,33","56,39,35","49,32,27","46,31,26","69,54,48","83,67,60","81,62,56","96,74,69","119,93,89","140,112,108","153,121,119","158,124,122","166,127,125","176,135,133","189,146,144","198,154,152","203,157,155","205,160,156","209,161,157","211,163,159","214,166,162","216,168,164","218,170,166","219,171,167","220,172,168","219,171,167","218,170,166","217,169,165","216,168,164","215,167,163","215,167,163","215,167,163","213,165,161","210,163,157","208,161,155","206,159,153","204,157,151","203,156,150","202,155,150","202,154,150","202,154,150","203,155,151","205,157,155","205,157,155","205,157,155","207,159,157","210,162,162","212,164,164","211,163,163","210,162,162","212,165,165","217,170,170","223,176,176","226,179,180","228,181,182","232,185,186","233,187,187","233,186,186","230,182,183","225,178,179","223,176,176","222,176,176","225,179,179","230,184,184","234,185,185","237,185,187","240,183,187","239,178,183","234,168,175","230,161,169","230,159,167","225,154,162","219,148,156","214,144,152","209,141,148","203,137,143","195,130,136","186,124,130","177,118,124","167,108,113","154,93,97","141,77,83","131,65,72","128,59,65","128,59,64","128,61,66","142,75,80","159,96,97","173,114,114","186,131,129","197,145,141","206,157,151","214,168,158","213,169,155","204,160,148","201,157,146","208,163,155","217,172,166","223,178,175","225,180,177","228,183,180","229,184,181","225,180,177","218,173,170","215,170,165","212,167,162","208,163,157","202,157,153","198,154,151","195,151,148","191,149,146","188,147,143","189,148,144","189,149,147","190,150,148","188,150,147","183,146,143","177,142,140","171,137,135","163,129,127","151,119,117","139,109,108","128,103,103","110,88,89","66,46,47","23,7,7","16,0,0","14,3,1","11,1,1","22,12,10","21,13,10","28,19,16","37,28,25","53,43,41","62,51,49","73,60,59","68,54,52","60,45,41","57,42,35","43,29,23","29,16,10","30,19,14","30,19,15","29,18,16","31,21,19","31,21,19","42,31,29","46,35,32","43,31,26","38,25,19","37,22,16","37,22,15","35,20,14","38,23,18","41,26,21","41,26,21","47,32,25","58,43,36","63,48,41","61,46,39","58,44,35","56,42,32","51,37,26","45,31,20","44,30,19","53,39,28","64,48,38","66,48,38","64,46,36","61,43,33","55,37,27","50,33,25","47,31,22","47,33,24","47,34,25","50,38,29","68,58,49","90,80,72","83,74,67","71,63,56","79,72,64","81,75,70","108,106,103","135,134,133","139,138,137","133,132,130","143,143,140","143,143,138","139,140,135","147,149,143","153,155,148","154,155,150","151,154,151","144,148,149","126,130,133","113,117,123","85,89,92","31,35,33","13,16,10","148,118,85","149,121,90","145,118,93","140,117,97","138,120,107","122,107,99","86,76,72","73,66,64","94,88,89","100,96,96","101,96,94","110,102,99","100,93,86","101,92,83","108,99,94","101,91,93","108,100,106","119,112,116","115,110,114","110,105,109","117,115,117","124,122,123","123,120,121","117,113,114","112,106,107","113,105,107","114,105,105","115,104,105","126,113,114","140,124,125","133,114,114","122,103,103","91,74,75","81,65,66","103,87,89","121,107,107","121,108,108","126,112,111","128,114,112","130,113,110","130,112,106","121,102,93","103,82,72","89,67,54","84,61,49","79,57,46","73,51,42","71,49,41","77,55,47","76,56,48","92,72,64","101,81,74","84,64,57","64,45,38","65,48,41","75,58,51","64,46,40","57,39,34","57,40,36","46,32,26","41,28,22","63,50,43","77,61,55","72,54,48","83,63,57","106,83,78","132,105,101","150,120,117","156,123,121","163,126,123","173,133,131","185,143,141","194,152,150","199,155,152","203,157,154","209,162,158","211,164,160","213,166,162","215,168,164","216,169,165","217,170,165","217,170,165","216,169,164","216,169,165","216,169,165","215,168,164","215,168,163","213,166,162","213,166,161","210,163,159","207,160,154","205,159,152","202,156,149","200,154,147","198,152,146","198,151,146","197,150,146","199,152,147","201,154,149","202,155,153","203,156,154","203,156,153","203,156,154","206,159,158","208,161,160","211,163,163","211,162,162","212,164,164","217,168,168","223,173,173","227,176,177","229,178,179","236,184,186","235,182,184","230,178,180","227,173,175","227,172,175","230,175,178","234,179,182","240,184,187","245,188,192","244,184,189","243,180,185","240,172,180","234,162,170","226,149,159","220,140,151","212,131,143","207,127,138","201,120,132","193,115,126","185,111,120","178,106,114","171,100,108","159,92,100","145,81,89","136,71,78","127,60,67","122,52,60","121,50,58","130,58,65","143,71,77","159,87,93","166,97,102","173,110,111","180,121,121","187,134,132","197,147,143","207,159,153","217,171,161","218,175,160","211,167,153","205,161,150","206,162,152","212,167,160","220,175,170","226,181,177","228,183,180","230,185,182","226,181,178","220,175,170","216,171,166","213,168,162","208,163,157","201,157,151","197,153,150","195,151,148","193,149,146","190,148,144","189,148,144","188,148,146","189,149,147","187,149,146","180,146,142","174,140,138","168,134,132","160,127,125","147,116,114","136,106,105","124,101,100","99,79,79","53,35,35","18,5,5","15,1,0","14,3,1","13,3,1","20,10,8","22,14,11","28,19,16","34,24,22","49,39,37","57,45,43","79,65,64","78,63,61","74,58,53","72,57,51","53,38,31","31,17,11","26,15,11","26,15,12","23,13,11","25,16,14","28,19,17","40,30,28","50,39,37","50,38,33","46,32,26","44,28,21","45,29,22","43,27,22","37,21,16","36,21,16","46,31,26","47,32,25","38,23,16","39,24,17","47,32,25","54,40,31","59,45,35","59,46,34","54,41,29","47,34,23","46,32,21","47,33,22","48,32,22","50,34,24","55,38,28","56,40,30","54,38,30","50,35,27","48,34,25","49,35,26","47,33,25","47,34,26","61,48,40","50,37,30","56,44,37","74,61,55","91,81,76","106,98,94","128,121,120","131,126,122","130,125,121","145,143,137","148,146,139","144,142,135","147,146,138","149,149,142","156,156,150","161,162,157","163,165,162","153,154,154","124,124,126","86,87,88","32,33,31","14,16,12","148,117,87","150,122,92","144,119,95","139,118,98","138,120,107","121,107,98","85,75,71","74,66,65","96,89,89","101,95,95","100,94,92","108,100,97","98,89,83","98,88,79","104,95,88","100,92,95","104,98,105","113,108,113","110,106,111","107,104,107","116,114,115","122,121,119","119,116,114","114,110,107","111,106,103","114,106,104","116,104,103","114,101,100","124,109,109","139,122,120","136,116,114","105,85,83","80,63,61","90,73,73","110,94,95","114,100,100","113,99,99","127,113,112","129,114,113","122,105,102","119,100,94","114,93,86","100,76,68","84,58,48","74,50,40","70,48,38","64,44,35","71,51,42","84,64,56","81,61,54","91,71,64","104,85,78","97,78,72","71,52,46","58,41,34","64,47,40","61,43,39","55,37,33","52,37,32","45,31,25","39,26,20","57,45,39","70,55,50","63,46,41","72,52,46","93,70,65","119,94,90","144,115,112","154,122,120","163,127,125","172,133,132","181,140,138","188,147,145","195,151,150","200,156,152","206,161,156","208,163,158","210,165,160","212,167,162","213,168,163","214,169,164","214,169,164","212,167,162","213,168,163","214,169,164","214,169,164","214,169,164","212,167,162","209,164,159","208,163,157","207,162,154","205,161,152","201,157,148","199,154,147","197,152,146","195,150,144","194,149,143","195,150,145","197,152,147","200,155,152","200,155,152","200,155,152","199,154,151","202,157,154","204,158,156","207,159,159","208,159,159","212,162,163","218,167,168","224,172,174","228,175,177","231,176,179","234,177,180","234,176,180","234,175,179","237,176,181","241,179,184","242,180,185","243,181,186","245,180,187","245,178,185","238,169,177","230,157,166","221,144,154","212,130,141","203,116,130","197,107,122","188,97,112","183,93,108","176,87,101","168,82,96","161,79,90","155,76,87","151,74,85","145,72,82","136,68,77","133,64,72","135,64,72","139,65,74","142,67,76","151,76,83","165,89,97","170,96,103","173,103,108","178,115,116","187,129,128","196,143,141","205,156,152","211,166,158","214,170,159","215,172,157","214,170,156","210,166,154","206,162,152","208,163,156","216,171,166","225,180,175","227,182,179","230,185,181","227,182,177","220,175,170","216,171,166","213,168,162","207,162,155","201,156,150","197,152,149","195,151,148","193,149,146","190,148,144","188,147,143","188,148,146","187,148,146","185,147,144","178,144,140","172,138,136","165,132,130","156,125,122","143,113,110","131,102,100","119,95,94","88,68,68","43,26,26","17,3,3","14,0,0","13,2,1","14,4,2","20,10,8","28,18,16","30,20,18","30,20,18","40,29,27","53,40,39","77,62,61","78,62,61","78,62,56","79,63,55","59,44,36","32,19,13","24,12,8","23,13,11","20,11,10","22,14,12","23,15,13","33,23,21","43,32,29","47,35,30","44,30,24","42,26,18","43,26,19","44,26,21","43,25,21","41,26,21","41,26,21","39,24,17","37,22,15","36,21,14","37,22,15","40,26,17","49,36,26","58,46,34","59,47,35","53,41,29","45,33,21","41,28,17","45,32,21","47,33,22","47,32,22","46,32,21","47,33,24","47,33,24","47,33,24","49,35,26","49,35,26","43,28,20","48,33,26","41,25,18","51,35,28","60,43,36","79,64,58","94,81,76","104,93,89","110,101,95","118,110,102","131,125,117","138,133,123","139,134,125","143,139,129","152,150,141","154,152,144","150,149,142","149,149,143","151,150,146","123,122,120","96,95,94","28,28,28","11,12,12","147,118,88","149,122,93","145,120,96","141,120,100","139,121,107","121,106,99","83,74,70","76,68,67","98,91,91","100,93,92","99,91,89","107,99,95","99,89,83","98,86,78","101,92,87","100,95,98","101,97,103","106,104,109","105,103,107","104,103,105","114,114,113","118,117,114","112,110,105","109,105,99","113,105,101","117,108,102","116,102,100","112,98,93","122,105,104","140,121,117","138,117,112","99,78,74","83,64,61","105,88,87","121,105,106","118,103,103","124,110,110","134,119,119","130,114,114","119,101,100","109,90,85","103,80,74","92,67,60","77,50,41","64,39,30","61,39,31","60,40,31","66,46,37","80,60,52","84,64,57","93,74,67","93,74,67","89,71,64","72,54,47","52,34,29","51,33,28","55,39,34","49,33,29","48,33,28","47,34,28","36,23,17","49,38,32","60,47,41","53,37,32","61,42,37","81,59,54","107,82,78","135,107,103","150,119,116","162,127,125","172,134,133","178,138,136","185,144,142","193,149,148","200,156,152","204,159,153","206,161,155","208,163,157","210,165,159","211,166,161","212,167,161","212,167,162","210,165,160","212,167,161","214,169,163","215,170,164","214,169,163","211,166,160","207,162,157","206,162,155","206,162,153","204,160,151","201,157,148","199,154,147","197,152,146","196,151,145","196,151,145","193,148,143","195,150,145","198,153,149","198,153,149","198,153,150","197,152,149","198,153,150","202,156,154","207,159,159","209,159,160","214,162,164","220,167,169","225,171,174","228,171,175","229,170,174","227,167,171","229,165,171","231,166,172","235,169,176","239,171,179","240,171,178","238,169,176","235,164,173","231,156,165","221,143,154","207,127,139","197,112,125","190,100,114","184,90,106","182,84,101","178,80,97","174,77,94","166,71,87","157,66,81","151,64,77","148,65,77","147,66,78","147,70,82","144,72,83","142,70,79","149,75,84","157,81,91","160,82,92","165,86,95","174,96,104","172,97,104","176,106,112","186,123,124","196,138,137","204,151,149","207,160,155","207,164,156","210,167,156","214,171,156","215,171,157","213,169,156","209,165,155","209,165,156","215,170,165","221,176,171","225,180,177","228,183,179","226,181,176","220,175,169","216,171,165","211,167,160","205,161,153","199,154,149","196,151,148","195,150,147","193,149,146","191,147,144","188,147,143","187,147,145","185,147,144","183,145,142","176,141,137","169,135,133","162,129,126","152,121,118","139,109,106","127,98,96","113,90,89","77,58,58","35,19,19","17,3,2","13,0,0","11,0,0","13,3,1","20,10,8","32,22,20","33,22,20","29,19,17","35,23,21","59,45,44","77,62,61","78,62,60","79,62,57","82,65,57","66,50,43","37,23,17","25,12,8","21,11,9","21,12,11","24,16,14","22,14,12","25,16,14","33,22,19","40,27,22","39,24,18","37,21,13","38,21,13","40,22,17","45,27,23","45,28,23","36,19,14","35,20,13","45,30,23","47,32,25","40,25,18","37,23,14","42,29,18","49,37,25","54,42,30","54,42,30","52,40,28","48,36,24","51,39,27","49,37,25","44,31,20","42,29,18","46,32,23","48,35,26","47,33,24","47,32,24","51,35,26","50,34,26","48,30,23","48,29,22","51,33,26","47,28,21","68,49,42","78,62,55","73,59,52","90,77,70","106,95,86","103,94,84","110,102,92","119,113,102","116,110,99","118,114,102","130,127,116","137,135,125","144,140,134","152,148,144","114,110,106","82,79,77","45,44,48","41,41,46","149,117,89","150,121,93","146,120,96","141,120,100","138,121,107","120,107,98","84,74,68","78,69,66","100,92,91","100,91,90","99,89,87","109,99,95","102,91,85","99,87,81","102,93,89","103,97,101","100,96,102","104,101,104","103,101,104","105,103,104","115,113,113","116,115,112","109,105,102","107,101,97","114,104,101","119,107,103","114,100,97","110,93,90","122,103,101","139,119,115","122,101,96","92,71,66","87,68,65","116,97,96","129,112,112","122,107,107","133,117,118","130,113,115","121,103,103","111,92,92","96,76,71","85,63,57","78,53,46","66,39,30","55,29,19","58,36,26","60,40,31","59,38,30","69,49,40","86,66,58","99,80,73","81,61,54","70,52,45","65,47,40","47,30,24","41,24,17","51,33,29","45,30,25","46,29,25","53,38,34","33,19,15","43,30,26","53,38,34","46,30,27","54,35,32","72,51,48","97,74,70","127,100,96","144,115,112","161,128,126","171,135,133","176,138,135","183,142,140","193,150,149","201,157,153","202,157,151","204,159,153","206,161,155","208,163,157","210,165,159","211,166,160","211,166,160","209,164,158","211,166,160","214,169,163","215,170,164","214,169,163","210,165,159","206,161,155","204,159,152","200,157,148","199,155,146","197,153,144","196,151,144","195,150,144","195,150,144","195,150,144","192,147,142","194,149,144","197,152,147","198,153,148","197,152,149","196,151,148","197,151,148","201,153,151","206,155,155","208,156,156","212,158,158","216,159,161","217,158,161","217,154,158","216,150,155","219,149,155","217,145,151","212,138,146","210,136,144","213,138,146","218,140,149","220,142,151","222,143,153","221,139,151","209,124,137","196,107,120","188,93,109","184,85,102","184,81,98","184,80,97","178,75,92","171,73,88","162,67,81","153,61,74","148,59,71","147,61,73","150,65,77","154,71,83","152,70,84","143,62,74","146,66,77","155,74,86","159,78,89","165,85,95","175,98,106","172,99,106","179,112,116","189,128,128","197,141,140","201,151,148","204,157,153","206,162,154","212,169,159","217,173,161","215,171,159","213,169,159","213,169,160","215,170,162","216,172,166","219,174,169","224,179,176","227,182,178","225,180,175","219,174,169","215,170,165","210,166,159","204,160,153","198,153,149","196,151,148","195,150,147","194,149,146","191,147,144","188,147,143","186,146,144","184,147,144","180,144,140","174,139,135","167,133,131","160,127,124","149,118,115","137,106,103","123,96,92","107,85,83","70,52,51","30,16,15","19,4,3","12,1,0","9,0,0","13,3,1","19,11,8","33,24,21","35,25,23","31,20,18","35,24,22","69,56,55","81,65,65","79,64,62","82,65,61","87,70,63","72,57,50","43,29,23","26,12,9","20,10,8","20,10,8","24,15,13","24,15,13","23,13,11","29,18,15","39,25,21","40,26,20","40,24,16","42,24,17","44,26,20","40,24,18","40,23,18","43,27,21","43,28,21","41,26,19","43,28,21","48,33,26","49,35,26","44,31,21","42,30,18","47,35,23","53,41,29","58,46,34","59,47,35","50,38,26","45,33,21","45,33,21","52,40,28","61,48,39","62,48,39","55,41,32","46,31,22","50,33,25","54,37,29","46,27,20","49,30,23","49,30,23","41,22,15","70,50,43","74,56,49","62,47,38","96,83,74","128,115,106","115,105,93","127,118,106","151,143,130","150,143,130","148,141,128","147,142,130","139,135,125","140,136,129","152,149,144","115,111,107","88,86,85","49,48,53","48,48,56","156,115,93","147,110,87","146,117,93","146,123,102","136,120,103","117,106,92","89,80,70","79,70,62","99,89,83","107,94,92","103,89,88","102,90,88","95,85,82","99,89,86","98,90,87","101,93,93","103,94,95","103,97,97","106,100,101","112,107,109","117,113,114","115,110,111","108,101,103","105,95,97","108,96,98","114,101,101","119,101,102","120,100,101","122,102,102","127,106,104","115,94,91","93,73,69","95,76,73","121,101,101","134,114,115","132,113,115","138,119,121","135,114,116","124,102,102","114,93,90","99,76,72","77,53,47","67,42,33","62,38,26","56,32,20","60,37,26","63,40,30","77,54,43","80,58,48","78,56,46","82,59,51","75,54,46","62,42,34","58,39,31","55,37,29","52,33,26","48,29,23","43,26,19","43,25,20","43,25,22","32,15,15","38,22,22","48,31,31","51,33,33","49,31,30","62,43,40","90,69,65","108,84,80","138,112,108","158,129,125","162,130,125","176,140,136","184,145,140","187,146,141","195,154,148","197,156,151","201,158,153","204,161,156","208,165,159","211,167,161","213,169,163","214,169,164","211,166,160","212,167,161","215,168,162","213,167,161","214,167,159","213,166,158","207,160,152","199,155,147","195,155,145","195,156,146","193,153,145","189,148,140","187,143,137","190,144,139","193,148,143","192,144,140","191,143,139","191,143,141","190,142,140","191,145,142","195,149,146","197,151,148","202,151,149","207,151,149","206,148,146","205,143,142","205,137,139","203,130,133","198,119,125","193,110,117","189,101,109","190,100,109","192,100,109","190,98,108","191,99,109","197,105,115","207,115,126","208,118,129","203,114,126","201,108,122","197,95,110","195,86,104","198,85,104","195,80,99","180,71,88","175,73,87","152,58,70","141,53,62","149,63,71","153,67,75","149,62,70","148,58,66","155,59,72","162,61,81","165,66,85","165,72,87","162,74,88","161,78,90","164,88,96","167,100,104","173,111,114","179,121,122","188,135,133","196,146,143","202,153,150","206,158,154","209,162,156","210,165,158","210,166,160","212,168,162","214,171,165","217,174,168","218,175,169","219,175,172","220,176,173","226,182,179","223,179,176","221,176,173","217,173,170","214,170,166","208,165,159","203,160,155","200,156,153","197,153,151","192,148,147","188,146,144","186,144,142","185,145,143","184,144,142","181,144,141","176,141,137","172,138,133","164,131,126","154,122,118","145,114,109","134,104,99","121,94,90","97,78,75","57,44,43","26,15,14","19,9,7","14,5,4","9,3,1","12,6,4","16,11,8","26,21,18","33,27,24","31,22,21","30,19,18","38,25,25","47,34,34","62,48,47","89,74,71","99,84,79","81,68,62","49,36,32","27,13,10","26,12,9","24,12,9","23,11,8","25,14,11","19,7,4","30,16,13","46,32,29","46,33,28","37,23,17","34,19,14","48,33,26","43,29,21","45,30,23","47,33,25","34,21,12","39,26,17","47,34,25","42,29,20","44,30,21","42,29,20","41,28,18","42,29,20","46,33,24","49,36,27","51,38,29","54,40,31","53,39,30","49,35,25","48,33,24","56,39,31","62,45,37","60,43,35","52,36,27","48,31,23","47,30,22","45,28,20","45,28,20","47,30,22","48,30,22","54,36,28","49,36,28","56,45,35","79,69,59","97,87,75","99,89,74","105,96,80","122,115,97","138,131,113","151,145,130","141,136,125","100,97,89","118,116,112","147,146,145","116,114,118","85,84,90","37,36,42","28,27,33","161,117,96","146,107,87","143,113,92","143,120,99","134,120,100","117,108,91","91,83,69","78,69,59","94,84,76","104,89,87","100,86,85","99,85,84","92,81,79","96,88,86","95,88,85","101,91,89","101,91,89","101,93,91","105,98,97","113,107,109","117,111,113","112,106,110","108,100,105","109,99,104","112,101,105","116,101,104","119,100,104","120,100,102","120,98,100","116,95,94","105,85,84","96,77,73","102,82,81","123,103,103","138,118,119","139,118,121","136,114,117","124,101,104","114,89,90","109,85,83","97,74,68","73,48,42","60,36,24","60,36,24","59,35,22","69,45,35","73,49,39","77,53,43","75,52,41","71,49,38","67,45,36","62,39,31","53,32,23","52,32,23","53,34,26","53,34,27","49,30,23","45,26,19","44,25,19","43,24,21","36,17,19","39,20,23","47,28,30","51,32,33","47,29,28","57,38,36","81,62,59","97,74,70","128,103,98","152,125,120","158,127,122","171,137,130","180,142,136","187,147,141","196,155,151","196,155,151","199,157,153","202,159,156","207,163,159","209,166,160","212,168,162","213,168,163","211,166,160","212,167,161","216,169,163","214,167,161","214,167,159","214,167,159","208,161,153","199,156,147","196,156,146","197,158,148","192,151,143","181,138,132","173,127,121","174,126,121","181,132,128","186,136,132","187,135,132","185,132,132","185,132,131","186,133,133","188,135,135","190,135,135","192,134,132","193,129,128","190,123,123","186,114,115","183,105,108","182,98,103","181,90,98","181,86,95","188,87,98","191,89,100","193,89,101","189,86,98","187,84,96","190,88,99","197,95,107","195,95,108","187,88,102","189,86,102","194,85,102","199,85,103","199,82,101","192,76,94","180,68,85","157,53,67","144,46,58","141,50,57","152,62,69","161,71,78","166,73,80","170,74,82","176,73,88","179,71,93","176,71,92","170,72,90","166,77,92","167,86,98","170,98,105","171,109,112","178,122,123","182,131,130","190,141,137","196,148,144","201,153,149","206,157,153","208,160,155","210,164,160","211,167,164","213,169,166","216,172,169","219,175,172","221,177,174","222,178,175","222,178,175","225,181,178","222,178,175","220,176,173","217,173,170","213,169,166","208,164,161","203,159,156","198,155,152","194,151,150","190,148,146","187,146,144","185,145,143","184,144,142","182,144,141","179,141,138","172,137,133","171,137,133","163,130,125","151,119,114","142,111,106","131,101,95","114,87,82","85,65,63","51,39,38","27,17,16","17,8,6","10,5,2","8,3,0","10,6,3","12,8,5","20,16,13","32,26,24","38,30,28","43,33,32","46,34,34","44,31,31","47,33,32","61,47,46","72,58,55","70,56,53","52,38,35","32,18,15","23,9,6","25,11,8","26,12,9","26,12,9","26,12,9","38,24,21","51,37,34","52,38,35","44,30,26","37,24,19","38,25,18","47,34,25","48,35,26","46,33,24","48,35,26","39,26,17","31,18,9","33,20,11","36,23,14","37,24,15","38,25,16","40,27,18","43,30,21","45,32,23","47,34,25","52,36,27","56,39,31","57,40,32","56,39,31","57,40,32","60,43,35","59,42,34","55,38,30","50,33,25","48,31,23","45,28,20","43,26,18","43,26,18","44,27,19","43,28,20","43,32,23","47,39,28","57,48,36","62,54,39","64,54,37","73,64,46","93,85,64","114,106,87","134,127,111","137,131,119","106,101,95","115,113,112","140,138,142","113,112,119","78,78,86","47,46,52","38,37,42","160,115,94","144,104,84","139,108,87","139,118,97","131,118,98","114,107,89","87,80,66","76,67,58","95,84,77","103,89,87","100,86,85","100,86,86","94,84,83","98,90,88","96,90,87","100,90,88","99,89,87","98,90,88","103,96,95","111,105,107","116,110,113","110,104,108","104,96,101","109,99,104","115,103,108","114,99,102","115,97,101","121,101,103","118,97,99","109,87,87","101,81,79","103,84,81","108,88,87","121,101,101","136,116,117","138,117,119","124,102,105","118,95,97","111,86,86","99,75,73","84,61,56","61,36,30","54,30,18","62,38,26","68,44,31","79,55,45","85,61,51","76,52,42","70,46,36","70,48,37","60,38,28","50,27,19","47,26,17","47,27,18","49,29,22","49,30,23","48,29,22","46,27,20","45,26,20","44,25,22","39,20,21","38,19,21","44,25,27","49,31,31","46,28,27","54,35,33","74,55,51","85,63,59","114,90,85","145,118,113","159,129,124","168,135,129","176,139,133","186,148,142","196,156,152","195,154,150","197,156,152","200,159,155","205,162,159","208,164,161","210,166,161","211,168,162","212,167,161","214,169,163","218,171,165","216,169,163","217,170,162","217,170,162","211,164,156","203,158,149","198,153,145","197,152,145","187,141,135","171,122,118","157,107,102","153,101,98","158,102,101","164,106,106","164,104,104","163,101,104","166,102,105","169,104,108","172,105,110","173,106,110","175,106,108","176,104,107","175,99,103","171,91,97","169,83,90","170,79,88","176,79,90","184,81,94","187,81,95","191,83,98","193,85,100","192,85,99","191,84,98","191,86,100","196,90,104","197,90,106","192,83,101","187,76,96","187,77,96","187,76,95","180,69,86","172,62,79","169,59,76","166,59,74","169,62,77","171,67,80","171,70,82","175,73,84","178,76,87","181,78,91","184,81,97","182,79,100","173,75,93","168,76,91","170,85,98","175,99,109","177,110,115","176,116,118","186,131,132","188,137,136","192,144,140","197,149,145","200,152,148","203,155,150","206,158,153","210,164,159","213,168,165","215,171,168","218,174,171","221,177,174","223,179,176","224,180,177","224,180,177","225,181,178","222,178,175","219,175,172","216,172,169","212,168,165","206,162,159","201,157,154","195,152,150","190,149,147","188,147,145","186,145,143","185,145,143","183,143,141","179,141,138","175,138,135","169,134,130","171,137,133","161,129,124","146,115,110","139,108,103","127,97,91","104,77,71","71,51,49","47,35,34","29,18,18","14,5,4","10,3,1","13,8,5","14,9,6","14,10,7","30,26,23","34,29,26","34,26,24","37,27,26","44,32,32","46,33,33","54,40,39","62,48,47","66,52,50","65,51,48","53,39,36","33,19,16","20,6,3","21,7,4","26,12,9","23,9,6","31,17,14","41,27,24","49,35,32","55,41,38","55,41,38","51,37,33","44,31,24","55,42,33","55,42,33","51,38,29","61,48,39","46,33,24","29,16,7","35,22,13","36,23,14","38,25,16","40,27,18","43,30,21","45,32,23","45,32,23","45,32,23","47,31,23","53,36,28","61,44,36","62,45,37","60,43,35","61,44,36","58,41,33","54,37,29","52,35,27","50,33,25","46,29,21","43,26,18","41,24,16","39,22,14","38,23,14","41,30,20","43,35,24","48,38,26","50,41,26","51,39,23","55,44,26","68,57,40","86,77,59","111,103,88","129,122,111","119,114,108","119,117,116","139,136,140","112,112,117","72,73,79","34,33,39","24,23,29","158,114,93","143,105,84","140,111,90","142,122,101","134,121,101","113,106,89","84,77,63","73,64,55","92,81,77","100,86,84","98,83,82","99,85,85","94,84,83","97,89,87","94,88,85","98,90,87","98,88,86","97,89,87","102,95,94","111,105,107","115,109,112","109,103,107","101,93,98","106,96,102","114,102,107","111,97,100","111,95,98","118,99,102","115,95,97","103,82,83","94,74,72","103,84,82","109,89,88","120,100,100","139,119,120","145,124,126","130,108,109","126,104,104","114,90,88","90,66,63","72,49,43","55,30,23","56,32,20","70,46,34","76,52,39","78,54,44","83,59,49","69,45,35","62,39,28","64,42,31","52,30,20","43,20,12","46,25,17","48,28,19","46,27,19","44,25,18","43,24,17","44,25,18","45,26,20","44,25,22","40,21,21","37,18,19","43,24,25","49,31,31","48,30,29","55,36,33","71,53,49","78,58,53","100,77,73","138,110,106","161,132,126","170,137,132","173,138,133","183,146,140","192,152,148","195,154,151","197,156,152","200,159,155","205,163,159","208,165,162","210,167,162","212,169,163","213,168,163","215,170,165","219,173,167","217,171,165","219,172,165","219,172,165","213,166,159","208,161,153","204,157,149","199,151,144","188,139,134","176,124,120","164,110,107","157,100,98","155,94,95","145,80,82","139,71,74","137,67,72","145,70,77","150,73,81","152,73,82","155,75,83","157,75,82","158,74,82","161,74,82","162,72,81","165,68,79","169,68,80","177,71,85","186,76,91","190,78,94","193,79,96","194,81,97","191,79,95","187,77,92","183,75,90","183,74,90","186,72,91","185,66,89","178,60,83","175,66,85","176,71,89","171,70,85","171,70,85","178,75,90","183,75,91","195,81,99","199,83,100","194,77,95","190,76,91","189,78,93","189,82,96","181,80,96","169,75,92","165,75,91","168,84,96","177,99,110","183,112,120","181,118,122","176,118,119","188,135,135","189,140,138","193,145,141","196,148,144","199,151,147","202,154,149","206,158,152","208,163,158","210,166,163","213,171,167","217,175,171","221,178,175","223,180,177","223,180,177","222,180,176","223,180,177","220,177,174","217,174,171","214,171,168","209,167,163","203,161,157","198,156,152","192,150,148","188,147,145","186,145,143","184,143,141","183,143,141","181,141,139","177,139,136","172,137,133","168,133,129","169,137,132","159,128,123","144,113,108","134,104,98","119,90,84","94,67,61","62,42,41","46,32,32","29,17,17","11,3,3","14,6,5","23,18,15","21,16,13","19,15,12","32,27,24","41,35,32","42,34,32","42,33,32","44,32,32","44,31,31","51,37,36","66,52,51","64,50,47","51,37,34","40,26,23","30,16,13","22,8,5","22,8,5","25,11,8","21,7,4","31,17,14","35,21,18","38,24,21","50,36,33","61,47,44","62,49,44","57,44,36","56,43,35","58,45,37","61,48,40","61,48,39","54,41,33","45,32,24","39,26,18","38,25,17","40,27,18","42,29,20","44,31,22","45,32,24","46,33,24","46,33,25","46,30,22","51,34,26","57,40,32","61,44,36","64,47,39","64,47,39","57,40,32","52,35,27","53,36,28","51,34,26","48,31,23","44,27,19","42,25,17","40,23,15","38,23,14","33,21,11","32,23,13","41,30,18","46,36,21","45,33,16","41,29,12","42,30,14","51,40,24","68,59,46","94,87,76","108,102,95","113,109,107","137,134,136","113,111,117","74,74,79","42,41,46","35,34,39","151,109,90","141,105,85","142,115,94","143,124,104","131,119,100","108,101,85","77,70,58","70,61,52","91,81,76","99,85,83","96,81,81","98,84,84","93,83,82","96,88,86","91,85,82","95,87,84","97,89,86","98,90,88","101,95,93","108,102,104","113,107,109","109,103,107","103,96,100","107,97,103","112,101,105","110,96,99","108,92,95","113,94,96","110,90,91","99,79,79","89,69,68","96,76,75","103,83,82","118,98,98","136,116,116","143,122,122","133,112,111","125,103,101","105,81,79","82,58,53","71,48,41","64,41,32","67,43,33","76,53,40","77,53,40","72,48,38","74,50,40","64,40,30","59,36,26","57,35,24","47,24,15","40,17,9","49,28,20","51,31,22","44,25,17","40,21,14","39,20,13","41,22,15","43,24,19","44,25,21","38,20,19","37,19,19","44,26,26","51,33,33","51,33,31","57,39,35","73,55,51","75,56,51","87,65,60","123,97,92","158,129,125","169,137,132","172,139,134","179,143,138","185,146,142","193,153,151","196,155,152","200,159,155","205,164,160","209,168,164","212,170,165","214,171,165","215,170,165","217,172,167","220,175,169","218,173,167","221,174,168","221,174,168","216,169,163","211,164,157","208,161,153","202,153,147","196,146,142","194,140,137","191,134,132","183,123,122","177,113,114","156,86,89","143,68,74","137,59,67","143,59,69","147,60,71","146,57,69","149,57,70","150,56,69","149,53,65","155,56,67","160,59,72","164,58,73","169,58,74","174,59,76","178,61,79","184,66,84","185,66,84","183,65,84","179,64,81","174,61,77","169,57,73","166,55,71","172,52,74","178,51,78","176,55,81","176,69,89","176,81,97","175,87,99","178,91,102","188,94,107","195,88,105","204,87,106","209,84,105","206,78,100","198,75,94","194,76,95","191,81,97","175,78,93","159,73,88","163,83,96","175,99,109","185,115,123","189,125,131","184,126,128","176,123,123","188,137,136","190,142,139","193,145,141","196,148,144","199,151,147","202,154,149","206,158,152","206,161,156","207,164,161","210,169,165","214,173,169","218,177,173","220,179,175","220,179,175","219,178,174","221,180,176","218,177,173","214,173,169","211,170,166","206,165,161","200,159,155","195,154,150","189,148,145","185,144,142","183,143,141","181,141,139","180,140,138","178,139,136","173,137,133","170,135,131","168,135,130","165,133,128","154,123,118","142,111,106","128,99,93","109,80,74","83,56,50","59,38,36","49,34,34","30,17,17","11,2,2","20,11,10","30,24,21","28,21,19","30,25,22","40,35,32","55,49,46","59,51,49","55,46,45","46,35,34","36,23,23","38,24,23","55,41,40","55,41,38","40,26,23","32,18,15","31,17,14","29,15,12","24,10,7","21,7,4","25,11,8","30,16,13","29,15,12","28,14,11","39,25,22","53,39,36","59,46,41","59,46,39","50,37,30","60,47,39","74,61,53","64,51,43","68,55,47","66,53,45","47,34,26","38,25,17","37,24,16","38,25,17","39,26,18","42,29,21","44,31,23","46,33,25","48,32,24","49,32,24","52,35,27","56,39,31","64,47,39","67,50,42","60,43,35","53,36,28","54,37,29","53,36,28","51,34,26","48,31,23","47,30,22","45,28,20","43,28,19","39,26,17","36,25,15","40,28,16","46,34,21","46,33,18","42,29,13","40,27,11","39,27,13","42,32,20","64,55,46","85,78,70","94,89,86","121,118,118","98,95,100","72,71,76","34,33,38","30,29,34","144,106,86","138,104,84","140,114,93","138,121,101","122,112,93","99,92,76","70,64,51","70,61,53","96,86,81","102,88,87","99,84,84","101,86,89","96,85,87","98,89,89","92,86,83","92,84,81","96,88,85","97,92,89","99,94,92","104,98,100","108,103,105","108,102,106","106,100,104","108,100,105","110,100,104","111,97,100","109,93,96","110,91,93","107,87,88","102,82,83","95,75,74","92,72,71","100,80,79","118,98,97","126,106,106","125,105,104","121,100,98","112,89,87","90,66,63","77,53,48","76,53,46","73,50,40","72,48,38","75,51,39","73,49,37","74,50,40","69,45,35","68,44,34","66,42,32","54,32,21","45,22,13","41,18,10","50,29,20","51,31,22","43,23,16","38,19,12","39,20,13","41,22,15","44,25,19","43,24,20","38,19,17","38,19,18","45,27,26","52,34,32","50,32,30","56,38,34","72,54,50","75,57,51","75,54,49","104,79,74","145,118,114","163,133,129","171,140,135","179,145,140","180,143,139","190,150,148","193,153,151","198,158,155","204,163,161","208,167,164","212,171,167","214,172,168","216,172,167","218,174,169","221,176,170","220,175,170","222,176,170","222,176,170","217,171,165","211,166,159","206,161,152","204,158,151","206,157,152","208,157,153","207,153,150","202,142,142","196,132,133","183,113,117","168,92,98","157,76,85","159,71,83","159,68,81","157,61,75","157,59,74","161,58,74","161,55,70","165,56,72","171,60,77","177,61,80","180,61,81","181,60,81","182,58,79","180,55,77","179,55,76","178,57,77","178,59,78","177,60,79","175,60,79","172,60,77","183,61,84","198,68,97","197,78,104","190,90,109","184,100,113","181,109,117","185,112,120","191,109,119","212,111,127","214,97,118","214,85,109","211,80,103","200,74,95","187,69,89","179,72,88","169,79,92","165,88,99","175,104,113","186,120,127","192,130,136","192,135,138","189,135,136","184,134,133","189,141,139","191,146,142","195,149,144","198,150,146","200,152,148","203,153,149","205,156,151","205,160,155","205,163,159","209,168,164","214,173,169","219,178,174","221,180,176","220,179,175","219,178,174","221,180,176","217,176,172","213,172,168","210,169,165","205,164,160","199,158,154","194,153,149","188,147,144","184,143,141","181,141,139","178,138,136","176,138,135","175,137,134","171,136,132","170,135,131","169,136,131","159,126,121","147,117,112","138,109,103","122,93,87","96,68,62","72,46,40","57,36,33","55,40,38","36,22,22","13,3,3","21,11,10","26,18,15","29,21,18","48,41,37","67,62,58","72,66,62","65,57,54","53,45,42","41,31,30","32,21,19","34,22,20","51,38,35","57,43,40","50,36,33","38,24,21","32,18,15","30,16,13","25,11,8","20,6,3","26,12,9","26,12,9","26,12,9","28,14,11","35,21,18","42,28,25","45,32,27","49,36,30","47,34,26","53,40,32","64,51,43","68,55,47","75,62,54","76,63,55","64,51,43","52,39,31","47,34,26","42,29,21","38,25,17","39,26,18","42,29,21","44,31,23","48,32,24","50,33,25","51,34,26","53,36,28","61,44,36","66,49,41","65,48,40","60,43,35","57,40,32","57,40,32","56,39,31","54,37,29","53,36,28","51,34,26","49,34,25","46,32,23","38,26,17","34,21,10","37,23,12","41,26,12","40,25,11","40,25,12","45,32,19","50,39,28","57,47,38","67,59,52","70,65,60","93,89,89","68,65,68","64,62,67","33,31,36","36,35,40","150,113,92","144,111,91","145,120,99","138,122,103","122,113,94","99,95,78","71,68,55","72,65,57","96,86,82","100,88,87","97,83,83","99,84,87","94,83,85","97,88,88","92,86,83","89,81,79","93,88,84","97,92,89","97,92,91","100,96,97","104,100,102","106,101,105","107,101,105","107,99,104","108,97,102","110,98,101","112,97,100","109,93,95","109,91,91","111,91,92","102,82,81","91,71,70","101,81,80","123,103,102","129,110,107","122,102,99","122,101,97","106,84,79","84,60,55","75,52,45","76,53,45","70,46,36","64,40,30","68,44,32","70,46,34","74,50,40","65,41,31","73,49,39","68,44,34","47,25,14","40,17,8","39,16,8","47,26,17","48,28,19","43,24,17","40,21,14","41,22,15","43,24,17","43,24,18","42,23,18","39,19,16","40,21,19","48,30,27","52,33,31","47,29,27","52,35,31","70,52,48","76,57,52","67,48,42","86,63,58","129,104,99","156,128,124","170,140,136","178,147,142","178,144,140","186,148,145","190,150,149","195,155,153","202,161,159","207,166,164","211,170,167","213,172,168","215,172,168","218,175,170","221,176,171","221,176,171","223,178,172","223,178,173","219,174,168","212,169,161","207,166,156","209,168,159","213,169,162","214,168,162","211,162,157","206,151,149","202,141,142","200,135,136","185,114,118","172,93,102","172,86,97","171,80,93","168,72,86","169,70,85","175,68,85","177,65,83","180,65,83","185,67,86","192,71,92","197,73,95","198,70,93","195,67,90","197,69,92","196,70,92","194,71,92","195,74,94","193,76,95","191,77,95","189,77,95","197,77,100","209,83,110","207,95,120","197,108,124","191,122,132","199,141,146","213,154,158","221,151,159","226,135,150","218,108,127","213,89,113","211,84,109","198,78,101","181,72,88","171,74,87","171,91,101","178,112,120","188,127,132","196,139,143","197,142,145","193,142,143","192,143,142","193,147,145","191,146,143","194,150,146","198,153,148","201,154,150","202,154,150","204,154,150","205,156,151","205,160,155","205,163,159","209,169,165","214,173,169","219,178,174","220,180,176","221,180,176","220,179,175","220,179,175","217,176,172","213,172,168","209,168,164","205,164,160","198,157,153","193,152,148","188,147,144","184,144,142","179,139,137","175,136,134","173,135,132","171,136,132","171,136,132","169,136,131","168,135,130","151,120,114","140,111,105","134,105,99","113,85,78","84,57,50","65,41,34","59,38,34","61,45,43","44,28,28","19,5,4","18,8,6","18,8,5","27,19,15","62,54,51","85,80,76","81,75,71","67,59,55","54,45,42","44,34,32","34,23,21","33,22,20","45,32,29","55,41,38","56,42,39","40,26,23","23,9,6","26,12,9","31,17,14","29,15,12","20,6,3","21,7,4","26,12,9","33,19,16","36,22,19","36,22,19","35,21,18","36,23,17","42,29,21","34,21,13","33,20,12","56,43,35","65,52,44","69,56,49","82,69,61","79,66,59","71,58,50","58,45,37","47,34,26","40,27,20","40,27,20","43,30,22","49,33,25","52,35,27","54,37,29","53,36,28","57,40,32","65,48,40","71,54,46","69,52,44","61,44,36","60,43,35","59,42,34","58,41,33","57,40,32","55,38,30","53,36,28","56,41,32","50,35,26","43,29,18","45,30,19","49,32,22","50,33,21","48,32,20","53,37,28","55,41,33","50,38,31","50,40,34","48,40,36","68,61,60","47,43,43","66,63,65","38,36,40","48,46,51","156,120,101","145,114,93","143,120,99","129,114,95","130,123,105","113,108,93","69,65,53","74,67,60","97,87,84","97,83,84","93,78,81","94,79,82","92,81,82","98,89,90","115,108,106","98,93,89","95,90,86","94,89,86","97,93,91","106,102,103","109,105,107","106,101,105","106,100,104","108,100,104","109,99,103","111,99,101","113,99,102","114,98,99","113,95,95","112,93,93","110,90,91","102,82,82","94,74,73","102,83,80","121,102,96","129,109,103","118,98,91","92,70,62","80,57,49","79,56,48","69,47,36","54,31,20","56,32,22","68,44,32","70,46,35","69,45,35","76,52,42","84,60,50","56,33,23","42,20,9","45,23,13","46,23,15","48,27,18","51,31,22","48,29,21","39,20,13","34,15,8","37,18,11","40,21,15","40,21,15","38,19,15","40,21,17","48,29,26","49,30,26","46,28,24","54,38,33","64,49,44","74,58,51","79,60,54","65,42,37","98,73,69","155,128,124","161,132,128","168,138,135","185,150,149","190,152,151","191,151,151","193,153,153","198,158,157","203,163,161","207,166,164","209,168,164","210,169,165","211,170,166","215,172,167","221,178,172","226,183,177","227,183,178","225,180,175","218,177,169","211,174,163","207,170,160","206,168,160","209,169,161","209,166,158","203,156,151","197,145,141","189,132,131","185,120,122","176,105,111","172,92,101","170,84,95","170,80,93","172,77,92","178,74,91","185,73,91","188,70,90","190,71,91","195,73,94","201,76,98","204,78,100","206,77,100","209,80,104","207,82,104","210,87,108","212,93,113","209,94,113","204,94,110","203,95,112","208,95,117","214,99,124","221,120,142","227,150,164","233,177,184","246,203,205","254,209,212","247,190,195","207,129,140","198,102,119","191,82,103","185,74,94","180,74,92","178,83,97","182,99,109","186,118,125","190,134,139","196,143,146","203,152,153","203,154,155","200,152,153","195,150,147","191,147,144","192,148,145","193,149,146","197,152,147","200,154,150","204,156,152","206,158,153","208,160,154","208,164,159","207,167,162","206,167,162","208,169,164","212,173,168","216,177,172","219,180,175","219,180,175","220,181,176","217,178,173","213,174,169","207,168,163","200,161,156","194,155,150","190,151,146","187,147,144","183,143,141","177,138,136","174,136,133","173,136,133","172,137,133","169,135,131","165,132,127","159,128,123","146,115,110","136,108,101","121,93,87","90,63,56","67,40,33","68,44,37","74,53,48","72,54,51","53,34,33","24,8,7","15,3,1","21,12,7","46,38,32","80,73,67","103,96,90","85,78,72","64,57,51","50,42,36","34,25,20","21,11,7","30,19,15","42,29,26","37,23,20","35,21,18","37,23,20","30,16,13","26,12,9","27,13,10","23,9,6","24,10,7","28,14,11","30,16,13","29,15,12","28,14,11","30,16,13","33,19,16","34,21,16","32,19,13","30,17,11","30,17,11","31,18,12","38,25,19","53,40,34","70,57,51","88,75,69","92,79,73","85,72,66","67,54,48","52,39,33","46,33,27","44,31,24","53,37,29","55,38,30","54,37,29","56,39,31","60,43,35","63,46,38","66,49,41","66,49,41","62,45,37","57,40,32","56,39,31","57,40,32","55,38,30","54,37,29","56,39,31","57,40,32","60,43,35","60,43,35","59,42,33","57,39,29","57,39,29","60,42,32","63,46,37","62,46,39","60,46,39","54,43,38","48,39,36","53,46,43","47,43,39","64,60,60","41,38,41","67,65,70","152,118,98","138,110,89","137,116,96","131,117,97","129,124,105","110,108,93","74,72,61","76,70,64","95,85,83","99,85,87","96,80,83","95,80,84","92,79,82","94,83,86","105,96,97","96,91,87","92,88,84","90,86,83","93,89,87","99,95,96","103,99,102","105,101,104","101,96,100","100,95,99","106,98,101","111,100,102","113,99,102","114,98,99","115,97,97","116,97,97","120,100,101","114,94,94","102,82,80","98,79,74","109,90,83","114,94,86","100,80,71","84,63,54","87,65,54","82,60,48","63,41,29","61,37,27","72,48,37","72,48,37","70,46,35","78,54,44","86,62,52","79,55,45","57,34,23","44,22,11","47,25,15","51,28,20","53,32,23","53,33,24","49,30,23","42,23,16","39,20,13","43,24,17","45,26,20","44,25,19","44,24,20","41,22,18","49,30,25","51,33,28","52,35,30","62,46,40","69,54,49","68,51,45","69,52,45","53,33,27","80,58,53","141,116,111","160,132,128","166,137,134","175,142,140","187,149,148","188,148,148","190,150,150","195,155,154","200,160,158","205,164,163","208,167,165","210,169,166","211,170,166","215,172,169","220,178,173","226,182,177","227,183,178","225,182,175","220,180,172","213,177,167","209,174,163","207,171,162","209,172,163","208,170,161","201,160,153","194,149,144","190,140,136","185,128,127","175,112,115","168,97,102","165,87,95","164,82,92","167,78,90","175,76,90","185,75,92","189,74,93","193,77,97","200,80,101","206,84,105","208,85,107","208,83,106","213,88,110","213,92,113","222,102,123","229,115,134","228,118,136","219,113,130","212,108,124","209,104,124","218,114,137","240,151,170","253,190,203","255,210,216","249,213,216","240,197,200","219,167,171","178,110,120","177,95,108","182,89,106","187,93,110","189,100,115","190,110,120","194,124,132","196,138,143","198,147,151","200,153,154","203,156,156","201,155,155","198,153,153","195,150,148","193,149,146","195,151,148","196,152,149","198,153,148","201,155,151","205,157,153","207,159,154","207,160,154","207,164,159","206,167,162","206,167,162","208,170,164","213,175,169","217,179,173","219,181,175","219,181,175","217,178,173","214,175,170","210,171,166","204,165,160","197,158,153","191,152,147","187,148,143","183,144,141","180,140,138","175,137,134","173,135,132","171,136,132","171,136,132","166,133,128","162,129,124","150,120,114","141,112,106","128,100,94","108,81,74","83,57,50","70,45,38","77,53,47","84,61,57","78,57,56","60,40,39","36,20,18","22,7,4","27,16,12","54,45,40","78,71,65","96,89,83","82,75,69","58,51,45","40,33,27","29,20,15","23,13,9","32,21,17","40,27,23","34,20,17","34,20,17","37,23,20","31,17,14","26,12,9","26,12,9","23,9,6","23,9,6","28,14,11","32,18,15","31,17,14","28,14,11","29,15,12","30,16,13","30,17,12","28,15,9","28,15,9","30,17,11","30,17,11","31,18,12","38,25,19","49,36,30","66,53,47","83,70,64","95,82,76","93,80,74","81,68,62","62,49,43","45,32,24","47,31,23","52,35,27","57,40,32","58,41,33","56,39,31","55,38,30","58,41,33","61,44,36","62,45,37","57,40,32","54,37,29","52,35,27","50,33,25","52,35,27","58,41,33","63,45,37","63,45,37","60,42,35","56,39,30","54,35,27","56,37,29","60,41,33","65,46,40","70,51,45","69,54,47","65,53,47","59,49,44","57,49,45","46,40,35","55,50,48","32,28,31","61,57,63","153,121,100","140,113,92","140,120,100","139,127,108","130,125,108","101,99,86","69,66,57","74,68,63","95,85,83","100,86,88","96,80,83","96,81,85","94,82,86","90,79,83","92,83,84","89,85,81","90,87,82","94,90,87","98,94,93","99,97,98","102,100,102","106,104,107","99,95,99","97,91,95","106,98,101","111,101,102","110,98,100","108,93,95","109,92,92","112,94,94","119,99,100","122,102,103","114,94,92","105,86,82","107,88,81","104,84,75","85,65,53","82,61,49","93,71,58","78,56,43","55,33,20","68,44,32","79,55,43","68,44,34","69,45,35","95,71,61","95,71,61","67,43,33","54,31,21","47,25,14","49,27,18","56,33,25","55,34,25","51,31,22","46,27,20","42,23,16","42,23,16","46,27,20","46,27,21","45,25,20","45,24,19","41,20,15","46,27,21","50,32,26","52,35,28","63,47,40","71,56,49","70,54,47","72,55,48","53,34,28","65,44,39","119,94,90","151,126,122","166,138,136","171,139,137","183,146,145","184,146,145","186,148,147","191,152,151","196,156,156","202,162,161","207,167,165","209,168,166","211,170,166","214,173,169","219,178,174","225,181,178","227,183,179","225,183,177","222,183,175","218,181,171","213,178,167","210,175,165","210,175,165","207,171,162","200,163,155","194,154,147","190,146,140","185,136,132","177,120,121","169,106,109","165,95,101","162,87,94","162,81,90","168,75,88","177,73,89","182,73,91","189,78,97","197,82,103","202,85,106","203,85,106","202,83,105","208,89,111","210,94,115","219,108,127","233,125,143","236,132,149","227,127,142","216,119,135","211,116,134","218,127,147","233,155,171","237,175,188","225,173,181","208,161,166","191,145,149","171,120,125","166,105,113","173,104,114","184,109,121","194,119,131","200,129,138","202,137,144","203,146,150","203,153,155","203,158,159","203,158,159","202,157,157","199,155,154","196,152,151","194,150,148","195,151,148","199,154,151","199,154,151","200,155,150","203,157,153","206,158,154","207,160,155","208,161,155","206,164,159","204,166,161","205,168,162","208,171,165","213,176,170","217,180,174","219,182,176","219,182,176","213,176,170","210,173,167","206,169,163","200,163,157","193,156,150","187,150,144","183,146,140","179,142,137","177,139,136","174,136,133","172,135,131","171,136,132","170,135,131","164,131,126","158,126,121","148,118,113","140,111,105","121,93,87","95,68,61","77,52,45","77,52,45","91,66,60","94,69,66","80,57,56","63,43,42","45,27,25","25,9,6","32,19,16","61,51,47","77,68,63","90,83,77","78,71,65","51,44,38","31,23,18","25,16,11","26,17,12","34,25,20","36,24,20","30,16,13","33,19,16","39,25,22","33,19,16","27,13,10","26,12,9","22,8,5","22,8,5","28,14,11","33,19,16","33,19,16","29,15,12","28,14,11","27,13,10","30,16,11","28,15,9","27,14,8","31,18,12","32,19,13","28,15,9","28,15,9","32,19,13","42,29,23","64,51,45","87,74,68","101,88,82","99,86,80","80,67,61","57,44,37","44,28,21","48,31,23","56,39,31","58,41,33","55,38,30","54,37,29","57,40,32","61,44,36","63,46,38","59,42,34","55,38,30","49,32,24","44,27,19","45,28,20","52,35,27","58,40,33","60,41,34","61,42,35","60,41,34","61,41,34","63,43,36","65,44,38","66,47,41","69,49,43","71,53,48","69,54,49","64,53,48","56,48,42","41,35,29","43,38,35","25,20,22","61,56,62","152,120,100","139,113,92","135,116,96","135,125,106","119,115,97","86,85,71","61,59,49","72,67,62","97,87,86","99,85,87","92,76,80","96,81,85","99,87,91","92,81,85","85,76,77","88,83,80","89,87,82","93,91,87","97,95,93","96,94,95","97,95,97","103,101,104","95,91,95","92,86,90","103,95,98","109,99,101","109,98,99","108,94,94","109,93,93","112,94,94","112,92,94","120,100,100","119,99,97","111,92,87","107,88,81","98,79,68","78,58,46","92,71,58","104,82,68","77,55,42","60,38,25","80,56,44","81,57,45","67,43,33","81,57,47","110,86,76","97,73,63","56,32,22","50,27,17","51,29,18","53,30,21","56,33,25","52,31,23","47,27,18","42,23,15","40,21,14","43,24,17","45,26,19","44,25,19","44,24,18","47,26,21","48,27,22","53,34,28","52,34,27","50,33,26","61,45,38","74,59,52","77,62,55","77,60,54","54,36,31","50,31,26","84,62,58","126,101,99","161,134,132","172,141,139","180,143,143","183,144,145","186,147,147","189,150,150","193,154,154","200,160,159","206,166,166","206,166,164","208,168,166","213,172,168","218,177,173","223,180,177","225,182,179","227,184,179","227,185,178","224,183,175","220,180,171","215,177,168","212,176,167","208,172,163","201,164,156","196,157,150","190,149,143","187,141,137","182,131,130","178,120,121","173,109,112","166,97,103","162,88,95","163,79,89","169,73,87","174,73,88","179,77,93","187,80,98","192,83,101","193,82,101","191,79,99","204,92,112","203,94,113","208,103,121","219,120,136","226,128,143","222,128,141","214,123,137","204,119,134","197,118,135","198,126,142","193,127,141","175,115,127","168,111,120","171,117,125","170,116,124","181,125,131","188,130,137","195,136,143","201,143,150","206,150,155","207,154,158","205,157,159","204,158,160","203,159,160","202,158,158","199,155,154","196,152,151","195,151,150","197,152,150","199,154,151","203,158,155","203,158,155","204,159,154","205,160,155","206,160,156","207,161,157","207,162,156","204,164,158","203,165,160","204,167,161","208,171,165","213,176,170","216,179,173","218,181,175","218,181,175","211,174,168","208,171,165","204,167,161","198,161,155","191,154,148","185,148,142","181,144,138","178,140,136","176,138,135","173,137,133","173,137,133","173,138,134","169,135,131","161,128,123","153,123,117","146,117,111","134,106,100","110,83,76","84,58,51","77,52,45","89,64,57","103,79,73","101,77,72","81,57,55","65,43,41","48,29,25","26,10,6","36,23,18","67,56,51","78,69,63","87,80,73","75,68,60","45,38,31","26,18,12","24,15,9","28,19,13","34,25,19","33,21,17","29,15,12","35,21,18","43,29,26","36,22,19","29,15,12","27,13,10","23,9,6","23,9,6","29,15,12","35,21,18","34,20,17","30,16,13","27,13,10","26,12,9","32,19,15","31,18,13","29,15,11","31,17,13","32,18,14","28,15,11","27,13,9","28,15,10","31,17,13","41,28,24","56,42,38","73,60,55","85,71,67","83,69,65","71,58,53","59,43,37","57,40,32","57,40,32","55,38,30","52,35,27","49,32,24","49,32,24","52,35,27","60,43,35","59,42,34","58,41,33","51,34,26","42,25,17","40,23,15","45,28,20","48,30,23","51,31,24","53,34,27","57,37,30","63,40,35","65,43,38","67,45,41","65,44,40","64,44,39","67,48,44","64,49,44","62,50,45","51,41,35","36,29,22","33,28,23","17,13,14","61,56,62","152,123,103","138,114,93","121,104,84","115,105,86","95,91,73","69,68,54","55,53,43","68,63,58","96,86,85","99,85,87","89,73,78","94,78,84","102,89,93","96,84,88","86,77,78","103,98,95","96,94,89","92,91,87","92,91,88","89,87,88","92,90,92","102,100,103","101,97,100","98,93,97","107,99,102","111,101,102","110,99,100","108,94,95","108,92,92","110,92,92","111,91,92","111,91,91","107,88,86","101,82,77","96,77,69","86,67,57","76,56,43","98,77,63","102,80,66","75,53,39","68,46,32","85,61,49","77,53,41","69,45,35","91,67,57","108,84,74","87,63,53","53,29,19","50,27,17","54,32,21","55,32,23","53,30,22","50,29,21","47,27,18","42,23,15","43,24,17","44,25,18","43,24,17","43,24,18","45,25,19","48,27,22","52,31,26","59,40,34","55,37,30","49,32,25","60,44,37","76,61,54","82,67,61","75,60,55","50,32,28","42,23,19","56,35,32","93,71,69","149,124,122","174,143,142","176,141,140","182,143,144","186,147,148","188,150,150","191,153,152","197,158,158","204,164,164","203,163,162","206,166,164","211,171,167","216,175,171","219,178,174","223,181,177","228,184,180","230,187,180","231,185,178","227,181,174","221,178,171","216,175,168","210,171,163","203,165,157","197,159,151","190,150,144","188,145,139","189,139,138","188,132,133","185,124,126","176,112,117","170,101,107","168,90,98","167,79,91","170,77,90","172,76,91","176,78,92","180,78,95","182,78,95","183,77,94","194,89,107","191,88,105","190,91,107","195,100,115","198,107,119","196,109,120","194,109,120","186,109,122","177,107,121","179,111,127","182,115,130","179,111,127","185,117,131","200,135,147","206,145,155","202,146,155","204,152,157","203,156,160","202,157,160","205,161,163","206,163,165","205,162,163","201,158,159","198,156,157","199,156,156","198,154,153","197,153,152","198,154,153","201,156,154","204,159,156","207,162,159","207,162,159","207,162,157","207,162,157","207,162,157","208,163,158","208,163,157","205,164,158","202,165,159","204,167,161","208,171,165","212,175,169","215,178,172","216,179,173","214,177,171","209,172,166","206,169,163","202,165,159","196,159,153","190,153,147","184,147,141","180,143,137","177,139,135","175,137,134","173,137,133","173,138,134","172,138,133","167,134,129","155,123,118","146,115,110","134,105,99","118,89,83","95,68,61","82,55,48","87,62,55","102,78,71","113,90,83","106,81,77","87,62,60","70,47,44","51,31,28","35,17,13","43,29,23","70,58,52","82,73,66","87,79,72","68,61,53","39,32,24","26,18,11","28,19,12","29,20,13","33,24,17","34,22,17","31,17,14","39,25,22","47,33,30","38,24,21","30,16,13","29,15,12","26,12,9","28,14,11","32,18,15","35,21,18","33,19,16","29,15,12","28,14,11","28,14,11","34,20,17","32,18,15","29,15,12","29,15,12","28,14,11","26,12,9","28,14,11","32,18,15","34,20,17","31,17,14","31,17,14","38,24,21","54,40,37","68,54,51","71,58,53","67,51,45","62,45,37","55,38,30","49,32,24","47,30,22","45,28,20","43,26,18","43,26,18","51,34,26","53,36,28","56,39,31","54,37,29","46,29,21","42,25,17","44,27,19","52,32,25","51,31,24","48,28,21","49,28,22","55,31,27","61,37,34","66,43,40","65,43,40","64,44,41","66,48,44","63,47,42","63,50,44","48,37,31","33,25,18","27,20,16","17,11,12","65,60,65","145,117,96","140,116,94","116,99,79","108,99,79","90,86,68","73,72,58","65,65,55","63,61,55","85,77,75","101,88,91","92,76,82","90,74,81","97,83,90","97,84,91","92,83,86","111,107,103","101,99,94","96,95,92","97,96,94","94,94,94","95,94,96","104,103,105","106,102,106","104,99,103","108,100,103","109,99,101","108,97,99","107,93,94","105,89,89","103,87,87","107,88,88","96,76,77","93,73,72","93,74,68","84,66,57","74,56,43","72,53,38","81,60,46","77,56,40","66,44,30","67,45,31","72,48,36","70,45,34","74,50,41","87,62,55","86,62,52","69,44,35","61,37,27","55,32,22","56,34,23","56,33,24","49,26,18","49,28,19","47,27,18","45,26,19","46,27,20","44,25,18","39,20,13","42,23,17","46,27,21","47,27,20","50,30,24","59,40,33","57,39,32","53,36,29","63,47,40","76,61,54","84,69,64","68,53,48","41,24,19","41,22,18","40,19,16","60,39,36","123,99,97","161,132,131","171,137,136","178,142,142","183,147,147","186,149,148","188,150,149","192,153,153","197,157,157","200,160,158","203,163,161","209,168,166","214,173,171","217,176,172","221,180,176","226,184,180","234,187,182","239,187,182","236,184,179","230,180,176","223,176,171","215,171,165","207,166,160","202,161,155","194,153,147","194,149,144","193,145,143","193,141,140","193,135,137","190,128,132","188,121,126","186,112,119","183,101,111","180,94,105","176,88,100","176,84,97","179,84,98","181,85,100","183,86,101","187,90,105","185,90,104","185,93,106","188,100,112","188,103,114","185,105,114","185,108,117","185,116,126","186,123,136","193,128,143","207,136,154","213,137,155","216,139,157","220,146,163","215,148,161","209,152,161","208,160,166","204,164,166","200,164,164","201,165,165","203,166,167","202,163,164","198,157,158","196,154,155","200,157,157","203,159,158","204,158,158","205,159,159","208,161,159","211,163,161","213,165,163","212,165,163","210,165,160","210,165,160","209,164,159","208,163,158","206,164,157","203,164,158","202,164,159","203,166,160","207,170,164","211,174,168","213,176,170","212,175,169","210,173,167","205,168,162","202,165,159","198,161,155","192,155,149","186,149,143","179,142,136","175,138,132","172,136,132","170,135,131","171,136,132","172,137,133","170,136,131","162,129,124","148,116,111","137,106,101","121,92,86","100,71,65","86,59,52","91,65,58","107,82,75","115,91,84","115,92,85","105,81,76","95,70,67","78,54,51","56,35,32","47,28,25","49,34,29","63,50,44","79,70,63","83,74,67","55,48,40","31,24,16","29,22,14","34,26,19","31,23,15","33,24,17","37,25,20","37,23,19","44,30,27","51,37,34","41,27,24","33,19,16","33,19,16","31,17,14","34,20,17","35,21,18","35,21,18","31,17,14","28,14,11","29,15,12","32,18,15","36,22,19","35,21,18","32,18,15","31,17,14","26,12,9","24,10,7","29,15,12","35,21,18","33,19,16","32,18,15","28,14,11","27,13,10","35,21,18","47,33,30","54,40,35","61,45,38","61,44,36","57,40,32","51,34,26","46,29,21","44,27,19","45,28,20","46,29,21","45,28,20","47,30,22","52,35,27","56,39,31","52,35,27","47,30,22","46,29,21","54,34,27","53,33,26","52,29,25","54,30,27","58,34,32","60,36,34","61,37,35","58,36,33","61,41,37","65,46,41","64,48,43","69,55,48","51,40,31","36,27,19","25,18,12","15,9,9","61,55,61","132,104,84","134,110,90","125,108,88","118,109,90","108,104,87","100,99,86","92,92,82","68,65,59","79,70,68","103,89,91","96,80,84","89,72,77","94,78,83","97,84,89","96,87,90","102,97,97","95,93,91","97,96,95","103,101,101","101,99,101","99,97,100","102,99,102","99,95,99","96,89,92","97,89,91","103,93,94","108,97,96","110,99,96","109,96,91","109,94,90","103,86,83","90,73,69","90,72,67","96,77,70","89,71,61","76,57,44","71,52,37","66,45,31","61,37,23","63,39,24","69,45,31","70,43,32","74,46,35","84,56,47","82,54,45","69,43,33","60,34,25","69,43,34","60,36,26","56,33,23","53,30,21","48,25,17","47,26,17","46,27,18","47,28,20","46,28,21","41,23,16","35,19,11","39,22,15","46,27,21","50,31,23","53,34,27","61,43,35","61,43,35","59,42,35","68,52,45","80,65,58","85,70,64","57,42,37","31,14,10","38,21,17","32,13,12","35,16,16","86,66,65","132,107,106","167,135,134","176,141,141","181,146,146","183,149,148","186,149,149","188,151,150","190,151,151","196,157,156","202,162,161","207,167,165","212,172,170","215,174,170","219,178,174","225,184,179","233,187,182","240,190,184","237,186,181","233,183,178","227,179,174","218,173,167","211,166,161","207,163,158","201,157,152","197,152,149","194,147,145","193,143,142","193,139,140","193,136,140","193,134,139","197,133,139","198,131,138","192,123,131","187,115,124","185,111,121","186,111,120","189,111,122","191,113,124","191,113,125","193,115,126","197,122,132","202,131,140","203,133,142","201,133,141","202,136,144","202,143,150","200,146,154","203,146,155","213,151,162","217,150,163","217,149,161","216,149,161","207,147,156","207,154,160","206,162,165","203,165,165","199,164,162","199,163,162","201,164,163","200,160,160","198,158,157","201,158,156","204,160,157","208,163,160","209,164,161","210,165,162","212,166,163","214,167,162","214,167,164","213,168,163","212,167,162","211,167,161","209,166,160","208,166,158","206,165,157","204,164,159","203,165,160","203,166,161","207,170,164","210,173,168","212,176,170","210,173,168","207,170,165","201,165,159","197,163,157","193,158,153","187,152,146","180,145,139","174,139,134","170,136,131","168,136,131","168,135,132","168,135,133","167,135,133","164,133,130","157,126,123","143,112,109","129,100,95","113,84,79","94,65,59","90,61,56","109,82,75","125,97,90","123,97,90","114,88,81","103,77,72","97,72,68","82,58,54","59,37,33","50,31,27","50,35,30","60,47,42","75,64,59","76,67,61","46,37,31","26,17,11","31,22,15","38,29,22","33,24,17","33,23,15","38,25,18","44,31,25","55,40,36","55,41,36","42,28,25","35,22,16","35,21,16","34,20,14","38,25,20","38,25,19","36,23,18","32,18,13","27,14,9","29,15,11","36,22,18","40,27,23","40,27,23","39,26,22","35,22,18","29,16,12","26,13,9","29,16,12","32,19,15","28,15,11","34,20,17","34,21,17","30,17,13","32,19,15","37,24,20","41,27,22","56,42,34","64,48,40","65,48,39","58,41,33","49,32,23","45,28,19","44,27,19","44,27,19","44,27,18","45,28,19","51,34,26","56,39,31","53,36,28","47,30,22","44,27,19","43,25,18","47,27,21","54,33,28","60,37,32","62,39,34","58,35,29","51,29,22","47,27,19","53,33,26","57,40,32","62,46,38","69,57,48","51,42,34","41,32,26","28,20,16","30,25,26","78,74,79","157,129,111","145,121,101","148,131,112","120,111,93","113,108,93","114,113,100","96,95,85","69,63,58","81,71,70","102,88,89","97,80,83","90,73,77","95,80,83","100,86,89","102,92,94","103,99,101","97,95,97","101,99,102","102,100,103","102,99,103","108,102,107","108,102,106","105,99,102","101,93,95","98,89,89","106,95,93","115,104,99","114,103,97","111,98,90","111,98,88","113,98,91","106,91,83","100,85,77","99,83,73","98,80,70","89,71,59","78,58,45","71,49,36","68,43,30","67,39,28","83,54,43","90,60,50","87,56,45","91,58,49","76,46,36","69,40,29","67,39,27","64,36,25","59,32,22","55,29,20","50,27,18","48,25,17","42,21,14","45,26,19","50,31,25","45,28,21","38,21,14","37,22,15","40,26,20","43,28,21","51,33,25","62,44,34","64,46,36","58,40,31","56,39,31","69,52,45","84,67,60","81,66,60","50,35,30","32,17,14","40,25,23","36,20,20","31,16,16","54,37,37","95,73,72","153,124,123","171,138,136","177,144,143","181,147,146","188,153,152","190,155,154","184,147,145","194,156,155","200,162,161","205,167,164","209,170,168","213,174,169","217,178,173","221,182,176","227,185,179","232,188,181","230,185,177","231,185,179","230,184,178","220,175,170","210,165,160","207,162,157","203,158,155","199,154,153","195,149,149","191,143,143","187,140,141","186,138,141","188,139,143","192,141,145","196,143,148","196,142,147","196,141,146","196,141,146","196,141,146","197,141,146","198,142,147","198,141,147","201,144,150","202,147,152","206,151,157","206,153,158","207,153,158","206,153,158","203,154,157","202,156,157","202,157,158","203,157,158","204,156,158","205,157,159","208,161,162","211,165,166","209,165,165","206,164,164","203,163,162","202,162,160","201,161,159","202,161,160","204,162,161","207,164,161","211,166,161","212,166,161","212,166,161","212,167,162","213,168,162","213,168,163","214,169,163","213,169,163","213,170,163","213,170,163","213,170,163","211,170,162","209,169,161","208,169,161","207,167,162","205,166,163","204,166,163","206,168,165","209,173,169","211,176,172","208,173,169","204,169,165","198,163,159","194,161,156","187,155,150","180,148,143","173,141,136","169,137,132","167,135,130","165,136,132","166,138,136","164,137,135","159,132,130","158,129,127","155,126,124","139,109,107","119,90,86","94,65,61","94,64,61","107,78,74","128,99,94","134,104,99","127,97,91","119,90,84","109,81,74","99,73,65","87,63,56","62,41,35","41,22,16","53,35,30","74,59,56","76,64,60","64,54,50","39,28,25","26,15,12","33,22,17","41,29,23","39,27,20","36,23,15","40,27,19","68,53,46","82,67,61","62,47,40","45,30,24","43,28,21","38,23,18","38,23,16","45,30,24","44,29,22","43,28,21","36,21,15","27,12,6","28,13,6","40,25,20","47,34,28","47,35,29","43,32,26","37,26,20","31,20,14","30,19,13","28,17,11","27,16,10","31,20,14","34,23,17","34,23,17","29,18,12","27,16,10","32,21,15","38,25,18","46,32,23","55,38,28","59,42,32","56,39,29","55,38,28","53,36,26","47,30,20","41,24,14","42,25,15","42,25,15","49,32,22","55,38,28","51,34,24","42,25,15","37,20,12","41,24,17","50,31,25","59,39,33","60,41,33","55,35,25","49,30,18","47,27,14","48,29,15","48,29,16","47,32,19","52,39,28","56,45,37","42,33,28","43,35,32","30,24,22","40,36,36","94,91,94","155,126,108","152,128,108","143,126,108","116,106,89","117,113,98","115,114,101","93,91,81","68,63,58","83,73,72","104,89,91","101,83,87","94,77,81","97,81,84","102,88,91","107,97,98","96,92,95","92,91,94","101,99,102","108,105,109","111,106,112","117,111,116","117,111,115","110,102,105","102,93,95","99,90,89","105,95,92","114,104,98","118,108,99","119,106,97","118,106,95","117,105,96","112,100,91","106,93,84","101,87,77","96,80,69","88,71,60","82,63,51","78,56,45","80,55,43","80,53,42","91,63,52","95,65,56","86,54,46","87,56,47","76,46,36","67,39,28","64,36,24","60,33,22","58,31,21","58,32,23","54,30,21","50,28,20","44,24,17","44,25,18","44,27,19","42,25,17","40,24,17","44,29,22","45,32,25","45,30,22","51,33,24","67,49,38","67,49,39","60,42,33","68,50,42","81,64,56","83,66,59","67,50,45","42,26,21","34,19,16","42,27,25","36,22,21","30,16,16","39,24,24","63,42,42","115,87,87","158,128,126","179,148,146","178,146,144","182,150,148","188,155,153","185,151,149","191,155,153","196,160,158","202,164,161","206,168,165","211,171,168","215,175,172","219,179,175","224,182,177","228,185,178","226,183,175","229,185,178","228,184,178","220,177,171","211,167,162","206,161,158","201,156,153","197,152,150","193,147,147","191,145,145","191,145,147","190,144,146","190,142,145","191,143,145","193,146,148","193,146,149","195,147,150","196,149,152","198,151,154","200,153,156","202,154,157","204,157,160","205,157,160","204,156,159","202,155,158","202,154,157","202,154,157","202,155,158","201,156,157","202,159,158","204,163,161","206,165,163","205,164,162","206,165,163","207,166,164","208,167,165","204,163,161","203,162,160","203,162,160","204,163,161","205,164,162","207,166,164","209,167,164","212,167,164","216,170,164","219,171,166","220,173,168","219,173,168","217,172,167","216,171,165","214,169,163","211,168,161","212,169,162","212,169,163","212,170,164","211,170,164","211,170,164","210,170,164","206,167,161","203,164,161","201,164,161","203,166,163","206,171,167","207,172,168","204,170,165","201,167,162","196,163,158","191,158,153","182,151,146","175,144,139","170,139,134","167,136,131","166,135,131","162,134,130","162,135,133","160,134,133","153,127,126","153,125,123","151,123,121","129,101,98","102,74,71","92,63,59","108,79,75","127,96,93","138,107,103","137,106,101","130,99,94","123,93,88","111,82,75","99,73,64","88,63,55","66,45,38","48,27,21","55,37,32","70,55,52","67,54,51","53,42,40","39,28,25","34,23,20","40,28,23","43,30,24","42,28,21","43,29,22","57,42,35","83,68,61","87,72,65","62,47,40","50,35,28","54,39,32","49,34,27","43,28,21","50,35,28","47,32,25","40,25,18","30,15,8","26,11,4","33,18,11","44,29,22","45,32,26","44,31,25","41,29,23","39,27,21","34,22,16","30,18,12","28,15,9","27,14,8","31,19,13","37,25,19","40,28,22","37,25,19","34,22,16","35,23,17","38,25,18","44,31,22","51,34,25","54,37,27","52,35,25","52,35,25","53,36,26","50,33,23","48,31,21","49,32,22","42,25,15","39,22,12","41,24,14","43,26,16","41,24,14","35,18,9","41,24,17","50,33,26","59,41,34","59,41,31","54,34,22","47,28,14","45,26,11","45,26,11","44,28,12","49,34,20","53,41,30","53,42,35","36,27,23","42,34,32","35,30,29","47,43,44","96,94,96","150,122,103","156,132,113","137,120,102","115,105,87","126,121,106","121,120,107","95,94,84","70,65,60","84,74,72","103,88,90","103,85,89","97,81,84","96,80,83","101,88,90","112,103,104","96,94,95","92,92,94","100,98,101","108,105,109","112,107,113","119,113,118","119,113,117","110,102,106","103,94,96","100,90,90","102,92,90","110,100,95","116,105,99","120,107,99","120,109,100","119,109,100","119,109,100","118,106,99","115,102,93","106,92,83","95,78,70","84,65,57","75,54,45","80,57,48","84,58,50","92,65,56","94,64,58","81,51,43","82,52,45","75,46,37","68,39,29","64,36,25","60,33,22","57,32,21","55,31,21","53,29,21","50,28,19","47,26,19","46,27,20","45,27,20","43,26,18","44,28,21","49,34,27","52,37,30","51,36,27","56,38,28","65,47,36","64,46,36","65,46,38","76,57,50","81,63,56","72,55,48","48,30,26","35,17,13","36,21,17","44,29,26","40,26,25","38,24,23","40,26,26","48,29,29","86,61,60","138,109,108","170,141,138","175,145,143","177,146,144","182,150,148","182,149,147","186,152,150","191,156,154","197,160,157","202,164,161","207,167,165","211,171,169","217,176,173","220,179,174","223,180,174","224,181,174","226,183,176","226,183,177","221,178,172","212,168,164","207,162,159","201,156,153","196,151,148","192,146,146","192,146,147","196,150,152","196,149,152","194,145,148","192,144,146","191,145,147","192,146,148","195,149,151","198,152,154","201,155,157","204,158,160","206,160,162","205,159,161","205,159,161","204,158,160","203,157,159","203,157,159","203,157,159","204,158,160","202,158,158","200,159,157","203,162,160","204,163,161","204,163,161","204,163,161","206,165,163","207,166,164","204,163,161","204,163,161","205,164,162","207,166,164","210,169,167","213,172,170","215,173,171","217,173,170","220,174,169","223,175,171","224,176,172","223,177,172","220,175,170","218,173,168","215,170,165","214,171,165","215,172,166","214,171,165","213,171,165","210,169,163","209,168,162","207,167,161","205,166,161","203,165,162","200,164,160","200,165,161","204,169,165","205,170,166","201,168,163","197,164,159","194,161,156","187,154,149","177,146,141","170,139,134","167,136,131","166,135,130","165,135,130","163,135,132","162,135,133","158,132,131","153,127,126","148,121,118","137,109,106","114,86,83","94,66,63","99,70,66","124,94,91","142,111,108","141,110,107","136,105,100","132,101,96","123,93,88","113,84,77","102,74,65","89,64,56","71,48,41","53,32,27","56,38,32","65,50,47","60,47,44","46,33,32","36,25,23","36,25,21","40,28,24","40,27,21","40,26,20","46,31,24","61,46,39","77,62,55","76,61,54","59,44,37","58,43,36","60,45,38","53,38,31","49,34,27","52,37,30","48,33,26","35,20,13","24,9,2","28,13,6","41,26,19","50,35,28","47,33,27","43,30,24","42,29,23","43,30,24","39,26,20","32,19,13","29,16,10","28,15,9","30,17,11","35,22,16","40,27,21","39,26,20","35,22,16","34,21,15","37,24,17","47,32,23","52,35,26","54,37,27","55,38,28","55,38,28","55,38,28","53,36,26","49,32,22","45,28,18","39,22,12","32,15,5","32,15,5","42,25,15","48,31,21","45,28,20","45,28,20","51,33,28","60,41,35","60,41,33","55,35,25","49,30,16","47,29,14","46,30,14","47,32,16","55,41,27","59,47,36","53,44,36","34,25,21","42,36,33","43,39,37","60,55,57","101,99,102","147,119,100","155,131,112","132,114,97","117,107,89","130,125,110","122,121,108","94,93,83","71,66,61","85,75,74","100,86,87","102,87,90","99,83,86","93,78,81","100,88,90","119,111,112","99,97,98","92,92,93","97,96,99","102,101,104","107,104,109","117,112,117","118,111,117","112,104,107","105,96,98","102,92,92","100,90,89","106,95,91","112,101,96","116,105,97","116,106,98","117,108,100","117,108,101","120,110,104","124,113,106","121,109,102","109,94,88","93,77,70","79,60,54","89,68,63","94,71,65","96,70,65","94,68,63","78,50,43","74,46,41","72,44,36","70,42,33","68,41,31","65,38,28","58,32,23","52,28,18","50,27,18","51,28,20","47,26,18","46,28,19","48,29,21","43,26,18","42,25,17","47,32,24","52,38,30","57,42,33","63,45,34","58,38,27","61,41,30","74,55,45","81,62,54","73,54,48","57,38,32","36,18,14","32,14,10","40,24,21","45,30,28","42,26,26","46,31,31","51,35,35","52,33,33","70,48,47","101,78,75","140,115,113","166,140,137","174,146,142","177,146,144","183,152,150","184,150,148","187,152,150","194,157,154","199,161,159","204,163,161","208,167,165","214,171,169","217,174,170","217,176,169","219,178,171","221,180,173","221,180,174","219,177,171","214,170,167","207,163,160","202,157,154","198,153,150","193,147,147","195,149,149","200,153,153","201,153,155","197,148,151","194,146,148","192,146,148","191,147,148","193,149,150","195,150,152","198,153,155","200,156,157","202,158,159","202,157,158","202,158,159","205,160,161","206,162,163","207,163,164","206,162,163","206,161,162","201,158,158","196,155,153","198,157,155","198,157,155","198,157,155","199,158,156","203,162,160","206,165,163","208,167,165","209,168,166","211,170,168","214,173,171","217,176,174","219,178,176","221,179,177","223,179,176","224,177,173","224,176,172","223,175,171","221,175,170","219,174,169","218,173,168","218,173,168","217,174,168","217,174,168","216,173,167","214,171,165","210,169,163","208,167,161","206,166,160","206,167,162","203,167,163","200,165,161","201,166,162","203,168,164","203,168,164","199,165,160","194,161,156","189,158,153","181,150,145","171,140,135","165,135,129","163,133,128","163,134,128","164,135,130","165,137,134","159,133,131","153,127,125","151,126,122","139,112,109","113,85,82","97,69,66","101,73,69","118,89,85","140,110,106","148,117,113","141,110,106","137,106,101","134,103,98","123,93,86","115,86,78","105,77,68","92,66,58","74,51,43","56,35,30","56,39,32","64,49,45","60,46,43","49,35,32","38,25,22","34,21,18","37,25,20","38,25,19","39,25,19","45,30,23","56,41,34","61,46,39","58,43,36","63,48,41","72,57,50","64,49,42","55,40,33","58,43,36","58,43,36","50,35,28","33,18,11","23,8,1","32,17,10","48,33,26","55,40,33","52,39,31","48,35,27","47,34,26","49,36,29","46,33,25","35,22,15","31,18,10","30,17,10","30,17,9","33,20,13","38,25,17","38,25,17","33,20,12","33,20,13","39,26,18","49,33,25","53,36,26","56,39,29","58,41,31","56,39,29","52,35,25","47,30,20","45,28,18","48,31,21","47,30,20","39,22,12","34,17,7","41,24,14","48,31,21","47,30,22","48,31,25","53,35,31","60,42,36","58,40,32","52,34,23","47,29,15","46,28,13","44,28,12","42,27,11","51,37,24","55,43,33","49,39,32","32,24,19","44,38,35","50,46,45","72,67,70","111,109,112","150,121,103","153,129,109","131,114,97","125,116,99","128,125,109","116,116,103","89,87,77","69,64,59","87,76,75","97,83,85","102,86,89","99,83,86","91,75,78","101,89,91","129,121,122","99,98,99","90,91,91","94,94,96","99,99,102","106,104,109","117,113,119","120,114,120","114,106,111","110,101,104","106,97,98","102,92,91","103,92,90","108,97,94","112,101,95","110,101,95","111,102,97","107,100,94","110,101,96","120,110,106","126,115,113","122,110,106","112,98,95","103,86,84","119,100,97","119,99,95","111,89,85","106,83,79","81,58,52","69,44,39","68,43,38","73,46,38","70,44,35","66,40,32","60,36,26","57,33,23","55,32,23","57,34,26","53,32,24","54,35,25","55,36,28","51,32,25","49,31,23","56,39,31","63,48,40","67,50,41","63,45,34","55,35,24","65,45,34","82,63,53","83,65,55","65,46,38","48,29,23","36,18,13","37,19,15","49,31,29","51,35,32","39,23,23","41,25,25","49,33,33","52,35,35","56,38,35","59,41,37","95,75,71","141,118,115","163,139,135","173,146,142","186,157,154","182,151,149","183,150,147","188,154,152","194,156,155","199,158,156","203,162,160","209,165,163","211,168,164","213,173,166","215,176,168","216,175,169","217,176,170","217,176,170","215,172,168","209,165,162","205,160,157","201,156,153","197,151,151","197,151,151","201,153,153","202,153,154","199,151,153","195,150,152","194,150,151","194,150,151","194,151,151","195,151,152","196,153,153","197,154,154","199,155,156","198,155,155","200,156,157","203,159,160","204,160,161","204,160,161","201,158,158","200,156,157","197,155,154","196,155,153","197,156,154","197,156,154","198,157,155","200,159,157","206,165,163","210,169,167","215,174,172","216,175,173","218,177,175","220,179,177","222,181,179","223,182,180","224,182,180","225,180,178","225,178,174","224,176,172","222,174,170","219,173,169","218,173,169","219,174,169","219,174,169","214,171,166","214,171,166","214,171,166","214,172,166","212,171,165","211,170,164","210,169,164","207,169,165","204,167,164","201,166,162","201,166,162","202,167,163","200,167,162","196,163,158","191,158,153","184,153,148","175,144,139","167,136,131","162,131,126","161,132,126","162,133,127","161,133,127","161,133,130","152,125,124","141,116,113","136,111,107","121,93,90","98,70,67","99,71,67","121,92,88","143,114,110","150,121,117","150,119,114","143,112,107","142,111,105","139,108,101","126,96,88","118,88,80","107,80,71","95,69,62","81,58,50","61,41,33","57,38,32","65,47,43","63,49,45","56,42,39","42,28,25","35,22,18","37,24,18","39,26,19","41,27,20","47,32,25","56,41,34","59,44,37","60,45,38","74,59,52","86,71,64","75,60,53","66,51,44","73,58,51","64,49,42","50,35,28","36,21,14","31,16,9","39,24,17","50,35,28","56,41,34","60,46,38","56,43,35","54,41,33","57,44,36","50,37,29","38,25,17","32,19,11","35,22,14","36,22,15","36,23,15","39,26,18","39,26,18","34,21,13","36,23,15","46,33,24","56,40,32","58,41,31","61,44,34","64,47,37","60,43,33","50,33,23","43,26,16","42,25,15","46,29,19","50,33,23","48,31,21","44,27,17","43,26,16","45,28,18","47,30,22","50,33,29","54,37,33","57,39,35","52,35,27","44,26,16","40,22,9","41,23,8","40,23,8","38,23,8","44,31,18","50,39,29","49,40,32","39,31,26","55,49,48","64,60,60","79,76,79","118,116,120","154,127,108","146,124,104","135,120,102","138,131,113","129,128,112","114,115,102","90,90,80","70,68,62","90,82,80","98,84,86","103,87,90","99,84,87","89,75,78","104,92,94","138,131,131","102,101,102","92,94,94","96,96,98","104,103,106","111,109,114","120,116,122","119,114,120","111,105,110","107,101,104","105,97,99","99,90,90","98,88,86","103,94,90","107,96,92","104,95,90","106,98,93","109,101,98","113,105,102","122,114,112","128,117,117","126,114,114","120,105,106","114,98,99","134,117,118","133,115,115","121,102,102","119,99,97","92,72,67","76,53,48","75,51,46","74,49,43","66,41,34","62,37,30","65,40,33","70,46,38","71,48,40","68,45,37","65,44,36","64,44,35","61,42,32","58,40,30","62,45,37","73,56,48","80,63,55","76,58,48","59,40,28","67,47,34","76,56,45","81,61,51","74,54,45","57,37,29","38,19,13","36,17,10","43,25,19","59,42,37","62,44,40","41,25,22","32,17,15","41,25,25","47,32,31","49,35,32","43,27,24","66,49,45","108,90,86","139,119,115","158,135,131","172,146,142","177,147,145","181,149,147","187,153,151","192,154,153","195,154,154","199,157,158","203,160,160","205,165,162","210,172,165","212,174,167","211,172,167","211,172,167","214,175,170","215,174,170","210,169,165","207,164,161","205,161,158","203,158,155","199,154,151","199,151,149","198,150,149","199,152,152","199,154,154","199,156,155","198,157,155","198,157,155","198,157,155","199,158,156","200,159,157","201,160,158","200,159,157","201,160,158","201,160,158","201,160,158","201,160,158","200,159,157","200,159,157","200,159,157","201,160,158","204,163,161","206,165,163","209,168,166","211,170,168","215,174,172","219,178,176","222,181,179","222,181,179","224,183,181","224,183,181","223,182,180","222,181,179","221,179,178","222,177,175","222,175,173","223,175,173","224,176,174","222,176,173","221,176,173","219,174,171","218,173,170","215,171,168","216,172,169","216,172,169","214,171,168","212,171,167","210,169,165","209,168,164","206,167,163","202,166,162","198,164,160","197,164,159","198,165,160","196,163,158","192,159,154","185,154,149","179,148,143","171,140,135","162,133,127","160,131,125","161,132,126","162,133,127","159,131,125","154,127,123","147,121,117","134,109,105","116,91,87","104,77,73","107,79,75","125,97,93","143,115,110","153,124,118","152,122,116","148,117,112","144,114,107","142,112,104","138,108,100","129,99,91","117,88,78","107,79,68","101,76,66","91,67,58","68,47,40","58,39,33","64,46,42","62,47,43","55,40,37","43,29,25","37,24,18","39,25,19","38,23,17","40,24,17","48,31,23","54,38,31","64,49,42","71,56,49","73,58,51","83,68,61","88,73,66","87,72,65","86,71,64","61,46,39","44,29,22","36,21,14","41,26,19","50,35,28","57,42,35","62,47,40","70,55,48","66,51,44","62,47,40","62,47,40","53,38,31","39,24,17","34,19,12","37,22,15","38,23,16","38,23,16","43,28,21","45,30,23","39,24,17","39,24,17","49,35,27","61,45,36","61,44,34","61,44,34","63,46,36","58,41,31","47,30,20","42,25,15","42,25,15","41,24,14","42,25,15","46,29,19","50,33,23","47,30,20","45,28,18","47,30,21","48,33,27","50,35,30","52,34,30","47,29,22","41,22,13","39,21,9","43,25,12","48,31,17","48,34,20","50,37,25","54,44,33","57,48,41","52,44,40","70,63,62","75,70,71","81,78,81","118,116,121","157,131,112","144,122,102","146,132,114","143,136,118","130,129,113","119,121,107","93,94,83","74,72,66","91,84,81","96,84,85","103,89,91","101,86,89","88,76,78","108,97,98","137,132,132","106,107,106","97,98,97","99,100,101","106,105,108","114,112,117","121,118,124","117,113,119","106,100,105","105,99,104","104,96,100","95,86,89","97,87,88","103,93,91","104,94,92","105,96,92","107,99,96","112,104,101","122,113,111","129,121,119","125,115,116","124,113,115","117,104,107","106,91,95","127,112,115","135,117,119","124,107,107","128,110,109","100,81,77","75,57,51","92,72,66","83,60,54","60,36,29","59,35,29","64,41,33","69,46,38","72,49,41","70,48,39","65,45,36","61,41,32","57,38,29","60,42,32","73,55,46","83,65,57","79,62,52","68,49,39","62,42,31","79,58,46","83,62,50","77,56,46","64,44,34","45,25,17","34,15,8","35,16,10","48,29,23","62,43,39","60,42,38","46,29,27","35,19,16","36,19,19","41,26,25","40,27,23","42,29,25","61,48,43","88,73,69","113,95,91","137,116,113","157,133,130","171,144,141","178,148,146","185,152,150","189,151,151","189,150,150","194,152,153","199,158,158","203,163,161","205,169,163","208,172,166","208,172,166","211,173,167","213,175,169","214,174,169","211,170,166","207,164,161","207,163,160","205,160,157","200,154,152","198,150,148","200,152,150","202,154,153","202,156,155","202,159,158","201,160,158","202,161,159","203,162,160","205,164,162","206,165,163","207,166,164","208,167,165","208,167,165","207,166,164","207,166,164","207,166,164","208,167,165","208,167,165","208,167,165","207,166,164","211,170,168","215,174,172","218,177,175","220,179,177","223,182,180","225,184,182","225,184,182","224,183,181","223,182,180","223,182,180","223,182,180","222,181,179","221,179,178","222,177,175","223,176,174","225,177,175","225,177,175","223,177,174","221,176,173","220,175,172","219,174,171","221,177,174","219,175,172","218,174,171","215,172,169","213,172,168","210,169,165","208,168,164","204,167,162","201,166,161","198,164,160","196,163,158","196,163,158","193,160,155","187,156,151","181,150,145","174,144,139","168,138,132","160,131,125","157,128,122","160,132,125","160,132,126","155,128,121","147,122,116","141,116,112","128,103,99","107,82,78","104,76,72","125,97,93","145,117,112","149,122,116","154,125,119","150,120,114","147,116,110","146,116,108","143,113,105","136,106,98","128,98,88","119,89,79","109,80,69","105,78,68","97,73,63","78,55,49","60,41,34","61,43,39","72,57,53","57,42,38","44,30,25","41,27,21","42,28,21","39,23,16","40,23,15","47,30,22","49,33,26","58,43,36","63,48,41","64,49,42","78,63,56","94,79,72","91,76,69","80,65,58","53,38,31","40,25,18","39,24,17","49,34,27","56,41,34","58,43,36","60,45,38","68,53,46","65,50,43","61,47,39","62,47,39","54,39,32","40,25,18","34,20,12","36,22,14","37,22,14","40,25,17","46,31,24","48,33,26","43,28,20","41,26,19","48,34,25","58,41,32","58,41,31","58,41,31","56,39,29","49,32,22","41,24,14","40,23,13","42,25,15","42,25,15","41,24,14","46,29,19","50,33,23","48,31,21","44,27,17","45,28,19","46,31,26","46,31,28","48,32,27","49,32,25","47,28,20","44,27,15","46,29,16","48,33,18","47,34,20","48,37,25","52,43,34","58,50,44","55,49,45","71,67,65","76,73,75","82,80,85","112,109,115","161,136,116","148,128,107","158,145,126","138,133,114","127,127,110","119,122,108","91,94,82","70,69,62","86,80,77","95,84,85","107,93,95","102,89,91","87,76,78","111,101,102","132,127,127","111,111,109","101,103,101","101,103,103","107,108,110","116,115,120","125,123,128","119,116,121","105,100,106","107,101,107","106,97,103","94,85,90","98,88,91","105,95,95","107,97,95","111,101,99","109,100,98","110,101,99","123,113,112","132,122,122","119,109,112","123,111,117","115,103,108","100,86,92","123,108,113","141,125,127","132,116,116","135,117,115","99,81,77","72,55,48","116,96,90","94,72,66","57,34,28","58,35,29","57,34,28","54,31,23","56,35,26","59,39,30","57,37,28","54,34,25","58,38,29","70,50,41","80,62,52","78,60,50","64,46,36","59,40,29","75,54,42","82,60,47","78,56,43","70,49,37","55,35,24","40,20,10","43,23,15","40,21,14","55,36,30","57,38,34","47,29,25","48,30,27","42,24,22","35,17,15","34,20,17","29,18,14","45,34,30","70,59,55","82,69,65","91,74,71","118,98,95","147,125,123","168,143,141","175,147,145","180,148,146","183,148,147","186,149,148","189,151,150","191,152,152","195,157,156","198,165,160","202,168,163","208,173,167","211,175,169","211,174,168","210,171,166","208,168,164","204,163,159","206,163,160","205,160,157","198,153,150","198,150,148","203,155,152","206,157,154","204,158,155","203,160,157","202,161,159","204,163,161","206,165,163","208,167,165","210,169,167","210,169,167","212,171,169","211,170,168","211,170,168","211,170,168","211,170,168","211,170,168","211,170,168","212,171,169","213,172,170","215,174,172","218,177,175","220,179,177","222,181,179","225,184,182","226,185,183","226,185,183","224,183,181","221,180,178","221,180,178","224,183,181","225,184,182","226,184,182","227,183,181","227,180,178","226,178,176","224,176,174","221,175,172","220,175,172","220,175,172","221,176,173","222,178,175","220,176,173","218,174,171","215,172,169","214,173,169","212,171,167","209,169,165","204,167,163","201,167,162","199,166,161","197,164,159","194,162,157","189,158,153","183,152,147","177,147,141","166,137,131","163,134,128","157,128,122","155,126,120","157,130,123","158,131,124","151,124,117","140,114,108","129,104,99","116,91,86","110,85,80","122,95,91","141,113,109","149,122,115","147,120,113","157,128,122","151,122,115","149,119,111","149,119,111","145,115,106","137,107,97","127,97,87","123,93,83","113,84,73","108,81,69","101,76,66","87,64,56","63,43,36","59,40,35","89,72,68","67,52,47","46,31,26","44,29,24","47,32,25","43,26,18","42,25,17","46,29,21","49,33,26","48,33,26","48,33,26","58,43,36","79,64,57","91,76,69","77,62,55","55,40,33","39,24,17","44,29,22","54,39,32","60,45,38","56,41,34","51,36,29","51,36,29","57,42,34","56,42,33","56,42,33","58,44,35","53,39,30","42,28,19","37,23,14","36,22,13","37,23,14","42,28,19","49,35,26","51,37,28","48,34,25","45,31,22","48,34,25","53,37,27","58,41,31","60,43,33","54,37,27","44,27,17","39,22,12","41,24,14","43,26,16","42,25,15","45,28,18","48,31,21","50,33,23","51,34,24","51,34,24","51,34,25","51,36,32","48,32,30","48,33,29","52,37,30","52,35,26","43,27,15","37,22,8","34,20,6","37,24,11","45,34,23","51,42,34","58,51,46","58,52,50","74,70,69","83,81,83","91,89,94","108,105,112","160,135,115","160,140,119","154,140,121","136,131,112","127,127,110","117,119,105","92,95,83","63,62,56","79,73,70","99,89,90","111,99,101","102,90,92","86,75,76","110,100,101","129,124,124","110,111,108","104,108,104","108,110,109","113,114,115","119,118,123","127,125,131","124,121,127","111,107,114","108,102,108","106,98,105","96,89,94","93,83,87","102,93,94","111,102,102","111,101,100","105,95,93","111,100,99","127,116,116","137,126,127","125,113,117","124,112,117","114,100,107","106,90,98","123,107,114","141,125,128","137,121,122","128,110,108","95,77,73","82,65,58","120,100,94","87,66,61","61,39,33","56,35,28","54,33,26","55,34,27","54,33,24","54,34,25","53,33,24","56,36,27","68,48,38","82,62,51","75,56,45","58,39,28","59,40,29","74,54,42","85,62,49","74,51,38","67,45,32","60,38,26","49,28,17","46,25,15","52,32,23","47,28,20","56,36,29","56,37,31","49,30,24","47,29,25","41,22,19","34,17,14","36,22,19","38,27,23","56,46,43","79,68,65","83,70,67","84,67,65","102,83,81","123,102,100","148,125,122","161,134,133","171,142,140","180,148,147","184,151,149","185,150,149","186,150,149","188,153,152","194,161,157","198,165,160","203,169,164","206,171,166","207,170,166","207,168,163","205,166,161","204,164,159","207,163,160","204,159,155","197,152,148","197,149,146","201,153,149","205,156,152","205,158,155","205,161,158","204,161,158","206,163,160","208,165,162","210,167,164","213,170,167","214,171,169","216,173,171","216,173,170","216,173,170","216,173,170","216,173,170","216,173,170","216,173,170","216,174,172","217,176,174","217,176,174","218,177,175","219,178,176","221,180,178","224,183,181","226,185,183","226,185,183","224,183,181","222,181,179","223,182,180","226,185,183","228,187,185","230,188,186","229,185,183","228,180,179","227,179,178","225,177,176","222,176,175","221,175,174","220,174,173","220,175,174","221,177,175","219,175,173","216,172,171","214,171,169","212,171,168","210,169,166","207,167,164","201,165,161","198,165,160","196,164,159","194,163,158","192,161,156","186,155,150","178,148,143","172,143,137","161,132,126","160,132,126","157,129,123","155,127,121","156,129,122","154,127,120","146,120,113","131,106,100","117,92,87","112,87,82","123,98,93","141,114,108","149,122,116","152,125,118","156,129,121","158,129,121","155,126,118","153,123,115","150,120,111","145,115,105","137,107,97","129,99,89","124,94,84","114,85,73","110,82,70","102,77,67","89,66,57","66,46,39","58,39,33","84,67,62","67,52,47","46,31,25","42,27,21","46,30,23","44,27,19","43,26,18","45,28,20","48,32,25","47,32,25","46,31,24","54,39,32","69,54,47","75,60,53","61,46,39","41,26,19","28,13,7","47,32,25","64,49,42","67,52,45","57,42,35","51,36,29","53,38,31","53,38,30","51,35,26","53,37,27","57,41,31","54,38,28","45,29,20","41,25,15","40,25,15","42,26,17","46,31,21","52,36,27","53,37,27","49,33,24","47,31,21","50,34,24","52,35,25","55,38,28","57,40,30","52,35,25","44,27,17","40,23,13","43,26,16","46,29,19","45,28,18","45,28,18","48,31,21","52,35,25","56,39,29","56,39,29","56,39,30","54,39,35","51,35,34","50,35,32","53,38,32","51,35,28","44,29,17","39,25,11","38,25,12","44,30,19","53,42,31","60,52,43","66,60,55","64,60,58","83,80,80","89,87,90","110,108,112","126,123,130","158,133,113","171,151,130","149,135,116","133,128,109","126,127,110","116,120,106","98,100,89","62,61,54","75,70,66","101,92,92","113,102,104","104,92,94","88,77,78","109,100,101","124,120,119","106,108,105","103,108,104","110,112,111","112,113,114","115,114,119","125,123,129","126,123,130","118,114,121","110,105,112","108,102,109","102,95,101","91,83,88","102,93,96","119,110,112","113,103,102","106,95,91","114,102,100","133,120,119","141,128,129","132,118,122","128,114,120","118,102,111","109,93,101","115,98,104","136,120,124","143,127,128","125,107,106","96,78,72","93,76,68","122,103,96","81,60,55","66,45,40","57,37,30","55,35,28","60,40,33","53,33,25","50,30,21","54,34,25","62,42,33","78,58,47","82,62,51","64,44,33","50,30,19","65,44,33","88,66,53","85,62,48","65,42,28","59,37,24","51,29,17","42,20,9","49,28,18","57,37,28","53,33,26","55,35,28","55,36,30","51,32,26","46,27,22","38,19,15","33,16,12","35,20,17","38,28,25","59,48,46","80,67,66","78,64,62","72,56,54","83,65,63","94,75,73","110,88,85","135,110,108","163,138,134","176,148,145","171,141,139","172,140,138","183,151,149","189,157,155","183,152,149","188,156,152","195,162,157","199,165,160","203,167,163","205,168,163","206,167,162","206,166,161","205,164,160","204,159,154","198,153,148","197,149,145","199,151,147","205,156,151","206,160,155","207,162,159","207,163,160","209,165,162","211,167,164","213,169,166","216,172,169","218,174,171","219,175,172","219,175,172","219,175,172","220,176,173","220,176,173","220,176,173","220,176,173","220,177,175","220,179,177","218,177,175","217,176,174","218,177,175","219,178,176","222,181,179","225,184,182","227,186,184","225,184,182","224,183,181","225,184,182","228,187,185","229,188,186","230,188,187","230,185,184","229,181,181","228,180,180","227,179,179","223,177,177","221,175,175","220,174,174","220,174,174","219,175,174","216,172,171","214,170,169","211,168,167","209,168,166","207,166,164","204,164,162","198,162,158","193,161,156","191,160,155","190,159,154","187,156,151","180,149,144","171,142,136","165,136,130","156,127,121","157,129,123","158,131,124","156,129,122","151,124,117","143,117,110","133,108,101","121,96,90","115,90,85","123,98,93","140,115,110","153,126,119","154,127,120","155,128,121","161,134,126","159,130,122","159,130,121","156,126,117","151,121,111","146,116,106","139,109,99","132,102,92","126,96,85","116,86,75","112,84,72","105,79,68","94,69,61","71,51,42","57,37,31","77,59,53","69,52,48","48,33,27","44,29,22","47,31,24","46,29,21","46,29,20","46,29,19","46,29,22","45,30,23","44,29,22","49,34,27","56,41,34","57,42,35","44,29,22","32,17,10","32,17,10","42,27,20","56,41,34","64,49,42","63,48,41","56,41,34","49,35,26","50,34,26","51,34,24","54,37,27","59,42,32","58,41,31","51,34,24","47,30,20","48,31,21","51,34,24","53,36,26","56,39,29","55,38,28","49,32,22","45,28,18","48,31,21","50,33,23","52,35,25","53,36,26","50,33,23","44,27,17","42,25,15","45,28,18","48,31,21","48,31,21","46,29,19","47,30,20","53,36,26","59,42,32","60,43,33","56,41,32","55,39,37","52,37,36","50,34,34","51,36,31","51,36,28","50,36,25","48,34,22","49,36,23","51,39,27","58,48,38","68,60,52","76,70,65","74,70,68","91,88,89","84,82,86","104,102,108","117,114,121","151,130,109","170,153,131","146,134,115","127,124,104","123,124,107","119,123,108","101,105,93","62,63,56","70,67,63","94,85,85","111,100,102","108,98,99","95,86,87","111,102,103","123,119,118","110,112,109","108,113,109","112,116,115","110,113,114","113,114,118","125,125,130","131,129,136","123,120,127","115,110,117","115,109,116","109,102,109","97,88,94","107,98,102","125,116,119","120,109,108","114,100,96","122,108,104","138,122,122","141,126,127","138,122,126","134,117,125","127,110,120","118,99,108","111,92,99","133,114,118","149,131,131","130,112,109","98,81,74","93,76,67","116,98,89","76,56,50","65,44,39","60,39,34","58,37,31","61,41,34","53,33,26","51,31,23","61,41,33","73,53,44","79,58,47","67,45,34","55,33,21","63,42,29","80,58,46","86,64,51","69,46,32","59,36,22","60,37,23","50,27,14","40,18,5","49,27,16","58,35,26","55,34,27","52,32,25","58,38,32","61,41,36","48,28,24","35,16,12","36,17,13","37,21,17","39,27,25","52,40,39","65,51,50","62,48,47","66,50,50","84,67,65","92,73,71","101,82,79","114,93,90","131,109,106","150,126,124","163,138,134","170,144,141","175,147,144","175,147,144","178,149,145","182,151,147","186,155,152","191,159,155","197,162,158","200,164,159","203,164,159","206,166,162","204,163,159","203,158,153","200,155,150","199,152,146","201,152,147","205,157,151","207,161,156","207,162,159","209,164,161","212,167,164","215,170,167","217,172,169","219,174,171","220,175,172","220,175,172","220,175,172","221,176,173","221,176,173","222,177,174","222,177,174","223,178,175","222,179,176","221,180,178","219,178,176","217,176,174","217,176,174","218,177,175","221,180,178","223,182,180","228,187,185","227,186,184","225,184,182","226,185,183","227,186,184","228,187,185","227,185,184","228,184,183","230,182,182","229,181,181","228,180,180","225,179,179","222,176,176","220,174,174","220,174,174","218,174,173","215,171,170","212,168,167","210,167,166","207,166,164","205,164,162","201,161,159","196,160,156","191,159,154","189,158,153","187,156,151","181,152,146","175,146,140","166,137,131","159,130,124","153,126,119","155,128,121","156,129,122","152,126,119","141,116,109","129,104,97","120,95,88","116,91,84","126,101,95","144,119,112","151,126,119","153,126,119","156,129,122","162,135,126","163,135,127","161,132,124","163,134,125","160,130,120","152,122,112","148,118,107","144,114,103","137,107,96","129,98,87","119,89,78","116,87,76","108,81,70","99,74,66","79,58,50","57,36,31","69,50,44","70,53,46","53,36,29","51,34,27","53,35,28","51,32,24","51,33,23","47,30,20","48,31,23","47,32,25","49,34,27","52,37,30","54,39,32","49,34,27","40,25,18","37,22,15","37,22,15","36,21,14","40,25,18","50,35,28","59,44,37","59,44,37","53,39,31","51,35,27","52,35,25","56,39,29","62,45,35","62,45,35","54,37,27","50,33,23","51,34,24","55,38,28","56,39,29","57,40,30","55,38,28","50,33,23","47,30,20","50,33,23","53,36,26","53,36,26","53,36,26","51,34,24","48,31,21","49,32,22","53,36,26","55,38,28","52,35,25","48,31,21","47,30,20","52,35,25","57,40,30","58,41,31","54,40,30","54,39,37","52,38,37","49,35,34","48,34,28","52,37,29","54,40,29","55,41,29","55,42,30","55,44,33","57,48,38","72,64,57","82,76,72","82,79,77","92,90,90","66,64,68","105,103,109","121,118,126","148,127,106","160,143,122","148,137,118","120,116,97","115,117,100","118,123,109","98,103,91","60,61,54","65,62,58","86,77,77","111,99,101","115,104,106","96,87,88","106,97,98","118,115,113","117,120,117","116,121,117","120,124,123","118,121,122","120,121,125","131,132,136","136,135,141","122,120,127","117,113,121","120,115,123","113,107,114","107,98,106","115,106,111","125,116,121","127,117,117","121,106,100","128,112,107","140,124,122","139,122,124","141,123,128","137,119,127","135,117,128","126,107,116","110,90,97","120,101,105","136,117,119","126,107,104","91,74,65","79,62,51","107,89,78","81,61,55","60,40,35","60,39,34","57,36,31","57,37,30","56,36,29","59,39,32","73,53,45","76,56,47","68,46,36","54,32,21","60,38,26","80,58,45","85,63,50","72,50,36","55,32,18","59,36,22","57,34,20","48,25,12","46,24,11","53,30,19","55,33,22","54,33,23","51,31,23","66,45,39","76,56,50","54,35,30","36,17,13","40,21,17","43,26,22","44,30,29","47,34,32","51,37,36","55,40,40","74,58,58","97,81,79","100,82,80","100,81,78","84,65,62","74,54,50","98,78,74","143,123,118","172,149,145","171,147,143","169,143,139","180,152,148","181,152,148","183,152,149","186,154,149","188,155,150","192,157,151","194,157,151","201,161,156","199,158,154","200,155,150","201,156,151","201,152,147","200,150,145","204,155,150","206,158,153","206,159,156","210,164,161","215,169,166","218,173,170","220,174,171","220,174,171","219,173,170","221,175,172","222,176,173","222,176,173","223,177,174","224,178,175","224,178,176","225,179,177","224,180,177","222,179,178","220,179,177","220,179,177","220,179,177","221,180,178","223,182,180","223,182,180","229,188,186","228,187,185","227,186,184","228,187,185","229,188,186","229,188,186","228,186,184","229,184,183","230,183,184","230,182,183","229,181,182","226,180,181","223,177,178","221,175,176","219,173,174","217,173,173","215,171,171","212,168,168","209,166,165","206,164,163","203,162,161","200,159,158","197,161,157","193,161,156","188,157,152","184,153,148","177,148,142","171,142,136","164,135,129","158,129,123","152,125,118","151,124,117","149,123,116","143,118,111","131,106,99","122,97,90","121,96,89","126,101,94","140,115,108","154,129,122","156,131,124","155,129,121","162,135,127","167,140,131","166,139,129","162,133,124","164,134,125","160,130,120","153,123,113","152,122,111","151,121,110","142,112,101","132,100,88","123,93,79","121,92,81","113,85,74","105,80,72","88,65,57","58,38,31","60,42,35","66,49,42","57,40,33","58,41,34","58,40,31","52,34,24","52,33,23","48,30,20","47,29,21","47,31,24","51,36,29","55,40,33","51,36,29","43,28,21","38,23,16","38,23,16","35,20,13","36,21,14","37,22,15","39,24,17","47,32,25","56,41,34","60,46,38","54,38,30","52,35,25","57,40,30","64,47,37","65,48,38","57,40,30","52,35,25","53,36,26","55,38,28","55,38,28","56,39,29","54,37,27","49,32,22","48,31,21","53,36,26","52,35,25","51,34,24","50,33,23","48,31,21","47,30,20","49,32,22","53,36,26","55,38,28","53,36,26","50,33,23","49,32,22","50,33,23","54,37,27","57,40,30","57,42,32","51,37,35","52,39,38","57,43,42","61,47,41","68,54,46","75,61,52","75,61,50","69,55,43","58,47,35","57,48,38","74,68,60","81,76,71","83,81,78","89,87,89","56,54,59","89,87,93","101,98,107","147,126,106","149,132,111","152,140,121","114,110,91","106,107,90","117,120,105","91,95,83","59,60,52","67,64,60","87,79,78","117,106,108","120,109,110","89,80,81","90,81,82","104,100,99","116,118,115","116,120,117","122,126,125","123,125,126","123,124,128","131,132,136","133,132,137","116,114,121","116,113,121","121,117,124","113,108,114","114,107,114","117,111,116","123,114,118","129,119,119","121,106,101","130,113,108","141,124,123","138,121,122","143,124,129","138,119,126","138,118,127","136,115,124","115,94,101","112,91,95","122,102,103","122,103,98","91,73,63","77,59,47","111,93,82","94,75,69","60,41,35","60,41,35","57,38,31","54,33,28","63,43,36","75,55,47","83,63,54","72,52,42","55,34,23","55,33,21","75,53,40","88,66,53","77,55,41","59,37,23","52,30,16","63,40,27","51,28,14","44,20,8","54,30,19","59,36,25","55,33,22","54,33,23","52,31,22","73,53,46","90,70,63","62,42,36","40,21,15","45,26,22","46,29,26","43,27,26","46,32,30","51,37,35","61,47,46","83,67,66","93,78,76","76,61,58","65,49,46","55,38,36","48,30,27","58,41,36","89,71,67","129,110,105","160,141,136","176,152,149","179,152,150","179,151,149","180,151,148","182,152,147","185,153,149","188,153,150","192,155,150","195,156,151","193,153,147","196,152,148","201,156,151","200,152,147","198,149,144","202,152,146","205,156,152","206,157,155","211,163,161","217,169,167","222,174,172","222,174,172","221,173,171","219,171,169","223,175,173","224,176,174","225,177,175","225,178,176","226,179,177","227,180,177","227,181,178","226,181,178","223,180,179","223,182,179","224,183,181","225,184,182","225,184,182","225,184,182","225,184,182","229,188,186","228,187,185","228,187,185","230,189,187","232,191,189","232,191,189","231,190,188","230,186,186","231,183,186","231,182,185","230,182,184","227,181,183","224,178,180","221,175,177","219,173,175","218,174,175","214,171,172","212,168,169","208,165,166","205,163,164","203,161,162","199,158,159","195,159,157","191,158,155","184,153,149","177,147,142","171,142,136","165,136,130","158,131,124","153,126,119","152,125,118","146,120,113","140,115,108","133,108,101","125,100,93","125,100,92","134,109,101","147,122,115","152,127,120","153,128,121","158,133,126","163,137,128","164,137,128","163,136,127","163,136,127","162,134,123","163,135,124","158,128,118","153,123,113","157,126,115","157,126,115","146,115,104","133,101,90","126,95,83","125,95,84","116,87,77","110,83,76","94,70,63","60,39,32","56,37,30","62,43,37","58,41,34","62,44,37","59,41,33","52,33,24","51,31,21","47,29,19","47,30,21","49,33,26","54,39,32","58,43,36","51,36,29","39,24,17","38,23,16","41,26,19","39,24,17","40,25,18","38,23,16","37,22,15","44,30,22","51,37,29","53,39,31","52,36,28","54,37,27","60,43,33","68,51,41","70,53,43","63,46,36","59,42,32","59,42,32","60,43,33","59,42,32","58,41,31","53,36,26","46,29,19","45,28,18","49,32,22","49,32,22","47,30,20","46,29,19","44,27,17","44,27,17","47,30,20","50,33,23","52,35,25","52,35,25","51,34,24","50,33,23","51,34,24","54,37,28","58,42,33","61,47,38","56,43,40","61,50,49","72,60,58","79,67,61","85,71,64","87,74,65","80,67,57","69,55,45","59,47,37","59,50,41","79,72,65","76,71,67","81,77,76","89,87,88","60,58,62","78,75,81","82,78,87","145,123,106","143,125,108","144,130,113","113,105,87","106,103,87","115,114,100","95,94,83","65,64,56","71,68,63","87,81,78","112,104,104","118,109,110","95,86,87","93,83,85","110,103,104","116,115,115","111,114,112","127,128,127","128,129,129","121,121,123","127,127,130","126,125,129","106,103,108","109,105,111","123,118,123","118,113,118","115,109,114","118,112,116","124,117,120","130,120,122","125,112,110","134,120,117","137,123,121","135,119,120","137,119,122","132,114,118","132,114,117","138,122,123","126,107,108","114,95,94","114,95,91","123,105,97","96,79,68","74,57,44","115,98,87","102,83,76","64,45,39","59,40,33","54,36,27","58,39,30","80,60,50","84,64,52","72,51,40","62,41,29","61,39,27","74,52,39","89,66,53","83,60,49","63,40,29","49,27,16","55,34,24","65,44,33","51,29,19","50,26,17","62,38,29","62,38,28","59,36,26","60,36,27","58,34,25","72,50,42","98,78,70","80,60,54","46,26,20","43,24,19","44,27,22","40,25,20","46,32,27","56,41,37","70,56,52","81,66,62","73,59,54","51,37,32","39,25,22","41,28,24","52,39,35","37,25,20","40,28,25","73,62,57","113,101,96","155,139,138","170,148,150","174,150,154","177,151,153","179,152,152","181,154,152","184,153,151","185,152,149","186,151,146","189,151,145","193,151,148","196,152,148","196,148,145","196,146,145","202,151,150","206,155,154","207,157,156","212,162,161","217,167,166","220,171,169","219,170,169","218,169,167","216,168,166","220,174,171","222,175,173","223,176,174","222,178,175","224,179,176","224,180,177","225,181,178","225,181,178","225,181,177","227,185,181","228,186,183","227,184,182","225,183,180","225,183,180","227,186,182","225,184,182","224,184,182","226,186,185","230,189,189","232,192,191","232,193,192","231,191,190","231,189,189","231,186,188","230,184,186","227,182,183","225,180,182","222,178,179","219,175,177","216,173,174","215,172,173","211,169,170","209,166,167","205,164,165","203,163,163","200,160,160","196,158,157","190,156,154","186,154,152","181,151,149","172,143,139","165,136,132","160,132,127","157,129,124","151,124,118","148,122,115","144,119,112","134,110,101","125,101,92","126,103,93","136,113,101","147,124,112","156,133,122","158,134,125","157,132,124","162,137,129","168,142,133","167,140,131","163,136,126","164,136,126","164,134,124","163,133,122","160,129,118","159,127,117","161,128,118","157,124,113","145,112,101","135,101,92","130,97,87","126,94,86","118,88,80","113,84,77","99,71,65","68,44,37","55,32,25","57,35,30","62,41,35","66,45,39","59,39,32","52,32,25","51,31,23","49,31,22","49,31,24","55,38,32","56,41,35","57,42,36","48,33,27","38,23,17","44,30,23","44,31,24","43,29,22","41,28,21","40,27,20","42,29,22","45,33,26","46,34,27","48,35,27","54,39,31","56,39,29","59,42,32","70,52,42","77,59,49","73,56,46","68,51,41","65,48,38","64,47,37","63,46,36","56,40,30","47,32,21","43,28,18","45,30,19","46,31,20","48,33,23","46,30,21","45,28,18","47,30,20","50,33,22","52,34,23","54,36,25","54,36,25","50,32,22","52,35,25","56,39,30","57,40,32","52,38,30","58,45,38","61,51,43","55,45,43","67,58,59","77,67,66","74,64,61","73,61,57","68,57,51","62,50,44","58,46,39","54,43,36","56,47,39","76,70,64","70,65,62","79,74,73","87,84,85","56,52,56","85,79,86","75,67,77","138,118,102","139,121,105","132,116,101","112,100,85","109,100,86","114,109,96","100,96,86","68,65,57","67,64,59","81,77,73","100,93,93","112,104,105","103,94,96","102,91,95","122,113,116","120,118,119","111,112,111","132,132,132","133,133,133","120,120,120","128,127,128","123,121,122","102,98,100","107,102,104","121,117,119","120,115,118","116,110,113","122,116,118","127,120,123","126,116,119","125,114,115","131,117,119","125,111,113","125,110,110","127,112,112","125,111,110","129,113,111","138,123,119","139,124,118","125,109,102","100,83,76","103,86,76","95,79,66","79,63,50","107,90,80","108,89,82","71,52,44","58,40,30","57,39,28","69,51,38","88,69,56","74,55,40","53,32,18","59,37,23","78,56,43","95,73,60","95,71,60","77,53,43","59,34,26","51,29,21","62,41,35","69,49,42","58,38,30","59,37,29","68,45,36","66,42,32","68,42,33","70,44,35","65,41,31","66,43,35","95,73,65","90,70,63","50,30,23","41,23,16","41,25,18","39,24,18","47,32,26","54,39,33","66,51,45","68,54,49","53,40,34","42,30,24","42,30,26","37,28,23","42,33,30","24,18,13","24,20,15","43,38,33","63,59,54","114,104,104","159,141,147","170,149,157","176,154,160","176,153,156","174,151,151","176,149,148","179,150,147","179,149,144","184,150,145","190,150,148","190,148,146","192,145,144","195,146,147","202,151,154","206,154,157","208,157,157","212,161,160","217,166,165","217,167,166","216,166,165","215,167,165","215,167,165","218,172,169","219,174,171","219,175,172","221,177,174","221,179,176","223,181,177","224,182,178","225,183,178","227,184,178","228,185,180","229,185,180","227,184,180","225,181,178","224,182,178","224,183,179","222,182,179","222,182,180","224,184,184","228,188,188","230,191,191","231,192,191","229,190,189","229,188,189","229,186,187","227,183,184","224,180,181","220,178,179","218,176,177","216,174,175","212,171,172","210,169,170","207,167,167","204,164,165","202,163,163","200,162,161","197,159,158","193,156,155","186,153,151","182,152,150","178,148,147","170,140,138","162,134,131","161,133,129","158,130,126","152,125,120","141,116,109","136,111,103","129,105,95","127,104,93","135,113,101","147,125,112","155,133,120","158,135,124","160,136,126","163,139,129","165,141,131","169,143,134","169,142,133","168,140,129","167,139,128","165,135,125","163,133,122","164,131,120","164,130,120","161,127,117","154,119,108","145,109,99","138,103,94","133,100,92","128,95,88","122,90,83","117,86,80","105,75,69","81,53,46","60,33,26","53,26,22","64,38,33","69,45,40","62,41,35","55,33,28","52,30,25","53,34,28","51,32,27","58,40,35","55,39,34","53,38,33","45,30,25","35,20,15","44,31,25","43,30,24","38,25,19","39,27,21","40,28,22","42,31,25","44,32,26","46,36,30","52,40,33","61,44,36","58,39,30","58,40,30","73,55,45","86,68,58","82,64,54","75,58,48","71,54,44","65,48,38","62,46,35","52,38,27","44,30,19","45,31,20","48,35,24","48,35,23","47,34,24","44,30,21","45,29,19","53,36,26","59,41,29","60,42,30","62,42,31","61,43,31","59,41,29","61,43,33","62,47,38","60,46,38","55,43,36","74,63,58","85,77,72","86,78,78","87,82,83","74,67,69","59,51,50","57,48,46","51,42,39","43,34,30","42,32,27","44,34,29","61,53,47","87,80,76","75,70,68","84,80,78","83,81,81","55,50,54","84,75,83","58,48,59","131,113,99","133,117,101","127,112,99","109,98,84","107,100,87","116,110,98","103,99,89","64,61,53","58,56,51","75,72,69","93,89,87","103,97,98","96,87,90","98,88,93","118,111,115","120,119,120","110,110,110","132,131,131","129,127,128","117,115,116","131,129,130","118,115,116","96,92,93","100,96,97","108,102,104","107,101,103","111,105,107","119,113,115","113,106,108","101,92,94","103,93,94","110,97,100","108,93,95","106,92,92","108,94,94","112,98,96","123,108,105","127,112,108","123,108,102","114,98,90","111,94,86","106,89,79","89,72,61","95,79,66","111,94,84","108,89,82","74,55,48","59,41,30","68,50,38","79,61,48","75,57,42","52,33,18","40,19,5","58,36,22","86,64,51","96,74,61","85,61,51","66,42,32","57,32,25","56,33,26","59,40,34","63,44,37","51,31,23","52,31,22","65,42,33","65,41,31","67,42,32","77,52,41","76,52,40","68,45,35","86,64,53","81,61,52","52,32,26","47,29,22","46,29,23","48,33,27","51,37,31","50,36,30","53,39,33","51,38,32","42,28,23","36,24,20","42,31,28","38,28,25","29,21,18","29,24,20","25,21,17","32,29,25","72,70,66","117,108,108","143,126,133","152,132,139","165,144,148","173,151,154","173,149,149","172,147,145","178,150,146","179,149,144","181,148,143","185,147,144","187,146,144","190,147,147","194,149,150","199,151,154","203,152,155","206,155,155","210,159,158","215,164,163","216,166,165","216,166,165","216,167,166","216,168,166","218,172,169","219,174,171","219,175,172","222,178,175","223,180,177","225,183,180","226,185,181","228,186,181","229,185,180","226,182,177","226,182,178","229,185,182","230,186,183","226,184,181","221,180,178","224,183,181","224,183,181","224,184,184","226,186,186","228,189,188","228,189,189","227,187,187","226,186,186","226,183,184","224,180,181","220,176,177","217,174,175","215,173,174","212,171,172","209,169,169","207,167,167","203,164,164","200,162,162","197,161,160","195,159,158","192,156,155","188,153,152","183,150,148","179,149,147","174,144,142","167,137,135","161,132,129","160,132,128","156,128,124","149,121,117","134,109,102","124,99,91","126,102,92","139,116,105","148,126,113","154,132,119","160,138,125","164,141,130","165,141,131","166,142,132","168,144,134","171,145,136","170,143,134","169,141,130","168,140,129","166,136,126","166,135,125","167,133,123","165,131,121","159,125,115","152,117,106","146,110,99","141,106,97","137,103,96","131,98,91","127,94,87","123,92,85","115,85,77","93,64,57","70,41,36","54,26,22","62,34,30","69,44,39","69,45,40","59,35,31","51,29,24","54,34,29","54,35,30","59,41,37","52,35,31","53,36,31","50,35,30","36,21,16","41,27,22","46,32,26","48,35,29","51,38,32","50,38,32","48,36,30","52,41,35","59,48,42","64,51,44","61,44,37","54,34,26","58,39,29","81,63,53","95,77,67","87,69,59","79,62,52","78,61,51","67,50,40","57,41,31","49,35,24","47,33,22","47,33,22","47,34,23","49,37,25","47,34,24","45,31,22","49,33,24","60,43,33","66,48,36","66,48,36","66,46,35","67,47,36","67,49,37","70,52,42","64,48,40","57,44,36","63,51,45","99,89,84","120,112,108","125,119,117","121,117,115","99,94,92","71,66,63","56,48,44","48,39,35","57,46,43","71,61,57","78,69,64","89,81,77","93,87,83","71,65,64","88,83,82","72,70,70","58,53,58","73,65,73","49,40,50","122,108,95","124,110,97","120,108,96","104,95,83","106,100,89","116,112,102","104,101,93","61,59,53","56,55,50","76,73,71","90,86,85","95,90,92","89,83,86","93,84,90","112,106,110","116,115,116","107,106,107","126,124,125","118,116,117","110,107,108","130,127,128","111,107,108","93,89,90","104,99,101","107,101,103","106,99,102","112,106,108","121,115,117","112,106,108","95,85,88","89,79,80","101,88,90","102,87,89","98,84,83","94,80,80","96,81,80","111,96,93","120,105,100","108,93,88","99,82,75","122,105,98","106,89,81","61,44,34","75,58,48","86,69,60","89,70,64","73,54,48","63,45,36","74,56,45","78,60,47","57,38,24","40,21,7","34,13,1","59,37,24","92,70,57","94,72,59","70,47,36","53,29,19","54,29,22","60,38,30","66,47,40","64,47,38","53,34,24","62,41,30","82,60,48","82,59,47","78,55,41","84,61,48","85,61,49","71,49,36","76,54,43","73,53,44","58,40,30","55,38,30","48,32,26","53,38,33","51,37,32","44,31,26","46,33,27","46,34,28","38,27,22","36,26,21","39,29,26","37,30,27","19,13,10","39,35,31","38,34,31","53,50,46","124,122,118","145,137,136","117,100,103","114,95,98","133,113,114","163,142,142","178,155,153","178,153,149","176,149,145","178,149,143","177,146,141","179,144,141","183,145,143","188,148,148","191,151,152","194,151,153","198,151,153","203,153,153","208,157,156","212,162,161","214,164,163","215,165,164","216,167,165","217,169,167","217,172,169","218,173,170","219,175,172","222,178,175","225,181,178","227,184,181","228,186,182","229,185,181","227,182,177","225,180,177","226,182,179","230,186,183","231,187,184","228,186,184","225,183,182","225,184,182","224,183,181","223,183,183","224,184,184","226,186,186","224,184,184","223,182,182","223,180,181","223,179,180","220,176,177","217,173,174","214,171,172","211,169,170","209,168,168","205,167,166","202,164,163","198,163,161","195,161,159","193,159,157","191,157,155","188,154,152","183,151,148","179,148,146","175,145,143","169,139,137","164,134,132","159,130,127","154,126,122","146,118,113","137,109,105","131,106,99","130,105,98","138,114,104","150,127,116","157,135,122","159,137,124","162,140,127","166,143,131","169,145,135","170,146,136","171,147,137","172,145,136","171,144,135","170,142,131","168,140,129","168,138,128","170,139,129","171,137,127","164,130,120","157,123,113","150,115,104","147,110,100","144,109,100","140,105,98","133,99,93","129,96,89","128,96,89","122,92,84","103,74,68","83,54,48","66,38,33","60,33,29","63,38,33","69,44,39","60,36,32","51,29,24","53,32,27","59,39,35","63,44,40","48,30,26","51,34,29","65,47,42","47,32,27","43,28,22","46,31,26","52,38,33","59,46,40","55,42,35","47,35,28","50,38,32","55,44,38","53,41,33","51,34,27","46,26,17","53,35,25","81,63,53","97,79,69","86,68,58","80,63,53","80,63,53","66,49,39","51,36,25","45,31,20","47,33,22","45,31,20","42,29,17","43,31,19","43,30,20","43,29,20","49,32,24","58,41,33","63,45,34","60,42,31","60,40,29","59,41,29","62,45,33","67,52,42","62,49,40","57,45,38","69,59,53","105,96,92","119,111,108","119,114,110","104,100,95","76,71,65","61,54,47","60,52,44","61,51,44","74,63,57","87,77,71","90,81,75","105,97,93","99,93,90","81,76,75","102,99,99","63,61,63","53,51,56","68,63,70","60,55,64","117,105,94","114,105,93","111,102,93","101,94,85","108,103,93","117,114,106","100,99,93","59,58,54","60,59,56","80,79,77","89,88,88","92,87,91","87,82,86","89,83,89","104,98,102","117,115,116","110,108,109","119,116,117","110,107,108","108,104,105","127,123,124","108,104,105","94,89,91","104,98,100","104,96,98","97,88,91","102,93,96","118,109,112","124,115,118","118,109,111","117,106,108","110,98,99","101,87,87","102,88,88","105,91,90","104,89,88","110,95,92","118,103,99","124,109,105","122,106,100","117,100,92","93,76,68","88,71,63","107,90,82","84,66,59","78,59,53","85,66,59","79,61,53","80,61,51","69,51,39","47,28,15","46,27,13","48,27,13","73,51,37","102,80,66","94,72,59","68,44,34","57,33,23","63,38,31","67,45,37","71,54,44","72,55,45","66,47,37","84,63,52","108,86,74","104,81,68","92,69,53","86,63,49","89,67,52","77,55,41","69,47,34","65,46,34","62,44,34","59,43,33","44,30,22","46,32,27","41,27,24","35,21,18","42,30,26","49,38,34","43,33,30","38,30,27","34,27,23","33,28,24","14,10,9","41,37,34","57,53,50","91,87,85","153,151,149","140,131,129","95,77,77","94,74,73","115,94,91","148,125,121","167,144,139","173,148,142","177,150,144","178,149,143","177,147,142","177,146,143","180,146,144","184,149,149","186,151,152","188,152,154","194,152,153","200,152,151","205,155,154","209,160,158","211,162,160","212,164,162","214,166,164","216,169,167","215,170,167","216,171,168","218,173,170","220,176,173","223,179,176","225,181,178","226,182,179","226,182,179","226,181,178","228,183,180","228,183,180","227,183,180","227,183,180","225,181,180","226,182,181","223,181,182","221,179,180","220,178,179","221,179,180","221,181,182","220,180,181","219,178,179","219,176,178","220,175,176","217,172,173","214,170,171","211,168,169","209,167,168","207,167,166","203,166,164","200,163,161","195,161,159","191,159,156","188,158,154","186,156,152","182,153,149","179,150,146","176,146,143","172,142,140","166,136,133","160,131,127","153,124,120","144,116,112","134,107,100","129,103,96","132,107,100","147,122,115","156,132,122","156,133,123","161,139,128","167,145,134","167,145,134","168,145,134","171,147,137","171,147,137","171,147,137","172,145,136","171,144,135","171,143,132","170,142,131","172,142,132","171,140,130","171,137,127","164,130,120","156,122,112","152,117,106","148,112,101","143,108,99","139,105,96","135,101,94","130,96,90","128,95,88","124,93,85","109,80,74","95,66,60","81,54,47","63,36,30","57,31,26","64,39,34","64,41,35","59,36,30","58,35,29","66,46,39","73,54,48","54,35,29","56,38,31","81,64,57","68,51,44","51,34,27","47,32,25","54,39,32","62,47,40","59,46,38","51,38,30","52,39,31","53,40,32","48,34,26","50,32,25","49,29,21","55,37,27","76,58,48","88,70,60","79,61,51","73,56,46","72,55,45","60,43,33","48,32,22","43,29,18","44,30,19","41,27,16","36,23,11","35,23,11","34,21,12","34,21,13","39,25,16","48,34,25","52,35,25","50,32,22","50,32,20","54,37,25","61,43,33","62,48,38","59,45,37","58,46,39","68,59,53","96,86,83","100,92,87","94,89,80","83,79,68","64,58,46","56,49,38","64,56,45","75,66,54","96,86,76","104,95,85","96,88,81","118,110,105","104,99,96","81,76,75","88,85,86","46,45,47","54,53,58","79,76,83","79,77,83","118,111,102","114,107,98","109,103,94","104,99,91","115,112,104","122,121,115","100,99,94","59,58,55","64,63,60","83,81,81","87,85,87","89,86,90","87,83,88","86,82,88","97,92,96","120,116,116","114,111,111","110,106,107","99,95,95","101,96,96","113,108,109","103,96,98","93,85,87","98,91,93","99,90,92","91,82,84","94,85,87","114,104,107","129,120,122","131,121,122","129,117,119","109,97,98","95,81,81","100,86,86","110,96,95","108,93,92","109,94,91","113,98,95","119,104,100","131,114,109","130,113,107","118,100,94","120,103,95","114,97,90","88,71,64","82,63,59","95,76,72","90,71,65","78,59,51","62,44,33","50,31,18","56,37,23","65,44,30","87,65,51","103,81,68","89,67,54","68,44,33","66,42,31","70,45,37","67,46,36","74,56,46","85,68,57","89,71,59","108,89,77","127,107,93","118,96,81","102,80,63","90,68,52","98,77,60","87,65,50","66,47,33","59,41,29","64,46,35","62,46,36","43,29,22","46,33,29","40,27,25","33,20,17","38,27,24","43,34,30","36,29,25","30,25,22","21,16,13","42,39,36","50,48,45","62,59,57","71,69,66","120,117,117","170,168,166","137,129,126","90,74,70","99,79,74","114,94,88","133,111,104","148,125,117","162,137,129","174,148,140","177,150,142","179,151,144","179,151,147","179,149,146","179,149,147","180,150,151","184,153,155","191,153,154","198,153,152","203,155,154","207,159,157","208,161,159","209,162,161","212,165,163","213,168,166","213,169,166","214,170,167","216,171,169","218,173,171","219,175,173","221,177,175","222,178,176","223,179,176","222,177,174","222,178,175","222,177,175","223,178,176","223,179,176","220,177,176","219,176,176","220,178,179","218,176,177","216,175,176","216,175,176","216,176,177","216,177,178","215,175,176","216,174,175","216,172,173","213,169,170","209,166,167","207,165,166","205,165,165","203,165,164","199,164,162","195,161,159","191,159,157","187,157,154","184,156,152","182,154,150","178,151,147","175,148,144","172,144,140","168,138,136","161,131,128","153,124,120","144,116,111","136,109,104","134,107,101","139,112,105","143,118,111","157,132,125","164,140,131","163,139,130","165,143,133","171,149,139","173,151,141","172,149,139","173,149,139","173,149,139","173,149,139","174,147,138","173,146,137","174,146,135","173,145,134","174,144,134","171,140,130","169,135,125","164,130,120","158,124,114","154,119,108","150,114,102","144,108,99","142,107,99","140,105,98","134,99,92","129,96,88","125,92,84","115,85,79","106,77,70","94,65,59","75,48,41","63,36,31","63,38,32","67,42,37","65,41,35","62,39,33","71,50,44","89,69,64","73,54,48","69,50,44","94,75,69","81,63,56","57,39,32","51,34,26","56,39,32","60,44,37","60,44,37","56,43,34","55,41,33","53,40,31","51,36,28","57,39,30","58,39,30","60,42,32","69,51,41","74,56,46","71,53,43","66,49,39","63,46,36","54,37,27","49,33,23","46,32,21","44,30,19","42,28,17","37,24,12","34,22,10","31,19,10","31,19,11","34,21,13","41,28,19","44,28,18","44,28,18","49,32,21","55,39,28","60,44,33","57,44,34","55,43,35","56,47,40","63,55,49","86,78,74","91,84,79","86,81,71","82,78,63","70,64,48","70,64,48","90,81,67","103,94,81","113,103,91","113,103,93","101,93,85","109,102,96","92,87,85","84,81,81","83,82,84","44,43,47","46,46,51","80,80,85","76,76,80","115,111,102","108,105,96","103,100,92","101,98,91","115,114,108","121,120,115","94,93,88","54,53,50","63,62,60","80,78,78","83,81,84","85,83,88","86,84,89","83,81,86","90,87,90","114,110,110","111,106,105","95,90,90","83,77,77","86,80,80","91,85,85","88,80,81","85,76,77","92,83,84","100,90,91","100,90,91","102,92,93","115,105,106","121,110,111","114,102,104","100,88,89","98,86,86","98,84,84","102,88,87","100,86,85","94,79,79","103,87,86","108,93,91","104,89,86","125,108,104","142,124,121","143,125,121","130,112,107","92,74,69","80,62,57","82,63,60","92,72,70","84,65,61","67,48,41","55,36,27","54,35,24","60,40,28","78,57,43","98,76,62","103,81,68","84,62,49","70,47,34","76,52,40","75,51,41","64,43,32","72,56,46","97,81,70","110,93,81","126,108,95","135,116,101","120,100,85","105,84,68","98,77,60","113,92,75","100,79,64","71,52,38","59,41,29","68,51,39","67,52,42","44,30,23","41,27,25","38,25,24","31,20,18","35,25,22","39,31,28","35,30,27","35,32,29","39,37,34","74,73,71","93,93,91","80,79,77","86,85,84","152,150,151","185,182,182","136,128,125","100,83,77","106,86,78","113,92,83","126,104,94","145,121,112","161,135,125","168,141,132","176,149,140","181,154,145","182,155,149","180,152,148","175,149,145","175,149,148","180,154,154","189,155,155","196,154,154","201,156,155","204,159,158","205,160,159","206,161,160","209,164,163","210,167,166","211,167,166","211,169,167","213,169,168","214,171,170","216,172,171","217,174,173","219,175,174","217,173,171","212,168,165","209,165,164","210,167,166","218,174,173","223,180,179","221,178,179","215,174,175","217,175,176","214,173,174","212,172,173","212,172,173","213,173,174","213,174,175","212,173,174","212,171,172","211,168,169","208,165,166","205,163,164","203,162,163","201,162,162","199,162,160","195,160,158","190,158,155","186,157,153","183,155,151","179,154,149","176,152,147","173,149,143","170,145,140","168,141,137","163,135,131","155,126,122","146,117,113","136,109,103","133,106,99","142,115,108","158,131,124","162,137,130","162,137,130","166,141,134","171,146,139","171,148,140","170,147,139","174,151,143","175,152,143","175,151,141","175,151,141","175,151,141","176,149,140","176,149,140","177,149,138","177,149,138","176,146,136","170,139,129","166,132,122","163,129,119","160,126,116","156,121,110","152,116,104","147,110,100","148,111,103","147,112,104","140,106,97","131,98,89","126,93,84","122,91,83","116,87,79","106,77,71","94,66,59","78,51,44","67,42,36","65,40,35","64,40,34","61,38,32","73,50,44","105,84,77","96,76,69","84,64,57","101,82,75","86,67,60","61,42,35","55,37,30","59,41,34","59,42,34","59,42,34","58,42,34","54,39,30","52,38,29","54,39,30","58,40,31","60,41,32","59,41,31","59,41,31","62,44,34","67,49,39","65,48,38","58,41,31","48,31,21","53,37,27","50,36,25","47,33,22","46,32,21","44,31,19","38,26,15","38,27,18","37,27,18","39,26,18","41,28,20","41,27,17","41,27,16","49,34,23","56,41,31","58,44,34","60,47,38","64,54,46","69,60,53","69,62,57","88,82,78","98,92,87","98,93,81","94,88,71","85,78,60","96,89,71","128,119,102","132,123,107","107,98,83","90,80,69","92,84,75","98,92,86","91,86,83","95,92,92","81,80,83","46,46,52","45,46,51","82,83,87","70,71,72","108,107,99","105,104,96","94,93,86","98,97,90","110,109,104","122,120,116","97,94,90","60,57,55","65,62,60","83,80,80","86,83,85","84,80,84","85,81,86","79,77,81","86,82,85","107,102,104","92,84,85","70,62,62","67,59,60","77,69,70","79,70,71","79,69,70","88,78,79","98,88,89","95,85,86","93,82,84","105,93,95","109,98,99","97,85,87","93,81,82","98,86,86","100,88,88","105,91,91","108,94,94","108,94,94","108,93,93","114,98,98","118,103,102","117,102,100","127,110,107","135,117,115","139,121,119","138,120,117","122,104,101","116,98,95","102,82,83","102,82,82","100,81,79","92,73,68","75,56,49","64,45,35","66,46,34","88,67,53","98,76,63","96,74,60","86,64,51","82,58,46","81,57,45","75,51,41","68,47,36","75,59,48","92,77,65","116,99,87","133,114,102","125,106,91","98,77,63","79,58,43","98,77,62","124,102,87","117,98,84","76,57,43","57,39,27","68,52,40","64,50,40","52,38,31","40,26,24","41,27,27","31,21,20","37,30,27","44,39,37","43,39,37","55,54,51","80,81,80","111,113,111","91,92,91","69,68,67","122,122,123","191,190,192","191,188,189","137,129,126","108,91,84","112,92,83","113,92,82","129,106,96","150,124,114","158,131,120","166,138,128","173,146,135","178,150,141","182,155,146","181,156,150","177,154,149","174,152,148","176,153,150","182,152,150","190,151,149","195,153,152","200,158,157","203,161,160","206,164,162","207,165,164","206,166,164","209,167,165","209,168,166","212,170,168","212,171,169","214,173,171","215,174,172","216,174,172","214,172,170","209,167,164","207,165,163","208,167,165","214,172,172","219,177,177","217,177,177","213,174,173","213,173,174","212,172,173","211,172,173","210,172,173","210,172,174","208,171,173","207,170,171","205,167,167","204,165,165","203,164,164","200,163,162","200,163,162","200,165,163","198,163,161","191,158,156","184,154,151","184,155,151","183,156,151","178,154,149","172,150,144","167,146,139","165,143,138","168,142,136","161,133,127","146,117,112","136,107,102","137,109,102","145,118,111","157,130,123","165,138,131","167,142,135","167,142,135","171,146,139","175,151,144","176,153,146","174,151,144","175,152,145","174,151,142","173,149,139","174,150,140","176,152,142","180,153,144","180,153,144","179,151,140","177,149,138","173,143,133","169,138,128","167,133,123","164,130,120","160,126,116","158,123,112","155,119,107","151,115,105","150,113,104","148,112,103","142,107,98","136,102,93","130,97,88","126,93,84","119,89,80","110,81,73","105,76,69","92,65,58","78,52,45","69,44,37","66,41,34","65,42,35","65,42,35","89,67,59","107,85,78","103,81,73","97,75,67","87,66,58","71,52,44","56,38,29","58,40,31","61,44,34","70,53,43","77,60,51","73,56,47","65,49,39","61,45,35","57,40,30","56,37,28","54,35,25","53,35,25","59,41,31","63,45,35","60,43,33","55,38,28","52,35,25","57,41,31","56,42,31","53,39,28","54,40,29","56,43,32","54,42,32","56,45,36","53,44,36","51,41,32","48,37,29","49,36,27","51,37,27","55,42,31","60,47,36","65,52,43","74,63,54","77,67,59","80,72,65","79,74,69","116,111,108","124,121,115","131,125,112","142,135,117","118,110,91","104,96,78","140,132,114","136,127,111","102,93,78","94,84,73","88,80,70","94,88,82","95,92,89","90,88,89","71,72,75","43,43,50","64,67,72","89,91,92","62,64,62","91,92,84","97,98,90","89,89,81","87,87,79","91,89,84","106,103,99","94,89,86","64,59,57","60,55,54","76,71,71","89,85,86","91,87,89","89,84,86","77,73,76","86,81,83","110,102,103","97,88,89","77,68,69","74,65,66","77,68,69","77,68,69","84,74,75","100,90,91","109,97,99","104,92,94","99,87,89","108,96,98","109,94,97","99,84,87","100,86,88","114,102,102","116,103,103","118,104,104","118,104,104","118,104,104","122,107,107","128,112,112","131,115,115","132,116,115","133,116,114","135,117,115","138,120,118","141,123,121","141,123,121","139,121,120","132,112,113","130,110,112","134,115,114","133,114,111","116,97,91","96,76,68","87,67,57","99,77,65","98,76,63","90,68,55","90,68,55","92,68,56","83,59,48","74,51,40","70,49,39","77,61,51","95,80,69","113,96,85","108,91,79","85,66,53","65,44,31","60,38,24","93,72,58","127,106,92","133,114,100","86,68,56","61,44,32","67,53,41","63,48,38","58,44,38","43,30,28","42,29,29","38,28,27","45,38,36","46,42,41","47,46,44","73,74,72","109,113,112","121,124,123","83,87,86","96,97,98","159,159,162","199,199,201","194,191,193","144,136,134","115,99,92","118,99,88","116,93,83","131,106,95","149,122,111","155,127,115","167,137,126","172,142,131","176,147,137","182,154,143","184,157,148","180,158,150","177,157,151","177,155,150","181,153,150","186,152,149","190,154,150","193,157,154","197,160,157","200,162,159","202,164,161","203,165,162","206,167,164","206,168,165","209,170,167","210,171,168","212,173,170","212,173,170","213,173,171","213,173,171","211,171,169","210,170,168","211,171,169","212,174,173","213,175,174","212,173,173","209,173,171","208,171,171","208,171,171","208,171,171","207,172,171","206,171,172","204,170,171","203,169,170","200,165,165","198,163,161","197,163,161","194,160,158","193,160,157","193,161,159","191,159,157","184,154,151","184,156,152","178,152,147","175,149,144","174,151,145","174,152,146","169,149,142","161,140,134","151,126,120","142,113,107","139,110,104","143,114,107","152,124,117","163,136,129","171,144,137","173,146,139","166,141,134","170,145,138","174,149,142","177,153,146","178,155,149","178,155,149","177,154,148","175,152,144","175,151,142","176,152,142","178,154,144","181,155,146","181,154,145","178,150,139","174,146,135","173,143,133","171,140,130","170,136,126","166,132,122","162,128,118","160,125,114","159,123,111","155,118,108","151,114,105","148,111,102","144,108,99","140,106,97","134,101,92","128,95,86","123,90,81","119,90,82","115,86,79","105,78,71","89,62,55","74,48,41","64,39,32","63,38,31","59,34,27","66,43,33","90,67,58","103,81,71","97,74,65","88,67,57","77,55,46","61,42,31","60,41,31","64,46,35","73,55,44","82,64,53","83,66,54","77,60,49","69,52,42","62,42,33","56,37,28","53,34,25","54,36,26","58,40,30","60,42,32","56,39,29","53,36,26","54,37,27","56,40,29","55,41,30","56,42,31","61,47,36","68,55,44","70,59,49","58,49,40","52,43,36","50,41,33","48,38,29","49,38,29","52,39,30","54,42,32","58,46,35","66,54,45","76,67,58","80,72,64","85,79,73","90,86,81","138,135,131","147,145,139","154,149,135","153,146,128","136,128,109","89,81,62","100,92,74","106,97,80","79,70,55","80,71,60","76,67,59","98,92,86","104,101,98","92,92,93","72,73,76","48,49,56","83,86,92","82,84,83","55,58,52","89,92,83","108,109,101","109,109,101","101,100,93","97,94,89","108,104,99","107,101,97","98,90,88","86,78,77","77,69,68","78,71,71","80,74,74","82,77,76","79,75,75","98,93,92","123,114,114","117,108,107","104,94,93","98,88,87","97,87,86","96,85,85","104,92,92","113,101,101","114,100,101","116,102,102","116,102,102","110,95,96","109,93,94","112,97,98","109,95,95","107,95,95","113,100,100","117,103,103","113,99,99","109,95,95","114,99,100","126,110,111","131,115,115","131,115,115","132,115,115","135,117,117","138,120,120","138,120,120","136,118,118","133,114,116","127,106,111","128,107,112","131,111,113","133,113,112","129,110,105","119,99,93","107,87,77","108,86,74","98,76,63","89,67,54","94,72,59","96,72,60","83,59,47","73,49,38","72,51,40","80,64,55","96,83,74","91,76,67","64,47,36","43,25,12","43,24,10","48,29,15","73,53,40","113,94,80","134,115,102","94,76,65","65,49,39","67,53,44","63,49,41","62,48,44","45,31,31","37,25,27","46,36,37","57,50,51","59,57,58","77,79,77","114,119,117","143,150,149","113,119,119","86,92,92","147,151,154","187,189,192","195,195,199","195,192,196","152,143,143","123,106,99","122,103,92","120,96,86","130,104,94","145,117,106","155,125,114","168,137,124","174,142,129","177,145,134","182,152,141","185,157,146","183,159,149","182,159,150","181,159,152","183,158,153","186,157,153","187,156,153","187,156,153","189,157,154","191,158,155","194,160,158","196,162,160","200,165,163","202,167,165","204,169,167","205,170,168","207,172,170","208,172,170","209,171,170","208,171,170","209,172,170","209,174,172","209,173,171","206,172,170","204,170,168","203,169,168","202,169,168","203,170,169","202,170,169","202,170,170","202,170,170","200,168,169","199,167,168","197,166,168","196,166,165","196,166,163","194,165,161","190,161,157","187,158,154","187,159,155","185,157,153","180,152,148","179,154,149","175,150,145","173,148,143","169,146,140","164,141,135","156,133,127","147,124,118","140,114,108","142,114,106","154,125,117","165,136,128","169,142,133","171,144,135","173,146,139","175,148,141","169,144,137","173,148,141","176,151,146","178,154,149","179,156,150","180,156,151","179,155,150","180,156,150","181,157,148","181,157,147","181,157,147","183,156,147","180,153,144","176,148,137","172,144,133","176,146,136","174,143,133","172,138,128","167,133,123","163,129,119","161,126,115","160,124,112","157,119,109","154,116,107","150,113,104","147,110,101","143,108,98","137,103,93","131,98,89","126,94,84","121,91,81","120,92,82","115,86,78","103,75,67","89,62,53","78,51,43","72,46,39","63,38,29","51,27,16","60,36,26","87,63,51","95,71,61","84,62,49","74,51,40","66,44,31","61,40,28","62,42,29","62,42,30","68,49,36","80,61,48","84,66,54","78,60,48","68,49,39","63,43,34","60,41,31","59,41,31","62,44,34","63,45,35","59,42,32","58,41,31","60,43,33","56,40,29","49,35,24","50,36,25","57,43,32","62,49,38","60,49,38","59,51,43","57,50,43","54,47,39","52,43,35","52,42,33","53,43,33","55,45,35","60,50,40","68,58,49","74,65,56","82,74,66","91,85,80","99,95,91","141,139,135","151,150,143","152,147,134","130,121,105","143,134,118","110,100,84","107,96,80","115,104,89","77,68,54","81,71,61","108,100,92","138,132,128","122,119,118","108,107,110","77,77,82","50,53,59","74,78,82","65,68,64","59,62,52","118,121,112","138,141,132","148,148,139","144,142,134","144,139,133","148,142,137","144,135,131","142,132,129","130,119,117","108,98,95","90,81,79","87,79,77","95,88,85","93,87,86","103,97,95","115,105,104","109,98,97","97,87,86","97,86,86","105,94,94","104,93,93","104,91,91","112,99,99","112,98,98","115,100,100","118,103,104","107,91,92","108,92,93","118,101,102","110,94,95","105,91,91","108,96,95","111,97,97","109,95,95","108,94,94","114,99,100","125,109,110","126,110,111","125,109,110","127,110,110","130,112,112","132,114,114","131,113,113","128,109,111","124,105,108","124,103,110","125,104,111","121,101,104","117,97,97","120,101,98","123,103,97","117,97,89","117,96,85","111,89,76","104,82,69","106,84,71","100,76,64","81,57,45","74,51,39","78,58,48","85,69,61","85,72,64","64,50,43","40,25,16","41,23,12","49,30,18","43,23,11","50,30,19","85,65,55","112,94,82","86,69,60","67,50,42","69,55,48","67,53,47","72,58,56","60,46,48","50,39,41","63,53,55","81,76,77","100,99,99","127,130,130","151,159,157","147,156,155","98,107,107","113,120,122","173,178,181","192,195,199","204,205,209","200,196,201","162,153,154","127,111,106","122,103,95","123,101,91","132,105,96","144,115,104","156,124,113","168,134,122","174,139,126","178,143,130","183,150,137","184,153,142","183,155,144","182,157,145","181,158,148","182,159,151","184,159,154","186,159,155","186,160,155","187,159,155","187,159,155","187,159,155","188,159,155","194,164,160","196,166,162","197,167,163","200,168,165","202,168,166","202,168,166","202,168,166","200,167,165","200,167,165","203,170,168","202,170,168","198,167,164","194,163,161","194,163,161","194,165,163","196,166,164","195,166,165","195,166,166","194,167,166","193,166,165","192,164,164","191,163,164","190,164,161","189,165,160","187,164,158","183,160,154","181,157,152","183,158,153","181,156,151","175,151,146","169,145,139","174,150,144","173,149,143","160,137,131","144,120,115","136,112,106","137,113,107","152,126,118","167,138,129","173,144,135","176,147,138","173,146,137","171,144,135","173,146,139","176,149,142","174,149,143","177,152,145","180,155,150","182,158,152","182,159,153","183,159,154","183,159,154","184,160,153","184,160,151","183,159,149","182,158,148","183,156,147","181,154,145","178,150,139","174,146,135","177,147,137","175,144,134","173,139,129","168,134,124","163,129,119","161,126,115","160,124,112","158,120,110","155,117,108","152,115,105","149,112,102","146,109,100","140,106,96","135,101,91","128,96,87","121,91,81","123,93,84","122,93,85","116,87,79","104,77,68","93,66,57","85,58,49","75,50,39","60,35,23","58,33,21","75,51,38","84,59,47","81,57,44","76,53,40","69,47,33","61,39,26","61,40,27","57,38,24","62,42,28","80,61,46","90,71,57","82,64,49","69,50,38","64,44,34","62,43,33","61,43,33","63,45,35","63,45,35","61,44,34","62,45,35","67,50,40","63,47,37","61,47,36","68,54,43","82,68,57","89,76,65","85,74,64","71,63,55","61,56,50","55,48,40","48,41,33","46,37,28","48,38,29","52,43,32","60,50,40","69,60,51","70,62,53","76,70,63","84,80,75","92,90,86","123,123,120","129,128,124","129,122,114","110,100,87","102,92,78","86,75,61","88,76,63","89,77,65","78,68,57","96,88,78","126,118,113","141,137,133","110,108,107","109,108,111","83,85,90","51,55,62","54,59,63","54,58,50","68,72,56","123,125,114","134,137,126","144,144,134","148,144,135","157,151,143","153,144,138","138,128,124","138,126,122","137,125,121","132,120,117","118,107,104","115,104,101","125,116,113","114,105,103","104,95,93","111,101,100","114,102,102","106,94,94","104,92,92","108,96,96","108,95,95","110,96,96","115,101,101","111,97,97","111,95,96","115,99,100","110,94,95","113,97,98","121,102,104","113,97,98","121,107,106","119,107,105","119,105,104","119,105,105","121,107,107","125,110,111","128,112,113","125,109,110","122,106,107","123,105,107","126,107,109","127,108,110","126,107,109","122,103,107","120,100,105","123,102,109","127,106,113","122,102,106","114,94,95","112,93,91","113,92,88","106,86,78","120,98,88","125,103,90","122,100,87","115,93,80","96,72,60","75,51,39","72,49,37","78,58,49","78,62,56","74,60,55","56,41,36","41,24,18","45,27,19","52,32,23","43,23,14","45,25,16","70,50,41","95,76,68","84,67,59","75,59,53","76,61,57","76,62,58","90,76,76","93,79,82","91,79,83","99,91,94","117,113,115","138,137,140","147,151,152","140,148,147","114,123,124","101,111,112","160,169,171","190,195,198","188,191,196","212,213,218","209,206,211","182,173,174","135,119,115","124,104,98","125,103,96","135,107,100","145,115,106","159,125,115","167,131,120","175,138,125","179,143,129","182,148,134","184,151,137","182,153,139","181,154,141","180,157,143","181,159,148","182,160,153","184,162,156","186,164,158","187,164,158","186,163,157","185,160,155","183,157,152","189,163,158","191,164,160","193,166,161","194,166,162","196,166,163","196,166,163","196,166,163","195,165,161","194,164,161","196,167,163","196,167,163","194,165,162","191,163,160","192,163,160","192,165,162","190,163,162","189,164,162","189,164,162","188,164,162","187,162,163","186,161,162","184,160,160","181,159,155","179,159,153","178,159,152","175,156,149","175,154,148","177,156,149","175,154,147","169,148,141","168,145,139","164,140,135","156,131,126","147,122,117","143,118,113","147,122,117","157,130,124","168,140,132","174,145,135","175,147,136","175,147,136","176,149,140","177,150,141","178,151,144","179,152,145","179,154,149","180,155,150","183,158,153","184,160,155","185,161,157","185,161,157","185,161,157","185,161,154","185,160,152","183,159,149","182,158,148","184,157,148","182,155,146","179,151,140","176,148,137","176,146,136","174,143,133","173,139,129","168,134,124","164,130,120","162,127,116","161,125,113","159,122,111","157,119,108","155,117,106","151,114,103","148,111,102","143,108,98","137,103,93","132,100,89","130,99,89","132,102,92","131,102,94","126,97,89","114,87,78","101,74,65","91,64,54","85,58,47","77,50,38","72,46,33","71,45,32","72,46,33","80,55,42","84,61,47","76,53,39","71,48,34","70,48,34","66,44,30","69,48,33","80,61,46","86,67,52","78,59,44","67,47,36","64,44,35","64,45,36","64,46,36","65,47,37","64,46,36","61,44,34","61,44,34","63,46,36","58,42,32","54,40,29","59,45,34","68,54,43","69,57,45","62,52,41","58,50,41","50,44,38","40,36,28","33,27,19","34,25,16","38,29,20","45,37,26","52,44,33","56,48,39","56,48,40","62,57,50","69,66,61","83,81,77","106,106,103","102,102,98","101,94,88","110,98,89","86,73,63","87,74,64","93,80,70","77,65,55","88,78,70","118,109,102","151,143,139","154,149,147","119,117,117","114,115,118","86,88,93","47,51,59","48,54,56","50,54,43","81,83,63","123,125,113","126,128,116","132,131,121","136,132,122","151,143,135","147,137,130","136,123,118","138,124,120","138,123,119","140,126,122","130,117,113","125,113,108","133,123,118","122,112,108","113,103,100","113,101,100","121,109,108","115,103,102","108,96,95","108,95,94","107,93,93","111,97,96","114,99,99","114,99,99","114,98,98","116,99,100","120,103,103","122,105,106","123,105,105","121,106,106","127,114,112","123,111,109","122,108,107","123,109,108","125,111,111","125,110,110","122,106,107","120,104,105","119,103,104","120,102,105","121,102,105","122,103,107","122,103,107","120,101,105","119,99,104","123,102,110","129,108,115","131,110,115","130,110,111","125,106,104","116,96,92","106,85,78","115,94,83","125,103,91","123,101,88","109,87,74","86,62,50","73,49,37","74,51,39","75,56,48","71,54,52","69,55,52","62,47,43","50,34,28","45,27,21","47,26,20","50,30,23","51,30,24","63,42,36","88,68,62","91,74,68","87,72,67","82,67,64","84,70,68","110,96,96","125,111,114","132,121,125","137,128,132","147,144,147","151,152,154","132,138,139","113,122,122","108,118,119","142,153,153","190,199,201","198,205,209","192,195,200","208,208,213","219,215,222","199,191,194","150,135,132","128,109,103","128,105,100","137,109,103","148,117,108","164,128,119","168,129,120","174,135,123","179,141,127","184,146,131","184,149,134","183,153,136","183,155,139","183,158,142","182,160,147","179,161,153","180,162,155","183,164,157","185,165,159","184,165,159","184,163,157","183,161,156","184,162,157","187,162,158","188,164,159","190,163,159","191,164,160","192,164,160","192,163,160","191,163,159","191,163,159","191,164,160","191,164,160","191,164,160","189,164,160","189,163,160","187,162,159","185,160,158","183,161,158","184,161,160","182,161,159","181,160,159","180,159,158","179,158,156","175,157,152","174,157,150","174,159,150","173,156,148","172,155,147","173,154,147","170,150,143","164,144,137","163,141,135","153,130,124","146,121,116","149,123,118","160,134,129","172,144,140","179,150,145","178,150,142","177,149,138","178,150,139","180,152,141","181,153,144","180,153,144","179,152,145","178,152,145","183,158,153","184,159,154","185,160,156","186,162,157","187,163,159","187,163,160","188,164,161","187,163,157","185,161,152","183,159,149","181,157,147","182,155,146","181,154,145","179,151,140","176,148,137","176,146,136","174,143,133","173,139,129","170,136,126","166,132,122","165,130,119","164,128,116","163,126,114","161,123,112","158,120,109","155,117,106","152,115,106","148,111,102","141,107,97","137,103,93","132,100,90","133,103,93","135,106,96","133,104,95","126,97,89","116,88,80","107,80,70","98,71,60","90,63,51","84,57,44","75,48,35","68,42,29","81,55,42","89,64,51","81,58,44","77,54,40","75,52,38","72,50,36","73,51,37","76,56,41","76,56,41","69,49,35","68,48,36","70,50,40","72,53,43","73,55,45","71,53,43","66,48,38","61,44,34","62,45,35","68,51,41","63,47,37","57,43,32","58,44,33","63,49,38","63,51,39","56,46,35","50,44,35","44,40,33","38,34,25","32,28,19","36,28,19","41,34,24","49,41,31","57,49,38","64,56,47","66,60,51","73,69,62","77,76,70","99,99,94","117,118,115","103,103,99","107,99,95","113,101,95","86,73,67","93,80,73","117,104,97","128,116,108","139,129,122","139,130,125","142,134,131","140,135,133","123,121,122","114,115,118","84,87,91","43,47,55","58,63,65","53,56,44","100,101,79","110,110,99","112,111,101","115,112,102","113,108,99","131,123,116","135,123,117","136,122,117","152,138,133","153,138,133","153,139,135","147,134,128","136,124,119","131,120,114","116,107,102","116,107,103","119,108,105","119,108,106","109,98,96","107,95,93","114,102,100","113,100,98","108,94,93","108,93,92","115,100,100","118,102,102","117,101,101","126,110,110","126,109,109","122,105,105","128,114,113","126,112,111","124,112,110","125,111,110","126,112,111","126,112,111","124,110,109","122,107,107","123,108,107","124,108,108","123,106,108","122,105,107","124,107,109","125,108,110","124,107,109","125,107,110","134,115,122","133,114,120","135,118,121","139,121,122","134,116,114","120,100,96","104,84,77","107,87,77","118,96,85","117,95,84","101,79,68","86,63,52","85,61,50","88,65,54","83,64,57","73,57,55","67,53,51","66,51,47","61,46,41","50,34,29","49,32,26","61,42,36","51,33,26","53,35,29","82,63,58","97,80,76","95,80,76","83,68,65","90,74,74","123,108,109","138,123,127","150,137,141","152,143,147","157,154,157","144,147,149","115,121,123","110,120,122","148,159,161","199,210,212","182,193,196","190,198,203","201,206,211","196,198,204","220,217,225","204,196,200","167,152,150","136,115,111","130,106,102","136,108,102","148,117,108","165,131,120","169,131,118","173,135,120","178,140,123","183,146,129","186,149,132","185,154,137","187,157,140","190,161,144","186,162,149","180,160,152","180,161,154","181,161,154","182,162,156","183,163,156","185,164,159","186,165,160","183,162,157","185,161,157","186,162,158","187,162,158","188,163,159","188,162,159","188,162,158","189,163,159","189,163,159","186,161,157","186,160,156","186,161,158","186,162,159","184,159,157","180,156,154","181,159,157","180,159,158","181,160,159","179,159,158","178,158,157","177,157,156","176,156,154","172,154,149","170,154,146","171,155,147","170,153,145","169,151,144","167,148,141","162,142,135","154,134,127","148,125,119","152,128,122","159,134,129","168,143,138","176,148,144","179,151,147","180,151,146","180,152,144","183,154,144","184,156,146","184,156,147","183,155,147","181,154,147","184,157,150","186,159,153","187,160,155","186,161,156","188,162,158","188,163,159","188,164,160","189,165,162","190,165,163","189,164,159","188,162,154","185,159,150","183,157,148","182,154,145","180,152,144","178,150,139","175,146,136","176,146,136","175,144,134","174,140,130","171,137,127","168,134,124","167,133,123","167,132,121","166,129,119","163,126,115","161,124,114","158,121,111","155,120,110","151,116,106","145,111,101","141,107,97","135,103,93","137,105,96","139,108,98","138,109,99","135,105,97","128,98,90","121,93,83","119,92,81","111,83,72","101,73,62","93,65,53","83,56,44","89,61,49","96,69,57","90,65,52","81,57,44","77,53,40","76,54,40","77,55,42","77,55,42","74,52,39","71,51,38","70,49,38","72,51,40","74,54,43","74,56,46","69,52,42","59,44,35","52,38,29","51,38,29","59,46,37","54,42,32","47,34,24","45,32,22","49,36,26","52,38,28","47,37,26","45,38,30","41,38,30","39,35,26","36,32,23","38,31,21","42,35,25","47,39,29","52,45,35","58,52,42","62,58,49","66,64,57","66,65,60","91,92,88","104,106,103","80,81,78","105,97,94","107,94,90","107,93,89","92,80,73","103,92,84","147,136,129","151,142,135","130,122,117","120,113,111","110,106,106","112,111,114","110,112,116","87,91,96","40,45,52","60,64,65","58,61,47","120,122,99","97,92,85","102,96,89","105,98,92","101,95,88","105,96,91","111,100,96","119,108,103","133,121,118","140,128,125","143,131,129","139,128,123","127,117,114","117,107,102","110,100,97","111,102,97","111,102,97","113,104,99","108,99,94","103,94,90","106,96,92","108,97,94","106,95,91","107,96,92","111,99,96","109,97,94","108,96,93","112,100,97","114,102,99","115,103,99","118,107,103","122,110,107","124,113,109","125,113,110","125,113,110","123,111,108","124,112,109","127,115,112","126,112,109","124,109,107","123,109,105","122,108,103","121,108,103","120,106,102","118,105,100","117,106,103","123,113,115","123,113,116","127,117,117","130,118,117","124,110,106","114,97,91","108,89,82","108,89,82","112,92,83","108,88,78","84,63,54","80,60,51","95,74,65","96,73,66","97,79,72","94,80,75","83,71,66","79,68,61","71,60,52","53,42,34","47,36,28","59,47,39","67,55,47","86,75,66","131,117,111","121,108,102","91,76,71","98,81,78","107,90,88","129,111,111","164,147,150","164,150,153","146,137,140","135,133,135","123,126,128","119,127,130","154,164,167","188,200,205","201,214,219","189,201,207","190,201,206","197,205,212","201,206,212","214,215,222","216,209,213","196,178,178","153,129,127","135,110,104","138,112,103","143,116,103","154,127,108","165,135,115","169,138,116","173,141,117","180,147,125","185,150,130","188,153,135","191,156,139","193,159,143","193,160,150","191,162,155","188,161,155","186,159,152","184,158,151","184,158,151","184,159,154","185,160,155","186,162,157","189,165,160","191,168,162","189,168,162","186,165,160","183,161,157","181,160,155","182,159,156","183,159,158","182,158,157","181,157,156","181,157,157","180,156,156","180,156,155","179,155,154","176,153,154","178,154,156","179,155,157","179,157,159","179,156,157","175,153,155","174,150,151","175,153,149","176,154,147","171,149,141","163,141,134","159,135,128","157,133,126","156,132,125","155,131,124","163,138,131","170,144,137","177,151,144","181,154,147","181,154,148","181,153,147","180,152,146","184,156,150","186,157,152","183,154,149","180,151,147","179,151,146","181,152,147","185,157,152","189,160,157","190,160,158","187,159,156","188,158,156","189,162,158","192,165,162","193,166,163","192,164,161","190,162,156","189,160,151","188,158,148","185,155,146","182,152,143","179,149,140","177,147,137","177,145,136","177,144,135","174,142,132","171,138,128","170,136,127","169,136,127","167,134,125","166,132,122","165,132,122","162,130,120","160,127,118","157,124,115","154,120,111","148,115,105","144,111,102","143,110,100","144,111,102","144,111,102","143,111,101","144,112,102","143,110,101","137,105,96","131,99,90","128,98,89","124,94,85","116,86,78","109,79,69","104,75,64","105,76,65","109,80,68","107,79,68","95,68,56","84,58,47","76,52,42","71,49,39","67,45,37","66,45,37","71,51,42","72,48,38","84,59,47","85,62,50","72,55,43","61,48,38","49,42,33","60,54,49","78,75,70","62,59,54","38,34,29","32,26,20","32,22,15","38,26,18","41,28,19","44,31,22","45,37,29","45,40,33","48,44,36","47,42,33","39,32,24","35,28,19","41,35,25","50,45,34","56,53,43","59,57,49","59,60,54","71,75,70","103,108,105","112,119,116","123,127,125","133,127,125","127,116,112","111,100,95","102,93,83","120,111,99","137,130,118","129,125,115","117,113,107","126,123,122","137,135,139","119,119,126","106,108,116","92,96,103","55,60,66","64,68,69","54,57,42","127,131,107","99,89,87","103,94,91","105,95,93","102,92,90","97,88,85","98,88,86","101,91,89","106,96,94","110,100,98","113,103,101","113,103,100","108,98,96","105,96,93","108,98,96","112,102,99","113,104,99","116,107,102","115,106,101","111,102,97","109,100,95","107,98,93","103,94,89","102,93,88","101,92,87","98,89,84","99,89,84","103,94,89","108,98,93","110,101,96","111,101,96","117,106,102","119,108,104","121,110,106","121,110,106","120,109,105","118,107,102","117,106,100","121,110,104","123,112,106","122,111,104","121,110,102","119,108,100","117,106,98","115,104,96","112,104,99","111,107,105","107,104,103","113,106,105","117,108,106","114,102,98","104,90,83","97,81,73","99,80,73","101,81,72","101,81,73","89,69,61","93,73,65","107,87,79","101,80,75","105,87,81","108,94,87","102,92,83","88,78,69","73,64,54","71,63,53","81,73,64","91,83,73","117,108,99","132,123,114","165,154,148","156,143,137","108,91,86","93,75,71","105,86,82","136,116,116","165,148,149","166,152,154","147,138,140","116,114,116","124,126,130","169,175,180","195,205,211","199,212,219","197,211,218","194,207,215","193,206,214","197,206,213","201,210,216","209,212,218","219,212,217","213,195,196","171,148,147","139,116,111","138,115,104","145,122,106","151,127,106","159,133,109","166,138,112","172,143,115","179,147,122","185,150,129","189,152,134","192,154,137","195,157,143","196,158,148","195,159,152","195,160,154","194,161,154","193,160,155","190,160,154","187,157,152","184,157,150","185,157,153","183,158,153","184,161,155","183,163,156","184,163,158","183,164,158","183,164,158","182,162,159","184,162,161","185,160,161","184,160,160","184,159,160","183,159,159","183,158,160","183,159,158","182,157,160","182,158,158","182,157,159","180,155,156","177,153,154","173,149,150","170,146,147","169,143,140","167,139,134","164,137,130","161,134,127","161,134,127","163,136,129","166,139,132","170,143,136","178,151,144","182,155,148","185,158,151","187,160,153","187,160,153","187,160,153","188,161,154","185,157,152","184,154,151","184,154,152","185,155,153","187,157,155","188,158,155","188,158,156","188,158,155","191,161,159","191,162,159","194,164,162","195,165,163","196,166,164","195,165,163","192,162,159","191,160,154","191,158,150","190,157,148","187,154,145","184,151,142","181,148,139","180,147,138","179,146,137","177,144,135","174,141,132","171,138,129","170,137,128","169,136,127","168,135,126","165,133,124","164,134,124","162,133,123","160,130,120","155,125,115","151,121,111","147,117,107","146,113,104","145,112,103","148,115,106","147,114,105","147,113,104","148,114,105","147,113,104","143,109,100","137,104,95","132,100,93","128,98,92","124,94,87","119,89,81","117,84,75","115,83,72","114,82,71","114,82,71","109,79,69","96,68,58","84,58,49","76,52,44","69,46,41","67,47,42","73,53,47","78,54,43","84,58,44","79,56,43","67,51,38","59,48,40","55,51,45","83,84,80","119,122,119","100,103,102","62,64,62","39,36,33","27,21,17","39,30,24","47,34,27","41,28,20","47,38,32","55,50,43","62,57,51","55,50,42","35,28,20","27,21,12","41,37,26","60,56,46","73,71,63","81,82,74","78,81,75","92,98,94","132,140,136","141,151,149","147,154,152","151,149,147","138,129,127","123,114,107","130,124,112","133,128,112","104,101,86","81,80,68","90,90,82","126,127,124","136,136,140","116,118,126","110,113,121","93,98,105","56,61,65","59,64,62","59,63,48","138,142,118","97,87,85","101,91,89","105,95,93","107,97,95","106,96,94","105,95,93","104,94,92","103,93,91","104,94,92","103,93,91","102,92,90","102,92,90","103,93,91","107,97,95","109,99,97","105,96,91","106,97,92","105,96,91","107,98,93","111,102,97","113,104,99","111,102,97","112,103,98","110,101,96","103,94,89","101,92,87","108,99,94","119,110,105","124,115,110","128,118,113","137,126,122","134,123,119","130,119,115","126,115,111","123,112,108","117,106,101","110,99,93","108,97,91","106,95,89","105,94,88","104,93,87","102,91,85","99,88,82","97,86,80","95,87,83","98,95,92","93,91,89","98,91,90","107,99,94","111,100,94","107,92,85","98,82,75","101,82,72","96,76,65","100,80,70","98,78,69","98,78,69","101,81,72","91,71,63","91,73,65","82,67,58","89,75,66","96,84,74","102,91,82","111,101,91","122,112,101","131,121,111","142,132,123","147,136,128","169,155,147","167,151,144","129,112,105","104,84,79","104,83,80","120,100,100","140,124,124","146,133,134","127,119,121","136,133,135","175,177,181","200,206,212","210,220,226","205,217,225","200,215,222","199,212,220","198,211,219","200,209,216","202,210,217","205,210,216","215,212,217","224,210,214","193,174,174","147,128,124","137,116,107","150,125,112","152,124,107","159,128,108","169,136,113","175,141,116","182,147,122","186,150,129","189,152,134","192,155,137","194,157,141","195,157,146","194,157,150","197,161,155","200,165,158","199,165,159","196,164,157","191,160,155","186,157,151","183,154,150","176,150,146","173,147,142","174,151,145","177,154,150","179,158,153","179,157,152","177,155,151","177,153,151","177,153,151","177,153,151","177,153,151","176,152,150","176,152,151","176,152,149","175,151,150","174,150,147","172,148,147","169,145,143","166,142,142","165,141,139","163,139,138","164,139,136","167,139,133","168,141,134","171,144,137","175,148,141","180,153,146","183,156,149","187,160,153","190,163,156","190,163,156","191,164,157","190,163,156","188,161,154","188,161,154","190,163,156","189,161,156","189,160,156","188,159,155","189,160,156","190,161,157","191,162,158","191,162,158","192,163,159","194,165,161","198,169,165","201,172,168","200,171,167","197,168,164","192,163,159","190,161,156","190,159,152","191,158,150","190,157,148","188,155,146","185,152,143","182,149,140","180,147,138","179,146,137","178,145,136","175,142,133","172,139,130","171,138,129","171,138,129","170,137,128","167,135,126","167,137,127","165,137,126","162,132,122","158,128,118","154,124,114","150,120,110","150,117,108","150,117,108","150,117,108","150,117,108","151,117,108","152,118,109","151,117,108","148,114,105","143,110,101","138,106,100","135,106,100","135,105,97","132,102,94","130,97,88","125,93,82","121,89,77","120,88,75","121,89,79","110,80,69","97,69,59","87,61,52","79,55,47","74,52,46","76,55,46","85,61,49","81,57,43","71,51,38","65,51,40","54,46,39","51,49,44","91,92,90","137,140,139","129,133,134","97,100,99","61,61,58","27,24,20","29,23,18","42,30,25","40,28,22","45,37,32","59,56,50","77,72,66","72,67,61","49,45,36","41,37,28","57,54,45","76,74,65","86,84,76","92,93,86","81,84,78","97,103,99","144,153,149","157,168,166","150,159,159","154,154,156","158,153,152","145,141,136","136,134,123","140,139,124","130,131,116","115,116,104","119,121,113","143,145,143","132,133,138","113,115,123","118,121,130","93,96,104","57,61,66","56,61,59","74,77,63","154,156,135","99,89,87","101,91,89","104,94,92","107,97,95","108,98,96","109,99,97","109,99,97","106,96,94","104,94,92","104,94,92","103,93,91","104,94,92","105,95,93","106,96,94","107,97,95","110,101,96","107,98,92","104,95,89","105,96,90","108,99,93","110,101,95","110,101,96","112,103,97","110,101,95","107,98,93","114,105,99","129,120,114","146,137,131","160,151,145","163,154,148","149,139,135","140,130,126","130,120,115","123,113,109","121,110,106","118,108,103","115,104,99","114,104,99","115,104,99","114,103,98","112,101,96","110,99,94","107,97,91","105,94,89","102,94,90","101,98,95","96,94,90","99,92,89","103,95,90","107,97,89","106,92,84","101,85,75","102,83,71","91,71,59","95,75,63","97,78,66","89,69,59","89,69,59","90,70,60","102,83,73","111,92,83","107,90,81","116,100,91","124,108,99","117,103,93","112,99,90","122,110,101","134,121,113","134,121,113","135,121,113","137,120,113","132,114,107","122,101,97","110,88,86","104,85,84","114,98,99","128,116,119","148,140,143","181,178,182","205,206,211","206,212,217","208,218,224","208,220,228","205,219,227","202,215,223","199,212,220","200,209,216","201,210,217","205,211,217","213,213,218","225,217,221","209,197,198","161,146,144","142,121,117","149,123,114","153,122,109","165,131,114","173,137,117","178,141,118","185,146,124","188,149,129","189,152,133","191,154,136","193,157,140","194,158,145","195,158,150","198,161,155","201,164,158","201,166,160","200,165,159","197,163,158","192,161,156","191,162,157","184,155,151","177,149,145","176,150,145","179,153,149","180,156,152","178,154,150","175,151,146","173,149,144","173,149,145","173,149,145","173,149,145","173,148,145","173,148,146","173,148,144","174,150,147","173,149,144","171,147,144","171,146,142","171,147,143","172,148,144","174,149,146","178,152,147","182,154,148","184,157,150","186,159,152","188,161,154","190,163,156","192,165,158","192,165,158","194,167,160","194,167,160","192,165,158","189,162,155","187,160,153","186,159,152","188,161,154","192,164,159","195,166,162","192,163,159","190,161,157","190,161,157","192,163,159","197,168,164","199,170,166","199,170,166","202,173,169","202,173,169","198,169,165","193,164,160","190,161,157","190,161,156","191,159,153","190,157,149","189,156,147","188,155,146","185,152,143","183,150,141","181,148,139","180,147,138","179,146,137","176,143,134","174,141,132","173,140,131","173,140,131","172,139,130","169,137,128","169,139,129","168,139,129","165,135,125","161,131,121","157,127,117","154,124,114","156,123,114","154,121,112","152,119,110","153,119,110","154,120,111","153,119,110","152,118,109","150,116,107","147,114,105","145,113,107","143,113,107","142,112,104","140,110,101","139,106,97","135,103,92","132,99,87","130,97,85","127,95,83","122,90,79","112,83,71","102,74,63","93,67,56","86,60,51","81,57,48","83,60,48","76,54,42","70,52,40","68,55,45","54,47,40","54,52,48","98,99,98","138,143,142","131,136,137","120,125,125","100,102,101","59,57,55","37,32,29","34,25,22","36,26,23","36,30,27","47,45,40","66,62,58","71,67,61","64,60,54","62,59,51","71,68,60","82,80,71","87,87,81","87,88,82","77,80,75","99,104,100","145,153,150","157,167,166","150,159,161","161,163,166","165,164,166","155,155,152","152,153,144","158,161,149","160,162,149","160,162,152","164,167,161","161,164,164","132,135,140","112,115,123","128,131,139","92,95,102","60,64,68","56,61,58","86,88,76","164,166,145","102,92,90","103,93,91","104,94,92","104,94,92","104,94,92","107,97,95","109,99,97","108,98,96","107,97,95","109,99,97","109,99,97","108,98,96","108,98,96","108,98,96","108,99,95","103,94,89","104,95,88","108,99,92","111,102,95","111,102,95","110,101,94","111,102,95","112,103,96","111,102,95","111,102,95","114,105,98","119,110,103","123,114,107","124,115,108","122,113,107","121,112,107","115,106,101","107,98,93","107,98,93","113,104,99","120,111,106","125,116,111","124,115,110","122,113,108","121,112,107","120,111,106","118,109,104","116,107,102","114,105,100","110,103,99","104,102,98","104,102,98","107,101,96","109,101,93","111,101,92","111,97,86","106,91,78","108,90,76","93,74,60","96,77,63","96,77,63","81,61,49","89,69,58","102,82,71","119,99,88","136,115,105","132,111,102","125,105,96","116,97,87","107,91,80","108,93,84","116,102,93","124,110,101","118,104,95","109,94,86","134,117,110","158,139,133","141,119,115","118,95,93","105,86,85","114,100,101","138,129,131","175,169,172","198,195,199","206,208,213","211,216,223","207,217,223","210,221,229","208,220,229","203,216,224","200,211,220","201,210,218","203,212,219","208,214,222","212,215,221","219,218,223","217,212,215","183,173,174","159,142,139","152,127,122","154,121,113","173,135,123","177,136,122","181,139,121","187,144,126","191,148,130","190,152,133","190,154,134","192,157,138","194,159,144","197,160,151","198,160,153","199,162,156","201,164,158","202,165,159","200,166,161","199,166,161","200,168,163","194,164,158","188,158,155","186,158,154","188,160,156","188,161,156","186,159,154","182,156,151","180,155,150","180,155,151","180,155,150","180,155,151","181,156,151","181,156,152","181,156,151","183,158,153","182,157,152","181,156,151","181,156,151","182,157,152","184,159,154","186,161,156","187,161,155","187,160,153","188,161,154","190,163,156","191,164,157","190,163,156","189,162,155","189,162,155","193,166,159","193,166,159","192,165,158","190,163,156","189,162,155","190,163,156","193,166,159","193,165,159","192,163,159","194,165,161","196,167,163","198,169,165","199,170,166","202,173,169","202,173,169","202,173,169","202,173,169","199,170,166","195,166,162","191,162,158","190,161,157","192,163,158","191,161,154","190,158,149","189,156,147","188,155,146","186,153,144","184,151,142","183,150,141","182,149,140","181,148,139","178,145,136","176,143,134","175,142,133","175,142,133","174,141,132","171,140,130","170,141,131","169,141,130","168,138,128","165,135,125","162,132,122","159,129,119","160,127,118","158,125,116","155,122,113","156,123,114","157,123,114","156,122,113","154,120,111","152,118,109","150,117,109","148,116,111","146,116,110","144,114,107","141,111,102","141,108,99","140,108,97","140,106,94","139,105,92","136,103,89","136,103,89","130,98,86","122,91,79","113,85,74","105,77,67","97,71,60","87,65,53","76,57,46","71,55,45","65,54,47","56,50,45","74,74,70","119,123,122","144,152,152","136,143,145","137,142,144","139,143,144","114,115,114","81,78,76","47,41,39","25,18,15","29,26,24","34,33,30","38,36,33","46,43,39","57,53,49","68,65,60","75,72,66","79,77,70","85,85,80","86,87,82","83,86,81","109,115,111","151,158,157","156,166,166","152,161,163","154,159,163","151,154,158","147,152,150","157,161,155","161,166,156","152,158,147","155,161,152","165,170,165","157,161,163","124,128,133","112,115,123","137,140,148","89,92,98","62,67,70","51,56,53","94,97,85","172,173,154","100,90,88","103,93,91","105,95,93","103,93,91","102,92,90","104,94,92","109,99,97","110,100,98","111,101,99","113,103,101","111,101,99","107,97,95","105,95,93","108,98,96","111,102,97","110,101,96","110,101,94","112,103,96","111,102,95","103,94,87","98,89,82","100,91,84","105,96,89","107,98,91","109,100,93","109,100,93","108,99,92","106,97,90","105,96,89","107,98,91","121,112,106","119,110,103","116,107,100","115,106,100","117,108,103","122,113,108","126,117,112","126,117,113","125,115,112","125,115,112","124,114,111","123,113,110","121,112,109","120,111,108","115,108,105","102,100,95","109,107,101","119,113,107","129,122,112","137,127,117","137,124,111","128,113,99","127,109,94","107,88,73","102,83,69","95,76,62","76,57,43","90,71,58","103,83,70","109,88,75","120,96,85","129,103,93","123,98,90","106,85,75","98,78,67","99,81,71","102,85,76","106,90,81","118,102,94","128,112,104","170,153,146","192,174,169","152,132,128","121,100,98","107,90,90","121,110,110","152,146,146","164,160,162","189,187,192","213,217,222","208,214,221","205,213,221","209,219,228","207,218,228","204,215,225","203,213,222","204,213,222","207,215,223","210,217,224","211,218,225","214,221,225","220,221,225","211,205,208","190,176,176","164,142,139","157,125,120","174,135,128","179,136,125","183,138,125","188,143,128","191,148,131","189,152,132","189,155,134","190,157,137","193,158,143","197,159,150","198,159,152","200,161,155","201,163,156","203,165,158","203,167,160","202,167,162","201,166,162","198,166,161","197,164,160","194,164,159","194,163,160","192,161,158","190,160,156","187,160,155","186,160,154","185,160,154","186,161,155","186,161,155","187,162,156","187,162,156","187,162,156","184,159,153","184,159,153","184,159,152","184,159,152","184,159,153","185,160,154","186,161,155","187,161,154","187,160,153","188,161,154","190,163,156","192,165,158","192,165,158","192,165,158","192,165,158","194,167,160","195,168,161","196,169,162","195,168,161","194,167,160","195,168,161","197,170,163","194,166,160","193,164,158","197,168,162","200,171,166","203,174,169","203,174,169","202,173,167","201,172,166","202,173,168","200,171,165","197,168,163","195,166,160","194,165,159","193,164,158","193,164,158","190,161,154","189,158,149","188,157,147","187,156,146","185,154,144","183,152,143","182,151,141","181,150,141","180,149,140","178,147,137","175,144,135","175,144,134","175,144,135","175,144,134","173,142,132","171,142,131","170,142,131","170,141,130","169,139,129","167,137,127","164,134,124","162,129,120","160,127,118","159,126,117","161,127,118","162,128,119","158,124,115","155,121,112","153,119,110","153,120,112","152,120,114","149,119,114","147,117,110","144,114,105","144,111,102","144,110,100","145,109,97","145,110,96","147,112,97","148,115,99","144,112,98","137,106,93","131,103,90","126,98,86","117,92,80","106,85,75","93,78,68","84,72,65","72,65,58","73,70,66","112,114,111","144,150,150","147,156,157","147,157,159","147,155,158","156,161,164","147,150,152","128,128,128","84,82,81","37,34,34","29,28,28","28,27,27","22,21,21","25,23,21","41,39,34","61,60,55","73,70,65","74,72,67","80,80,75","87,88,83","85,87,84","105,111,108","148,156,155","155,165,165","152,162,163","149,157,163","159,165,172","156,163,165","149,157,152","154,163,154","157,166,157","157,166,157","156,163,160","151,156,158","119,124,129","111,114,122","138,142,150","84,88,94","66,71,74","51,56,54","101,103,93","177,178,162","102,92,90","106,96,94","107,97,95","100,90,88","93,83,81","89,79,77","92,82,80","89,79,77","87,77,75","91,81,79","91,81,79","89,79,77","92,82,80","101,91,89","110,101,96","101,92,86","101,92,85","103,94,87","104,95,88","104,95,88","111,102,95","127,118,111","146,137,130","152,143,136","141,132,125","124,115,108","109,100,93","101,92,85","103,94,87","108,99,92","111,102,95","117,108,101","121,112,105","124,115,108","123,114,109","123,114,109","124,116,111","125,116,112","126,116,114","127,117,115","127,117,115","126,116,114","125,115,113","124,114,113","122,114,111","114,112,105","122,121,113","138,133,125","157,149,139","169,159,147","165,152,138","146,131,117","136,118,103","109,90,75","101,82,67","91,72,57","74,55,40","90,71,57","96,77,63","90,67,55","94,67,56","99,72,62","105,80,70","102,78,68","90,68,57","88,69,59","105,87,78","116,99,91","152,137,130","171,155,148","184,166,162","181,163,159","144,126,123","121,101,101","104,89,89","111,102,103","144,140,142","174,172,175","192,192,197","206,210,215","212,218,225","211,220,229","207,216,226","206,216,226","206,216,226","207,217,226","208,217,226","209,218,227","210,217,226","210,220,227","211,223,228","219,225,231","231,230,235","217,206,209","179,159,160","161,132,130","170,132,130","178,134,128","184,137,128","188,144,131","190,148,132","188,152,133","189,155,134","189,157,137","192,157,142","195,156,148","198,158,151","201,162,155","203,164,157","204,166,159","204,167,160","203,166,160","203,168,163","204,170,166","207,172,168","204,171,166","200,166,164","195,162,160","193,160,157","190,161,155","189,163,156","188,163,156","189,163,156","189,164,157","190,165,158","191,165,158","191,165,158","189,164,157","189,164,157","190,165,158","191,166,159","192,167,160","193,168,161","194,169,162","195,169,162","195,168,161","196,169,162","198,171,164","200,173,166","201,174,167","202,175,168","202,175,168","199,172,165","200,173,166","200,173,166","197,170,163","194,167,160","194,167,160","194,167,160","199,171,164","203,174,168","201,172,166","200,171,165","198,169,163","198,169,163","198,169,163","199,170,164","201,172,166","198,169,163","196,167,161","197,168,162","198,169,163","196,167,161","193,164,157","189,160,152","188,158,149","187,157,147","186,156,146","184,154,144","183,153,143","182,152,142","181,151,141","181,151,141","178,148,138","176,146,136","175,145,135","176,146,136","175,145,135","173,143,133","171,142,131","170,142,131","172,143,133","172,142,132","170,140,130","166,136,126","164,131,122","162,129,120","163,130,121","165,132,123","165,131,122","161,127,118","158,124,115","156,122,113","156,123,115","156,124,119","155,126,120","154,124,117","152,122,113","151,118,109","149,115,105","149,113,100","148,112,98","152,117,102","153,120,104","150,117,102","143,113,98","141,113,99","140,112,99","134,108,98","122,104,95","111,100,92","104,96,90","94,90,85","111,111,108","162,167,165","174,182,184","153,164,165","158,169,171","157,167,169","157,166,169","151,156,159","152,156,159","128,130,132","83,83,85","31,32,34","18,19,21","17,17,19","17,17,16","29,28,26","50,49,44","66,63,59","69,68,64","79,78,74","89,90,86","77,80,78","87,92,92","140,146,146","159,167,167","157,166,168","151,159,167","150,159,167","146,155,158","144,154,152","139,149,141","120,131,122","112,122,115","132,141,138","158,167,167","124,130,135","110,114,122","134,138,145","79,84,88","73,78,81","61,66,63","107,109,100","179,179,167","98,88,86","104,94,92","109,99,97","108,98,96","102,92,90","97,87,85","95,85,83","93,83,81","91,81,79","88,78,76","86,76,74","84,74,72","85,75,73","88,78,76","89,80,75","89,80,73","90,81,73","94,85,76","100,91,82","108,99,91","118,109,100","125,116,108","132,123,114","126,117,108","113,104,95","106,97,88","105,96,87","107,98,89","110,101,92","114,105,96","111,104,96","115,107,100","117,110,102","119,112,104","120,113,107","121,113,108","120,111,108","119,111,107","120,112,109","123,115,112","123,115,113","123,115,114","128,119,118","137,128,129","143,139,135","152,150,144","161,160,152","171,166,157","179,171,161","184,174,162","174,161,148","153,137,123","134,116,101","111,92,78","111,92,77","100,81,66","82,63,48","83,64,50","72,53,39","79,55,43","93,64,56","85,57,49","91,65,56","103,78,70","97,76,67","100,80,72","132,115,107","159,144,137","166,152,147","157,142,137","149,134,130","165,150,148","178,162,161","154,137,137","115,104,105","103,99,99","134,134,135","177,177,180","203,205,209","207,211,217","205,212,219","208,216,225","207,216,226","209,219,229","213,223,233","212,222,232","210,219,229","207,216,225","207,215,224","207,219,227","207,222,229","210,221,227","223,226,232","231,224,228","216,200,203","187,161,163","161,129,128","172,134,129","182,142,135","190,148,139","188,150,136","184,150,133","184,152,133","189,158,139","193,160,145","195,158,147","196,158,149","197,159,150","199,160,152","201,162,155","203,166,158","205,168,161","202,166,159","204,167,161","205,167,164","204,169,165","204,169,165","203,168,164","201,167,163","198,167,162","194,166,159","190,164,155","189,162,153","190,163,155","193,166,157","195,169,160","196,169,161","196,169,160","197,170,161","199,172,163","200,173,164","200,173,164","198,172,163","198,171,162","199,172,164","202,175,168","201,174,167","200,173,166","200,173,166","199,172,165","199,172,165","199,172,165","192,165,158","192,165,158","193,166,159","194,167,160","197,170,163","200,173,166","202,175,168","207,179,173","209,180,174","202,173,167","192,163,157","185,156,150","185,156,150","194,165,159","203,174,168","197,168,162","197,168,162","197,168,162","197,168,162","197,168,162","194,165,159","190,161,154","188,159,151","187,159,149","186,158,147","185,157,146","183,155,144","182,154,143","180,152,141","180,152,141","179,151,140","178,150,139","175,147,136","174,146,135","173,145,134","173,145,134","174,146,135","173,145,134","174,146,135","176,147,137","175,145,135","170,140,130","164,134,124","165,132,123","165,132,123","167,134,125","166,133,124","165,131,122","163,129,120","161,127,118","159,125,116","158,124,117","155,123,117","153,124,118","155,125,117","155,125,115","158,125,115","157,125,114","158,123,111","156,122,108","152,119,105","158,125,111","159,126,113","152,121,109","144,115,104","143,116,104","145,120,111","134,118,112","119,112,107","110,107,103","121,121,119","156,160,159","183,192,191","172,183,184","153,167,168","159,173,176","161,175,178","158,171,175","157,167,172","159,168,172","149,156,160","127,132,137","93,97,102","45,48,52","15,16,20","17,18,20","19,19,20","30,30,28","48,47,45","54,53,51","56,55,53","68,69,67","84,87,86","97,101,101","145,150,151","159,166,167","155,164,166","148,157,164","148,157,166","156,166,169","138,150,147","134,145,137","134,146,137","131,142,134","148,158,154","153,162,163","130,137,142","121,128,135","129,135,142","76,81,86","71,76,79","55,59,59","122,125,119","161,163,152","102,92,90","108,98,96","112,102,100","112,102,100","110,100,98","108,98,96","107,97,95","108,98,96","108,98,96","107,97,95","105,95,93","102,92,90","102,92,90","102,92,90","103,94,89","102,93,86","102,93,84","103,94,85","104,95,86","107,98,89","111,102,93","113,104,95","116,107,98","112,103,94","106,97,88","107,98,89","110,101,92","111,102,93","110,101,92","110,101,92","106,99,90","110,103,95","114,107,99","117,110,102","118,111,105","118,111,106","119,111,108","117,109,106","120,112,109","129,121,119","137,129,128","146,137,138","157,148,149","169,160,162","174,169,169","172,169,164","177,175,168","183,177,170","185,178,168","188,178,167","178,165,153","158,142,128","141,123,108","119,100,86","118,99,84","114,95,80","102,83,68","101,82,68","91,71,58","99,76,64","106,77,70","100,72,64","101,75,68","110,86,79","106,86,79","104,86,79","123,109,102","135,123,116","142,131,127","152,143,139","169,160,158","195,185,185","200,190,190","166,156,158","126,119,120","116,117,116","153,156,156","195,199,201","219,224,227","222,226,233","213,219,229","206,214,224","204,212,224","206,216,227","210,220,230","211,221,231","210,218,229","209,217,228","209,218,227","207,219,228","204,218,227","209,221,228","219,225,231","230,228,233","229,219,223","211,194,196","190,167,166","168,137,135","178,144,139","185,150,143","179,144,133","179,148,133","189,158,141","190,160,144","191,158,145","197,162,151","198,161,152","198,161,152","199,162,153","201,163,155","203,165,157","204,167,159","204,167,161","205,168,162","206,169,165","208,170,166","207,172,167","207,172,167","206,171,167","203,172,166","199,171,164","195,168,160","193,166,158","193,166,158","194,167,158","195,168,160","195,168,160","194,167,159","195,168,160","196,169,161","197,170,162","197,170,162","196,169,161","195,168,160","194,167,160","196,169,162","196,169,162","197,170,163","198,171,164","199,172,165","199,172,165","199,172,165","196,169,162","197,170,163","199,172,165","202,175,168","203,176,169","204,177,170","204,177,170","206,178,171","207,178,172","206,177,170","201,172,165","196,167,161","196,167,160","200,171,165","206,177,170","197,168,161","196,167,160","196,167,160","196,167,160","196,167,160","193,164,157","190,161,153","188,160,150","188,160,149","187,159,148","185,157,146","183,155,144","182,154,143","181,153,142","180,152,141","179,151,140","178,150,139","175,147,136","174,146,135","174,146,135","174,146,135","175,147,136","174,146,135","175,147,136","176,147,137","175,145,135","171,141,131","166,136,126","167,134,125","167,134,125","170,137,128","170,136,127","168,134,125","166,132,123","164,130,121","161,127,118","159,125,116","157,126,117","155,126,118","157,126,119","157,126,117","160,128,117","160,128,117","161,127,115","160,126,115","161,128,116","158,128,115","150,122,110","146,119,108","150,123,113","151,127,117","145,125,118","132,121,118","125,123,121","139,140,139","169,172,172","189,195,196","182,192,194","172,185,187","167,182,185","162,178,181","165,181,186","163,178,184","164,177,183","168,180,186","163,174,182","152,160,167","128,135,141","87,91,97","48,52,57","33,34,39","23,24,27","19,19,19","27,26,27","43,43,41","48,48,47","41,42,41","64,67,66","108,112,112","159,165,165","157,164,166","152,160,163","156,165,171","156,167,172","164,173,175","151,161,157","151,162,154","154,166,155","148,158,150","153,163,159","152,160,161","131,139,143","124,131,138","127,133,140","69,75,80","55,61,64","55,61,60","133,136,131","162,166,158","100,90,88","103,93,91","105,95,93","107,97,95","108,98,96","107,97,95","108,98,96","110,100,98","112,102,100","112,102,100","111,101,99","110,100,98","109,99,97","108,98,96","107,98,93","110,101,94","109,100,91","108,99,90","107,98,89","107,98,89","107,98,89","107,98,89","108,99,90","105,96,87","104,95,86","109,100,91","114,105,96","113,104,95","110,101,92","110,102,92","113,106,96","113,106,96","112,105,97","115,108,100","118,111,105","120,112,108","120,112,109","122,114,112","134,126,124","154,145,145","172,163,164","183,174,176","185,176,179","183,175,178","180,174,176","179,175,173","180,178,173","182,176,170","181,174,166","182,172,162","174,161,149","157,142,129","142,123,111","119,100,87","115,96,82","123,104,90","126,107,94","133,113,102","138,117,106","147,124,115","148,121,115","145,117,112","131,106,101","116,96,90","107,90,83","111,97,92","135,124,120","149,141,137","165,159,155","187,183,180","204,200,199","210,206,207","205,200,202","189,184,188","177,176,176","185,188,188","204,209,209","218,223,226","222,227,231","222,227,234","221,226,236","216,223,234","212,220,232","212,220,233","215,223,236","215,223,236","213,221,232","212,220,231","210,220,230","208,219,229","206,220,227","213,225,231","217,225,231","224,226,232","234,230,233","231,221,222","217,202,201","182,161,160","174,149,145","174,146,142","181,152,143","186,156,146","186,157,144","187,157,144","192,159,148","197,163,153","198,162,153","199,162,153","200,163,154","201,164,155","202,165,157","204,167,159","205,168,160","206,169,161","207,170,164","208,171,165","209,172,166","210,173,168","209,172,169","207,174,169","204,176,169","200,173,166","198,171,164","198,171,164","198,171,164","197,170,163","196,169,162","194,167,160","195,168,161","196,169,162","197,170,163","197,170,163","196,169,162","195,168,161","194,167,160","195,168,161","197,170,163","199,172,165","201,174,167","202,175,168","202,175,168","202,175,168","202,175,168","204,177,170","205,178,171","206,179,172","207,180,173","205,178,171","204,177,170","202,174,166","203,174,166","206,177,169","206,177,169","204,175,167","202,173,165","203,174,166","205,176,168","196,167,159","195,166,158","195,166,158","195,166,158","195,166,158","192,163,155","189,160,152","189,160,150","188,160,149","187,159,148","186,158,147","184,156,145","182,154,143","181,153,142","180,152,141","180,152,141","179,151,140","177,149,138","176,148,137","175,147,136","176,148,137","177,149,138","176,148,137","176,148,137","177,147,137","175,145,135","172,142,132","169,139,129","170,137,128","170,137,128","173,140,131","172,138,129","170,136,127","167,133,124","165,131,122","162,128,119","160,126,117","160,127,119","159,128,120","160,128,120","161,128,119","162,130,119","162,130,119","163,131,120","162,131,120","162,130,120","156,128,117","149,124,114","148,124,117","151,129,122","149,130,123","138,124,120","135,127,127","146,147,148","170,175,176","189,195,198","189,198,200","180,192,194","175,190,192","173,190,194","169,187,193","172,190,196","169,185,193","164,180,187","163,178,186","159,173,182","151,164,173","145,155,163","126,133,140","94,99,106","73,77,83","63,65,68","40,41,43","31,31,32","41,41,41","47,47,47","59,60,60","68,71,70","99,103,103","152,157,157","159,167,168","159,167,170","157,163,168","151,158,161","153,160,158","147,155,149","150,159,148","154,163,151","146,156,145","146,155,149","153,161,161","130,138,142","123,130,137","123,130,137","63,71,75","42,50,52","66,74,72","145,150,146","167,173,166","100,90,88","100,90,88","100,90,88","101,91,89","103,93,91","105,95,93","106,96,94","107,97,95","107,97,95","108,98,96","109,99,97","111,101,99","110,100,98","109,99,97","108,99,93","106,97,89","106,98,88","106,98,88","107,98,88","107,99,89","108,99,89","108,100,90","109,101,91","108,99,89","106,98,88","109,101,91","113,104,94","112,104,94","113,104,94","115,106,96","113,106,96","119,114,104","120,115,106","115,110,102","112,106,100","123,117,112","141,135,131","157,151,148","169,162,161","182,175,175","192,185,186","195,188,192","191,184,188","185,178,183","181,175,178","181,178,177","178,176,172","177,171,167","176,168,162","177,167,159","173,160,150","163,148,137","159,140,129","138,119,107","123,103,91","129,110,97","138,118,108","150,130,120","170,150,140","180,159,151","183,158,152","171,146,142","138,116,111","112,94,88","111,97,92","136,126,122","175,168,165","194,190,187","197,194,193","199,198,198","205,206,208","212,213,217","215,215,219","213,213,218","213,216,219","222,228,229","231,238,238","230,236,239","222,229,233","221,227,234","223,230,239","221,227,238","216,223,236","215,222,236","214,222,235","213,221,234","211,220,232","209,218,229","207,217,227","206,217,227","211,223,230","217,228,234","214,223,229","216,221,226","228,230,232","233,231,232","226,220,220","211,202,199","184,170,166","168,149,144","180,157,150","186,159,152","180,152,143","184,154,144","192,161,151","193,160,150","195,161,150","197,163,152","199,165,154","200,166,156","201,167,158","203,168,159","202,167,158","203,167,159","203,167,161","204,168,162","205,169,163","206,170,165","207,171,167","205,173,168","204,175,169","202,174,169","202,174,168","202,174,169","203,175,169","201,173,167","199,171,166","198,170,164","199,171,165","200,172,167","201,173,168","201,173,168","200,172,166","199,171,165","198,171,164","200,173,166","203,176,169","206,179,172","207,180,173","207,180,173","206,179,172","205,178,171","206,179,172","206,179,172","205,178,171","204,177,170","203,176,169","202,175,168","202,175,168","201,173,165","201,172,164","204,175,167","204,175,167","203,174,166","201,172,164","200,171,163","201,172,164","197,168,160","195,166,158","193,164,156","193,164,156","193,164,156","192,163,155","189,160,152","188,160,150","188,161,150","187,160,149","186,159,148","183,156,145","182,155,144","181,154,143","180,153,142","181,154,143","180,153,142","178,151,140","177,150,139","177,149,138","178,150,139","179,152,141","178,151,140","178,150,139","177,148,138","176,146,136","174,144,134","173,143,133","174,141,132","173,140,131","174,141,132","173,139,130","171,137,128","168,134,125","166,132,123","163,129,120","162,128,119","163,129,121","163,131,122","163,130,121","163,130,121","164,132,121","165,133,122","166,135,124","166,136,125","165,136,127","159,134,125","159,137,130","158,139,135","149,133,129","142,128,126","144,134,133","158,155,157","175,180,183","189,197,199","186,196,199","179,192,195","181,196,198","180,196,200","173,192,196","170,189,195","174,193,199","173,192,200","168,186,195","164,181,191","159,176,187","155,171,182","152,163,173","146,154,163","126,132,141","117,122,128","116,119,123","89,91,95","67,68,70","62,62,63","50,50,50","54,54,55","57,60,61","100,104,106","150,155,157","153,161,162","151,158,160","162,166,168","158,162,163","156,161,155","154,159,150","152,158,145","157,164,150","154,161,149","147,155,148","156,162,161","128,135,138","119,126,133","117,124,131","61,70,75","42,51,53","87,97,96","152,160,157","165,173,167","103,93,91","101,91,89","99,89,87","101,91,89","103,93,91","104,94,92","105,95,93","105,95,93","105,95,93","106,96,94","108,98,96","110,100,98","110,100,98","109,99,97","109,100,94","104,95,86","103,95,84","104,96,85","105,97,86","106,98,87","107,99,88","109,101,90","113,105,94","113,105,94","109,101,90","110,102,91","112,104,93","112,104,93","116,108,97","120,113,101","112,106,95","115,111,101","119,115,106","125,120,112","134,129,123","152,147,142","171,166,162","187,181,179","194,188,188","198,192,193","201,195,197","200,194,198","195,189,193","190,183,189","185,181,184","183,179,179","177,175,173","175,169,167","175,167,163","178,168,162","180,166,159","178,162,154","178,159,150","158,138,127","129,109,99","127,107,97","137,117,108","159,139,130","190,170,163","197,176,170","194,172,167","160,139,134","119,100,95","110,95,90","137,125,121","172,166,163","205,201,199","209,209,207","200,203,203","194,197,200","197,204,207","209,215,221","218,224,230","218,224,229","215,221,225","217,224,225","224,233,233","225,233,236","222,229,234","221,228,235","222,229,239","221,227,239","217,223,236","215,221,235","212,220,233","212,220,233","212,222,234","211,221,232","209,219,229","209,218,227","212,221,228","217,225,231","213,223,227","212,220,223","218,227,228","225,232,231","225,229,227","229,230,227","211,206,202","182,171,167","168,152,146","173,150,145","181,155,149","188,159,151","189,159,150","190,158,147","192,160,147","195,163,150","198,166,154","200,168,157","201,169,158","202,170,159","202,168,159","201,167,158","201,166,160","201,166,160","202,167,161","203,168,162","204,169,164","203,170,166","202,171,168","201,172,168","203,174,170","205,176,172","206,177,173","204,175,171","202,173,169","203,174,170","204,175,171","205,176,172","206,177,173","206,177,173","205,176,172","204,175,171","203,175,170","204,177,170","206,179,172","207,180,173","208,181,174","207,180,173","205,178,171","204,177,170","206,179,172","205,178,171","203,176,169","201,174,167","200,173,166","200,173,166","201,174,167","203,175,167","204,175,167","204,175,167","203,174,166","202,173,165","201,172,164","200,171,163","200,171,163","198,169,161","196,167,159","194,165,157","193,164,156","194,165,157","192,163,155","190,161,153","189,161,151","188,161,150","187,160,149","186,159,148","184,157,146","182,155,144","181,154,143","180,153,142","182,155,144","181,154,143","179,152,141","178,151,140","178,151,140","179,152,141","181,154,143","180,153,142","179,151,140","178,149,139","177,147,137","176,146,136","176,146,136","177,144,135","175,142,133","173,140,131","172,139,130","171,137,128","169,135,126","167,133,124","164,130,121","163,129,120","164,131,122","165,132,123","164,131,122","164,131,122","165,133,122","167,135,124","167,137,127","169,140,131","169,144,137","162,139,133","161,142,138","157,142,140","145,133,132","147,136,138","165,159,162","188,190,194","190,198,202","189,200,203","190,203,206","186,201,204","179,196,199","176,195,199","175,194,198","169,190,196","174,194,201","176,195,204","173,193,203","169,189,200","164,184,196","162,180,192","158,170,182","154,163,174","142,149,158","139,145,152","146,149,155","131,134,138","112,113,115","98,99,100","86,86,86","87,87,88","59,62,63","68,72,75","120,124,127","150,157,159","155,162,163","160,162,163","161,161,159","161,162,155","161,163,151","147,151,135","150,155,140","156,162,148","148,154,145","154,160,157","126,133,136","120,127,134","110,119,126","59,68,74","51,61,64","112,123,123","150,161,159","155,165,161","101,92,89","99,89,87","97,88,86","100,90,88","103,93,91","105,95,93","105,95,93","104,94,92","105,95,93","105,95,93","106,96,94","106,96,94","106,96,94","105,95,93","105,96,91","104,95,86","104,96,85","103,95,84","103,95,84","105,97,86","107,99,88","110,102,91","111,103,93","111,103,92","110,102,91","114,105,95","115,107,96","114,106,96","117,109,98","122,116,104","124,117,108","121,117,106","129,125,116","152,147,139","177,172,166","190,185,180","191,186,182","194,189,187","200,194,194","207,201,202","212,206,210","212,206,212","206,199,205","196,189,196","189,185,188","185,182,182","178,175,174","175,169,168","178,169,166","182,171,167","189,175,169","193,177,170","189,170,162","169,149,140","131,111,103","120,100,92","130,110,103","162,141,135","201,180,175","195,174,170","172,152,147","133,115,111","106,90,86","129,116,113","175,166,163","200,197,194","209,210,206","203,206,205","202,210,210","205,214,216","202,212,216","203,213,218","209,220,226","212,223,229","213,223,226","219,228,228","219,229,229","220,230,232","220,228,233","219,226,233","220,226,237","223,229,241","223,229,242","220,226,241","216,223,239","216,223,239","217,227,239","218,228,239","216,225,235","213,222,230","213,220,226","218,224,228","217,227,229","215,226,228","214,227,227","216,230,229","221,233,230","225,234,231","228,230,227","212,208,203","186,174,170","180,160,156","188,163,159","191,162,158","189,158,151","190,161,149","192,163,149","195,165,152","197,168,155","199,169,158","199,169,158","200,169,158","204,171,162","204,170,161","202,169,160","201,168,159","201,168,161","202,169,162","203,169,163","202,170,165","200,169,166","200,170,168","203,173,171","206,176,174","206,176,174","204,174,172","201,172,169","204,174,172","205,175,173","206,176,174","207,177,175","207,177,175","206,176,174","205,175,172","204,175,170","204,177,170","204,177,170","205,178,171","205,177,171","204,177,170","203,176,170","203,176,169","203,176,170","203,176,169","202,175,168","202,175,168","201,175,168","202,175,168","202,175,168","205,177,169","205,176,168","205,176,168","204,175,167","204,175,167","203,174,166","202,173,165","201,172,164","199,170,162","197,168,160","195,166,158","194,165,157","194,165,157","193,164,156","192,163,155","190,162,152","188,161,150","187,160,149","186,159,148","184,157,146","183,156,145","181,154,143","181,154,143","183,156,145","182,155,144","181,154,143","180,153,142","180,153,142","181,154,143","183,156,145","183,155,144","181,153,142","179,149,139","177,147,137","179,149,139","179,149,139","180,147,138","178,145,136","174,141,132","173,140,131","173,139,130","171,137,128","170,136,126","168,134,124","167,133,124","167,133,124","166,132,122","165,131,121","165,131,121","165,132,123","168,135,126","169,139,131","168,142,134","169,146,140","162,142,138","155,139,138","152,139,140","157,148,152","173,168,172","190,189,194","197,201,207","190,199,205","189,200,206","195,208,214","193,208,213","180,198,203","177,196,202","181,200,206","178,199,205","176,198,205","175,197,206","172,193,205","168,189,202","162,184,197","160,179,193","165,178,192","161,169,181","155,162,172","152,159,167","154,157,164","154,156,161","147,148,151","130,131,133","116,116,118","118,119,121","114,117,118","107,111,113","98,102,105","104,111,113","128,133,135","144,144,143","154,153,148","165,163,154","167,168,154","141,143,125","141,144,126","155,160,145","144,150,140","146,152,148","129,136,137","129,135,142","105,113,121","51,61,66","61,72,74","131,143,143","147,158,157","145,157,155","100,93,90","98,91,88","98,91,87","100,92,89","104,97,94","107,99,96","107,99,96","106,98,96","106,98,95","105,97,94","103,96,93","104,94,92","103,95,92","103,93,91","100,94,88","102,96,86","101,95,84","100,93,83","101,95,84","105,98,88","108,102,92","111,105,95","108,100,91","106,97,88","110,101,92","115,107,98","117,109,100","116,107,99","118,109,101","124,117,109","133,128,121","150,145,140","171,166,161","183,180,174","190,187,183","196,193,189","203,200,196","208,205,203","210,206,206","208,205,206","208,203,206","209,203,207","208,202,206","207,197,204","201,195,199","193,188,191","183,181,182","178,174,175","181,174,173","187,178,176","196,183,181","204,190,185","208,191,187","194,175,171","151,132,127","123,105,99","120,100,95","144,123,118","174,153,148","155,138,134","116,103,100","100,88,87","107,97,95","152,145,144","198,195,194","212,212,210","209,212,210","209,214,214","208,215,217","201,210,212","194,205,208","202,212,216","213,226,229","213,226,230","210,221,225","213,223,225","215,225,227","223,233,237","229,237,244","225,232,240","220,227,236","221,230,239","225,232,245","223,231,244","219,228,240","217,227,238","217,228,237","215,226,236","213,223,233","212,222,230","216,224,231","219,228,233","222,232,237","219,232,236","214,228,230","214,227,229","218,231,233","218,228,228","226,232,231","233,233,231","225,218,217","206,192,191","190,172,171","184,164,162","187,162,156","190,163,151","193,165,152","196,168,156","198,169,157","199,169,158","200,168,158","201,169,158","207,174,165","206,173,164","205,172,163","204,171,162","204,171,163","203,171,163","204,171,164","203,171,165","200,170,165","200,171,167","204,174,170","206,176,172","205,176,172","203,174,169","200,171,166","203,174,170","204,175,171","205,176,172","207,177,173","206,178,173","205,177,172","204,175,171","203,175,170","203,175,170","203,175,170","203,175,170","203,175,170","203,176,170","205,177,172","204,178,171","201,173,169","201,176,170","202,177,172","204,179,173","203,179,173","203,178,171","202,177,171","202,175,169","203,174,167","204,175,168","205,176,168","206,177,170","205,176,169","203,174,168","201,172,164","199,170,164","197,168,161","195,166,159","194,165,159","195,166,160","194,165,158","193,164,157","190,162,154","188,161,151","187,161,150","186,159,148","184,157,146","183,156,145","182,155,144","181,154,145","182,156,147","182,155,147","181,154,146","180,153,145","181,154,146","182,155,147","184,157,149","183,156,148","180,154,145","179,150,142","177,148,140","179,150,142","180,152,141","180,150,140","178,148,138","173,143,133","173,141,131","172,140,129","173,139,129","173,139,129","172,138,127","172,138,128","170,134,124","170,132,122","169,132,123","167,132,122","166,133,124","167,137,129","168,141,135","165,144,138","165,148,145","164,150,151","158,148,151","162,155,160","184,181,188","205,204,213","207,209,220","193,201,210","193,205,212","198,211,219","193,208,213","189,205,212","191,208,215","190,209,215","188,207,214","186,206,213","181,201,208","178,198,207","176,196,207","173,193,204","169,188,201","168,186,199","169,184,198","164,177,189","167,177,188","166,175,184","158,166,173","163,169,175","162,168,174","149,153,157","132,136,139","113,117,120","113,117,120","123,127,130","122,126,129","105,110,113","74,78,80","100,99,100","121,118,116","146,143,137","152,150,138","123,121,104","123,123,103","138,139,120","134,136,120","141,144,132","134,138,132","140,145,143","103,112,112","44,55,56","65,76,77","138,149,151","147,159,160","146,157,158","88,88,84","91,91,87","89,88,84","85,84,80","88,85,82","94,90,87","95,90,87","94,90,87","97,93,90","99,94,91","95,90,87","95,89,86","99,94,91","101,94,92","95,90,86","96,92,83","96,92,82","99,95,86","102,98,88","105,101,92","105,101,93","104,100,92","105,99,92","105,98,91","107,100,94","110,103,97","111,104,100","117,109,106","134,126,123","154,146,143","171,166,164","180,175,175","188,185,184","191,191,189","193,193,192","196,198,195","200,203,201","205,208,206","206,208,208","205,205,206","207,203,204","209,203,205","209,200,203","205,195,200","200,192,196","195,192,195","186,185,187","180,178,180","179,176,177","187,180,181","195,187,188","203,193,192","206,194,194","208,193,193","189,174,172","149,133,131","117,98,96","113,94,91","118,97,95","110,95,96","89,82,84","101,98,100","140,139,140","185,185,189","209,211,213","211,214,217","209,214,215","206,213,215","203,211,213","200,209,210","197,208,209","199,210,211","204,216,217","210,221,223","212,223,225","212,221,226","214,223,228","217,226,233","223,232,239","227,236,243","226,235,242","222,233,240","223,233,241","222,233,241","221,232,240","219,232,239","217,230,237","215,228,235","213,226,233","213,226,234","215,228,238","215,228,238","215,229,238","217,229,238","219,230,237","221,231,238","223,232,238","224,232,235","225,230,233","230,231,234","234,234,235","230,228,229","214,210,210","193,186,185","182,170,164","182,162,151","187,163,151","191,166,155","195,167,157","199,168,159","203,170,161","205,171,163","202,168,159","202,168,159","203,169,160","206,173,164","208,176,167","206,176,166","204,174,164","203,174,163","203,173,163","203,173,164","207,177,168","209,179,170","206,177,168","203,174,165","203,175,166","205,176,169","205,177,170","207,178,171","208,180,173","207,180,173","206,179,172","205,178,171","204,177,172","206,176,173","206,176,174","207,177,174","206,177,175","205,177,173","203,177,174","202,177,172","204,179,175","203,179,174","203,179,175","201,180,174","201,180,175","200,181,174","202,180,175","202,176,171","202,174,168","204,175,171","205,176,172","205,176,172","204,175,170","202,173,169","200,171,166","198,169,165","197,168,162","196,167,163","197,168,162","197,168,163","195,166,162","193,164,159","187,160,152","183,158,148","183,159,149","183,159,149","183,159,149","182,158,148","181,157,148","180,155,148","178,153,147","179,154,148","180,155,150","182,156,152","183,157,153","183,158,153","183,158,153","182,157,152","182,157,152","182,156,150","181,155,148","180,153,146","178,151,142","177,149,138","176,148,137","178,149,138","173,143,131","168,139,125","170,138,124","173,141,126","176,144,129","180,146,132","177,137,125","180,136,127","181,139,131","174,136,128","170,137,130","173,145,139","170,148,145","161,145,144","156,147,148","160,154,159","176,173,181","196,197,207","205,209,221","205,209,224","202,209,223","198,210,221","196,211,219","193,209,217","190,207,215","189,206,214","189,206,214","189,206,214","190,207,215","188,207,214","186,205,212","185,203,211","183,201,210","181,199,208","176,194,203","172,190,200","166,184,195","169,186,198","171,188,198","166,181,192","160,175,185","162,176,184","165,176,185","161,171,178","144,152,157","134,141,144","122,128,131","106,112,115","121,126,129","143,148,149","122,126,129","75,76,81","46,45,50","78,75,75","75,72,65","86,79,65","110,105,84","104,98,73","121,116,88","133,131,104","128,127,104","143,146,128","100,107,95","45,56,48","65,79,75","122,136,137","154,163,168","154,163,171","83,83,78","85,85,81","83,83,79","80,80,75","82,81,77","88,85,82","89,85,82","85,81,78","89,85,82","96,91,88","96,91,88","91,86,83","91,86,83","93,87,85","92,87,83","91,87,80","95,91,82","100,96,87","103,100,91","104,100,93","106,101,94","108,102,96","107,101,95","106,100,95","113,105,102","125,117,114","138,130,127","149,141,139","162,153,152","174,166,165","184,179,181","191,187,188","196,195,196","198,198,198","198,199,199","198,200,199","199,203,202","203,207,206","205,208,207","204,205,205","207,204,205","209,203,205","210,201,204","206,196,200","201,194,197","196,195,197","190,190,192","187,186,188","190,187,189","196,192,193","203,198,199","209,202,202","211,201,201","209,198,197","198,187,185","177,163,162","146,130,128","119,102,101","109,92,90","107,96,96","113,110,114","139,140,144","176,177,181","200,203,206","207,211,214","206,211,214","208,213,216","206,213,216","203,211,213","200,209,210","197,207,208","198,210,210","203,215,215","207,219,220","211,222,224","215,223,229","215,224,231","218,226,234","223,231,238","225,234,241","225,235,242","223,234,240","223,234,240","223,234,240","220,233,239","219,232,238","217,230,236","215,228,234","213,227,233","213,227,235","215,229,240","214,228,240","214,228,239","216,228,238","219,229,238","220,230,239","221,230,238","221,228,234","223,228,232","228,231,236","234,238,241","237,238,240","228,228,230","215,214,213","206,199,194","198,183,173","189,170,159","185,163,153","191,166,158","200,173,163","202,171,164","197,165,157","201,167,159","203,169,161","204,171,162","205,173,164","204,174,164","204,174,164","203,175,164","203,175,163","202,174,162","203,174,163","206,178,167","209,180,169","206,178,167","203,176,165","204,178,167","205,176,167","203,177,167","206,177,168","205,179,169","204,179,169","203,178,168","202,176,168","203,175,170","205,175,172","206,176,174","206,176,174","206,176,174","205,177,174","204,176,173","201,176,172","203,178,174","202,178,174","202,178,174","200,179,173","200,179,173","199,180,173","201,179,173","203,177,172","205,177,172","206,177,172","206,177,172","205,176,171","204,175,170","202,173,168","201,172,168","201,172,167","199,170,165","197,168,163","195,166,161","193,164,159","189,160,155","185,157,152","184,157,149","183,158,149","183,159,149","183,159,149","183,159,149","182,158,148","182,156,149","181,155,148","181,155,149","182,156,150","183,157,151","184,157,153","185,157,153","184,158,153","184,158,152","182,156,151","182,156,150","182,156,150","181,155,148","181,153,146","179,151,143","178,150,139","178,150,139","180,151,140","179,150,138","176,147,133","172,142,127","169,138,123","171,140,124","175,142,128","182,143,132","182,140,132","176,137,130","172,137,129","170,140,136","170,147,143","167,150,149","165,154,155","175,169,173","184,183,189","200,201,211","210,214,226","207,214,226","200,208,222","197,205,220","197,209,221","195,211,220","192,209,217","191,208,216","190,207,215","190,207,215","190,207,215","191,208,216","189,206,214","187,204,212","186,203,211","186,203,211","184,201,209","181,198,206","178,195,203","173,190,201","173,192,203","172,190,202","168,186,198","167,184,194","169,185,194","171,184,193","165,177,184","150,160,166","142,150,154","136,144,147","113,119,122","103,108,111","119,123,126","124,128,131","121,123,130","87,87,95","55,53,56","27,25,20","40,34,21","68,62,41","80,74,49","99,93,65","108,103,75","110,108,83","132,133,113","89,94,80","64,73,65","83,95,92","121,134,135","151,160,166","153,160,170","85,84,80","86,85,81","85,84,80","83,82,78","85,84,80","88,86,82","90,86,83","90,86,83","93,89,86","96,91,88","93,88,85","88,83,80","87,82,79","91,84,82","94,88,84","100,94,87","100,96,87","102,96,88","100,95,87","101,95,89","108,101,95","117,110,104","123,115,111","128,120,117","136,128,125","151,143,140","166,158,156","178,170,168","188,178,177","193,185,184","197,191,193","200,197,198","204,203,204","205,205,205","203,204,204","202,204,203","201,205,204","204,207,206","206,207,206","205,205,205","205,202,203","206,200,202","206,198,201","205,195,198","200,193,196","191,190,192","189,189,191","190,188,191","195,192,194","202,198,199","208,203,204","211,205,205","212,205,204","209,202,199","206,197,195","203,194,191","191,179,177","170,158,157","161,149,147","161,153,152","167,166,170","183,184,188","200,201,205","208,212,215","212,216,219","211,215,218","208,213,216","207,214,217","205,213,215","202,212,213","200,210,211","200,210,211","203,214,215","207,218,219","211,220,223","216,223,230","216,223,231","217,224,232","221,229,236","223,232,239","226,236,243","226,237,243","225,236,242","224,235,241","220,233,239","219,232,238","217,230,236","216,229,235","215,228,235","215,229,237","216,230,239","215,229,240","215,228,238","216,227,237","217,227,236","218,228,236","219,228,236","225,232,238","224,230,235","223,227,231","227,230,234","234,235,238","234,235,237","233,232,233","228,223,220","216,207,199","206,193,183","194,179,170","189,169,161","190,168,160","196,170,164","200,172,165","200,170,163","203,172,164","206,174,166","205,174,164","203,173,163","201,171,161","200,172,160","201,173,161","200,174,161","201,174,162","204,177,166","207,180,169","206,179,168","203,178,167","206,181,170","204,179,167","203,179,167","204,179,167","202,178,166","201,177,167","200,176,166","200,175,165","203,175,168","206,176,171","208,177,173","207,177,173","207,177,173","206,178,172","205,177,173","203,177,171","205,178,174","203,178,172","204,177,173","202,178,172","201,178,172","201,178,171","202,177,171","205,179,172","207,179,172","206,177,171","205,176,170","203,174,168","202,173,167","201,172,166","201,172,166","198,169,163","196,167,161","194,165,159","193,164,158","192,163,157","189,160,154","186,158,151","184,158,150","184,160,150","185,161,151","185,161,151","184,160,150","183,159,149","184,157,150","184,157,150","184,157,150","185,156,149","186,157,150","186,157,150","187,157,150","186,157,150","185,156,149","184,154,148","184,155,148","184,155,148","184,155,147","183,154,146","182,153,145","180,152,141","179,151,140","178,148,137","179,149,139","178,149,138","175,146,133","171,142,129","171,143,129","174,144,132","177,144,135","177,142,137","175,143,138","175,147,142","169,145,143","164,147,145","172,160,160","185,179,180","201,200,204","208,210,215","215,219,227","213,220,230","205,213,225","200,209,222","199,210,223","198,212,222","196,212,220","194,211,219","193,210,218","193,210,218","192,209,217","192,209,217","192,209,217","190,207,215","189,206,214","188,205,213","187,204,212","186,203,211","184,201,209","182,199,207","177,194,205","175,193,205","172,190,202","170,188,200","173,190,200","176,192,201","174,188,197","165,178,185","150,160,166","141,150,155","143,151,155","132,138,141","114,119,122","113,118,121","114,119,123","123,127,135","125,127,135","88,89,92","52,52,48","33,29,18","22,18,3","39,34,13","64,59,34","84,81,56","104,103,80","133,134,117","80,85,73","82,89,83","99,109,108","122,132,136","151,160,167","153,162,171","83,82,78","83,82,78","83,82,78","84,83,79","86,83,80","87,84,80","89,85,82","92,87,84","92,88,85","93,88,85","92,87,84","94,87,84","96,89,86","99,91,89","101,93,90","104,97,91","105,98,91","106,99,92","105,99,92","111,102,97","122,113,109","136,127,124","148,139,136","157,148,146","166,157,155","176,166,165","183,174,172","190,181,180","198,188,187","201,194,192","201,198,199","203,201,202","207,206,207","208,208,208","206,207,207","204,206,205","203,206,205","205,207,207","207,207,207","206,205,206","204,202,203","203,198,200","200,194,196","200,191,194","197,191,193","192,188,192","192,191,193","196,194,196","203,201,202","209,206,207","212,210,209","214,210,209","215,211,210","214,209,207","212,206,204","210,205,202","213,207,205","213,207,204","207,202,199","201,198,197","202,202,205","200,203,207","200,203,208","204,207,212","211,215,219","212,217,220","206,211,214","206,213,216","206,214,217","203,212,214","202,210,213","201,211,213","202,213,214","206,216,218","209,219,222","213,220,227","215,222,230","216,223,231","219,227,234","222,231,238","227,236,243","230,239,246","227,237,243","224,235,241","222,234,240","220,232,238","218,231,237","217,230,236","217,230,237","217,230,239","216,230,240","216,230,240","215,228,237","216,227,237","217,227,236","218,228,235","219,228,235","227,234,240","224,231,237","219,224,228","220,224,227","226,229,232","231,234,236","234,236,237","235,235,232","234,231,226","231,226,219","219,212,205","201,189,182","188,172,166","188,168,163","195,172,166","196,170,163","200,172,164","203,175,167","205,176,167","204,176,165","202,173,162","201,172,161","201,173,162","199,174,162","199,174,162","202,177,165","205,180,168","205,180,168","203,179,167","206,182,170","205,181,169","205,181,169","204,180,168","203,179,167","202,178,166","201,177,165","201,176,165","204,176,168","209,177,171","210,178,172","209,178,172","209,178,173","208,179,172","208,178,173","206,178,170","207,179,173","206,179,171","206,178,172","205,179,171","203,178,171","202,178,170","203,177,170","206,178,171","206,178,171","205,176,170","204,175,169","201,172,166","200,171,165","200,171,165","200,171,165","195,166,160","194,165,159","193,164,158","194,165,159","194,165,159","193,164,158","190,162,156","186,161,153","184,161,152","185,161,152","185,161,151","186,160,151","185,159,150","185,157,149","185,157,149","184,156,148","186,156,147","187,156,149","188,156,148","188,156,147","187,155,147","186,154,145","186,154,145","187,154,146","187,155,146","187,155,146","186,154,145","183,154,144","182,153,143","180,151,141","176,147,137","176,147,137","176,148,138","177,149,138","177,150,138","176,148,138","174,147,138","175,149,144","171,146,144","168,145,143","167,147,146","165,150,149","172,161,162","197,191,191","216,215,217","215,219,222","214,221,225","211,220,226","207,216,225","202,213,224","202,214,224","203,216,226","200,213,222","196,213,221","196,213,221","195,212,220","195,212,220","195,212,220","194,211,219","194,211,219","193,210,218","190,207,215","188,205,213","186,203,211","185,202,210","183,200,208","181,198,206","178,196,207","176,194,206","173,191,202","171,189,200","175,192,202","178,195,203","173,187,196","167,179,187","159,170,176","142,152,157","135,145,148","133,141,144","131,138,141","128,135,138","118,124,129","106,112,121","124,130,139","107,111,115","97,100,98","76,76,68","38,37,24","35,31,13","37,33,13","46,43,23","76,73,56","111,111,97","70,72,64","97,101,99","116,122,124","131,139,144","151,160,167","150,161,168","80,79,75","79,78,74","79,78,74","83,81,77","85,81,78","84,80,77","86,82,79","90,85,82","91,86,83","92,87,84","97,92,89","103,96,93","103,95,93","100,91,89","99,89,87","102,93,88","111,101,95","123,112,108","133,124,119","143,134,129","153,144,140","163,153,151","169,159,157","177,167,165","184,174,173","187,177,176","189,179,178","195,185,184","203,193,192","206,198,198","205,201,202","206,204,205","208,208,208","210,210,210","210,210,210","208,209,208","205,207,206","206,207,207","207,207,207","206,205,206","204,201,202","201,195,197","198,192,194","199,190,193","198,192,195","197,192,196","197,195,198","203,201,202","210,208,209","214,212,213","216,215,214","216,214,213","214,214,212","215,214,212","214,213,211","209,209,205","211,211,207","214,214,210","206,206,202","196,198,196","201,204,207","202,205,210","205,208,213","207,211,215","209,214,218","209,214,218","209,214,218","207,214,217","204,212,215","202,209,212","201,209,212","200,210,212","201,211,213","204,213,216","207,216,219","211,218,226","213,220,228","215,222,230","218,225,233","221,228,236","226,234,241","230,239,246","227,238,244","225,236,242","223,234,240","221,232,238","218,231,237","218,231,237","219,232,239","219,232,241","217,231,240","216,230,239","216,229,238","217,228,237","219,229,238","220,230,237","221,230,237","220,229,234","221,228,234","222,227,231","225,230,234","229,234,237","231,235,237","229,233,235","228,234,233","231,236,234","233,237,232","233,233,228","227,223,218","216,208,203","203,192,186","196,180,174","192,172,165","191,170,161","193,170,161","197,171,162","200,173,164","201,173,162","200,172,161","200,173,161","200,174,163","199,173,162","201,176,164","204,178,167","204,177,166","204,177,166","207,180,169","207,180,169","206,179,168","205,178,167","204,177,166","203,176,165","203,176,165","203,177,166","206,177,168","209,177,170","211,178,171","212,179,172","211,180,172","209,179,171","208,178,170","208,178,170","208,178,170","207,178,170","207,178,170","206,177,169","204,176,168","203,176,167","204,175,167","204,176,168","204,175,168","203,174,168","202,173,167","201,172,166","200,171,165","199,170,164","198,169,163","198,169,163","196,167,161","195,166,160","196,167,161","195,166,160","193,164,158","190,162,155","186,160,153","185,161,154","186,162,153","186,162,152","188,161,152","187,160,151","187,158,150","186,158,147","185,155,145","187,156,146","189,156,147","189,157,146","190,156,146","190,156,146","189,155,145","190,155,146","191,155,146","191,155,146","190,155,145","188,155,146","186,153,144","183,153,143","181,152,143","180,151,144","176,149,141","175,149,141","176,152,144","178,154,146","175,152,144","169,148,143","168,150,148","164,150,150","165,153,155","176,166,169","192,185,188","204,203,204","215,217,220","219,224,227","211,219,223","210,220,224","207,218,224","205,218,225","207,220,229","206,219,228","202,215,224","199,213,222","197,214,222","198,215,223","198,215,223","198,215,223","198,215,223","197,214,222","196,213,221","196,213,221","192,209,217","189,206,214","187,204,212","186,203,211","184,201,209","182,199,207","182,200,211","182,200,212","179,197,207","175,193,203","178,195,205","178,195,204","173,187,196","165,179,186","161,173,180","155,166,171","144,153,158","137,146,151","138,147,151","136,144,147","126,135,139","123,132,140","129,138,147","109,116,121","115,121,120","109,111,106","83,83,74","79,77,62","61,59,43","39,35,21","47,44,32","72,71,61","56,56,52","102,102,103","120,123,127","140,145,150","149,157,164","146,157,163","81,78,75","78,75,71","80,77,74","85,81,78","85,81,78","84,80,77","86,81,78","91,86,83","92,87,84","94,87,85","100,92,90","104,96,94","104,96,94","107,98,97","115,105,103","127,115,112","137,125,121","151,138,135","164,153,149","173,163,160","179,168,166","182,171,169","182,171,170","184,174,173","189,179,178","191,181,180","197,187,188","207,197,198","212,203,203","210,202,203","208,206,207","209,209,209","212,212,212","213,213,213","214,214,214","212,212,212","208,208,208","207,206,206","208,206,207","209,205,206","206,202,203","202,197,199","200,194,196","202,195,197","202,198,199","200,197,198","201,199,200","206,204,205","211,211,211","215,215,215","215,216,215","213,215,214","211,214,212","211,213,211","211,215,212","211,216,212","204,210,206","196,201,197","193,199,196","198,204,203","201,206,209","200,205,209","207,212,216","213,218,222","212,217,221","208,213,217","212,217,221","209,214,218","207,212,216","204,211,214","203,211,214","204,212,215","205,214,217","207,216,219","209,216,222","213,217,226","216,220,229","218,222,231","218,224,232","218,225,233","222,230,237","225,234,241","228,237,244","226,235,242","223,234,240","221,232,238","220,231,237","221,232,238","222,233,240","220,233,241","217,230,239","217,230,239","217,230,238","219,230,239","221,231,240","222,232,239","223,234,240","222,231,236","222,231,236","224,232,235","226,234,237","228,236,239","230,236,239","228,234,237","225,235,235","222,234,232","222,233,231","228,236,233","236,239,237","237,238,235","231,227,223","222,214,209","210,198,192","200,185,178","193,174,167","193,171,162","197,173,163","202,175,164","201,174,163","201,173,163","201,173,165","200,171,163","201,173,165","203,175,167","203,174,166","203,174,166","206,177,169","206,178,167","205,177,166","205,175,165","204,174,164","204,174,163","205,175,164","206,176,165","207,176,165","208,175,166","209,176,167","210,177,168","210,177,168","209,176,167","208,175,166","206,176,166","206,176,166","206,176,166","205,175,165","204,174,164","203,174,164","202,173,163","202,172,162","202,173,164","202,173,165","203,174,166","204,175,167","203,174,166","202,173,165","200,171,163","199,170,162","201,172,164","199,170,162","197,168,160","196,167,159","194,165,157","192,163,155","188,160,152","186,160,152","185,162,154","186,163,153","187,163,153","188,161,152","187,160,151","188,160,149","187,159,148","186,156,146","188,157,146","191,158,147","193,158,148","195,158,148","195,159,148","195,159,147","195,158,146","194,158,146","193,157,147","191,156,146","188,155,146","186,153,144","182,152,144","180,152,144","180,154,148","178,154,149","176,154,149","174,155,148","172,154,148","170,151,147","165,150,148","164,154,157","175,170,176","194,191,198","209,210,215","217,221,226","217,226,229","212,222,225","205,217,220","205,219,223","207,221,226","207,221,227","207,221,227","210,224,232","209,223,231","204,218,226","199,214,222","198,215,223","199,216,224","200,217,225","200,217,225","199,216,224","198,215,223","197,214,222","196,213,221","193,210,218","190,207,215","189,206,214","189,206,214","188,205,213","186,203,211","187,205,216","187,205,217","185,202,213","180,197,207","178,195,205","176,193,202","170,184,193","161,176,183","159,172,180","162,174,180","155,166,172","147,158,164","142,152,157","135,145,150","133,142,148","130,142,150","120,133,142","115,126,132","125,134,135","121,127,124","118,122,116","128,129,120","120,119,110","94,91,83","72,69,62","65,62,57","46,44,44","73,72,76","93,92,99","138,140,149","152,160,167","147,160,166","83,79,76","75,71,68","76,72,69","82,78,75","85,81,78","83,78,75","84,79,76","86,81,78","86,81,78","92,85,82","100,92,90","107,99,97","115,107,105","131,122,121","148,138,137","162,148,147","166,152,150","174,160,157","180,167,165","184,173,171","186,175,173","185,174,172","185,175,174","189,179,178","192,183,182","197,187,187","205,195,196","214,205,206","216,207,209","209,205,205","211,210,210","212,213,212","215,215,215","216,216,216","216,216,216","213,213,213","210,209,209","208,206,207","207,205,206","208,205,206","206,202,203","203,198,199","202,197,199","205,200,202","207,203,204","206,204,205","207,205,206","210,209,210","214,214,214","216,217,217","217,219,218","214,218,217","211,215,214","208,213,211","208,214,212","210,219,215","200,209,206","187,196,192","192,202,199","205,214,213","205,212,216","199,204,209","201,207,212","210,215,220","211,217,221","207,212,217","207,212,217","211,216,220","210,215,220","208,215,219","208,215,219","209,216,220","210,217,221","211,218,223","211,217,224","212,216,225","215,219,228","218,222,231","218,224,232","219,225,234","221,228,236","222,231,238","227,236,243","227,236,243","225,234,241","222,232,239","221,232,238","221,232,238","223,234,240","222,233,240","218,231,239","218,231,239","218,231,239","220,231,239","221,232,240","222,233,240","224,235,241","226,237,241","225,234,239","223,232,235","222,230,234","223,231,235","226,235,238","228,237,240","229,240,241","226,241,242","223,239,239","223,237,236","226,237,237","231,238,237","234,237,236","237,236,232","235,230,226","226,217,211","212,198,192","203,186,178","201,182,172","201,180,171","203,179,170","205,178,170","205,176,171","202,172,167","201,172,167","202,173,168","203,172,165","203,172,166","208,174,169","207,173,167","206,173,165","206,173,164","207,172,164","208,173,164","209,174,165","209,176,165","207,174,165","204,172,163","206,173,164","207,175,165","207,175,166","206,174,165","205,173,164","205,173,163","203,173,163","204,173,163","203,172,163","203,172,162","202,172,162","202,171,161","201,171,161","201,172,163","203,174,166","203,174,166","205,176,168","205,176,168","204,175,167","202,173,165","200,171,163","199,170,162","197,168,160","194,165,157","194,165,157","194,165,157","193,164,156","190,162,154","187,162,154","187,163,155","188,164,154","187,163,153","189,162,153","188,161,152","189,160,150","188,160,149","188,158,148","190,159,148","193,160,150","195,161,152","197,162,152","198,162,152","198,162,152","195,160,150","194,158,149","192,159,149","189,157,149","187,155,146","182,155,147","181,153,146","178,155,148","178,157,151","177,157,153","175,157,154","171,155,153","169,156,154","172,159,158","176,166,167","184,182,186","200,204,212","217,222,231","217,226,234","209,221,227","205,220,224","207,223,229","208,224,229","205,223,228","207,225,229","206,224,228","205,221,226","207,222,229","210,223,231","208,222,229","202,217,225","199,216,224","201,218,226","201,218,226","201,218,226","200,217,225","199,216,224","197,214,222","195,212,220","194,211,219","192,209,217","192,209,217","192,209,217","192,209,217","192,209,217","189,206,215","189,206,217","187,204,215","181,198,208","176,193,203","171,188,197","166,180,189","164,178,187","168,182,190","159,173,180","148,160,167","145,156,163","142,154,160","140,151,158","143,155,161","141,154,163","125,139,148","125,139,144","133,145,147","127,135,136","123,129,126","120,123,119","124,125,120","132,131,127","110,107,104","90,86,86","58,55,58","46,44,50","60,58,66","118,120,128","145,153,160","148,160,166","86,82,79","77,73,70","76,72,69","84,79,76","85,80,77","81,76,73","82,77,74","88,81,79","97,89,87","112,103,102","127,117,116","138,128,127","148,138,137","158,148,147","168,156,156","177,164,163","182,168,167","188,174,173","189,177,175","189,178,176","187,177,175","187,177,176","187,177,176","191,181,180","197,188,189","203,195,196","207,199,199","207,201,201","208,201,203","207,204,205","208,209,208","210,212,211","214,214,214","215,215,215","214,214,214","211,210,211","209,207,208","209,205,206","208,204,205","207,203,204","204,200,201","201,197,198","201,197,198","204,200,201","207,204,205","210,208,209","212,210,211","212,212,212","214,215,215","215,217,216","216,218,217","215,219,218","212,217,215","210,216,214","207,215,213","204,214,211","202,212,211","200,211,208","199,210,208","198,208,209","200,208,212","203,210,216","206,213,219","208,215,221","210,217,223","211,216,222","211,216,222","212,217,223","210,215,221","209,214,220","209,214,220","210,215,221","210,215,221","209,214,220","207,212,219","209,213,222","212,216,225","216,220,229","221,225,234","223,228,237","224,230,238","224,231,239","227,234,242","227,235,243","226,235,242","225,234,241","223,234,240","223,234,240","222,233,239","222,234,240","220,233,241","220,233,241","219,232,239","219,232,238","218,231,237","219,231,237","220,231,237","222,233,237","222,233,237","224,233,238","225,234,239","226,235,240","227,236,239","227,237,239","226,238,241","222,238,242","221,239,242","222,239,241","224,238,240","226,237,239","228,236,237","231,235,234","234,235,231","238,235,231","237,229,225","228,217,210","215,200,194","205,188,181","201,182,175","203,179,174","205,176,174","203,173,171","201,171,169","203,172,170","206,174,171","209,175,173","210,176,173","208,173,170","208,173,168","208,172,167","208,172,165","209,172,165","210,173,165","210,174,166","206,173,164","203,174,163","205,175,165","205,175,165","206,176,166","204,174,164","202,172,162","202,172,162","203,170,161","204,171,162","205,172,163","206,173,164","206,173,164","206,173,164","205,173,164","205,176,167","205,175,167","203,174,166","203,174,166","204,175,167","203,174,166","201,172,164","199,170,162","198,169,161","196,167,159","193,164,156","192,163,155","191,162,154","192,163,155","194,165,157","191,165,156","189,165,155","189,165,155","188,164,154","190,163,154","189,162,153","190,161,153","190,161,152","191,161,152","192,162,153","194,163,154","195,164,155","196,164,156","197,164,155","196,163,154","192,161,151","190,160,151","191,162,153","190,162,154","187,160,153","183,159,153","182,160,155","181,161,157","177,160,158","174,159,158","173,159,160","175,164,164","183,174,175","196,189,190","207,203,206","213,216,221","211,221,229","210,221,230","208,222,230","207,223,230","205,224,229","205,224,230","205,224,230","204,223,229","204,223,228","204,223,227","205,222,226","205,220,225","206,219,225","205,220,226","205,219,228","203,220,228","203,220,228","202,219,227","201,218,226","200,217,225","198,215,223","196,213,221","194,211,219","195,212,220","196,213,221","195,212,220","193,210,218","193,210,218","194,211,219","191,208,218","190,207,217","189,206,216","182,199,209","173,190,200","168,184,194","166,180,189","168,182,191","167,181,190","157,172,179","150,164,172","149,163,171","150,164,172","148,162,170","143,156,165","136,151,159","133,148,156","130,145,150","128,142,146","127,138,140","126,135,135","127,132,131","128,131,130","128,128,128","127,126,127","128,126,129","112,110,115","78,75,82","59,56,64","64,64,72","84,90,97","99,109,114","80,76,73","82,77,74","86,81,78","86,81,78","79,74,71","78,73,70","91,84,82","112,104,103","130,121,120","144,134,133","157,147,146","166,155,155","171,160,160","177,166,166","182,170,170","185,173,171","188,176,174","191,179,178","191,179,178","190,179,178","189,179,178","191,182,180","193,184,183","197,189,188","201,193,195","205,199,200","207,202,202","206,203,203","207,204,205","207,207,207","210,211,210","210,213,212","212,213,212","212,212,212","210,210,210","207,205,206","204,201,202","200,196,198","200,195,197","202,197,198","202,197,199","202,198,199","202,198,199","202,200,201","205,203,203","207,207,206","210,210,209","215,215,215","218,219,219","219,221,220","217,220,220","215,219,219","215,221,220","215,221,220","212,219,220","208,217,217","204,214,214","201,212,211","199,210,209","198,208,209","198,207,210","201,209,214","203,211,217","206,213,219","208,215,221","208,214,220","208,214,220","210,215,221","208,213,219","207,212,218","208,213,219","211,214,221","211,215,222","210,214,221","210,214,221","213,216,225","215,218,227","218,221,230","220,224,233","221,225,234","220,225,234","220,225,234","223,230,238","225,232,240","226,235,242","228,237,244","227,237,244","226,236,242","224,234,241","223,234,240","222,235,241","222,235,241","221,234,240","220,233,239","220,233,239","220,233,239","220,233,239","221,232,237","221,232,236","222,232,236","223,233,237","224,234,238","225,235,239","225,235,239","224,236,241","223,238,244","222,238,244","223,238,243","223,238,242","224,238,241","226,237,239","228,237,237","229,234,232","232,234,232","238,235,232","241,237,232","240,232,228","231,220,216","221,206,202","212,192,191","206,180,181","203,175,177","199,171,173","200,171,171","202,172,172","205,174,174","207,175,174","208,175,173","206,173,170","205,171,167","203,169,164","205,169,163","206,170,164","208,173,167","207,175,167","204,176,167","203,175,165","202,173,164","201,171,162","201,171,162","200,171,162","202,172,163","206,174,166","206,175,166","206,175,167","207,175,167","208,175,167","207,174,166","206,174,166","204,174,165","203,174,164","201,173,163","201,173,163","202,174,164","201,173,163","199,171,161","197,168,159","194,166,156","194,166,156","195,166,156","195,166,157","194,166,156","194,165,155","193,165,155","191,163,153","189,163,152","189,163,153","188,162,153","190,163,154","190,163,154","190,163,155","190,163,155","192,164,157","192,164,157","193,164,157","193,165,158","193,164,159","193,164,158","192,164,158","190,163,157","189,165,159","190,168,161","189,168,161","185,165,159","179,161,157","175,161,158","173,159,157","170,159,159","176,168,168","186,180,182","197,192,195","208,205,208","218,217,220","224,226,230","216,223,230","209,222,231","208,222,231","206,223,231","205,224,231","204,224,231","204,225,230","203,226,230","203,224,229","203,224,228","204,223,227","205,222,227","206,221,226","207,220,226","206,219,225","205,219,227","203,220,228","202,219,227","201,218,226","200,217,225","198,215,223","197,214,222","198,215,223","198,215,223","196,213,221","194,211,219","196,213,221","196,213,221","195,212,220","193,210,218","194,211,221","190,207,217","184,201,211","176,193,203","170,187,197","167,184,194","166,182,192","166,181,191","163,179,188","156,172,181","152,167,176","151,167,176","152,168,176","151,165,174","146,160,169","140,157,165","138,155,162","136,151,156","133,146,151","131,142,145","130,139,141","129,136,138","130,135,137","132,134,136","128,130,132","127,127,131","131,129,134","126,125,130","106,104,110","78,79,85","54,59,65","52,62,66","93,88,85","86,81,78","82,77,74","87,82,79","95,90,87","109,103,101","129,121,119","146,137,136","157,147,146","166,156,155","175,165,164","180,169,169","182,170,170","184,172,172","187,175,175","190,179,177","191,180,178","191,180,178","190,179,177","189,179,177","189,180,179","191,184,181","196,189,189","201,196,195","204,199,200","206,203,204","207,204,205","207,207,207","209,208,209","210,212,211","209,212,211","210,213,212","212,214,213","211,212,211","209,207,208","205,202,203","202,198,199","198,193,194","197,191,193","200,194,196","203,197,199","203,199,200","202,199,200","204,202,203","207,206,206","210,210,208","213,213,212","217,217,217","220,221,220","220,222,221","217,220,221","215,219,220","214,219,219","213,219,219","212,217,220","209,217,219","207,216,217","205,215,216","205,213,215","202,212,215","199,208,212","201,210,215","202,211,216","204,212,218","206,213,219","206,213,219","206,213,219","209,214,220","209,214,220","208,213,219","209,214,220","212,215,222","213,216,223","212,215,222","212,215,223","216,219,228","218,221,230","220,223,232","221,225,234","221,225,234","220,224,233","219,223,232","220,226,235","222,229,237","226,234,241","229,238,245","230,239,246","228,237,244","225,234,241","224,234,241","223,236,242","223,236,242","222,235,241","222,235,241","221,234,240","221,234,240","221,234,240","221,232,237","221,232,236","221,232,236","222,233,237","222,233,237","222,235,238","223,234,239","223,235,241","223,237,244","223,237,244","224,237,245","224,237,244","224,237,243","225,238,241","227,238,239","231,240,241","228,235,234","226,230,229","230,231,229","238,235,234","240,236,234","240,232,231","239,226,227","236,217,220","225,204,208","211,190,193","202,180,182","199,175,177","198,173,175","200,174,174","206,180,178","207,180,177","208,180,176","208,178,174","207,176,172","205,174,170","203,173,168","202,174,167","201,175,166","200,174,166","199,172,164","200,172,164","201,173,165","203,174,167","205,176,168","207,178,171","207,177,169","207,176,169","206,175,168","207,174,168","206,173,167","205,173,167","204,175,165","203,175,164","202,174,163","202,174,163","203,175,164","202,174,163","200,172,161","197,169,158","195,167,156","196,168,157","196,168,157","197,169,158","195,167,156","194,166,155","193,165,154","191,163,152","190,163,152","190,163,153","190,163,154","191,164,155","190,165,155","191,165,158","191,165,159","188,162,157","187,162,157","188,163,158","190,165,160","191,166,163","192,166,164","191,168,165","190,171,167","187,171,167","183,169,164","178,165,161","174,160,158","172,162,159","173,165,165","177,171,170","190,185,186","198,196,198","207,208,212","215,217,221","219,222,227","221,225,231","221,227,232","214,224,232","209,223,231","209,223,232","207,224,231","206,225,232","205,225,231","205,226,231","204,226,231","204,225,230","204,224,229","204,223,227","206,223,227","207,221,226","208,220,226","207,220,226","206,219,227","203,220,228","201,218,226","200,217,225","199,216,224","198,215,223","197,214,222","198,215,223","199,216,224","195,212,220","194,211,219","197,214,222","199,216,224","197,214,222","194,211,219","191,208,218","186,203,213","179,196,206","174,191,201","172,189,199","168,185,195","165,182,192","162,179,189","158,175,185","154,171,181","153,170,179","155,172,181","157,174,184","155,172,182","151,168,177","146,163,171","144,160,166","141,156,161","137,150,155","134,146,149","132,142,146","130,139,143","129,138,140","132,138,141","136,139,144","128,131,135","125,126,131","132,132,137","134,134,138","123,124,128","109,113,118","98,106,111","97,92,89","92,87,84","93,88,85","109,103,100","132,124,122","151,143,141","166,158,156","174,165,163","177,167,166","182,170,170","185,173,173","187,175,175","188,176,176","189,177,177","191,179,179","195,185,184","195,185,184","193,184,182","191,183,181","190,183,181","192,186,185","195,190,189","199,195,194","201,200,198","203,203,202","205,206,206","207,208,208","207,211,210","211,214,215","213,216,217","208,213,211","211,214,213","213,215,214","213,214,213","211,209,210","208,205,206","205,201,202","205,198,200","205,197,200","205,198,200","205,199,201","204,200,201","205,203,204","210,209,209","214,214,214","218,219,217","218,220,217","218,220,217","218,220,218","218,220,219","216,219,219","215,219,220","211,216,217","210,214,216","210,214,218","210,215,219","210,215,219","209,217,220","210,216,219","207,215,220","201,211,216","202,212,218","204,213,219","205,214,220","207,215,222","208,215,222","208,215,222","212,216,224","212,216,224","211,215,223","213,216,224","216,217,226","218,219,228","217,218,227","216,218,227","218,221,230","220,223,232","222,225,234","223,227,236","224,227,236","223,227,236","222,226,235","221,225,234","220,226,235","224,231,239","229,236,244","229,238,245","229,238,245","226,235,242","225,235,241","225,236,240","225,236,240","224,236,240","223,236,239","222,236,239","221,235,238","221,235,238","219,233,238","219,232,238","219,232,238","220,233,239","220,233,239","219,234,239","220,233,239","223,234,241","226,235,244","226,234,244","226,236,245","226,237,244","225,238,244","225,238,244","225,239,242","224,237,240","225,236,238","227,236,238","231,238,239","236,240,242","237,240,242","238,239,240","240,237,239","243,235,239","243,233,237","241,231,234","237,226,229","228,216,218","217,204,206","210,195,195","197,182,181","198,181,178","200,181,178","200,181,177","201,181,176","201,180,174","201,180,174","205,183,176","209,185,178","209,184,178","209,183,177","208,183,177","208,182,176","209,181,176","208,181,174","210,182,177","210,181,174","208,179,173","207,177,171","207,176,171","206,175,170","206,175,171","207,177,169","206,177,167","204,176,165","205,177,166","205,177,166","205,177,166","202,174,163","200,172,161","202,174,163","200,172,161","199,171,160","196,168,157","194,166,155","193,165,154","193,165,154","194,166,154","193,166,154","194,167,155","194,167,156","193,168,158","193,168,159","193,169,162","193,169,164","193,170,166","191,170,167","190,169,168","189,169,168","189,170,170","189,169,171","189,171,172","182,168,168","176,167,167","176,169,168","177,172,173","182,178,179","191,189,190","202,201,203","209,210,212","214,217,221","217,221,225","219,224,228","216,224,229","213,223,228","211,221,227","210,220,226","210,223,229","209,224,229","209,224,231","207,225,229","206,225,231","206,225,229","206,225,229","206,225,229","205,224,228","205,224,228","206,224,228","206,223,227","208,221,227","209,220,226","208,220,226","206,220,228","204,220,228","201,218,226","200,217,225","198,215,223","198,215,223","198,215,223","198,215,223","198,215,223","195,212,220","195,212,220","199,216,224","202,219,227","199,216,224","195,212,220","184,200,209","180,194,204","176,193,202","177,194,203","177,194,204","172,189,199","165,182,192","159,176,186","156,173,183","154,171,181","155,173,183","159,176,187","161,179,191","160,178,190","159,176,186","154,169,177","151,165,170","148,162,166","143,157,160","138,152,155","136,148,152","135,145,150","134,143,148","134,143,147","134,142,145","131,137,140","131,136,139","135,138,140","135,138,140","129,133,135","131,134,139","129,135,139","95,90,87","113,108,105","135,129,126","153,147,144","164,156,154","170,162,160","176,167,165","183,174,172","187,177,176","189,177,177","190,178,178","191,179,179","193,181,181","194,182,182","195,183,183","193,183,182","193,185,183","192,185,183","190,185,182","190,185,182","193,189,187","197,195,193","199,198,196","200,202,200","203,205,203","205,208,207","206,210,209","207,214,212","210,217,216","211,218,218","209,215,213","211,216,215","215,217,216","215,216,216","216,213,214","214,209,210","211,205,207","211,203,205","211,202,205","210,203,205","207,203,204","208,204,205","209,207,208","215,214,214","220,220,220","223,225,222","222,224,221","220,222,219","219,221,218","218,220,219","216,219,219","215,219,220","214,217,219","212,216,219","212,214,219","211,214,219","210,213,218","209,214,218","209,212,219","207,213,219","204,213,220","204,214,220","205,214,221","206,215,222","208,217,224","209,216,224","210,217,225","214,218,227","214,218,227","214,217,226","215,218,227","219,219,229","220,220,230","219,219,229","217,218,228","218,221,230","220,223,232","223,226,235","225,228,237","226,229,238","225,229,238","225,229,238","222,226,235","222,226,235","222,229,237","224,231,239","225,233,241","226,235,242","226,235,242","226,235,241","225,236,240","225,236,240","224,235,239","223,236,239","221,235,238","221,235,238","221,235,238","220,233,239","220,233,239","220,233,239","220,233,239","220,235,240","220,235,240","220,235,240","224,233,241","228,232,243","229,232,243","228,234,245","227,236,244","227,237,244","226,239,245","225,240,245","222,237,242","224,239,242","228,242,245","230,241,244","229,238,242","228,238,240","230,238,241","233,237,241","234,236,241","238,240,243","241,243,246","243,245,247","242,243,244","237,236,237","232,229,228","219,215,212","214,209,206","208,201,198","201,193,188","197,188,182","196,186,180","197,186,180","198,183,176","200,181,174","202,180,174","203,181,175","205,182,177","207,182,177","207,182,178","208,183,178","213,186,182","211,184,180","210,182,178","209,179,176","209,178,175","209,178,175","210,179,176","210,180,173","208,180,170","207,179,168","207,179,168","208,180,169","207,179,168","205,177,166","202,174,163","204,176,165","203,175,164","200,172,161","198,170,159","197,169,158","196,168,157","196,168,156","197,169,157","197,169,157","197,169,158","196,169,158","195,171,160","195,170,163","194,171,165","192,171,166","191,171,168","188,169,169","185,167,168","181,165,168","180,165,168","179,165,170","178,166,171","177,169,173","179,177,180","188,187,191","198,199,203","206,210,213","214,219,222","220,225,229","221,229,232","217,225,231","216,226,231","214,225,230","211,224,230","209,222,229","209,224,230","211,226,233","211,225,231","211,224,230","211,224,230","210,225,230","208,226,230","207,226,230","207,226,230","207,226,230","206,225,229","205,224,228","207,224,228","208,222,228","208,221,227","209,221,227","209,221,227","208,222,230","205,221,229","202,219,227","200,217,225","199,216,224","199,216,224","199,216,224","199,216,224","198,215,223","198,215,223","199,216,224","201,218,226","201,218,226","195,212,220","190,207,215","180,195,204","178,192,201","177,194,202","178,195,203","177,194,204","172,189,199","166,183,193","162,179,189","159,176,186","159,176,186","158,176,187","161,179,190","163,181,193","163,181,193","162,180,190","161,176,182","159,173,177","156,170,173","152,166,169","147,161,164","144,157,161","144,155,161","143,153,159","140,149,154","136,145,149","137,145,147","139,145,148","138,142,144","135,139,140","135,139,140","127,131,133","124,126,131","127,122,119","146,141,138","166,158,156","177,169,167","179,171,169","180,171,170","184,174,173","187,177,176","188,178,177","190,179,179","192,181,181","196,184,184","197,186,186","197,185,185","195,184,184","191,181,180","191,183,181","191,185,182","191,186,183","193,189,186","196,193,191","201,199,198","202,201,201","202,204,204","204,208,207","205,211,210","206,212,211","204,212,212","206,214,213","208,216,215","212,217,216","214,218,217","217,219,218","217,218,217","217,214,215","215,210,211","211,205,207","210,201,204","209,201,204","210,204,206","211,206,207","212,208,209","213,211,212","216,216,217","220,220,220","221,223,221","223,225,222","223,225,223","223,225,223","221,223,223","219,220,221","216,217,220","217,218,221","216,217,221","215,216,221","214,215,220","212,212,220","210,212,219","210,210,218","207,212,218","205,214,220","204,215,220","204,215,220","205,215,221","207,216,222","209,216,223","211,217,224","215,220,228","215,219,227","215,218,226","216,218,226","219,219,228","219,219,228","217,217,227","217,217,226","221,221,231","222,223,232","223,226,234","225,228,236","224,228,236","223,227,235","222,226,235","223,227,236","222,227,235","219,226,234","219,226,234","221,228,236","224,231,239","227,235,243","227,236,242","224,235,238","224,235,238","224,235,239","222,235,238","221,235,238","221,235,238","220,234,237","222,235,240","222,235,241","221,236,241","221,236,241","221,235,240","220,235,240","222,234,242","225,232,242","230,231,243","232,231,243","231,233,245","229,235,245","227,236,246","226,238,247","225,240,247","224,240,247","224,242,247","225,240,245","224,239,243","223,238,243","226,239,243","229,240,245","231,243,247","230,243,246","227,239,242","225,238,239","227,239,240","231,241,242","234,243,242","236,243,242","243,248,246","242,246,242","236,239,235","227,230,224","217,219,212","208,208,201","202,200,193","203,195,188","206,191,185","205,187,182","202,183,178","200,181,177","200,180,176","202,180,177","203,181,178","208,184,181","207,183,180","206,180,178","204,178,176","204,177,175","206,178,176","207,179,177","208,182,175","208,181,171","207,180,169","207,180,169","208,181,170","207,180,169","205,178,167","202,175,164","200,173,161","201,174,163","202,175,164","202,176,164","202,175,163","200,174,162","199,172,161","198,170,160","197,170,160","197,170,161","195,170,161","193,171,163","192,169,163","191,170,165","188,170,167","185,167,166","185,168,171","185,170,175","187,175,181","191,180,188","196,187,195","199,192,200","202,201,208","205,210,215","211,218,223","215,224,228","218,226,231","217,225,231","215,225,231","214,226,231","214,226,233","213,228,233","213,229,234","212,227,234","209,226,233","208,225,233","210,227,234","211,225,231","211,225,229","211,225,229","210,225,229","210,225,229","209,226,229","208,226,229","208,226,229","207,225,229","207,224,229","208,223,229","208,223,228","209,221,227","210,220,227","210,221,228","210,223,232","207,223,231","204,221,229","201,218,226","200,217,225","200,217,225","201,218,226","200,217,225","200,217,225","202,219,227","204,221,229","202,219,227","197,214,222","189,206,214","183,200,208","183,198,207","184,198,207","180,197,205","175,192,200","170,187,197","168,185,195","168,185,195","168,185,196","166,184,196","165,182,194","163,181,193","162,180,192","162,179,191","160,180,191","161,179,187","163,178,182","163,175,178","160,172,174","157,168,171","153,164,169","151,162,167","148,160,166","150,162,168","156,166,171","154,164,167","147,156,159","139,146,149","134,140,141","133,139,138","134,138,138","144,148,150","139,140,145","164,157,154","170,164,161","176,168,166","180,172,170","183,175,173","188,179,177","191,182,180","191,182,180","191,182,180","193,184,182","196,187,185","200,189,188","200,191,189","200,189,188","197,188,186","195,187,185","196,188,186","195,189,188","196,191,190","198,195,195","201,200,201","205,204,207","205,206,208","204,207,209","205,209,210","206,210,212","206,210,211","207,211,213","209,213,214","211,214,215","215,215,215","217,217,217","218,218,218","217,215,216","214,210,211","212,207,208","210,204,207","208,202,204","208,202,205","210,205,208","213,208,210","215,210,214","215,212,216","218,215,219","219,218,221","220,220,222","222,223,224","224,224,226","225,225,227","223,223,227","220,220,223","217,218,221","216,216,221","216,216,221","216,216,221","215,215,221","213,213,220","212,211,218","210,209,216","206,209,216","204,211,216","205,213,217","207,214,219","207,214,219","209,215,220","212,217,222","215,219,225","218,222,227","218,221,226","217,219,225","218,217,225","218,218,225","218,218,225","218,217,224","218,218,225","221,222,229","223,224,231","222,225,232","223,227,232","222,227,232","221,226,232","220,226,233","224,229,237","221,228,235","218,225,232","218,226,232","219,227,234","221,229,237","225,233,240","227,236,242","224,235,240","225,236,241","224,235,240","223,235,239","221,234,238","221,234,238","221,234,238","223,236,241","223,235,241","223,235,241","222,236,242","224,236,242","223,237,242","225,236,243","226,235,243","228,233,243","229,233,243","228,234,244","227,236,244","226,237,245","226,238,246","225,239,246","226,240,246","226,242,248","228,243,248","229,243,249","230,244,249","229,243,248","228,241,247","227,241,246","227,241,245","226,240,244","226,241,243","228,242,243","229,243,245","229,242,243","230,241,243","226,236,238","229,239,238","233,243,242","236,244,243","236,244,242","233,240,237","229,236,233","231,232,229","232,227,224","228,220,217","221,213,211","215,206,204","211,202,199","207,195,194","204,192,190","201,187,187","200,186,186","199,183,183","197,181,181","195,179,179","196,178,179","196,178,178","199,179,176","200,179,173","198,178,171","199,179,172","199,179,172","199,179,172","198,178,171","197,176,169","194,173,166","195,175,168","195,175,168","196,176,169","195,175,168","194,174,167","193,173,167","190,170,166","186,168,166","187,169,167","189,173,171","192,177,176","191,178,177","190,180,180","192,183,185","197,188,192","198,192,197","203,197,204","208,205,213","214,213,221","221,219,228","225,225,233","222,227,236","219,229,236","219,231,238","219,231,238","218,230,236","216,228,235","216,227,236","214,227,236","213,228,236","214,228,236","213,229,237","212,227,235","210,226,234","209,224,233","209,225,233","211,225,232","211,225,232","211,225,232","210,225,231","210,225,231","209,225,231","208,226,231","208,226,231","207,225,230","208,225,231","209,224,231","208,223,230","208,222,229","209,221,229","209,221,230","208,223,232","206,223,232","205,222,231","203,220,229","202,219,228","202,219,228","202,219,228","202,219,228","202,219,228","203,220,229","202,219,228","197,214,223","192,209,217","186,203,212","183,200,209","187,202,212","187,201,211","182,198,207","175,190,200","169,185,195","169,185,195","171,187,197","172,188,199","170,186,198","169,185,197","168,184,196","166,182,194","165,181,193","163,180,192","163,180,189","163,179,185","161,176,180","158,173,178","157,169,175","155,167,174","154,164,172","151,162,169","149,159,166","148,158,164","150,158,164","149,155,161","148,153,158","148,152,156","147,150,152","140,143,146","143,145,148","139,141,145","177,169,166","180,172,169","183,175,172","185,177,174","186,178,175","188,180,177","190,182,179","193,185,182","195,187,184","197,189,186","199,191,188","200,192,189","200,192,189","200,191,188","199,191,188","199,191,189","198,190,189","197,192,191","197,193,194","200,198,200","203,203,207","206,207,212","206,208,213","205,208,213","205,208,212","207,208,213","209,209,213","212,212,216","216,214,217","218,216,219","217,214,215","219,216,217","219,216,217","216,212,213","212,208,209","210,205,207","210,205,209","210,205,209","211,206,210","212,207,212","215,210,215","217,212,218","219,214,220","221,216,223","220,218,224","221,220,225","222,221,227","223,222,228","223,222,228","222,221,227","219,218,224","217,216,222","214,213,219","214,213,219","215,214,220","215,214,220","214,213,219","211,210,216","209,208,214","205,207,212","204,209,212","206,211,214","209,213,217","210,214,217","212,216,220","216,219,223","220,221,226","221,222,227","220,221,226","220,219,224","218,217,223","218,217,222","218,217,223","219,218,224","219,220,225","219,221,226","221,224,228","222,225,229","221,225,229","220,225,229","220,226,230","220,228,232","222,229,234","219,226,232","217,225,230","218,227,232","219,228,235","218,227,234","221,230,237","224,234,240","224,235,241","225,236,242","226,237,243","225,236,242","223,234,240","223,234,240","224,235,241","226,237,243","226,237,243","226,237,243","226,238,244","227,238,244","227,239,245","228,239,245","226,238,244","224,236,242","224,236,242","225,237,243","225,237,243","225,238,244","225,238,244","225,238,244","227,240,246","227,241,246","228,241,247","227,240,246","228,241,247","228,241,247","229,242,248","228,241,247","227,240,246","227,240,246","227,240,246","227,240,245","227,240,245","227,240,245","228,240,245","229,241,246","229,241,245","229,241,245","229,241,245","229,241,245","229,241,245","230,241,245","234,242,244","236,242,242","236,240,239","236,239,238","235,238,237","234,236,235","229,230,230","224,223,223","214,212,213","213,210,212","212,207,209","209,204,206","206,201,203","204,199,201","203,197,200","202,192,193","199,188,187","199,188,186","199,188,186","198,186,185","197,186,184","196,185,184","196,185,183","196,184,183","194,183,181","192,181,179","191,180,178","191,179,178","192,181,179","193,182,182","195,185,188","194,187,191","195,188,194","202,198,202","208,204,210","208,205,211","210,208,214","214,215,221","219,220,229","219,223,230","221,225,233","222,228,236","222,230,239","222,230,239","221,231,239","219,230,239","217,230,239","216,230,239","215,229,238","215,229,238","214,228,237","214,228,237","214,228,237","212,226,235","211,225,234","211,225,234","210,224,233","210,224,233","211,225,234","212,226,235","211,227,235","211,227,235","211,227,235","209,226,234","209,226,234","208,225,233","208,225,233","208,225,233","208,225,233","208,225,233","208,225,233","207,224,232","207,223,231","207,223,231","207,223,231","206,223,232","205,222,232","204,221,231","203,220,230","203,220,230","204,221,231","204,221,231","204,221,231","203,220,230","201,218,228","196,213,223","191,208,218","188,205,215","186,203,213","186,203,213","188,202,213","186,200,211","182,196,207","178,192,203","175,189,200","174,188,199","174,188,199","173,187,198","171,186,197","171,186,197","172,187,198","172,186,197","171,185,196","169,184,195","168,183,194","167,183,191","164,180,187","162,176,184","161,174,183","160,173,182","159,170,179","157,167,176","155,164,172","155,162,170","157,163,171","157,161,169","154,156,164","149,151,158","148,148,154","146,147,152","146,149,153","146,150,153","181,173,171","184,176,174","187,179,177","189,181,178","188,180,178","189,181,179","191,183,180","194,186,184","197,189,187","198,190,188","199,191,189","199,191,189","199,191,189","198,190,188","198,190,188","197,189,187","197,189,188","198,192,192","199,195,196","201,200,202","204,204,208","206,207,212","205,208,213","205,208,213","206,209,214","209,210,215","211,211,216","214,213,218","217,215,218","217,215,218","220,217,218","220,217,218","218,215,216","214,211,212","210,207,208","209,206,208","209,206,210","210,207,210","211,208,211","212,209,214","215,212,217","219,216,221","222,219,225","224,221,228","224,221,228","221,220,225","222,221,226","223,222,227","223,222,227","221,220,226","219,218,223","217,216,221","215,214,219","215,214,219","215,214,219","215,214,219","214,213,218","212,211,216","210,209,214","207,208,212","206,210,213","207,211,214","209,213,216","211,215,218","215,219,222","218,220,224","219,220,224","220,221,225","219,220,224","219,218,223","218,217,222","217,216,221","218,217,222","218,217,222","218,219,223","218,220,224","219,223,226","220,224,227","220,224,227","219,224,227","220,225,228","221,227,230","220,227,232","218,225,231","216,224,229","219,227,233","219,228,235","216,225,232","219,228,235","221,231,238","223,234,240","224,235,241","226,237,243","225,236,242","224,235,241","224,235,241","225,236,242","227,238,244","227,238,244","227,238,244","228,239,245","228,239,245","228,239,245","229,240,246","227,239,245","223,236,242","224,237,243","224,237,243","225,238,244","225,238,244","225,238,244","225,238,244","224,237,243","224,237,243","225,238,244","226,239,245","227,240,246","228,241,247","229,242,248","228,241,247","227,240,246","227,240,246","227,240,246","227,240,246","227,240,246","227,240,246","227,240,246","228,241,247","228,241,247","228,241,247","228,241,247","228,241,247","228,241,247","229,241,246","230,241,244","231,240,241","232,239,241","234,241,243","237,244,245","239,245,247","239,243,246","238,241,243","235,238,240","236,237,240","235,234,239","233,231,236","231,230,234","230,228,233","229,227,231","228,224,226","226,223,222","225,222,222","224,221,220","223,219,220","222,219,218","221,217,218","221,218,216","219,215,216","218,215,213","217,213,213","216,213,212","217,213,213","218,215,214","219,215,216","223,219,223","223,221,226","223,221,227","227,226,232","230,229,236","227,227,235","226,228,236","228,232,239","230,235,244","227,235,243","226,235,241","223,234,241","222,233,242","220,232,241","219,232,240","217,231,239","216,230,239","216,230,239","215,229,238","215,229,238","214,228,237","214,228,237","214,228,237","212,226,235","212,226,235","211,225,234","211,225,234","211,225,234","212,226,235","212,226,235","211,227,235","210,227,235","210,227,235","209,226,234","209,226,234","208,225,233","208,225,233","208,225,233","208,225,233","208,225,233","208,225,233","207,224,232","206,223,231","206,223,231","206,223,231","207,224,233","204,221,231","201,218,228","201,218,228","203,220,230","205,222,232","206,223,233","204,221,231","201,218,228","200,217,227","198,215,225","194,211,221","189,206,216","185,202,212","183,200,210","185,200,211","184,198,209","181,195,206","177,191,202","175,189,200","174,188,199","174,188,199","174,188,199","173,187,198","173,187,198","174,188,199","173,187,198","172,186,197","171,185,196","169,183,194","169,184,193","167,182,191","165,179,188","164,178,187","164,177,186","163,175,184","163,172,181","162,170,179","164,171,179","166,171,180","165,168,177","162,163,171","156,156,164","152,152,160","150,151,157","149,152,157","148,152,155","188,180,178","190,182,180","192,185,182","193,185,183","192,184,182","192,184,182","193,186,184","197,190,188","200,192,190","200,192,190","199,191,189","199,191,189","198,190,188","198,190,188","197,189,187","194,187,184","196,191,188","198,195,193","201,199,199","204,203,205","205,205,209","204,207,212","204,207,212","205,208,213","206,209,214","209,212,217","212,214,218","215,214,219","216,214,217","217,215,218","222,220,221","219,217,218","215,213,214","211,209,210","209,207,208","208,206,208","210,208,211","212,210,213","214,212,215","215,213,217","217,215,220","221,219,224","223,221,226","225,222,229","225,223,229","222,221,226","222,221,226","222,221,226","222,221,226","220,219,224","218,217,222","216,215,220","215,214,219","215,214,219","215,214,219","215,214,219","214,213,218","213,212,217","211,210,215","209,211,215","209,213,216","207,212,215","209,213,216","214,218,221","218,222,225","220,222,225","219,220,224","218,219,223","218,219,223","218,217,222","218,217,222","217,216,221","217,216,221","217,216,221","217,218,222","218,220,224","219,223,226","220,224,227","220,225,228","220,225,228","221,226,229","222,227,231","220,226,232","217,224,230","217,224,230","221,228,234","220,229,236","217,226,233","217,226,233","218,228,235","220,230,236","223,234,240","226,237,243","225,236,242","225,236,242","225,236,242","225,236,242","227,238,244","227,238,244","227,238,244","227,238,244","227,238,244","227,238,244","227,238,244","227,238,244","225,237,243","224,237,243","225,238,244","225,238,244","225,238,244","226,239,245","226,239,245","223,236,242","223,236,242","224,237,243","225,238,244","226,239,245","226,239,245","227,240,246","227,240,246","227,240,246","227,240,246","227,240,246","227,240,246","227,240,246","227,240,246","227,240,246","227,240,246","227,240,246","227,240,246","227,240,246","227,240,246","227,240,246","228,240,245","229,240,243","230,240,241","229,239,241","231,239,241","231,239,242","232,240,242","231,239,242","232,237,240","235,240,243","236,239,243","235,237,242","234,236,240","234,235,240","234,235,239","233,234,239","232,235,237","231,236,235","231,236,235","232,237,235","232,237,237","232,237,236","233,238,238","233,238,236","232,237,237","231,236,234","229,234,233","228,233,231","227,232,231","227,232,231","227,232,232","229,231,234","228,229,234","228,229,234","230,230,235","229,229,237","226,228,235","223,228,234","223,229,236","229,236,244","227,236,243","224,234,240","221,233,239","219,232,240","219,232,240","220,234,242","218,232,240","216,230,239","216,230,239","215,229,238","215,229,238","214,228,237","214,228,237","214,228,237","213,227,236","212,226,235","211,225,234","211,225,234","211,225,234","212,226,235","213,227,236","211,227,235","210,227,235","210,227,235","209,226,234","209,226,234","208,225,233","208,225,233","208,225,233","208,225,233","208,225,233","208,225,233","207,224,232","206,223,231","206,223,231","206,223,231","205,222,232","203,220,230","199,216,226","200,217,227","204,221,231","206,223,233","205,222,232","200,217,227","194,211,221","195,212,222","195,212,222","195,212,222","191,208,218","185,202,212","180,197,207","181,196,207","181,195,206","179,193,204","176,190,201","175,189,200","174,188,199","174,188,199","175,189,200","176,190,201","176,190,201","176,190,201","175,189,200","173,187,198","172,186,197","170,184,195","170,184,193","168,182,191","166,180,189","166,180,189","167,180,189","168,179,188","167,176,185","165,173,182","164,171,179","166,172,180","168,171,180","166,168,176","164,164,172","161,162,170","160,161,168","157,159,165","155,159,162","191,186,183","193,188,185","195,190,187","195,190,187","194,189,186","193,188,185","195,189,186","197,192,189","199,194,191","198,193,190","197,192,189","197,192,189","196,191,188","196,191,188","196,191,188","195,190,187","198,193,190","201,197,196","203,202,201","205,204,207","206,206,210","205,207,212","204,207,212","204,209,213","206,210,214","209,212,217","212,214,218","214,215,219","215,215,217","216,216,218","221,219,220","217,215,216","213,211,212","209,207,208","209,207,208","209,207,209","211,209,212","213,211,214","216,214,217","217,215,219","218,216,221","220,218,223","221,219,224","222,219,226","223,220,227","223,222,227","222,221,226","222,221,226","221,220,225","219,218,223","217,216,221","216,215,220","216,215,220","216,215,220","216,215,220","215,214,219","215,214,219","214,213,218","213,212,217","211,213,216","210,214,217","209,213,216","211,215,218","215,219,222","220,224,227","221,223,227","219,220,224","218,219,223","218,219,223","219,218,223","218,217,222","218,217,222","217,216,221","217,216,221","216,217,221","218,220,224","220,224,227","222,226,229","222,226,229","223,227,230","223,228,231","224,229,233","222,227,233","220,225,231","219,226,232","222,229,235","221,228,236","218,225,233","217,226,233","219,228,235","219,228,235","222,231,238","225,234,241","224,233,240","224,233,240","225,234,241","226,235,242","226,235,242","226,235,242","226,235,242","226,235,242","226,235,242","226,235,242","226,235,242","225,236,242","226,237,243","226,237,243","227,238,244","227,238,244","228,239,245","228,239,245","228,239,245","227,238,244","227,238,244","227,238,244","227,238,244","227,238,244","227,238,244","227,238,244","227,238,244","229,240,246","229,240,246","229,240,246","229,240,246","229,240,246","229,240,246","229,240,246","229,240,246","229,240,246","229,240,246","229,240,246","229,240,246","229,240,246","229,240,246","228,239,244","229,240,242","230,241,244","231,241,244","231,240,245","232,242,244","233,242,246","234,242,246","229,237,243","231,237,241","231,236,242","230,235,241","231,235,241","231,235,240","230,234,240","226,234,236","222,236,234","222,236,235","223,237,235","223,237,237","224,239,236","224,238,238","225,240,237","222,237,237","222,236,235","221,235,234","220,234,232","219,233,232","218,233,232","219,233,233","224,233,235","229,233,238","230,233,238","229,233,237","228,233,239","225,232,238","224,232,237","222,231,236","224,234,240","222,233,239","219,232,238","217,231,237","217,231,238","217,232,239","218,234,241","217,232,240","216,230,239","216,230,239","215,229,238","215,229,238","214,228,237","214,228,237","214,228,237","213,227,236","213,227,236","212,226,235","211,225,234","211,225,234","213,227,236","213,227,236","211,227,235","210,227,235","210,227,235","209,226,234","209,226,234","208,225,233","208,225,233","208,225,233","208,225,233","208,225,233","208,225,233","207,224,232","206,223,231","206,223,231","206,223,231","207,224,233","205,222,232","203,220,230","202,219,229","202,219,229","200,217,227","195,212,222","192,209,219","187,204,214","188,205,215","191,208,218","193,210,220","191,208,218","186,203,213","180,197,207","180,194,205","179,193,204","178,192,203","177,191,202","176,190,201","175,189,200","175,189,200","176,190,201","177,191,202","177,191,202","177,191,202","176,190,201","175,189,200","174,188,199","173,187,198","172,186,195","169,183,192","168,181,190","168,181,190","170,180,190","170,180,189","169,178,187","166,174,183","163,170,178","166,172,180","167,171,180","166,170,178","165,168,175","165,166,174","165,165,173","164,167,172","163,166,171","193,188,186","195,190,188","197,192,190","198,192,190","197,192,190","197,191,189","198,193,191","199,194,192","199,194,192","198,193,191","197,192,190","196,191,189","196,191,189","197,192,190","198,192,190","200,195,192","202,197,194","204,201,200","205,205,204","206,207,209","206,208,211","206,209,214","206,210,215","207,212,216","208,212,217","210,213,218","212,214,218","215,216,220","218,218,220","219,219,220","220,218,219","216,214,215","212,211,212","211,210,210","212,211,212","213,212,213","213,212,214","215,214,216","217,215,218","218,216,220","219,217,222","219,218,223","220,219,224","221,219,226","221,220,226","223,222,227","223,222,226","221,220,224","220,219,223","218,217,221","216,215,219","216,215,219","217,216,220","216,216,220","216,215,219","215,214,218","215,214,218","214,214,218","214,214,218","213,214,218","211,215,218","212,217,220","215,219,222","218,222,225","220,224,227","221,223,226","220,221,225","218,219,223","218,219,223","220,219,224","220,219,224","220,219,224","218,217,222","217,216,221","217,217,222","218,220,224","220,223,227","222,225,229","223,227,230","223,227,230","224,228,232","225,229,234","224,229,235","222,227,233","219,225,231","221,227,233","220,227,235","217,224,232","217,225,233","219,228,235","219,228,235","221,230,237","221,230,237","220,229,236","221,230,237","222,231,238","225,234,241","226,235,242","226,235,242","226,235,242","225,234,241","225,234,241","225,234,241","224,233,240","225,235,241","227,238,244","227,238,244","227,238,244","228,239,245","228,239,245","228,239,245","229,240,246","228,239,245","228,239,245","228,239,245","227,238,244","227,238,244","227,238,244","227,238,244","227,238,244","229,240,246","229,240,246","229,240,246","229,240,246","229,240,246","229,240,246","229,240,246","228,239,245","228,239,245","228,239,245","228,239,245","228,239,245","228,239,245","228,239,245","229,240,246","230,242,247","233,244,250","233,245,250","232,242,249","230,240,246","229,239,246","230,240,245","230,239,247","230,239,245","231,238,246","230,237,245","230,237,245","229,237,244","229,236,244","227,240,243","225,243,243","224,242,243","224,242,243","223,242,242","223,242,242","222,241,241","222,241,241","218,236,237","218,237,237","218,237,237","219,238,238","219,238,238","219,238,238","221,238,239","223,234,236","226,233,236","228,235,238","225,233,237","224,232,238","226,235,240","226,235,240","221,233,237","222,234,240","220,234,240","219,234,239","219,234,239","217,233,240","216,232,239","215,232,239","216,231,239","216,230,239","216,230,239","215,229,238","215,229,238","214,228,237","214,228,237","214,228,237","214,227,236","213,227,236","213,226,235","212,226,235","212,226,235","213,227,236","213,227,236","212,227,235","211,227,235","211,227,235","210,226,234","210,226,234","209,225,233","209,225,233","209,225,233","209,225,233","209,225,233","209,225,233","208,224,232","207,223,231","207,223,231","207,223,231","209,225,234","209,225,235","207,223,233","202,218,227","195,212,221","191,207,217","190,206,216","189,206,215","189,205,215","188,204,213","188,204,213","191,207,217","191,207,217","187,203,212","181,197,207","178,193,203","178,192,202","178,192,202","179,192,203","178,192,202","178,192,202","178,192,202","178,191,202","177,191,201","178,192,202","178,192,202","179,193,203","178,192,202","177,191,201","177,191,201","171,185,195","168,182,191","168,180,189","167,179,189","169,179,189","169,179,188","167,176,185","166,175,183","168,175,183","170,176,184","170,174,183","169,172,180","165,169,175","164,165,173","163,164,172","166,169,174","165,168,173","193,187,187","195,189,189","198,192,192","199,193,193","198,192,192","198,192,192","200,194,194","200,194,194","199,193,193","198,192,192","197,191,191","196,190,190","197,191,191","198,192,192","199,193,193","204,199,196","205,200,198","205,203,201","206,206,205","207,207,209","207,208,212","207,210,215","209,213,218","210,215,219","210,215,219","211,215,219","213,216,220","217,219,223","221,221,223","223,223,224","219,219,219","215,215,215","213,213,213","214,214,214","216,216,216","217,217,218","216,216,218","215,215,217","216,216,218","217,216,220","218,217,222","220,219,224","222,221,226","223,222,228","224,223,228","224,223,227","222,222,224","220,220,222","219,219,221","217,217,219","216,216,218","215,215,217","216,216,218","217,217,219","216,216,218","215,215,217","215,215,217","215,215,217","215,215,217","213,215,217","211,215,218","213,218,221","218,222,225","219,223,226","219,223,226","220,222,226","221,222,226","219,220,224","219,220,224","221,220,225","221,220,225","221,220,225","219,218,223","218,217,222","217,217,221","217,218,222","220,221,225","223,224,228","223,226,229","222,226,229","223,227,231","225,228,233","225,230,236","221,226,232","218,223,229","220,225,231","217,224,232","215,222,230","217,224,232","220,227,235","220,228,235","220,229,236","218,227,234","216,225,232","217,226,233","221,230,237","224,233,240","227,236,243","227,236,243","227,236,243","226,235,242","226,235,242","225,234,241","225,234,241","226,235,242","227,238,244","227,238,244","228,239,245","228,239,245","228,239,245","229,240,246","229,240,246","227,238,244","227,238,244","227,238,244","227,238,244","228,239,245","229,240,246","229,240,246","229,240,246","229,240,246","229,240,246","229,240,246","229,240,246","229,240,246","229,240,246","229,240,246","228,239,245","228,239,245","228,239,245","228,239,245","228,239,245","228,239,245","228,239,245","227,238,245","227,239,246","230,243,250","231,244,251","230,240,249","227,237,245","224,235,243","225,235,243","229,239,248","229,240,247","230,239,247","229,238,246","229,238,246","228,237,245","227,237,245","223,238,243","220,238,242","219,239,241","220,239,241","220,239,242","221,240,242","221,240,242","221,240,242","217,236,238","217,237,239","218,237,239","218,237,239","217,236,239","217,236,238","216,234,237","218,231,234","222,232,235","225,235,237","222,233,235","221,231,236","224,235,239","223,235,239","217,231,235","217,231,237","217,232,237","219,234,239","220,235,240","218,234,241","216,233,240","216,232,239","216,231,238","217,230,238","217,230,238","216,229,237","216,229,237","215,228,236","215,228,236","215,228,236","215,228,236","214,227,235","214,227,235","213,226,234","213,226,234","214,227,235","214,228,236","213,228,235","212,227,234","212,227,234","211,226,233","211,226,233","210,225,232","210,225,232","210,225,232","210,225,232","210,225,232","210,225,232","209,224,231","208,223,230","208,223,230","208,223,230","207,221,229","206,220,229","204,218,227","198,212,221","190,204,213","189,203,212","196,210,219","199,213,222","196,210,219","192,206,215","190,204,213","191,205,214","191,205,214","188,202,211","183,197,206","179,192,201","179,192,201","179,192,201","180,193,202","180,193,202","180,193,202","180,193,202","179,192,201","178,191,200","178,191,200","179,192,201","181,194,203","181,194,203","181,194,203","180,193,202","178,191,200","176,189,198","176,186,196","175,185,195","175,185,195","174,184,193","172,181,190","171,180,188","172,179,187","174,180,188","174,178,187","171,175,182","166,171,177","164,168,175","163,166,173","164,167,172","163,166,171","195,190,190","196,191,191","197,192,191","197,192,191","197,192,191","197,192,191","198,193,192","198,193,192","200,195,194","199,194,193","195,191,190","198,193,192","198,193,193","198,193,192","202,197,196","207,202,199","208,204,202","207,206,204","207,207,206","206,207,209","206,207,211","205,209,214","206,211,215","206,212,216","207,213,216","209,214,218","213,217,220","216,219,223","219,219,221","218,218,220","215,215,215","213,213,213","212,212,212","212,212,212","214,214,214","215,215,216","216,216,218","216,216,218","218,218,220","219,219,223","221,220,225","222,221,226","222,221,226","222,221,227","222,221,226","221,220,224","220,220,222","218,218,220","217,217,219","217,217,219","216,216,218","216,216,218","216,216,218","215,215,217","215,215,217","216,216,218","216,216,218","215,215,217","215,215,217","213,215,217","212,216,219","213,218,221","215,219,222","217,221,224","217,221,224","219,221,225","220,221,225","219,220,224","220,221,225","221,220,225","221,220,225","220,219,224","218,217,222","218,217,222","218,218,222","218,218,223","220,221,225","221,222,226","223,224,228","222,224,228","222,225,229","222,225,230","223,227,233","222,226,233","220,225,231","219,224,230","217,222,230","215,220,229","216,222,230","218,225,233","219,226,234","218,226,234","218,226,234","217,225,233","217,225,233","218,226,234","219,227,235","222,230,237","224,232,240","225,233,241","226,234,242","228,235,243","227,235,243","227,235,243","227,236,243","227,236,243","227,237,243","227,237,244","227,237,244","228,238,244","228,238,244","228,238,244","227,236,243","227,237,244","228,238,244","229,239,246","230,240,247","231,241,248","232,241,248","231,240,247","230,239,246","229,239,245","228,238,245","228,238,245","229,239,245","229,239,245","230,239,246","230,240,246","229,239,246","229,239,246","229,238,245","229,238,245","229,239,246","229,240,246","228,239,246","227,238,247","229,240,249","229,241,250","229,240,249","229,239,249","227,239,248","228,240,249","228,239,248","228,239,248","227,239,248","226,238,247","226,238,247","226,238,247","224,237,246","222,235,243","220,235,242","220,236,242","221,237,243","221,238,243","222,238,244","223,239,245","223,240,245","223,239,245","221,237,243","221,238,243","222,238,244","220,236,242","219,235,241","219,235,240","221,235,239","222,235,238","223,236,237","221,234,235","221,234,237","222,235,238","222,236,239","219,234,237","216,231,236","217,232,237","218,233,238","218,233,239","217,234,241","216,233,240","217,233,240","219,233,240","219,232,239","219,231,237","218,230,236","218,230,237","218,230,237","218,230,237","217,229,235","215,227,234","215,226,233","215,226,233","214,226,233","214,226,233","215,226,233","214,227,234","213,227,234","212,227,233","211,226,232","210,225,231","210,225,231","209,224,230","209,224,230","209,224,230","209,224,230","208,223,229","207,222,228","207,222,228","209,224,229","210,225,231","209,224,230","204,219,226","201,216,224","199,214,222","196,210,218","191,205,213","191,206,214","196,210,218","197,212,220","195,210,218","192,207,215","191,206,213","192,206,214","191,206,213","187,202,210","184,198,206","178,191,200","178,190,199","179,190,199","179,191,200","180,191,200","180,192,201","182,193,202","182,193,202","181,193,202","182,193,202","183,195,204","184,195,204","184,196,205","184,196,205","184,195,204","184,195,205","181,192,202","179,188,199","180,189,199","180,189,200","179,187,198","178,187,196","177,185,194","175,182,190","176,183,191","174,180,188","170,176,182","167,173,179","166,171,178","164,168,174","160,164,170","160,163,169","203,199,198","202,198,197","201,197,196","201,197,196","200,196,195","200,196,195","201,197,196","202,198,197","205,201,200","204,200,199","200,196,195","204,200,199","204,200,199","202,198,197","208,204,203","215,211,208","217,214,211","217,216,214","215,216,215","213,215,217","211,214,218","212,216,221","210,216,220","209,216,220","212,218,221","216,221,225","221,225,228","223,227,230","223,224,226","221,222,223","220,220,220","219,219,219","218,218,218","218,218,218","219,219,219","220,220,221","222,222,224","224,224,226","226,226,228","227,226,230","228,227,232","228,227,232","227,226,231","226,225,231","225,224,228","224,224,227","224,224,226","223,223,225","223,223,225","222,222,224","222,222,224","222,222,224","221,221,223","222,222,224","222,222,224","223,223,225","223,223,225","222,222,224","222,222,224","220,222,224","221,225,228","219,224,227","219,223,226","221,225,228","223,227,230","225,227,231","226,227,231","225,226,230","226,227,231","227,226,231","226,225,230","223,222,227","222,221,226","223,222,227","225,224,229","226,225,230","227,227,231","227,228,232","229,230,234","229,230,234","229,230,235","228,230,235","228,231,237","229,232,239","228,233,239","226,231,237","223,227,236","221,225,234","222,226,235","223,228,237","224,231,239","224,231,239","225,232,240","224,231,239","223,230,238","222,229,237","222,229,237","224,231,239","226,233,241","228,235,243","231,238,246","233,240,248","233,240,248","233,240,248","232,241,248","232,241,248","232,241,248","232,241,248","232,241,248","232,241,248","232,241,248","232,241,248","232,241,248","233,242,249","234,243,250","235,244,251","236,245,252","237,246,253","237,246,253","236,245,252","235,244,251","234,243,250","233,242,249","233,242,249","234,243,250","234,243,250","235,244,251","236,245,252","235,244,251","235,244,251","234,243,250","234,243,250","235,244,251","235,245,251","236,246,253","235,245,253","235,245,253","234,244,253","234,244,253","235,245,253","235,246,253","234,247,254","231,244,253","231,244,253","231,244,253","230,243,252","230,243,252","230,243,252","229,242,251","229,240,249","228,240,248","228,240,248","229,240,248","229,241,249","229,241,249","230,242,250","230,242,250","231,242,250","228,239,247","229,240,248","231,242,250","229,240,248","227,238,246","228,239,246","228,242,246","227,241,243","226,240,241","225,239,240","225,239,242","225,239,242","225,240,243","225,240,243","224,239,244","224,239,244","224,239,244","224,239,245","223,239,246","223,239,246","224,239,246","225,239,245","226,238,244","225,236,242","224,235,241","225,236,242","226,237,243","225,236,242","224,235,241","221,232,238","221,232,238","221,232,238","221,232,238","221,232,238","221,232,238","221,232,238","220,233,239","219,233,238","216,231,236","215,230,235","214,229,234","214,229,234","214,229,234","214,229,234","214,229,234","213,228,233","212,227,232","213,228,233","215,230,235","216,231,236","215,230,235","210,225,231","207,222,229","206,221,228","204,219,226","202,217,224","200,215,222","200,215,222","199,214,221","200,215,222","199,214,221","199,214,221","200,215,222","199,214,221","195,210,217","192,206,214","187,198,207","186,196,205","186,196,205","186,196,205","187,197,206","188,198,207","189,199,208","190,200,209","190,200,209","190,200,209","191,201,210","191,201,210","191,201,210","191,201,210","191,201,210","190,200,210","185,195,205","182,190,201","184,192,203","185,193,204","183,191,202","184,193,202","184,192,201","184,191,199","184,191,199","180,187,195","175,182,189","174,181,187","174,180,186","171,176,182","169,173,180","169,172,179","158,156,156","157,155,155","156,154,154","155,153,154","155,153,153","155,153,153","155,153,154","156,154,155","159,157,158","158,156,157","154,152,153","158,156,157","158,156,157","156,154,155","162,161,159","169,165,162","171,168,165","171,170,168","169,170,169","167,169,171","165,169,172","164,171,175","163,170,174","163,171,174","164,172,175","168,175,179","174,179,182","176,181,184","175,178,180","173,176,177","173,174,174","172,173,173","171,172,172","171,172,172","172,173,173","173,174,175","175,176,178","176,177,179","176,177,179","177,178,182","179,180,184","179,180,184","178,179,183","176,177,182","176,177,180","175,175,177","175,175,175","175,175,175","174,174,174","174,174,174","173,173,173","173,173,173","174,174,174","174,174,174","175,175,175","176,176,176","176,176,176","175,175,175","174,174,174","173,175,177","174,178,181","172,177,180","172,176,179","174,178,181","176,180,183","178,180,184","179,180,184","177,178,182","177,178,182","179,178,183","177,176,181","175,174,179","174,173,178","174,173,178","176,175,180","177,176,181","178,177,182","180,179,184","181,180,185","181,181,186","181,182,187","180,181,186","179,182,188","180,183,190","180,183,190","179,182,189","175,179,188","173,177,186","173,177,186","174,179,188","175,182,190","176,183,191","176,183,191","176,183,191","175,182,190","174,181,189","173,180,188","174,181,189","176,183,191","179,186,194","181,188,196","183,190,198","183,190,198","183,190,198","183,190,198","182,191,198","182,191,198","182,191,198","182,191,198","182,191,198","182,191,198","182,191,198","182,191,198","183,192,199","184,193,200","186,195,202","186,195,202","187,196,203","187,196,203","186,195,202","185,194,201","184,193,200","183,192,199","183,192,199","184,193,200","185,194,201","185,194,201","186,195,202","186,195,202","185,194,201","184,193,200","184,193,200","185,194,201","186,195,202","186,195,203","187,196,205","186,195,204","185,194,203","185,194,203","185,195,204","186,196,205","186,196,205","183,193,202","183,193,202","181,194,202","180,193,201","180,193,201","179,193,201","178,193,200","180,191,199","181,190,199","182,191,200","182,191,200","182,191,200","183,192,201","183,192,201","183,192,201","183,192,201","180,189,198","180,189,198","182,191,200","181,190,199","178,187,196","179,188,196","180,191,196","178,191,193","177,191,192","176,190,191","175,189,192","175,189,192","176,190,193","176,190,193","176,189,195","176,189,195","176,189,195","176,189,196","176,189,197","175,190,197","176,189,197","177,189,196","177,188,194","175,186,192","174,185,191","175,186,192","176,187,193","175,186,192","174,185,191","172,183,189","172,183,189","172,183,189","172,183,189","172,183,189","172,183,189","172,183,189","171,184,190","170,183,189","169,182,188","168,181,187","167,180,186","167,180,186","167,180,186","167,180,186","167,180,186","166,179,185","166,179,185","167,180,186","168,181,187","166,179,185","164,178,183","162,175,182","160,173,181","159,172,180","158,172,180","157,171,178","156,170,177","155,169,176","155,169,176","154,168,176","153,167,175","153,166,174","154,167,175","153,166,174","149,163,171","147,160,168","145,156,165","144,154,163","144,154,163","144,154,163","145,155,164","146,156,165","147,157,166","148,158,167","146,156,165","146,156,165","146,156,165","146,156,165","146,156,165","146,156,165","146,156,165","146,154,165","142,150,161","138,146,157","140,148,159","140,148,159","138,146,157","139,148,157","140,148,157","141,148,156","142,149,157","138,145,153","134,141,148","134,141,147","133,140,146","131,137,143","132,135,142","132,135,142"
